~o
<STREAMINFO> 1 25
<VECSIZE> 25<NULLD><MFCC_E_D_N><DIAGC>
~h "jmodel"
<BEGINHMM>
<NUMSTATES> 3
<STATE> 2
<NUMMIXES> 128
<MIXTURE> 1 5.748963e-03
<MEAN> 25
 -2.573595e+00 3.191817e+00 2.297877e+00 8.746614e+00 4.385665e+00 3.427351e+00 4.062691e+00 3.927904e+00 5.823993e+00 5.246402e+00 5.879557e+00 3.072295e+00 -2.003843e+00 -1.633911e+00 -8.601834e-01 1.076494e+00 1.559362e+00 2.227707e+00 2.152227e+00 2.079627e+00 1.686713e+00 1.261696e+00 1.567493e+00 6.152551e-01 -4.678496e-02
<VARIANCE> 25
 1.010789e+01 1.181245e+01 1.498802e+01 1.867998e+01 2.318192e+01 2.233706e+01 2.187111e+01 2.201798e+01 2.097298e+01 2.251646e+01 2.090621e+01 1.707909e+01 1.785996e+00 2.113458e+00 3.023157e+00 3.202014e+00 3.729909e+00 3.358145e+00 3.311434e+00 3.380764e+00 3.531821e+00 3.742778e+00 3.504048e+00 2.827720e+00 3.122409e-03
<GCONST> 8.847365e+01
<MIXTURE> 2 4.549242e-03
<MEAN> 25
 -4.905490e+00 1.368562e+00 1.108286e+00 1.001910e+01 6.731745e+00 7.044932e+00 7.895603e+00 7.000249e+00 8.421041e+00 6.253125e+00 7.418476e+00 3.129613e+00 -6.217382e-02 3.399650e-02 1.376757e-01 2.322042e-01 2.620864e-01 2.683594e-01 2.655902e-01 3.140175e-01 3.224268e-01 2.985904e-01 1.809286e-01 7.395004e-02 3.561473e-05
<VARIANCE> 25
 6.765823e+00 8.708172e+00 1.074604e+01 1.588056e+01 1.683772e+01 1.918462e+01 1.646393e+01 1.813778e+01 1.621520e+01 1.738580e+01 1.887576e+01 1.403559e+01 1.227795e-01 2.211821e-01 3.298995e-01 4.657348e-01 6.356654e-01 8.452485e-01 9.348434e-01 9.940453e-01 1.063887e+00 1.052969e+00 1.058729e+00 1.003788e+00 1.065639e-06
<GCONST> 5.810934e+01
<MIXTURE> 3 4.549242e-03
<MEAN> 25
 -4.905490e+00 1.368562e+00 1.108286e+00 1.001910e+01 6.731745e+00 7.044932e+00 7.895603e+00 7.000249e+00 8.421041e+00 6.253125e+00 7.418476e+00 3.129613e+00 -6.217382e-02 3.399650e-02 1.376757e-01 2.322042e-01 2.620864e-01 2.683594e-01 2.655902e-01 3.140175e-01 3.224268e-01 2.985904e-01 1.809286e-01 7.395004e-02 3.561473e-05
<VARIANCE> 25
 6.765823e+00 8.708172e+00 1.074604e+01 1.588056e+01 1.683772e+01 1.918462e+01 1.646393e+01 1.813778e+01 1.621520e+01 1.738580e+01 1.887576e+01 1.403559e+01 1.227795e-01 2.211821e-01 3.298995e-01 4.657348e-01 6.356654e-01 8.452485e-01 9.348434e-01 9.940453e-01 1.063887e+00 1.052969e+00 1.058729e+00 1.003788e+00 1.065639e-06
<GCONST> 5.810934e+01
<MIXTURE> 4 1.671429e-02
<MEAN> 25
 3.332623e+00 2.034659e+00 -4.125665e+00 1.440575e+00 4.607483e+00 -4.881278e-01 6.250104e-01 1.969868e-01 1.510487e+00 6.365892e-01 -2.738998e+00 5.698729e-01 -2.552719e+00 1.044333e+00 1.906977e+00 3.206039e+00 5.859308e-01 -1.353214e-01 2.075449e+00 9.583299e-01 1.059422e+00 2.812452e-01 1.044885e+00 1.000323e+00 -9.810459e-02
<VARIANCE> 25
 1.701847e+01 3.063874e+01 2.490473e+01 3.504012e+01 3.482248e+01 7.424899e+01 5.727794e+01 4.292604e+01 4.043378e+01 5.026571e+01 4.126164e+01 2.635116e+01 1.792930e+00 3.985638e+00 2.998765e+00 4.226229e+00 5.101954e+00 5.542359e+00 5.665885e+00 4.818954e+00 4.576249e+00 5.053817e+00 5.273066e+00 3.865041e+00 4.647472e-03
<GCONST> 1.011879e+02
<MIXTURE> 5 3.206198e-03
<MEAN> 25
 -3.430782e+00 2.185633e+00 6.067892e-01 9.442040e+00 6.724412e+00 6.280795e+00 7.120771e+00 4.746963e+00 5.502520e+00 3.837101e+00 4.637229e+00 2.624202e+00 -3.168401e-01 7.494506e-01 1.219989e+00 1.033848e+00 3.116002e-01 -9.465951e-02 -9.117334e-02 2.778243e-02 4.579371e-01 6.808001e-01 3.931091e-01 7.772347e-02 -3.559350e-05
<VARIANCE> 25
 1.022249e+01 1.386599e+01 2.339157e+01 2.550394e+01 2.025643e+01 1.957419e+01 2.001361e+01 2.034466e+01 2.130878e+01 2.118867e+01 2.404189e+01 1.632644e+01 1.215742e+00 1.239186e+00 1.354059e+00 1.666524e+00 2.276658e+00 2.373043e+00 2.297765e+00 2.271608e+00 2.302799e+00 2.227211e+00 2.101007e+00 1.887687e+00 1.021742e-06
<GCONST> 7.515086e+01
<MIXTURE> 6 5.475854e-03
<MEAN> 25
 8.852605e+00 -1.118616e+00 -6.126193e+00 -1.128444e+01 -3.610122e+00 7.251332e+00 -6.870679e+00 -5.482706e+00 -4.748471e+00 7.490575e-01 4.860123e+00 -1.075486e+00 5.476577e-01 9.059266e-01 -3.845843e-01 -1.564858e+00 -7.380106e-01 1.492380e+00 1.719251e+00 4.704733e-01 -1.319733e+00 -1.420453e+00 2.832448e-01 1.371077e+00 -2.973264e-03
<VARIANCE> 25
 1.027833e+01 1.643402e+01 2.107268e+01 3.318068e+01 3.989370e+01 2.771673e+01 4.281116e+01 3.664786e+01 3.977848e+01 3.916336e+01 3.574743e+01 2.573897e+01 2.931014e-01 8.143934e-01 1.016028e+00 2.145142e+00 1.474962e+00 2.215035e+00 2.121492e+00 2.109046e+00 2.293136e+00 2.296616e+00 2.217664e+00 1.544668e+00 6.445429e-04
<GCONST> 8.374268e+01
<MIXTURE> 7 5.475854e-03
<MEAN> 25
 8.852605e+00 -1.118616e+00 -6.126193e+00 -1.128444e+01 -3.610122e+00 7.251332e+00 -6.870679e+00 -5.482706e+00 -4.748471e+00 7.490575e-01 4.860123e+00 -1.075486e+00 5.476577e-01 9.059266e-01 -3.845843e-01 -1.564858e+00 -7.380106e-01 1.492380e+00 1.719251e+00 4.704733e-01 -1.319733e+00 -1.420453e+00 2.832448e-01 1.371077e+00 -2.973264e-03
<VARIANCE> 25
 1.027833e+01 1.643402e+01 2.107268e+01 3.318068e+01 3.989370e+01 2.771673e+01 4.281116e+01 3.664786e+01 3.977848e+01 3.916336e+01 3.574743e+01 2.573897e+01 2.931014e-01 8.143934e-01 1.016028e+00 2.145142e+00 1.474962e+00 2.215035e+00 2.121492e+00 2.109046e+00 2.293136e+00 2.296616e+00 2.217664e+00 1.544668e+00 6.445429e-04
<GCONST> 8.374268e+01
<MIXTURE> 8 1.165917e-02
<MEAN> 25
 -4.930312e+00 1.881496e+00 1.534905e+00 9.744939e+00 6.964910e+00 4.726251e+00 7.004026e+00 6.007325e+00 6.864379e+00 5.075251e+00 6.039884e+00 3.834025e+00 -5.451112e-01 -1.688389e+00 -8.937179e-01 -1.807219e+00 -2.552219e-01 -1.055260e+00 -4.014070e-02 -5.142304e-01 -6.634977e-01 -4.051781e-02 -2.314766e-02 5.601953e-02 1.021707e-01
<VARIANCE> 25
 8.302187e+00 9.934834e+00 1.040944e+01 1.418961e+01 1.519837e+01 2.570624e+01 1.700485e+01 1.625989e+01 1.538653e+01 1.680618e+01 1.788124e+01 1.461553e+01 2.419137e+00 2.967600e+00 3.517760e+00 3.334460e+00 2.971678e+00 3.025149e+00 2.925860e+00 2.976697e+00 3.520288e+00 2.430188e+00 2.315131e+00 1.655315e+00 6.249469e-03
<GCONST> 8.527441e+01
<MIXTURE> 9 1.199672e-02
<MEAN> 25
 8.304952e+00 2.976565e+00 -5.133428e+00 -1.105636e+01 -2.637990e+00 5.776496e+00 -2.470672e+00 -2.710106e+00 -5.997241e+00 -1.258302e+00 3.541857e-01 1.554824e-01 1.307734e+00 1.666906e-01 -8.119309e-01 -2.756028e+00 -1.724178e+00 1.341513e+00 -1.047494e+00 2.039949e-01 -3.298008e-01 -7.375479e-01 6.339543e-01 -3.059425e-01 7.061213e-02
<VARIANCE> 25
 1.123202e+01 2.407396e+01 2.788325e+01 4.080214e+01 3.919236e+01 2.577808e+01 3.964988e+01 4.835106e+01 3.613260e+01 3.172920e+01 3.023904e+01 2.604542e+01 1.979518e+00 2.321231e+00 3.889990e+00 3.935681e+00 4.727116e+00 4.260026e+00 3.428341e+00 5.243182e+00 4.315912e+00 3.264016e+00 3.340319e+00 2.961416e+00 1.693856e-03
<GCONST> 9.547488e+01
<MIXTURE> 10 6.596976e-03
<MEAN> 25
 9.153162e-01 7.660999e+00 5.290143e+00 7.114868e+00 1.532112e+00 -2.329766e+00 -4.443360e-01 -1.709764e+00 9.431124e-01 8.301339e-01 7.300695e-01 6.770049e-01 -1.916580e+00 -6.472428e-01 -3.945723e-01 2.972094e+00 2.374704e+00 2.667624e+00 2.397572e+00 2.238039e+00 1.813673e+00 1.537043e+00 2.312874e+00 5.069346e-01 -1.362945e-01
<VARIANCE> 25
 1.946745e+01 2.026712e+01 2.225678e+01 2.856603e+01 3.776921e+01 3.621504e+01 3.471397e+01 3.310963e+01 2.726677e+01 2.871321e+01 2.704577e+01 2.451801e+01 2.198961e+00 3.379892e+00 5.689360e+00 5.218186e+00 5.927659e+00 4.481412e+00 4.679276e+00 4.819761e+00 4.391638e+00 4.936904e+00 4.381281e+00 3.135829e+00 2.778862e-03
<GCONST> 9.741042e+01
<MIXTURE> 11 1.633820e-02
<MEAN> 25
 7.278253e+00 5.428699e+00 5.462066e+00 5.702471e+00 -6.360713e+00 -4.602550e+00 -1.694198e-01 -7.010959e+00 -1.848601e+00 2.134991e+00 -3.425592e+00 -3.121839e+00 -2.822951e-01 7.696393e-01 2.342997e-01 3.610776e-01 6.303040e-01 -6.411670e-01 3.290138e-01 1.562183e-01 -1.885356e-01 1.792537e-01 -3.746833e-02 3.735546e-01 -3.218270e-02
<VARIANCE> 25
 7.525735e+00 1.874869e+01 2.061127e+01 2.120660e+01 4.496716e+01 2.958886e+01 4.186236e+01 3.070696e+01 2.859341e+01 2.449704e+01 2.475734e+01 2.396747e+01 8.222198e-01 8.165942e-01 1.255113e+00 2.081105e+00 1.738117e+00 2.498944e+00 2.756050e+00 2.598270e+00 1.485446e+00 2.018372e+00 2.000967e+00 1.349216e+00 9.184048e-04
<GCONST> 8.336367e+01
<MIXTURE> 12 5.904134e-03
<MEAN> 25
 9.050781e+00 3.294827e+00 -3.995036e+00 -1.597419e+01 -1.022163e+01 9.013151e+00 -2.106214e+00 -2.281379e+00 -3.895238e+00 -6.823020e+00 1.465720e+00 -1.057542e-01 9.547302e-02 1.461635e-01 5.951933e-02 -5.337089e-01 -4.301955e-01 3.471573e-02 1.154950e-01 3.561609e-01 2.041860e-01 -6.631118e-01 -4.173951e-01 -1.349256e-01 -1.762642e-03
<VARIANCE> 25
 7.958395e+00 3.133777e+01 1.482183e+01 2.465186e+01 2.917451e+01 2.530584e+01 3.256092e+01 3.172969e+01 4.267983e+01 3.360686e+01 2.360956e+01 2.095156e+01 1.928525e-01 6.716344e-01 5.591003e-01 9.907492e-01 1.180427e+00 8.387263e-01 1.203972e+00 1.415617e+00 1.289697e+00 1.217626e+00 1.012728e+00 1.388450e+00 5.103109e-04
<GCONST> 7.548421e+01
<MIXTURE> 13 5.904134e-03
<MEAN> 25
 9.050781e+00 3.294827e+00 -3.995036e+00 -1.597419e+01 -1.022163e+01 9.013151e+00 -2.106214e+00 -2.281379e+00 -3.895238e+00 -6.823020e+00 1.465720e+00 -1.057542e-01 9.547302e-02 1.461635e-01 5.951933e-02 -5.337089e-01 -4.301955e-01 3.471573e-02 1.154950e-01 3.561609e-01 2.041860e-01 -6.631118e-01 -4.173951e-01 -1.349256e-01 -1.762642e-03
<VARIANCE> 25
 7.958395e+00 3.133777e+01 1.482183e+01 2.465186e+01 2.917451e+01 2.530584e+01 3.256092e+01 3.172969e+01 4.267983e+01 3.360686e+01 2.360956e+01 2.095156e+01 1.928525e-01 6.716344e-01 5.591003e-01 9.907492e-01 1.180427e+00 8.387263e-01 1.203972e+00 1.415617e+00 1.289697e+00 1.217626e+00 1.012728e+00 1.388450e+00 5.103109e-04
<GCONST> 7.548421e+01
<MIXTURE> 14 6.488954e-03
<MEAN> 25
 -4.660443e+00 7.719172e-01 -1.932162e-01 9.151293e+00 8.109794e+00 4.850063e+00 8.660011e+00 7.767980e+00 7.784759e+00 4.988794e+00 6.384601e+00 4.791533e+00 -3.674501e-01 1.954821e-01 4.238595e-01 2.857871e-01 -7.245013e-02 -1.805957e-01 1.735393e-02 3.516361e-01 4.159081e-01 1.955979e-01 3.555375e-01 2.241846e-01 -1.119895e-02
<VARIANCE> 25
 8.231387e+00 1.208370e+01 1.709516e+01 1.639648e+01 1.657501e+01 2.721091e+01 1.803890e+01 2.270127e+01 1.915690e+01 2.017794e+01 1.767081e+01 1.415500e+01 8.485478e-01 1.155169e+00 1.465281e+00 1.757453e+00 1.790074e+00 1.967449e+00 1.892402e+00 2.229770e+00 1.668609e+00 2.274250e+00 1.821126e+00 1.625953e+00 8.022570e-04
<GCONST> 7.870408e+01
<MIXTURE> 15 2.475190e-03
<MEAN> 25
 -5.435940e+00 -4.605847e-01 -1.002339e-01 7.571662e+00 5.851137e+00 5.295567e+00 6.206481e+00 5.136395e+00 5.345777e+00 4.104861e+00 5.463139e+00 2.693308e+00 -1.163632e-01 -2.907293e-02 7.007311e-02 2.405629e-01 4.746958e-01 7.770849e-01 1.048110e+00 1.177623e+00 1.044900e+00 7.223071e-01 4.045311e-01 1.820053e-01 -3.852244e-05
<VARIANCE> 25
 6.817859e+00 6.019510e+00 9.483722e+00 1.365162e+01 1.387929e+01 1.734217e+01 1.504660e+01 1.495415e+01 1.413162e+01 1.406415e+01 1.468518e+01 1.258074e+01 1.272771e-01 1.995796e-01 3.174386e-01 5.020903e-01 6.913077e-01 7.869840e-01 7.618940e-01 7.909698e-01 9.010284e-01 1.035364e+00 1.054550e+00 1.058038e+00 3.284156e-05
<GCONST> 5.902736e+01
<MIXTURE> 16 2.475190e-03
<MEAN> 25
 -5.435940e+00 -4.605847e-01 -1.002339e-01 7.571662e+00 5.851137e+00 5.295567e+00 6.206481e+00 5.136395e+00 5.345777e+00 4.104861e+00 5.463139e+00 2.693308e+00 -1.163632e-01 -2.907293e-02 7.007311e-02 2.405629e-01 4.746958e-01 7.770849e-01 1.048110e+00 1.177623e+00 1.044900e+00 7.223071e-01 4.045311e-01 1.820053e-01 -3.852244e-05
<VARIANCE> 25
 6.817859e+00 6.019510e+00 9.483722e+00 1.365162e+01 1.387929e+01 1.734217e+01 1.504660e+01 1.495415e+01 1.413162e+01 1.406415e+01 1.468518e+01 1.258074e+01 1.272771e-01 1.995796e-01 3.174386e-01 5.020903e-01 6.913077e-01 7.869840e-01 7.618940e-01 7.909698e-01 9.010284e-01 1.035364e+00 1.054550e+00 1.058038e+00 3.284156e-05
<GCONST> 5.902736e+01
<MIXTURE> 17 9.518312e-03
<MEAN> 25
 3.342048e+00 -9.967704e-01 6.021932e+00 2.307698e+00 -5.455430e+00 -6.160222e+00 -2.878593e+00 -3.537135e-01 -3.114533e+00 -3.631017e+00 2.245217e-01 -5.197296e-02 -7.207774e-01 -1.277884e+00 1.283368e+00 -2.098584e+00 -2.489939e+00 -6.258003e-02 -2.951892e-02 8.044831e-01 -3.180102e-01 -3.067923e-01 9.429867e-01 3.188970e-01 8.399570e-02
<VARIANCE> 25
 1.795656e+01 3.199898e+01 2.971403e+01 3.708590e+01 4.815805e+01 4.633580e+01 4.112793e+01 3.482693e+01 3.520990e+01 2.777308e+01 2.711572e+01 2.596676e+01 1.822667e+00 2.691055e+00 4.040892e+00 3.023889e+00 5.010162e+00 5.605258e+00 5.400786e+00 4.584030e+00 3.988479e+00 4.194153e+00 2.879083e+00 2.668501e+00 2.220394e-03
<GCONST> 9.710882e+01
<MIXTURE> 18 1.221018e-02
<MEAN> 25
 4.085097e+00 5.081889e+00 6.652614e+00 4.713858e+00 -4.696626e+00 -8.594474e+00 -1.569932e+00 -1.573900e+00 -3.079750e+00 -1.985775e+00 -1.302243e+00 5.237142e-01 -7.985665e-01 2.058454e+00 -1.746052e-01 1.947372e+00 2.962565e+00 1.325664e+00 7.324315e-01 -1.660588e-01 5.806352e-01 4.280664e-01 -1.249947e-01 1.337366e-03 -1.186525e-01
<VARIANCE> 25
 1.496669e+01 2.541199e+01 3.262036e+01 2.452435e+01 3.984766e+01 3.211843e+01 3.728862e+01 3.417071e+01 3.736991e+01 3.404624e+01 3.221963e+01 2.856855e+01 2.388340e+00 2.889845e+00 4.586177e+00 3.917358e+00 4.350057e+00 4.635550e+00 4.737201e+00 4.115088e+00 4.150559e+00 4.177704e+00 4.515846e+00 3.510715e+00 3.997962e-03
<GCONST> 9.773934e+01
<MIXTURE> 19 9.912824e-03
<MEAN> 25
 -1.019523e+01 1.687965e+00 8.070475e-01 1.259333e+00 3.445699e+00 8.889273e-01 3.439741e+00 7.343528e-01 2.476917e+00 8.344784e-01 8.127398e-01 2.349689e+00 2.125016e+00 1.541018e+00 2.051360e+00 8.612596e-01 -1.128823e+00 -1.214316e+00 -9.534493e-01 -1.329571e+00 -1.528211e+00 -1.181981e+00 -7.916436e-01 -7.323210e-01 -3.179867e-05
<VARIANCE> 25
 4.893563e+01 2.822804e+01 4.990266e+01 5.243502e+01 3.791965e+01 3.391546e+01 2.932934e+01 3.269740e+01 2.764736e+01 2.612261e+01 2.907641e+01 2.097694e+01 2.335123e+00 2.437159e+00 2.120154e+00 2.415892e+00 2.578357e+00 2.448935e+00 2.672163e+00 2.386536e+00 1.986537e+00 1.966985e+00 2.169206e+00 1.748673e+00 2.223482e-03
<GCONST> 9.172373e+01
<MIXTURE> 20 6.308331e-03
<MEAN> 25
 -1.417997e+01 7.414244e+00 8.465858e-01 6.149534e+00 4.843899e+00 1.633524e+00 5.205884e+00 8.522115e-01 9.214840e-01 7.973250e-01 2.567474e+00 -3.022790e-01 -3.285840e+00 -8.667967e-01 -1.564385e+00 3.312594e-01 1.541169e+00 2.062557e+00 1.977971e+00 2.054862e+00 2.143575e+00 2.039434e+00 1.683963e+00 9.449407e-01 4.732514e-02
<VARIANCE> 25
 1.966351e+01 2.345240e+01 3.096045e+01 3.717569e+01 3.083556e+01 2.790170e+01 2.994822e+01 3.146439e+01 2.795185e+01 2.820480e+01 2.515700e+01 2.091077e+01 2.091279e+00 2.181270e+00 1.910211e+00 2.544584e+00 2.701750e+00 2.312672e+00 2.312602e+00 2.322375e+00 2.236638e+00 2.652486e+00 2.241609e+00 1.865067e+00 1.885743e-03
<GCONST> 8.921976e+01
<MIXTURE> 21 7.928653e-03
<MEAN> 25
 3.820324e+00 -4.273396e+00 5.957598e+00 -1.398564e+00 -1.074918e+01 -8.448497e+00 -2.205789e+00 3.925073e+00 -2.224609e+00 -3.393387e+00 3.054141e-01 2.563439e-01 -7.105153e-01 1.290270e+00 2.554025e+00 -9.182583e-02 -1.544692e+00 4.725122e-01 6.619320e-01 -1.492716e+00 -1.851287e+00 4.172565e-01 1.313315e+00 1.820783e-01 -1.281739e-02
<VARIANCE> 25
 9.037378e+00 2.048801e+01 2.875994e+01 2.820857e+01 2.837473e+01 3.312749e+01 4.713111e+01 3.906308e+01 4.162597e+01 3.018589e+01 3.391736e+01 2.217804e+01 3.839955e-01 9.418790e-01 1.822448e+00 1.271554e+00 2.120377e+00 2.412887e+00 3.599293e+00 2.385326e+00 2.316731e+00 2.732283e+00 1.917055e+00 2.252084e+00 5.032300e-04
<GCONST> 8.530923e+01
<MIXTURE> 22 8.827789e-03
<MEAN> 25
 -1.794548e+01 6.459674e+00 -4.185048e+00 6.890934e+00 5.303477e+00 1.847023e+00 8.900372e+00 1.822677e+00 5.741059e+00 3.135338e+00 5.923231e+00 1.550119e+00 -2.349741e-01 -2.084384e-01 -2.124478e-02 3.135232e-02 -1.431512e-01 1.580404e-01 1.295878e-01 2.132128e-01 3.430326e-01 1.637017e-01 1.596163e-01 1.265720e-01 3.230502e-03
<VARIANCE> 25
 1.010418e+01 1.725923e+01 1.547983e+01 2.471607e+01 2.270316e+01 2.293322e+01 1.916455e+01 1.697626e+01 1.730686e+01 1.888235e+01 1.771824e+01 1.287182e+01 1.056291e+00 1.387482e+00 1.437019e+00 1.774175e+00 1.381347e+00 1.850982e+00 1.443242e+00 1.511972e+00 1.574175e+00 1.408936e+00 1.285976e+00 1.093834e+00 2.018277e-03
<GCONST> 7.828365e+01
<MIXTURE> 23 6.455497e-03
<MEAN> 25
 7.958057e+00 2.296721e+00 3.166611e+00 2.350832e+00 -5.162929e+00 -3.340666e+00 -4.432883e+00 -6.869296e+00 -3.725264e+00 -8.679416e-01 -3.849255e+00 -2.369425e+00 1.687584e-02 1.610723e-01 5.560616e-03 -7.724486e-03 -2.319914e-02 7.583713e-02 -1.103320e-02 -1.308848e-03 -2.997328e-02 2.249379e-02 3.032996e-02 3.004584e-02 -4.067573e-03
<VARIANCE> 25
 9.879744e+00 2.167067e+01 2.398926e+01 3.986041e+01 3.785804e+01 5.286024e+01 5.720996e+01 5.609876e+01 4.793328e+01 4.632467e+01 4.791115e+01 3.936135e+01 1.177729e-01 2.868290e-01 3.716227e-01 5.647436e-01 5.873766e-01 6.915684e-01 7.546384e-01 8.745138e-01 8.775489e-01 8.664106e-01 8.094247e-01 7.530777e-01 9.027863e-05
<GCONST> 7.275206e+01
<MIXTURE> 24 6.455497e-03
<MEAN> 25
 7.958057e+00 2.296721e+00 3.166611e+00 2.350832e+00 -5.162929e+00 -3.340666e+00 -4.432883e+00 -6.869296e+00 -3.725264e+00 -8.679416e-01 -3.849255e+00 -2.369425e+00 1.687584e-02 1.610723e-01 5.560616e-03 -7.724486e-03 -2.319914e-02 7.583713e-02 -1.103320e-02 -1.308848e-03 -2.997328e-02 2.249379e-02 3.032996e-02 3.004584e-02 -4.067573e-03
<VARIANCE> 25
 9.879744e+00 2.167067e+01 2.398926e+01 3.986041e+01 3.785804e+01 5.286024e+01 5.720996e+01 5.609876e+01 4.793328e+01 4.632467e+01 4.791115e+01 3.936135e+01 1.177729e-01 2.868290e-01 3.716227e-01 5.647436e-01 5.873766e-01 6.915684e-01 7.546384e-01 8.745138e-01 8.775489e-01 8.664106e-01 8.094247e-01 7.530777e-01 9.027863e-05
<GCONST> 7.275206e+01
<MIXTURE> 25 1.118642e-02
<MEAN> 25
 3.124553e-01 3.219213e+00 1.652367e+01 -1.068135e+00 -1.151732e+01 -1.641948e+00 -4.826893e+00 -2.873841e+00 -6.743077e+00 -5.332376e+00 4.075742e+00 -1.776231e+00 -1.260315e-01 4.513870e-01 1.992018e-01 1.384097e-01 1.946980e-01 2.033378e-01 2.184426e-01 -2.432288e-01 -1.875027e-01 1.522433e-01 -8.445451e-02 -1.558678e-01 -1.228502e-02
<VARIANCE> 25
 8.501850e+00 2.313460e+01 2.159608e+01 2.759298e+01 3.109866e+01 4.042533e+01 2.722108e+01 2.980982e+01 2.910377e+01 3.570098e+01 2.118148e+01 2.708683e+01 5.815855e-01 1.396266e+00 1.380713e+00 1.400640e+00 2.245103e+00 2.278112e+00 1.767581e+00 1.690578e+00 1.570301e+00 1.811624e+00 1.370410e+00 1.302392e+00 1.256995e-03
<GCONST> 8.287618e+01
<MIXTURE> 26 7.727677e-03
<MEAN> 25
 2.577457e+00 -6.511177e+00 -1.024045e+01 -1.678732e+00 7.723646e+00 6.052952e+00 3.410390e+00 -1.901695e-01 1.790720e+00 -3.471365e-01 -3.239513e+00 -1.766927e+00 -7.009859e-01 8.142337e-01 4.084462e-01 8.371214e-01 2.707222e-01 3.285608e-02 5.565608e-01 4.083769e-01 4.143960e-01 2.460537e-02 4.478393e-01 6.917082e-01 -5.680459e-02
<VARIANCE> 25
 2.318042e+01 3.215639e+01 2.314810e+01 6.375356e+01 3.449728e+01 3.980884e+01 4.717308e+01 3.872755e+01 3.567413e+01 5.058879e+01 3.685990e+01 4.833116e+01 1.540336e+00 2.017102e+00 1.848650e+00 2.095668e+00 2.086509e+00 2.336020e+00 2.659290e+00 2.518587e+00 2.102106e+00 2.115859e+00 1.993285e+00 2.133122e+00 3.081804e-03
<GCONST> 9.270769e+01
<MIXTURE> 27 7.727677e-03
<MEAN> 25
 2.577457e+00 -6.511177e+00 -1.024045e+01 -1.678732e+00 7.723646e+00 6.052952e+00 3.410390e+00 -1.901695e-01 1.790720e+00 -3.471365e-01 -3.239513e+00 -1.766927e+00 -7.009859e-01 8.142337e-01 4.084462e-01 8.371214e-01 2.707222e-01 3.285608e-02 5.565608e-01 4.083769e-01 4.143960e-01 2.460537e-02 4.478393e-01 6.917082e-01 -5.680459e-02
<VARIANCE> 25
 2.318042e+01 3.215639e+01 2.314810e+01 6.375356e+01 3.449728e+01 3.980884e+01 4.717308e+01 3.872755e+01 3.567413e+01 5.058879e+01 3.685990e+01 4.833116e+01 1.540336e+00 2.017102e+00 1.848650e+00 2.095668e+00 2.086509e+00 2.336020e+00 2.659290e+00 2.518587e+00 2.102106e+00 2.115859e+00 1.993285e+00 2.133122e+00 3.081804e-03
<GCONST> 9.270769e+01
<MIXTURE> 28 5.036674e-03
<MEAN> 25
 -5.453772e+00 2.844406e-02 -1.532436e+00 6.656284e+00 5.245205e+00 3.471164e+00 5.434023e+00 3.158135e+00 3.948190e+00 2.396943e+00 2.628882e+00 3.226067e+00 -1.139212e-01 2.210855e-01 5.245627e-01 7.851126e-01 8.198230e-01 7.015777e-01 5.138770e-01 3.872781e-01 4.443118e-01 4.778716e-01 3.660112e-01 1.851135e-01 -1.225725e-05
<VARIANCE> 25
 1.036835e+01 8.340836e+00 1.234656e+01 1.500759e+01 1.469337e+01 1.800379e+01 1.797620e+01 1.902445e+01 1.718918e+01 1.668782e+01 2.052106e+01 1.492484e+01 2.574851e-01 3.354549e-01 4.081931e-01 4.658702e-01 6.198658e-01 8.513976e-01 1.066087e+00 1.144423e+00 1.097018e+00 1.027107e+00 1.040479e+00 1.071846e+00 1.016686e-06
<GCONST> 6.030528e+01
<MIXTURE> 29 5.036674e-03
<MEAN> 25
 -5.453772e+00 2.844406e-02 -1.532436e+00 6.656284e+00 5.245205e+00 3.471164e+00 5.434023e+00 3.158135e+00 3.948190e+00 2.396943e+00 2.628882e+00 3.226067e+00 -1.139212e-01 2.210855e-01 5.245627e-01 7.851126e-01 8.198230e-01 7.015777e-01 5.138770e-01 3.872781e-01 4.443118e-01 4.778716e-01 3.660112e-01 1.851135e-01 -1.225725e-05
<VARIANCE> 25
 1.036835e+01 8.340836e+00 1.234656e+01 1.500759e+01 1.469337e+01 1.800379e+01 1.797620e+01 1.902445e+01 1.718918e+01 1.668782e+01 2.052106e+01 1.492484e+01 2.574851e-01 3.354549e-01 4.081931e-01 4.658702e-01 6.198658e-01 8.513976e-01 1.066087e+00 1.144423e+00 1.097018e+00 1.027107e+00 1.040479e+00 1.071846e+00 1.016686e-06
<GCONST> 6.030528e+01
<MIXTURE> 30 8.917812e-03
<MEAN> 25
 -5.703739e+00 2.060986e+00 2.773269e+00 1.206840e+01 8.445919e+00 5.056731e-03 7.965487e+00 8.154250e+00 8.256139e+00 4.507109e+00 5.102964e+00 4.886911e+00 -8.041897e-03 5.018855e-02 3.299088e-02 4.718338e-02 3.102271e-02 6.142230e-02 4.428270e-02 4.848718e-02 2.792740e-01 2.080363e-01 6.672659e-02 -2.912555e-02 1.684402e-03
<VARIANCE> 25
 3.575833e+00 5.441264e+00 6.874657e+00 1.118911e+01 9.148451e+00 2.296376e+01 1.221307e+01 1.080232e+01 1.012381e+01 1.101581e+01 1.513883e+01 9.115150e+00 1.041215e-01 1.540235e-01 2.604823e-01 4.898765e-01 5.596129e-01 8.898527e-01 8.402162e-01 7.687607e-01 8.420487e-01 8.902474e-01 8.992133e-01 8.627399e-01 8.034498e-05
<GCONST> 5.583191e+01
<MIXTURE> 31 4.136493e-03
<MEAN> 25
 -3.511015e+00 -5.207163e+00 2.619668e-01 5.291919e+00 3.843310e+00 1.242230e+00 5.418742e+00 6.841511e+00 3.111145e+00 1.392976e+00 6.477772e+00 3.387834e+00 2.465984e-01 4.534117e-01 -1.969529e-01 3.158486e-01 1.492022e-01 4.194546e-01 1.557157e-01 1.619474e-02 3.758281e-01 3.445573e-01 7.142031e-02 1.223285e-01 -1.759766e-02
<VARIANCE> 25
 7.636300e+00 1.819714e+01 1.747473e+01 1.992504e+01 2.453544e+01 2.615223e+01 2.331904e+01 2.468435e+01 2.681448e+01 2.729811e+01 1.975970e+01 1.881840e+01 1.882897e-01 4.805520e-01 5.844705e-01 7.657707e-01 9.587395e-01 1.111757e+00 1.255163e+00 1.359922e+00 1.285780e+00 1.289500e+00 1.252925e+00 1.099984e+00 2.722730e-04
<GCONST> 7.207724e+01
<MIXTURE> 32 4.136493e-03
<MEAN> 25
 -3.511015e+00 -5.207163e+00 2.619668e-01 5.291919e+00 3.843310e+00 1.242230e+00 5.418742e+00 6.841511e+00 3.111145e+00 1.392976e+00 6.477772e+00 3.387834e+00 2.465984e-01 4.534117e-01 -1.969529e-01 3.158486e-01 1.492022e-01 4.194546e-01 1.557157e-01 1.619474e-02 3.758281e-01 3.445573e-01 7.142031e-02 1.223285e-01 -1.759766e-02
<VARIANCE> 25
 7.636300e+00 1.819714e+01 1.747473e+01 1.992504e+01 2.453544e+01 2.615223e+01 2.331904e+01 2.468435e+01 2.681448e+01 2.729811e+01 1.975970e+01 1.881840e+01 1.882897e-01 4.805520e-01 5.844705e-01 7.657707e-01 9.587395e-01 1.111757e+00 1.255163e+00 1.359922e+00 1.285780e+00 1.289500e+00 1.252925e+00 1.099984e+00 2.722730e-04
<GCONST> 7.207724e+01
<MIXTURE> 33 1.508826e-02
<MEAN> 25
 6.106765e+00 -4.097585e+00 -1.479607e+00 -1.694527e+00 -2.905356e+00 -5.887877e+00 -8.211971e+00 9.303669e-01 1.537109e+00 -3.936457e-01 -4.429527e+00 -2.536145e+00 7.027108e-01 -9.576771e-01 -2.614075e+00 -2.339213e+00 1.455631e+00 2.097735e+00 -1.107858e+00 4.913269e-01 6.613423e-01 7.317485e-01 -5.423394e-03 -1.010566e+00 3.737881e-02
<VARIANCE> 25
 9.219072e+00 1.693315e+01 2.645172e+01 4.151556e+01 3.877695e+01 5.188659e+01 4.289268e+01 4.458084e+01 4.055860e+01 3.557649e+01 3.178054e+01 3.284562e+01 1.283268e+00 1.911977e+00 2.166755e+00 2.462767e+00 3.407157e+00 3.928767e+00 4.174744e+00 5.688791e+00 3.909634e+00 4.395752e+00 2.891261e+00 2.631165e+00 1.258286e-03
<GCONST> 9.391588e+01
<MIXTURE> 34 1.588179e-02
<MEAN> 25
 8.369432e+00 1.282997e-01 8.697061e-01 5.950955e-01 -2.947930e+00 -2.013715e+00 -5.983722e+00 -4.865788e+00 -3.014925e+00 4.055047e-01 -2.600300e+00 -3.770071e+00 5.082616e-02 1.264766e+00 1.628804e+00 2.795357e+00 -4.706170e-01 -1.205790e+00 1.117781e+00 -1.674462e+00 6.219752e-02 4.112616e-01 -4.776123e-01 -1.978961e-01 -6.170725e-02
<VARIANCE> 25
 6.871513e+00 2.926493e+01 2.577193e+01 4.531597e+01 3.520155e+01 4.577966e+01 5.623615e+01 4.665868e+01 4.724532e+01 3.421106e+01 4.743848e+01 2.821643e+01 1.063822e+00 1.631970e+00 3.268244e+00 3.484856e+00 5.456889e+00 6.887384e+00 4.236446e+00 5.431853e+00 5.327219e+00 3.676850e+00 4.292572e+00 3.651402e+00 9.443396e-04
<GCONST> 9.666699e+01
<MIXTURE> 35 1.467755e-02
<MEAN> 25
 -2.509092e+00 -5.483383e+00 -8.992861e+00 4.457057e-01 9.364148e+00 -4.899680e-01 1.713141e+00 2.309222e+00 1.138643e+00 4.619895e+00 6.339830e-01 2.036495e+00 4.451081e-01 -1.193327e+00 -1.423329e+00 -1.431676e+00 2.964981e-01 -7.578298e-01 -7.730517e-01 -3.011663e-01 -1.146043e-01 2.161440e-01 -4.585241e-01 -4.059699e-01 1.072005e-01
<VARIANCE> 25
 1.937000e+01 2.758488e+01 4.948053e+01 5.753747e+01 3.993308e+01 7.285562e+01 4.706386e+01 4.122787e+01 4.828138e+01 3.821346e+01 3.800557e+01 2.872074e+01 3.388710e+00 3.600271e+00 6.360753e+00 5.126751e+00 5.066432e+00 5.422949e+00 4.664214e+00 4.719979e+00 4.810779e+00 4.613571e+00 4.416856e+00 3.569076e+00 4.990025e-03
<GCONST> 1.031922e+02
<MIXTURE> 36 1.093293e-02
<MEAN> 25
 4.992789e+00 -3.550043e+00 7.114664e+00 2.738476e+00 -1.026461e+01 -8.977913e+00 -6.254483e+00 3.060563e+00 -1.954143e+00 -4.591422e+00 2.801077e+00 -2.005784e-01 3.699298e-01 1.567794e-01 -9.318191e-01 5.144412e-04 8.766565e-01 7.046238e-02 -5.100868e-01 5.338173e-03 4.432895e-01 5.995305e-01 -4.291785e-01 -3.333621e-01 -1.531614e-02
<VARIANCE> 25
 9.846575e+00 1.661996e+01 2.173893e+01 2.814304e+01 3.120212e+01 3.290894e+01 4.604950e+01 3.493494e+01 3.902756e+01 3.228905e+01 2.786110e+01 2.660607e+01 4.705636e-01 7.344365e-01 1.639875e+00 1.245836e+00 1.629270e+00 1.704369e+00 2.374995e+00 1.761197e+00 2.009068e+00 1.729601e+00 1.406734e+00 1.433047e+00 7.429809e-04
<GCONST> 8.237193e+01
<MIXTURE> 37 1.246826e-02
<MEAN> 25
 7.962964e-01 7.843067e+00 1.155977e+01 -5.518318e+00 -7.994084e+00 -1.182590e+00 -5.065936e+00 -8.234093e+00 -3.726479e+00 -9.414616e-01 -3.662563e+00 -1.284584e+00 1.709400e-01 6.518049e-01 -1.279544e+00 3.555563e+00 2.000241e+00 -3.543822e-01 1.051066e+00 3.745278e-01 5.067667e-01 -2.853662e-01 5.500281e-01 -5.883326e-02 -9.383366e-02
<VARIANCE> 25
 1.618206e+01 2.530641e+01 3.554703e+01 5.244740e+01 3.321876e+01 3.281528e+01 4.189792e+01 3.370658e+01 3.822063e+01 3.569182e+01 3.713046e+01 2.990555e+01 2.848312e+00 3.268486e+00 2.969799e+00 4.051560e+00 4.749517e+00 3.629844e+00 4.078961e+00 3.709537e+00 3.327003e+00 3.605318e+00 3.739377e+00 2.750919e+00 3.751235e-03
<GCONST> 9.748257e+01
<MIXTURE> 38 1.154525e-02
<MEAN> 25
 -3.847532e+00 9.271415e+00 4.822971e+00 3.663415e+00 6.765779e-01 -5.832322e+00 -5.710367e-01 -2.514796e+00 -2.439264e+00 -3.087563e+00 -1.543370e+00 -4.643549e-01 -4.448411e+00 8.508466e-01 -4.037949e-01 1.182017e+00 2.624209e+00 1.469422e+00 1.766928e+00 9.593772e-01 6.910733e-01 3.843409e-01 1.082371e+00 2.723998e-01 4.798004e-02
<VARIANCE> 25
 3.252531e+01 2.822390e+01 3.652549e+01 3.131203e+01 4.589655e+01 3.573151e+01 3.287954e+01 3.805373e+01 3.274814e+01 2.978551e+01 2.230159e+01 2.600271e+01 2.187388e+00 4.727964e+00 3.590345e+00 5.226350e+00 4.025092e+00 4.544374e+00 5.043357e+00 4.284024e+00 4.148960e+00 4.961957e+00 4.002756e+00 2.954126e+00 1.894123e-03
<GCONST> 9.806456e+01
<MIXTURE> 39 9.501865e-03
<MEAN> 25
 1.089194e+00 1.475032e+00 1.041562e+01 -7.108746e+00 -1.248415e+01 3.732017e-02 -1.834926e+00 -5.582429e+00 -3.568378e+00 3.525791e-01 -2.411250e+00 -2.973454e+00 -6.180599e-01 1.427253e+00 1.535616e+00 -1.047642e+00 1.553820e-01 1.473803e+00 -1.026908e+00 -1.506639e+00 7.808921e-01 7.110801e-01 -8.750890e-01 -1.468776e-01 -7.059412e-04
<VARIANCE> 25
 6.883670e+00 2.834521e+01 2.406631e+01 4.037109e+01 3.204287e+01 3.740495e+01 4.578218e+01 2.892460e+01 3.353918e+01 2.632926e+01 3.634235e+01 2.422193e+01 5.875589e-01 1.221466e+00 1.241081e+00 2.490381e+00 1.965457e+00 2.497972e+00 2.681902e+00 2.284663e+00 2.681037e+00 2.308557e+00 2.611287e+00 1.773236e+00 1.029179e-03
<GCONST> 8.661771e+01
<MIXTURE> 40 1.030800e-02
<MEAN> 25
 -8.521564e+00 2.607931e+00 2.001218e-01 9.504254e+00 4.993070e+00 2.308795e+00 6.011211e+00 5.640572e+00 5.882376e+00 4.220188e+00 5.191004e+00 2.678204e+00 -6.588718e-02 -1.353541e-01 2.430558e-04 -1.076595e-01 -1.125864e-01 -2.159441e-01 2.269630e-02 1.909022e-01 1.056345e-01 3.485493e-02 1.555855e-01 9.229020e-02 1.519401e-03
<VARIANCE> 25
 3.171922e+01 1.532472e+01 2.648925e+01 2.477244e+01 2.224166e+01 3.364545e+01 1.922782e+01 2.018964e+01 1.697565e+01 1.441388e+01 1.617478e+01 1.419817e+01 6.270347e-01 5.765240e-01 7.073225e-01 1.023140e+00 9.148105e-01 1.218681e+00 1.434574e+00 1.274871e+00 1.022030e+00 1.124859e+00 1.184919e+00 9.471256e-01 6.838543e-04
<GCONST> 7.447431e+01
<MIXTURE> 41 6.713375e-03
<MEAN> 25
 1.310205e+00 1.765952e+00 1.046284e+01 -6.946765e+00 -1.047157e+01 -3.847115e+00 -2.483603e+00 -5.028877e+00 -4.665024e+00 2.635721e+00 -1.728019e+00 -9.544390e-01 7.891177e-02 -7.571597e-01 1.691166e+00 -3.555135e+00 -2.457409e+00 -9.863079e-02 -5.034811e-01 -3.560994e-01 -8.256280e-01 1.085398e+00 -1.040823e+00 7.943616e-02 8.613755e-02
<VARIANCE> 25
 1.169156e+01 2.968387e+01 3.258280e+01 3.999075e+01 3.875902e+01 4.009286e+01 3.714841e+01 2.996318e+01 3.301875e+01 2.889228e+01 3.191303e+01 2.714958e+01 3.173393e+00 3.310485e+00 3.830303e+00 3.795501e+00 4.906457e+00 5.916144e+00 4.717650e+00 4.562185e+00 3.975281e+00 4.234307e+00 3.830636e+00 3.220066e+00 2.931410e-03
<GCONST> 9.792679e+01
<MIXTURE> 42 1.106211e-02
<MEAN> 25
 -3.384893e+00 3.367349e+00 5.247415e+00 3.406600e+00 -1.211162e+00 -6.633482e+00 -8.454235e-02 -3.029294e+00 -1.049796e+00 -1.873170e+00 -2.203411e+00 1.120477e+00 4.066824e+00 -4.112439e-01 1.303736e+00 5.531225e-01 -2.666184e+00 -1.635692e+00 -2.143345e+00 -5.011500e-01 -1.146189e+00 -9.136165e-01 4.833145e-01 -9.124852e-01 8.308674e-03
<VARIANCE> 25
 3.708786e+01 2.110368e+01 4.705215e+01 2.599237e+01 3.818493e+01 3.264900e+01 3.522794e+01 2.655933e+01 2.781116e+01 2.475819e+01 1.806983e+01 1.733217e+01 3.014229e+00 3.933020e+00 5.067249e+00 4.574661e+00 4.439224e+00 5.609725e+00 4.912730e+00 4.720529e+00 4.369762e+00 4.117467e+00 3.578959e+00 2.822307e+00 3.758321e-03
<GCONST> 9.756319e+01
<MIXTURE> 43 7.108249e-03
<MEAN> 25
 3.168691e+00 -6.301104e+00 -2.245405e+00 -5.188400e+00 -7.397037e+00 -3.401306e+00 4.136755e+00 1.309803e+00 -5.063989e+00 -7.086222e+00 -4.325103e+00 -1.249758e+00 2.372323e-01 2.164623e+00 1.913764e+00 -1.314989e-01 -1.430165e+00 -7.949038e-01 -9.675211e-01 -7.805276e-01 8.220751e-01 1.467492e+00 3.427188e-01 1.992796e-02 -4.513066e-02
<VARIANCE> 25
 9.607087e+00 1.975262e+01 2.738055e+01 3.521842e+01 3.844648e+01 3.663447e+01 3.335278e+01 3.979021e+01 3.962582e+01 3.870308e+01 2.655606e+01 2.953582e+01 6.905166e-01 1.248688e+00 1.569625e+00 2.495219e+00 2.377197e+00 2.386243e+00 2.656896e+00 3.026041e+00 2.606547e+00 2.577492e+00 2.330900e+00 1.921222e+00 9.442580e-04
<GCONST> 8.798138e+01
<MIXTURE> 44 7.328289e-03
<MEAN> 25
 -1.508560e+01 1.815661e+00 3.989771e+00 -3.298367e+00 3.373358e+00 1.440820e+00 -2.254704e-01 2.004437e+00 1.778976e+00 -9.508962e-01 1.553717e+00 1.626004e+00 -1.009503e-01 -2.924698e-01 3.464783e-01 3.464089e-01 -4.989942e-01 2.479869e-01 7.840380e-01 6.524133e-02 5.087717e-01 1.130863e-01 6.253397e-02 2.793298e-01 1.608786e-03
<VARIANCE> 25
 3.569390e+01 2.639042e+01 3.173027e+01 2.626328e+01 2.625401e+01 2.945980e+01 2.276103e+01 2.857224e+01 2.459470e+01 2.413567e+01 2.445543e+01 1.748276e+01 1.153256e+00 1.814131e+00 1.405141e+00 1.578539e+00 2.710825e+00 1.452891e+00 1.959799e+00 1.453446e+00 1.710345e+00 1.303305e+00 1.191632e+00 1.240232e+00 1.182215e-03
<GCONST> 8.349725e+01
<MIXTURE> 45 1.364932e-02
<MEAN> 25
 -1.189006e+01 2.310561e+00 -1.936419e+00 2.090903e+00 6.620482e+00 -1.495655e+00 5.095557e+00 3.572948e+00 3.115571e+00 6.911530e-01 1.770998e+00 2.673899e+00 -3.075998e+00 7.917265e-01 -5.069869e-01 -1.042382e+00 1.946902e-01 -4.249980e-01 1.349542e-01 -2.842644e-01 -1.972828e-01 6.892128e-02 9.453543e-01 7.966577e-02 9.680347e-02
<VARIANCE> 25
 3.057700e+01 2.912726e+01 2.987315e+01 2.801582e+01 2.579179e+01 2.907326e+01 3.065990e+01 2.560429e+01 2.092081e+01 2.017684e+01 2.291417e+01 1.411171e+01 1.918024e+00 3.663792e+00 2.054420e+00 2.461225e+00 2.398636e+00 3.215122e+00 2.124378e+00 2.325287e+00 1.860004e+00 2.019260e+00 2.900099e+00 1.197240e+00 3.747086e-03
<GCONST> 8.877001e+01
<MIXTURE> 46 9.336259e-03
<MEAN> 25
 -9.794294e+00 2.183714e+00 8.632410e-01 7.342585e+00 6.233384e+00 1.871410e+00 7.098704e+00 4.457253e+00 6.054103e+00 4.548259e+00 5.319709e+00 3.273363e+00 1.045675e+00 -1.571398e-01 2.360978e-03 9.670638e-01 5.621004e-01 1.052961e+00 3.879580e-01 5.249153e-01 4.976658e-01 3.960861e-01 5.253779e-01 5.471450e-01 -1.005477e-01
<VARIANCE> 25
 3.388734e+01 4.193092e+01 3.595622e+01 4.612509e+01 4.684428e+01 5.437208e+01 3.497018e+01 3.281162e+01 3.104207e+01 2.836038e+01 2.669559e+01 1.945362e+01 3.579469e+00 3.975906e+00 3.769915e+00 3.962836e+00 3.813475e+00 4.029434e+00 3.095971e+00 3.144916e+00 2.814325e+00 2.677313e+00 2.208099e+00 1.747813e+00 7.545749e-03
<GCONST> 9.739127e+01
<MIXTURE> 47 7.116147e-03
<MEAN> 25
 7.306964e+00 -7.961843e+00 -8.836728e+00 -6.974680e+00 1.880901e+00 3.520510e+00 -3.953405e+00 -1.832457e-01 6.118085e-01 2.080487e+00 -4.087054e+00 -7.114460e+00 -1.006772e-01 -1.309506e+00 -6.548486e-01 -3.598377e-01 5.153955e-01 8.714532e-01 7.122940e-01 3.514732e-01 -2.474990e-02 -4.486637e-01 -6.080508e-01 -7.254806e-01 3.130080e-02
<VARIANCE> 25
 7.073007e+00 1.766945e+01 1.725362e+01 2.829103e+01 3.080233e+01 5.547905e+01 3.602790e+01 3.546337e+01 3.638351e+01 4.722049e+01 4.235095e+01 3.591020e+01 4.057100e-01 5.860757e-01 1.135764e+00 1.681475e+00 1.509155e+00 1.903050e+00 2.200107e+00 2.249747e+00 1.795166e+00 2.019610e+00 1.632329e+00 1.822108e+00 4.239717e-04
<GCONST> 8.281500e+01
<MIXTURE> 48 7.116147e-03
<MEAN> 25
 7.306964e+00 -7.961843e+00 -8.836728e+00 -6.974680e+00 1.880901e+00 3.520510e+00 -3.953405e+00 -1.832457e-01 6.118085e-01 2.080487e+00 -4.087054e+00 -7.114460e+00 -1.006772e-01 -1.309506e+00 -6.548486e-01 -3.598377e-01 5.153955e-01 8.714532e-01 7.122940e-01 3.514732e-01 -2.474990e-02 -4.486637e-01 -6.080508e-01 -7.254806e-01 3.130080e-02
<VARIANCE> 25
 7.073007e+00 1.766945e+01 1.725362e+01 2.829103e+01 3.080233e+01 5.547905e+01 3.602790e+01 3.546337e+01 3.638351e+01 4.722049e+01 4.235095e+01 3.591020e+01 4.057100e-01 5.860757e-01 1.135764e+00 1.681475e+00 1.509155e+00 1.903050e+00 2.200107e+00 2.249747e+00 1.795166e+00 2.019610e+00 1.632329e+00 1.822108e+00 4.239717e-04
<GCONST> 8.281500e+01
<MIXTURE> 49 5.548473e-03
<MEAN> 25
 -5.180639e+00 1.440922e+00 1.158686e+00 9.818528e+00 6.805238e+00 3.195990e+00 6.499387e+00 5.264163e+00 6.085378e+00 4.195892e+00 4.388449e+00 3.322287e+00 4.111950e-01 6.671840e-01 7.198101e-01 4.480048e-01 -3.096603e-01 -6.704037e-01 -8.635601e-01 -1.093411e+00 -8.263944e-01 -3.242347e-01 -4.378388e-01 -5.825602e-01 1.133244e-03
<VARIANCE> 25
 7.175345e+00 1.019492e+01 1.438651e+01 1.563918e+01 1.409653e+01 2.631891e+01 1.522799e+01 1.749426e+01 1.672011e+01 1.648958e+01 2.297330e+01 1.259323e+01 2.744313e-01 2.476593e-01 3.839727e-01 5.442419e-01 1.087668e+00 1.208964e+00 1.034116e+00 8.283159e-01 9.674357e-01 1.224084e+00 1.459413e+00 1.175294e+00 1.898250e-05
<GCONST> 6.414493e+01
<MIXTURE> 50 6.234641e-03
<MEAN> 25
 -4.823107e+00 5.029187e-01 -7.137563e-01 6.891440e+00 4.434956e+00 1.208987e+00 4.127100e+00 2.346346e+00 3.217555e+00 1.596893e+00 2.052055e+00 2.997786e+00 5.807627e-02 1.496715e-01 7.900339e-02 -2.420495e-01 -5.034795e-01 -6.049138e-01 -5.091116e-01 -6.407872e-02 4.862706e-01 8.227347e-01 8.462002e-01 5.243713e-01 1.158541e-04
<VARIANCE> 25
 9.738057e+00 1.158865e+01 1.746195e+01 1.792142e+01 1.505145e+01 2.665744e+01 1.854358e+01 1.879331e+01 1.876418e+01 1.677271e+01 2.056153e+01 1.397055e+01 1.325715e-01 2.389240e-01 3.691488e-01 5.813888e-01 5.439329e-01 6.714376e-01 9.479125e-01 1.072506e+00 1.039937e+00 8.717271e-01 1.002036e+00 9.864581e-01 1.151370e-06
<GCONST> 5.991312e+01
<MIXTURE> 51 6.234641e-03
<MEAN> 25
 -4.823107e+00 5.029187e-01 -7.137563e-01 6.891440e+00 4.434956e+00 1.208987e+00 4.127100e+00 2.346346e+00 3.217555e+00 1.596893e+00 2.052055e+00 2.997786e+00 5.807627e-02 1.496715e-01 7.900339e-02 -2.420495e-01 -5.034795e-01 -6.049138e-01 -5.091116e-01 -6.407872e-02 4.862706e-01 8.227347e-01 8.462002e-01 5.243713e-01 1.158541e-04
<VARIANCE> 25
 9.738057e+00 1.158865e+01 1.746195e+01 1.792142e+01 1.505145e+01 2.665744e+01 1.854358e+01 1.879331e+01 1.876418e+01 1.677271e+01 2.056153e+01 1.397055e+01 1.325715e-01 2.389240e-01 3.691488e-01 5.813888e-01 5.439329e-01 6.714376e-01 9.479125e-01 1.072506e+00 1.039937e+00 8.717271e-01 1.002036e+00 9.864581e-01 1.151370e-06
<GCONST> 5.991312e+01
<MIXTURE> 52 6.367945e-03
<MEAN> 25
 8.713331e+00 5.591173e-01 -5.487200e+00 -1.484983e+01 -5.884075e+00 1.001778e+01 -4.484166e+00 -2.664150e+00 -6.484375e+00 -4.475417e+00 2.718633e+00 2.924183e-01 -3.193925e-01 -3.600417e-01 -1.244648e-01 1.078939e+00 1.639575e+00 -3.750104e-01 -6.495211e-01 -6.100488e-01 -9.246082e-02 1.318936e+00 4.310775e-01 -4.397784e-01 -1.712362e-02
<VARIANCE> 25
 8.868743e+00 3.330619e+01 1.868855e+01 3.135967e+01 5.417014e+01 3.383622e+01 3.710664e+01 4.314284e+01 4.176004e+01 4.229006e+01 2.844126e+01 2.156288e+01 3.270989e-01 1.273595e+00 1.128788e+00 2.330617e+00 2.577160e+00 2.138057e+00 2.699817e+00 2.326159e+00 2.504301e+00 2.329343e+00 2.097402e+00 2.452762e+00 1.459290e-03
<GCONST> 8.730324e+01
<MIXTURE> 53 6.367945e-03
<MEAN> 25
 8.713331e+00 5.591173e-01 -5.487200e+00 -1.484983e+01 -5.884075e+00 1.001778e+01 -4.484166e+00 -2.664150e+00 -6.484375e+00 -4.475417e+00 2.718633e+00 2.924183e-01 -3.193925e-01 -3.600417e-01 -1.244648e-01 1.078939e+00 1.639575e+00 -3.750104e-01 -6.495211e-01 -6.100488e-01 -9.246082e-02 1.318936e+00 4.310775e-01 -4.397784e-01 -1.712362e-02
<VARIANCE> 25
 8.868743e+00 3.330619e+01 1.868855e+01 3.135967e+01 5.417014e+01 3.383622e+01 3.710664e+01 4.314284e+01 4.176004e+01 4.229006e+01 2.844126e+01 2.156288e+01 3.270989e-01 1.273595e+00 1.128788e+00 2.330617e+00 2.577160e+00 2.138057e+00 2.699817e+00 2.326159e+00 2.504301e+00 2.329343e+00 2.097402e+00 2.452762e+00 1.459290e-03
<GCONST> 8.730324e+01
<MIXTURE> 54 7.368620e-03
<MEAN> 25
 -3.791354e+00 2.102090e-01 -3.325125e-01 8.403657e+00 6.641959e+00 4.228582e+00 4.985952e+00 4.699074e+00 4.361102e+00 3.497306e+00 4.220623e+00 2.419915e+00 -2.916606e-03 1.336133e-02 3.761426e-02 4.617125e-02 6.852644e-02 4.379550e-02 2.624630e-02 1.890846e-02 -2.461133e-03 3.545344e-02 1.616628e-02 3.059594e-03 -3.146527e-05
<VARIANCE> 25
 8.991898e+00 1.015558e+01 1.068234e+01 1.923616e+01 1.315333e+01 1.528059e+01 1.284102e+01 1.088066e+01 1.227575e+01 1.313151e+01 1.794124e+01 1.196875e+01 4.125243e-02 8.585595e-02 1.509194e-01 2.389665e-01 2.976399e-01 4.109727e-01 4.509203e-01 5.031328e-01 5.543660e-01 5.107661e-01 4.870208e-01 5.452350e-01 1.051146e-06
<GCONST> 4.757816e+01
<MIXTURE> 55 7.368620e-03
<MEAN> 25
 -3.791354e+00 2.102090e-01 -3.325125e-01 8.403657e+00 6.641959e+00 4.228582e+00 4.985952e+00 4.699074e+00 4.361102e+00 3.497306e+00 4.220623e+00 2.419915e+00 -2.916606e-03 1.336133e-02 3.761426e-02 4.617125e-02 6.852644e-02 4.379550e-02 2.624630e-02 1.890846e-02 -2.461133e-03 3.545344e-02 1.616628e-02 3.059594e-03 -3.146527e-05
<VARIANCE> 25
 8.991898e+00 1.015558e+01 1.068234e+01 1.923616e+01 1.315333e+01 1.528059e+01 1.284102e+01 1.088066e+01 1.227575e+01 1.313151e+01 1.794124e+01 1.196875e+01 4.125243e-02 8.585595e-02 1.509194e-01 2.389665e-01 2.976399e-01 4.109727e-01 4.509203e-01 5.031328e-01 5.543660e-01 5.107661e-01 4.870208e-01 5.452350e-01 1.051146e-06
<GCONST> 4.757816e+01
<MIXTURE> 56 6.132464e-03
<MEAN> 25
 7.237997e+00 -7.372892e+00 -9.206973e+00 -8.900103e+00 3.980819e+00 5.284048e+00 -2.742659e+00 -1.489958e+00 1.026388e+00 1.009242e+00 -2.854738e+00 -7.363310e+00 -2.650272e-02 7.546236e-02 -5.439044e-02 -4.693340e-03 3.880618e-01 1.712163e-02 1.327920e-01 -9.482426e-02 8.555316e-03 1.958113e-02 -1.200591e-01 7.185669e-02 -9.185925e-03
<VARIANCE> 25
 8.412830e+00 2.407054e+01 1.774271e+01 3.688357e+01 2.945104e+01 5.262432e+01 5.482863e+01 3.361099e+01 3.697051e+01 3.555421e+01 3.517612e+01 3.316130e+01 1.886007e-01 4.587562e-01 4.641325e-01 7.033270e-01 8.389671e-01 1.137407e+00 9.338677e-01 1.002374e+00 8.054093e-01 9.132431e-01 9.848167e-01 8.470775e-01 2.805132e-04
<GCONST> 7.450224e+01
<MIXTURE> 57 6.132464e-03
<MEAN> 25
 7.237997e+00 -7.372892e+00 -9.206973e+00 -8.900103e+00 3.980819e+00 5.284048e+00 -2.742659e+00 -1.489958e+00 1.026388e+00 1.009242e+00 -2.854738e+00 -7.363310e+00 -2.650272e-02 7.546236e-02 -5.439044e-02 -4.693340e-03 3.880618e-01 1.712163e-02 1.327920e-01 -9.482426e-02 8.555316e-03 1.958113e-02 -1.200591e-01 7.185669e-02 -9.185925e-03
<VARIANCE> 25
 8.412830e+00 2.407054e+01 1.774271e+01 3.688357e+01 2.945104e+01 5.262432e+01 5.482863e+01 3.361099e+01 3.697051e+01 3.555421e+01 3.517612e+01 3.316130e+01 1.886007e-01 4.587562e-01 4.641325e-01 7.033270e-01 8.389671e-01 1.137407e+00 9.338677e-01 1.002374e+00 8.054093e-01 9.132431e-01 9.848167e-01 8.470775e-01 2.805132e-04
<GCONST> 7.450224e+01
<MIXTURE> 58 6.172147e-03
<MEAN> 25
 2.573826e+00 -3.098246e+00 7.393118e+00 -5.258931e+00 -1.350402e+01 -5.534944e+00 1.637383e+00 8.132233e-01 -2.415506e+00 1.795180e+00 5.732347e-01 -8.916806e-01 -2.955169e-02 -1.283639e-01 -6.231223e-02 -1.619889e-01 -1.936889e-02 2.531950e-01 3.768693e-01 2.036310e-01 3.006897e-02 3.454152e-02 -8.521782e-02 -1.518604e-01 -2.847391e-03
<VARIANCE> 25
 7.362848e+00 1.504383e+01 2.019429e+01 2.697610e+01 2.299397e+01 4.680375e+01 3.257746e+01 3.469452e+01 3.224025e+01 3.139331e+01 2.293951e+01 2.027936e+01 3.056819e-01 8.052776e-01 7.548563e-01 1.019305e+00 8.881196e-01 1.267139e+00 1.155651e+00 1.332880e+00 1.083125e+00 1.101707e+00 9.224472e-01 8.851396e-01 7.215186e-04
<GCONST> 7.565442e+01
<MIXTURE> 59 6.172147e-03
<MEAN> 25
 2.573826e+00 -3.098246e+00 7.393118e+00 -5.258931e+00 -1.350402e+01 -5.534944e+00 1.637383e+00 8.132233e-01 -2.415506e+00 1.795180e+00 5.732347e-01 -8.916806e-01 -2.955169e-02 -1.283639e-01 -6.231223e-02 -1.619889e-01 -1.936889e-02 2.531950e-01 3.768693e-01 2.036310e-01 3.006897e-02 3.454152e-02 -8.521782e-02 -1.518604e-01 -2.847391e-03
<VARIANCE> 25
 7.362848e+00 1.504383e+01 2.019429e+01 2.697610e+01 2.299397e+01 4.680375e+01 3.257746e+01 3.469452e+01 3.224025e+01 3.139331e+01 2.293951e+01 2.027936e+01 3.056819e-01 8.052776e-01 7.548563e-01 1.019305e+00 8.881196e-01 1.267139e+00 1.155651e+00 1.332880e+00 1.083125e+00 1.101707e+00 9.224472e-01 8.851396e-01 7.215186e-04
<GCONST> 7.565442e+01
<MIXTURE> 60 4.479129e-03
<MEAN> 25
 -4.273404e+00 -6.485703e-01 -1.060115e+00 3.722722e+00 1.747679e+00 2.081259e+00 1.665548e+00 1.564198e+00 2.186784e+00 1.238857e+00 2.379635e+00 1.926461e+00 -2.830707e-02 5.729147e-02 1.019326e-01 1.248460e-01 1.284836e-01 1.321705e-01 1.833898e-01 3.254225e-01 5.416144e-01 6.617304e-01 5.566493e-01 3.082846e-01 -4.026703e-04
<VARIANCE> 25
 6.919069e+00 4.561240e+00 1.035567e+01 1.139857e+01 1.357231e+01 1.722591e+01 1.410314e+01 1.203912e+01 1.284082e+01 1.332022e+01 1.588814e+01 1.226210e+01 8.655607e-02 1.677454e-01 2.784564e-01 4.371438e-01 5.841544e-01 7.281586e-01 8.301168e-01 8.967204e-01 9.014060e-01 8.341405e-01 8.359351e-01 8.652819e-01 2.291510e-05
<GCONST> 5.639178e+01
<MIXTURE> 61 4.479129e-03
<MEAN> 25
 -4.273404e+00 -6.485703e-01 -1.060115e+00 3.722722e+00 1.747679e+00 2.081259e+00 1.665548e+00 1.564198e+00 2.186784e+00 1.238857e+00 2.379635e+00 1.926461e+00 -2.830707e-02 5.729147e-02 1.019326e-01 1.248460e-01 1.284836e-01 1.321705e-01 1.833898e-01 3.254225e-01 5.416144e-01 6.617304e-01 5.566493e-01 3.082846e-01 -4.026703e-04
<VARIANCE> 25
 6.919069e+00 4.561240e+00 1.035567e+01 1.139857e+01 1.357231e+01 1.722591e+01 1.410314e+01 1.203912e+01 1.284082e+01 1.332022e+01 1.588814e+01 1.226210e+01 8.655607e-02 1.677454e-01 2.784564e-01 4.371438e-01 5.841544e-01 7.281586e-01 8.301168e-01 8.967204e-01 9.014060e-01 8.341405e-01 8.359351e-01 8.652819e-01 2.291510e-05
<GCONST> 5.639178e+01
<MIXTURE> 62 3.278034e-03
<MEAN> 25
 -5.096902e+00 1.256494e+00 1.048340e+00 8.839916e+00 6.132799e+00 5.001060e+00 5.522461e+00 4.051777e+00 4.993789e+00 3.913513e+00 4.953551e+00 2.954146e+00 -9.989751e-01 -1.161488e+00 -9.484408e-01 -2.776599e-01 4.236429e-01 9.973186e-01 1.380391e+00 1.548169e+00 1.471015e+00 1.239824e+00 1.069681e+00 7.271275e-01 -1.280930e-03
<VARIANCE> 25
 9.833947e+00 9.964695e+00 1.316725e+01 1.677007e+01 1.733741e+01 1.793680e+01 1.973841e+01 1.911671e+01 1.881936e+01 1.866251e+01 2.154981e+01 1.474022e+01 4.042571e-01 4.355552e-01 5.570622e-01 7.780936e-01 1.034838e+00 1.204143e+00 1.251648e+00 1.276765e+00 1.336830e+00 1.365638e+00 1.400298e+00 1.366093e+00 1.644539e-05
<GCONST> 6.757543e+01
<MIXTURE> 63 4.351215e-03
<MEAN> 25
 -4.202281e+00 -2.326137e+00 -4.645267e+00 2.996599e+00 3.484664e+00 -3.351458e-01 2.933974e+00 1.578447e+00 2.509423e+00 -7.894079e-01 -1.047108e+00 2.566326e+00 -1.016724e-01 3.334531e-01 4.135081e-01 5.036033e-01 3.858632e-01 4.094683e-01 4.119101e-01 1.754681e-01 1.490921e-01 2.459068e-01 2.255522e-01 1.318995e-01 -4.530388e-03
<VARIANCE> 25
 8.728204e+00 1.521760e+01 1.705669e+01 1.696575e+01 1.822108e+01 2.721192e+01 2.321482e+01 2.477504e+01 2.533511e+01 2.199712e+01 2.007750e+01 1.664814e+01 2.701867e-01 4.376488e-01 6.150863e-01 7.105834e-01 9.154046e-01 1.132886e+00 1.261824e+00 1.374872e+00 1.351600e+00 1.392545e+00 1.323557e+00 1.231239e+00 1.809769e-04
<GCONST> 7.132785e+01
<MIXTURE> 64 4.351215e-03
<MEAN> 25
 -4.202281e+00 -2.326137e+00 -4.645267e+00 2.996599e+00 3.484664e+00 -3.351458e-01 2.933974e+00 1.578447e+00 2.509423e+00 -7.894079e-01 -1.047108e+00 2.566326e+00 -1.016724e-01 3.334531e-01 4.135081e-01 5.036033e-01 3.858632e-01 4.094683e-01 4.119101e-01 1.754681e-01 1.490921e-01 2.459068e-01 2.255522e-01 1.318995e-01 -4.530388e-03
<VARIANCE> 25
 8.728204e+00 1.521760e+01 1.705669e+01 1.696575e+01 1.822108e+01 2.721192e+01 2.321482e+01 2.477504e+01 2.533511e+01 2.199712e+01 2.007750e+01 1.664814e+01 2.701867e-01 4.376488e-01 6.150863e-01 7.105834e-01 9.154046e-01 1.132886e+00 1.261824e+00 1.374872e+00 1.351600e+00 1.392545e+00 1.323557e+00 1.231239e+00 1.809769e-04
<GCONST> 7.132785e+01
<MIXTURE> 65 1.721197e-02
<MEAN> 25
 8.064211e+00 1.841063e+00 2.316921e+00 1.146405e+00 -5.806118e+00 -4.467039e+00 -5.486690e+00 -6.942123e+00 -3.512653e+00 -1.653110e+00 -5.407847e+00 -2.600417e+00 1.783167e-01 1.788788e-01 1.327462e-01 2.337572e-01 -2.924243e-01 1.159146e-01 -9.668665e-02 -2.248504e-01 1.834014e-01 4.739808e-02 -2.186899e-02 -1.650811e-01 -6.020021e-03
<VARIANCE> 25
 8.959770e+00 1.805751e+01 2.472174e+01 3.674837e+01 3.682563e+01 5.383369e+01 5.712615e+01 5.796100e+01 5.534591e+01 5.681409e+01 5.268140e+01 5.001028e+01 5.253928e-01 8.981202e-01 1.607593e+00 1.833062e+00 1.973105e+00 2.625257e+00 2.235548e+00 2.929037e+00 2.257023e+00 2.515075e+00 2.291552e+00 2.011062e+00 4.095670e-04
<GCONST> 8.878948e+01
<MIXTURE> 66 1.191532e-02
<MEAN> 25
 6.562294e+00 -4.176291e+00 -5.080551e+00 -5.346871e+00 3.001287e+00 -2.527042e+00 -6.563004e+00 1.828408e+00 -6.240354e-01 -3.057018e-01 -7.131625e+00 -2.365092e+00 -1.348874e-01 1.821457e+00 2.298183e+00 2.326226e+00 -1.355304e+00 -1.593371e+00 8.407692e-01 -8.410887e-01 3.017345e-01 -2.219919e-01 -3.312621e-02 5.711755e-01 -7.127460e-02
<VARIANCE> 25
 6.909046e+00 2.509201e+01 2.186189e+01 2.628003e+01 3.383639e+01 5.614370e+01 4.338835e+01 3.899759e+01 4.257340e+01 5.202191e+01 3.871319e+01 2.935304e+01 1.217018e+00 1.851045e+00 1.791510e+00 1.951767e+00 3.643030e+00 3.292825e+00 4.135876e+00 5.067872e+00 3.506977e+00 3.564492e+00 3.464383e+00 3.991544e+00 1.169550e-03
<GCONST> 9.316995e+01
<MIXTURE> 67 1.559142e-02
<MEAN> 25
 8.374598e+00 2.708571e+00 -5.671592e+00 -8.739435e+00 9.809635e-01 2.939046e+00 -3.792459e+00 -2.857606e+00 -4.852449e+00 -2.259515e-01 -1.001308e-01 -1.115866e+00 -7.547931e-01 1.411534e+00 9.944021e-01 3.522267e+00 1.823215e+00 -1.193204e+00 1.345000e+00 5.275605e-02 6.005471e-01 4.257489e-01 -5.333557e-01 8.329539e-01 -1.186286e-01
<VARIANCE> 25
 9.448774e+00 4.188324e+01 2.461056e+01 4.704152e+01 4.552317e+01 4.549609e+01 5.055765e+01 5.091924e+01 5.418981e+01 4.909396e+01 4.404902e+01 4.109048e+01 1.909505e+00 3.645229e+00 2.512625e+00 5.151945e+00 5.291317e+00 4.463115e+00 3.506615e+00 4.066308e+00 4.780149e+00 3.891336e+00 4.482576e+00 2.984592e+00 2.443663e-03
<GCONST> 9.968130e+01
<MIXTURE> 68 1.485092e-02
<MEAN> 25
 -2.643697e+00 -2.003407e+00 -3.539291e+00 6.450313e-01 5.334851e+00 -1.713042e+00 2.530622e+00 -2.573473e-01 1.664815e+00 1.851178e+00 9.837669e-01 2.569707e+00 3.004597e+00 8.039294e-01 -1.440913e-01 -2.774388e+00 -2.252968e+00 -3.044070e-01 -2.150603e+00 -1.623730e+00 -1.846411e+00 -1.615564e+00 -2.551264e+00 -8.219216e-01 9.512255e-02
<VARIANCE> 25
 2.331036e+01 2.749640e+01 4.325977e+01 4.059157e+01 3.574300e+01 4.999902e+01 3.524468e+01 4.073811e+01 4.091883e+01 4.599675e+01 4.115738e+01 2.720321e+01 2.108620e+00 4.399785e+00 4.869880e+00 4.555193e+00 4.689285e+00 1.045220e+01 6.005815e+00 4.739860e+00 4.460016e+00 4.323016e+00 5.464980e+00 2.799348e+00 5.215211e-03
<GCONST> 1.021978e+02
<MIXTURE> 69 1.204884e-02
<MEAN> 25
 4.748502e+00 -4.338052e+00 -4.375253e+00 -3.841108e+00 -1.785305e+00 -7.345327e+00 -2.386728e+00 2.478441e+00 2.958395e-01 -4.141701e+00 -7.580101e+00 1.220193e+00 2.001136e+00 -2.288306e+00 -1.360146e+00 -2.185656e+00 -2.637063e-01 1.142040e-01 -7.089381e-01 9.500759e-01 -7.936810e-01 -9.927822e-01 -2.568732e+00 1.172695e-01 6.787770e-02
<VARIANCE> 25
 7.927602e+00 1.851415e+01 2.940563e+01 2.177874e+01 4.783273e+01 3.177499e+01 5.009281e+01 2.738276e+01 3.543914e+01 3.411950e+01 4.214083e+01 2.157920e+01 3.938722e+00 2.483922e+00 2.792891e+00 3.367067e+00 5.044578e+00 5.260676e+00 6.236030e+00 5.479792e+00 5.103096e+00 5.873553e+00 5.339695e+00 3.374916e+00 2.156977e-03
<GCONST> 9.734316e+01
<MIXTURE> 70 1.329190e-02
<MEAN> 25
 7.274961e+00 -2.389614e+00 -3.340928e+00 -3.927771e+00 -1.050075e+00 -3.811273e-01 -8.056847e+00 -3.907055e+00 -3.985544e-01 2.438284e+00 -8.813992e-02 -5.003902e+00 1.734869e+00 -1.084029e+00 -1.048709e+00 -2.409205e+00 -1.271276e+00 1.619160e+00 -1.306079e+00 1.499553e-01 1.474555e-01 -9.628729e-02 6.905398e-01 -1.203917e+00 5.769037e-02
<VARIANCE> 25
 9.572395e+00 2.124194e+01 2.891209e+01 4.637129e+01 3.647749e+01 4.583532e+01 4.815431e+01 4.424843e+01 5.199103e+01 3.216838e+01 4.269754e+01 2.473772e+01 3.558646e+00 2.905200e+00 4.615836e+00 4.829972e+00 5.114939e+00 7.220811e+00 6.422834e+00 7.628767e+00 5.901374e+00 5.150392e+00 5.293014e+00 4.391056e+00 2.288660e-03
<GCONST> 1.013548e+02
<MIXTURE> 71 1.406903e-02
<MEAN> 25
 6.392940e+00 4.049418e+00 4.662688e+00 2.913579e+00 -4.000233e+00 -3.716425e+00 -4.080470e+00 -6.265409e+00 -4.731139e+00 -1.584353e+00 -4.235348e+00 -3.875930e+00 -1.515248e+00 -8.309705e-01 -5.433129e-01 -2.155584e+00 1.147702e+00 7.732217e-01 -2.803200e-01 1.811768e+00 -7.648152e-02 -5.250584e-01 7.465597e-01 2.655121e-01 3.996271e-02
<VARIANCE> 25
 1.588354e+01 3.098824e+01 2.007977e+01 4.322149e+01 3.671547e+01 3.617529e+01 4.372038e+01 4.353687e+01 4.063045e+01 4.295395e+01 3.828955e+01 3.298649e+01 1.635055e+00 2.486498e+00 4.506951e+00 4.790212e+00 3.853281e+00 6.275344e+00 4.464239e+00 5.108771e+00 4.225148e+00 3.721800e+00 2.854956e+00 2.694589e+00 1.224801e-03
<GCONST> 9.713876e+01
<MIXTURE> 72 8.134747e-03
<MEAN> 25
 3.719367e+00 -3.733850e+00 5.659334e+00 -1.589792e+00 -1.056553e+01 -1.027829e+01 -2.987823e+00 1.822597e+00 -5.017292e+00 -2.413774e+00 -1.947465e+00 6.863068e-01 9.676632e-01 -7.366683e-01 -2.713520e+00 3.240737e-01 2.118289e+00 -5.545502e-01 -1.637988e+00 1.388390e+00 1.800786e+00 -3.824337e-01 -1.181719e+00 3.302799e-01 -3.130237e-03
<VARIANCE> 25
 1.001113e+01 1.800134e+01 3.076710e+01 4.391190e+01 3.008614e+01 3.545222e+01 4.106374e+01 3.352360e+01 4.037798e+01 3.866684e+01 3.583935e+01 2.636322e+01 4.122826e-01 9.738876e-01 2.067156e+00 1.568546e+00 2.019006e+00 2.285904e+00 3.950506e+00 2.728544e+00 2.404610e+00 3.236955e+00 1.995500e+00 2.022149e+00 5.978224e-04
<GCONST> 8.694926e+01
<MIXTURE> 73 1.213625e-02
<MEAN> 25
 -6.265213e+00 -8.646712e-01 -1.400906e+00 4.959959e+00 4.511654e+00 1.486484e+00 5.707909e+00 3.216012e+00 4.275482e+00 2.936890e+00 4.517104e+00 3.139540e+00 9.385213e-01 -1.299782e+00 -8.540698e-01 -2.591330e+00 -1.273481e+00 -1.656617e+00 -1.351903e+00 -5.401376e-01 -1.057985e+00 -7.261597e-01 -1.294575e+00 -3.368672e-01 1.511316e-01
<VARIANCE> 25
 1.528187e+01 1.389266e+01 1.481273e+01 2.201852e+01 2.139766e+01 2.532751e+01 1.840387e+01 2.131417e+01 1.990138e+01 2.034639e+01 2.023315e+01 1.405599e+01 4.428411e+00 3.286387e+00 5.252643e+00 4.100050e+00 5.423039e+00 4.052789e+00 5.638136e+00 3.667764e+00 3.616979e+00 4.068846e+00 4.470813e+00 2.305887e+00 3.823312e-03
<GCONST> 9.233566e+01
<MIXTURE> 74 1.756491e-02
<MEAN> 25
 4.556219e+00 -1.041932e+00 5.229103e+00 -1.210668e+00 -8.511402e+00 -8.092016e+00 -2.546059e+00 5.481946e-01 -3.900486e+00 -2.421267e+00 -2.059784e+00 2.440178e-01 2.581700e-01 1.979450e+00 8.318437e-02 1.759148e+00 1.091217e+00 2.560696e-01 6.762578e-02 -1.348754e+00 2.222931e-01 1.761321e-01 -1.915961e-01 -9.762206e-02 -7.913765e-02
<VARIANCE> 25
 1.119935e+01 2.510166e+01 3.617035e+01 3.851463e+01 3.721678e+01 3.895948e+01 5.091880e+01 4.518301e+01 4.604146e+01 4.460487e+01 4.108353e+01 3.274742e+01 2.020077e+00 1.955636e+00 3.780450e+00 2.592551e+00 4.199673e+00 3.909438e+00 4.943431e+00 4.106117e+00 4.000179e+00 3.821376e+00 3.539843e+00 3.078801e+00 1.678761e-03
<GCONST> 9.686819e+01
<MIXTURE> 75 9.711651e-03
<MEAN> 25
 1.988111e+00 -2.026603e+00 1.023846e+01 2.557001e+00 -1.182901e+01 -9.094705e+00 -4.510354e+00 -5.648989e-01 -4.769299e+00 -5.854905e+00 2.417876e+00 2.474717e-01 2.004954e+00 -1.358931e+00 2.012511e-01 -3.557772e-01 -2.546194e+00 -5.304605e-01 -2.024317e+00 1.097286e+00 -2.208119e-01 -4.217882e-02 9.167234e-01 -6.922786e-01 4.253172e-02
<VARIANCE> 25
 8.735233e+00 1.387343e+01 2.259390e+01 2.301296e+01 2.090956e+01 3.101932e+01 2.604281e+01 3.044237e+01 2.416255e+01 2.653566e+01 1.692760e+01 1.555265e+01 2.277366e+00 1.727007e+00 4.572497e+00 2.319571e+00 5.014242e+00 4.169873e+00 5.575608e+00 2.769569e+00 3.397844e+00 2.716042e+00 2.300503e+00 2.004162e+00 1.203754e-03
<GCONST> 8.872134e+01
<MIXTURE> 76 1.052359e-02
<MEAN> 25
 -7.404449e+00 -9.694371e-01 -1.765353e+00 5.247679e+00 4.541564e+00 7.993730e-01 5.126449e+00 2.282484e+00 3.572788e+00 3.361585e-01 1.564110e+00 2.620591e+00 9.462922e-03 -5.466622e-01 -2.062413e-01 -7.886347e-01 -8.036645e-01 -9.588913e-01 -7.672139e-01 -4.150812e-01 -5.419695e-01 -4.161874e-01 -3.252892e-01 -3.286740e-01 2.201788e-02
<VARIANCE> 25
 3.216916e+01 2.550915e+01 2.808636e+01 3.030190e+01 3.288121e+01 3.233278e+01 2.957959e+01 3.278312e+01 2.379855e+01 2.192920e+01 2.746565e+01 1.955333e+01 1.052023e+00 1.065857e+00 1.312286e+00 1.155756e+00 1.417449e+00 2.004951e+00 1.873872e+00 1.492272e+00 1.372111e+00 1.450504e+00 1.486657e+00 1.387778e+00 1.388604e-03
<GCONST> 8.322981e+01
<MIXTURE> 77 1.244626e-02
<MEAN> 25
 -4.173643e-01 8.113969e+00 1.248468e+01 -1.104404e+01 -7.426910e+00 1.320136e+00 -8.944050e+00 -7.293366e+00 -2.877855e+00 -1.056142e-01 -4.591128e+00 -1.871832e+00 9.993434e-02 2.084040e-01 7.770284e-02 3.318567e-01 4.782602e-02 5.316378e-02 -1.180070e-01 -1.471797e-01 1.446077e-01 -5.954746e-02 -3.474919e-02 6.585484e-02 -1.075258e-02
<VARIANCE> 25
 9.857615e+00 2.215182e+01 2.592046e+01 4.400866e+01 3.377277e+01 3.369821e+01 3.617923e+01 2.989992e+01 3.682166e+01 3.139346e+01 3.538620e+01 3.502528e+01 2.978987e-01 8.055272e-01 6.117494e-01 1.127970e+00 1.241698e+00 9.405649e-01 1.196063e+00 1.117615e+00 1.042021e+00 1.009521e+00 9.935296e-01 9.100864e-01 5.182738e-04
<GCONST> 7.760312e+01
<MIXTURE> 78 9.702551e-03
<MEAN> 25
 -1.263991e+01 1.713609e+00 -1.460653e+00 2.627875e+00 4.902252e+00 -4.274940e+00 4.871702e+00 2.445055e+00 3.955902e+00 8.424437e-01 1.020858e+00 3.636374e+00 2.259831e+00 -1.609797e-01 3.104449e-01 8.271927e-01 -8.428531e-02 9.836503e-02 -9.546385e-03 -1.409565e-01 1.120012e-01 -5.141879e-02 -4.530475e-01 -2.459822e-01 -7.188922e-02
<VARIANCE> 25
 3.607115e+01 2.870860e+01 2.805800e+01 2.728143e+01 3.547052e+01 3.880103e+01 3.322603e+01 2.704621e+01 2.599948e+01 2.219004e+01 2.917196e+01 1.692606e+01 3.907599e+00 2.354852e+00 2.479553e+00 2.738299e+00 2.450095e+00 4.097364e+00 2.857414e+00 2.425636e+00 2.135288e+00 1.920632e+00 1.798501e+00 1.933306e+00 4.550147e-03
<GCONST> 9.176006e+01
<MIXTURE> 79 1.156824e-02
<MEAN> 25
 2.534543e+00 1.717779e+00 9.672293e+00 -4.106802e+00 -1.243145e+01 -6.125686e-01 -2.434306e+00 -6.959461e+00 -4.022143e+00 -1.605560e-01 -3.093174e+00 -4.705264e+00 1.315909e+00 -2.444378e-01 -1.367970e+00 2.487367e+00 2.044592e-01 -1.592488e+00 6.269453e-01 4.647094e-01 -4.623419e-01 -4.062332e-01 4.231678e-01 1.160248e-01 -3.458599e-02
<VARIANCE> 25
 1.174110e+01 1.918679e+01 3.175241e+01 5.943554e+01 2.700722e+01 3.854496e+01 3.412981e+01 2.928891e+01 4.841999e+01 3.209747e+01 3.644698e+01 3.054350e+01 8.026503e-01 1.969974e+00 1.526247e+00 1.749298e+00 2.091031e+00 2.306180e+00 2.687847e+00 3.222093e+00 2.052972e+00 2.504618e+00 1.892451e+00 1.774902e+00 9.781348e-04
<GCONST> 8.821753e+01
<MIXTURE> 80 7.550998e-03
<MEAN> 25
 -1.456454e+01 3.927273e+00 7.668216e-01 2.852041e+00 2.361512e+00 1.323549e+00 6.369053e+00 2.396965e+00 2.745209e+00 2.313514e+00 4.761557e+00 1.217570e+00 4.273289e+00 -2.429360e-02 1.630597e+00 -1.092919e+00 -2.879199e+00 -2.783115e+00 -2.293513e+00 -2.000914e+00 -1.977284e+00 -1.683820e+00 -1.632678e+00 -5.930305e-01 -4.381920e-02
<VARIANCE> 25
 2.091803e+01 1.989614e+01 3.517200e+01 3.461895e+01 3.058277e+01 2.950276e+01 2.815733e+01 2.920617e+01 2.651197e+01 2.883535e+01 2.730298e+01 1.814319e+01 2.348505e+00 2.645134e+00 2.649428e+00 4.240234e+00 3.389582e+00 2.689793e+00 3.103548e+00 3.219040e+00 2.724376e+00 2.682417e+00 2.785546e+00 2.134517e+00 1.512548e-03
<GCONST> 9.147926e+01
<MIXTURE> 81 8.025434e-03
<MEAN> 25
 -1.117006e+00 4.064254e+00 1.018144e+01 -1.479446e+01 -9.085143e+00 -1.415787e+00 -6.765053e+00 -8.425322e+00 -4.145123e+00 -4.157684e-01 -7.571461e+00 -2.250878e+00 1.343055e-01 -5.858229e-01 -2.652177e-03 -5.547974e-01 -4.631537e-01 3.348194e-01 3.188957e-01 1.356859e-01 -1.394677e-01 1.063862e-01 -4.695951e-01 -1.259120e-01 1.148942e-02
<VARIANCE> 25
 1.015204e+01 3.279360e+01 2.644765e+01 2.937350e+01 3.369840e+01 3.055511e+01 4.542003e+01 2.823936e+01 3.803193e+01 3.187014e+01 2.529751e+01 3.104851e+01 7.719042e-01 2.278252e+00 1.545077e+00 2.874744e+00 2.662906e+00 2.125809e+00 3.279688e+00 2.288355e+00 2.355374e+00 2.537850e+00 2.298426e+00 2.077998e+00 1.183588e-03
<GCONST> 8.868726e+01
<MIXTURE> 82 8.213053e-03
<MEAN> 25
 -9.764702e+00 -4.344456e+00 2.307167e+00 -1.587516e+00 1.644006e+00 -1.046025e+00 2.101927e+00 -1.096533e+00 2.068227e+00 2.158565e+00 1.743207e+00 2.604478e+00 -1.396207e+00 -8.078070e-01 -8.700483e-02 -2.355854e+00 -1.245933e+00 -1.331256e+00 -1.047230e+00 -9.529710e-01 -3.318144e-01 -3.754590e-01 -1.203718e-01 -2.133267e-01 1.697171e-01
<VARIANCE> 25
 1.703488e+01 2.111377e+01 2.787541e+01 2.785532e+01 5.331872e+01 4.640781e+01 2.628400e+01 4.516010e+01 2.907080e+01 2.447705e+01 2.964877e+01 1.414366e+01 3.313143e+00 3.767947e+00 3.191096e+00 2.796368e+00 3.350078e+00 3.296127e+00 2.514322e+00 2.537997e+00 2.651495e+00 2.956959e+00 2.404422e+00 1.503090e+00 3.176033e-03
<GCONST> 9.254619e+01
<MIXTURE> 83 1.167529e-02
<MEAN> 25
 -1.972613e+01 4.783942e+00 -2.823878e+00 -9.733825e-01 8.301260e+00 -2.494985e+00 5.574948e+00 2.102127e+00 1.662904e+00 2.171389e+00 2.085350e+00 2.919109e+00 -3.010399e-01 -2.976312e-01 6.279401e-02 -1.575260e-01 -3.796499e-01 4.709063e-02 7.102785e-02 -2.954613e-01 1.710677e-01 1.862227e-01 1.396700e-01 -9.178402e-02 4.976620e-03
<VARIANCE> 25
 8.075792e+00 1.448890e+01 2.596884e+01 2.018601e+01 1.752269e+01 2.461101e+01 2.021161e+01 2.239196e+01 1.788289e+01 1.768993e+01 2.486088e+01 1.225976e+01 1.120328e+00 8.720506e-01 1.021638e+00 1.148711e+00 1.237762e+00 1.178541e+00 1.247578e+00 1.673204e+00 1.365073e+00 1.361058e+00 1.091379e+00 8.843052e-01 7.721136e-04
<GCONST> 7.529704e+01
<MIXTURE> 84 1.066614e-02
<MEAN> 25
 1.500937e+00 9.334277e+00 7.185145e+00 7.818710e+00 2.164810e+00 -2.055793e+00 -1.053186e+00 -4.301429e+00 -3.406369e+00 -2.342497e+00 -2.367434e+00 -1.192983e+00 -1.946406e+00 -1.195577e+00 -1.178396e+00 1.131736e+00 2.377914e+00 1.547285e+00 1.185656e+00 1.295677e+00 1.004699e+00 1.580939e-01 6.018770e-01 3.280925e-01 -6.231750e-02
<VARIANCE> 25
 2.111502e+01 1.688239e+01 2.156847e+01 2.162772e+01 3.038955e+01 3.213572e+01 2.622073e+01 2.443063e+01 2.522511e+01 2.502407e+01 2.118776e+01 2.266885e+01 2.129087e+00 2.354906e+00 3.484050e+00 3.160743e+00 3.316290e+00 3.114893e+00 3.593259e+00 3.199888e+00 3.255412e+00 3.323711e+00 3.335313e+00 2.523758e+00 3.699745e-03
<GCONST> 9.163757e+01
<MIXTURE> 85 7.591393e-03
<MEAN> 25
 -3.253644e+00 7.634429e+00 5.694484e+00 1.446550e+00 -3.569267e+00 -5.449795e+00 -2.902822e+00 -6.168295e+00 -3.531360e+00 -3.264641e+00 -4.412424e-01 -1.936054e+00 3.953231e+00 2.992709e-01 1.699913e+00 -2.023973e+00 -3.332158e+00 -2.593592e+00 -2.906701e+00 -2.227177e+00 -2.243401e+00 -1.278385e+00 -2.228673e+00 -6.177153e-01 9.255322e-03
<VARIANCE> 25
 4.210234e+01 2.491756e+01 3.597474e+01 3.844473e+01 3.941198e+01 4.078916e+01 3.161325e+01 2.730219e+01 2.628475e+01 2.576087e+01 2.580557e+01 2.025702e+01 2.656341e+00 4.239467e+00 4.069349e+00 5.255987e+00 4.552285e+00 3.832290e+00 3.789961e+00 4.294291e+00 3.753483e+00 3.952005e+00 4.223243e+00 3.391903e+00 5.359169e-03
<GCONST> 9.831754e+01
<MIXTURE> 86 1.273941e-02
<MEAN> 25
 -5.472664e+00 -3.578731e-01 3.261519e-01 7.733564e+00 5.710557e+00 2.813653e+00 5.798697e+00 5.085690e+00 5.535978e+00 3.928952e+00 4.884542e+00 3.182933e+00 -5.493908e-02 1.595308e-02 -1.116631e-02 -7.272554e-02 -1.245925e-01 -2.154079e-01 -2.710949e-01 -2.483287e-01 -3.311243e-01 -2.873311e-01 -1.081378e-01 -1.847519e-01 -1.567174e-03
<VARIANCE> 25
 7.174175e+00 6.534843e+00 1.166401e+01 1.604489e+01 1.465897e+01 2.148456e+01 1.186909e+01 1.172224e+01 1.317377e+01 1.218587e+01 1.361204e+01 1.258433e+01 1.009796e-01 1.670252e-01 2.934229e-01 5.038285e-01 5.653897e-01 7.834624e-01 6.735314e-01 7.553458e-01 7.465907e-01 8.321885e-01 9.702458e-01 8.367417e-01 5.879473e-05
<GCONST> 5.802617e+01
<MIXTURE> 87 1.100681e-02
<MEAN> 25
 -3.410518e+00 4.800694e+00 3.825539e+00 6.912066e+00 4.618845e+00 1.952332e-01 1.660282e+00 -1.442215e+00 -3.129192e-01 -7.986367e-01 -6.378673e-01 2.463169e-01 -2.485888e+00 -2.879218e+00 -1.793691e+00 -2.045079e+00 -1.391760e-01 2.048040e-01 2.599851e-01 6.926597e-01 1.092912e+00 6.949362e-01 7.890984e-01 7.665258e-01 1.077157e-01
<VARIANCE> 25
 3.512403e+01 2.717101e+01 2.480953e+01 2.831708e+01 3.056140e+01 3.357594e+01 2.535885e+01 2.838625e+01 2.456544e+01 2.150540e+01 2.148299e+01 2.003739e+01 3.499890e+00 2.547225e+00 3.394686e+00 3.130483e+00 4.963760e+00 3.983868e+00 4.202249e+00 4.261691e+00 4.095261e+00 3.871079e+00 2.837315e+00 2.411560e+00 4.542665e-03
<GCONST> 9.492284e+01
<MIXTURE> 88 1.256585e-02
<MEAN> 25
 -4.315016e+00 -3.744429e-01 -1.578438e+00 5.837562e+00 5.488362e+00 2.917411e+00 5.564048e+00 3.326881e+00 3.880316e+00 2.427984e+00 3.141467e+00 3.031178e+00 -1.489228e-01 1.993277e-01 3.649164e-01 5.007611e-01 1.936688e-01 8.439563e-03 -2.806874e-04 -3.192293e-02 -1.040471e-01 -2.403089e-01 -1.875048e-02 1.188643e-01 -8.780728e-03
<VARIANCE> 25
 8.621095e+00 1.015092e+01 1.451123e+01 1.501764e+01 1.948207e+01 2.270492e+01 2.085381e+01 2.168102e+01 1.665863e+01 1.743682e+01 1.995760e+01 1.421001e+01 1.366502e+00 1.434493e+00 2.005037e+00 2.122773e+00 2.459836e+00 2.823779e+00 2.364721e+00 2.542375e+00 2.215727e+00 2.188096e+00 2.134921e+00 1.941630e+00 1.329418e-03
<GCONST> 8.155890e+01
<MIXTURE> 89 9.333527e-03
<MEAN> 25
 6.084237e+00 -6.830188e+00 -3.555330e+00 -3.159027e+00 -1.608938e+00 -5.584805e+00 -6.111487e+00 4.100222e+00 3.472516e+00 -2.791517e+00 -6.044991e+00 -3.292661e+00 -5.705810e-01 1.572408e-01 1.990923e+00 9.010442e-01 -1.868166e+00 -1.644478e+00 8.816783e-01 1.263359e+00 -7.882778e-01 -1.315421e+00 4.060118e-01 1.531968e+00 -4.935662e-03
<VARIANCE> 25
 8.978196e+00 2.671252e+01 3.107894e+01 3.028532e+01 3.611281e+01 4.168445e+01 5.965560e+01 4.211482e+01 3.905757e+01 4.246384e+01 3.584195e+01 3.242667e+01 3.538400e-01 8.406876e-01 1.469453e+00 1.315295e+00 1.917002e+00 2.134946e+00 2.576957e+00 2.039419e+00 2.247351e+00 2.127375e+00 2.328314e+00 1.480592e+00 3.676127e-04
<GCONST> 8.530033e+01
<MIXTURE> 90 7.114505e-03
<MEAN> 25
 2.452712e+00 -9.714643e+00 -4.750264e+00 -3.986104e+00 -3.394656e+00 -1.803872e+00 3.356420e+00 1.181620e+00 -7.536221e+00 -1.021503e+01 -3.426601e+00 -7.408085e-01 -1.634565e-01 9.083959e-01 1.168292e+00 -8.525736e-01 -1.611791e+00 -2.107113e-01 6.447648e-01 -2.091651e-01 -1.688639e-01 7.372265e-01 1.819778e-01 -5.523887e-01 -1.115741e-02
<VARIANCE> 25
 8.500706e+00 1.785334e+01 1.983026e+01 2.805142e+01 3.698110e+01 3.222312e+01 3.855162e+01 3.638823e+01 3.519979e+01 2.773749e+01 2.705082e+01 2.613577e+01 2.235460e-01 6.125586e-01 7.867638e-01 1.043413e+00 1.469712e+00 1.592650e+00 1.779449e+00 1.654817e+00 1.809058e+00 1.678739e+00 1.496186e+00 1.311617e+00 2.150749e-04
<GCONST> 7.815007e+01
<MIXTURE> 91 7.852945e-03
<MEAN> 25
 6.431318e+00 -7.889755e+00 -8.659191e+00 -6.146316e+00 4.169847e+00 2.049265e+00 -2.915699e+00 1.133251e+00 -1.554529e-01 -1.846214e+00 -5.067058e+00 -5.150869e+00 1.674565e-01 1.080009e+00 2.893502e-01 4.380717e-01 1.961702e-01 -5.729644e-01 -1.093580e-01 -3.535708e-02 5.672123e-02 4.185529e-01 -2.976973e-02 3.389264e-01 -3.876216e-02
<VARIANCE> 25
 8.151161e+00 2.223047e+01 1.817053e+01 4.038224e+01 3.097434e+01 6.240972e+01 4.785678e+01 3.814203e+01 4.565634e+01 5.825443e+01 3.764390e+01 4.027539e+01 4.101402e-01 9.261004e-01 1.135244e+00 1.196280e+00 2.214613e+00 2.206784e+00 2.315081e+00 2.132525e+00 2.141032e+00 1.875597e+00 1.838691e+00 1.863246e+00 6.363389e-04
<GCONST> 8.581424e+01
<MIXTURE> 92 7.852945e-03
<MEAN> 25
 6.431318e+00 -7.889755e+00 -8.659191e+00 -6.146316e+00 4.169847e+00 2.049265e+00 -2.915699e+00 1.133251e+00 -1.554529e-01 -1.846214e+00 -5.067058e+00 -5.150869e+00 1.674565e-01 1.080009e+00 2.893502e-01 4.380717e-01 1.961702e-01 -5.729644e-01 -1.093580e-01 -3.535708e-02 5.672123e-02 4.185529e-01 -2.976973e-02 3.389264e-01 -3.876216e-02
<VARIANCE> 25
 8.151161e+00 2.223047e+01 1.817053e+01 4.038224e+01 3.097434e+01 6.240972e+01 4.785678e+01 3.814203e+01 4.565634e+01 5.825443e+01 3.764390e+01 4.027539e+01 4.101402e-01 9.261004e-01 1.135244e+00 1.196280e+00 2.214613e+00 2.206784e+00 2.315081e+00 2.132525e+00 2.141032e+00 1.875597e+00 1.838691e+00 1.863246e+00 6.363389e-04
<GCONST> 8.581424e+01
<MIXTURE> 93 6.122769e-03
<MEAN> 25
 -6.820850e+00 -9.448299e-01 -2.375321e+00 5.822691e+00 5.914239e+00 3.889574e+00 6.134675e+00 3.628718e+00 4.140620e+00 2.507726e+00 1.817961e+00 3.710960e+00 -6.175892e-02 -1.542757e-01 -2.561070e-01 -3.291563e-01 -3.329234e-01 -2.846300e-01 -2.188966e-01 -1.716932e-01 -1.682946e-01 -1.505990e-01 -1.047310e-01 -3.621415e-02 -2.791388e-06
<VARIANCE> 25
 9.066339e+00 6.074735e+00 8.350145e+00 1.149145e+01 1.147067e+01 1.620869e+01 1.525432e+01 1.651911e+01 1.483000e+01 1.451723e+01 1.675243e+01 1.341714e+01 8.249944e-02 1.528965e-01 2.636199e-01 3.832328e-01 4.967376e-01 6.452765e-01 7.783791e-01 8.887393e-01 9.170800e-01 8.731565e-01 8.903103e-01 9.175459e-01 1.011212e-06
<GCONST> 5.366093e+01
<MIXTURE> 94 6.122769e-03
<MEAN> 25
 -6.820850e+00 -9.448299e-01 -2.375321e+00 5.822691e+00 5.914239e+00 3.889574e+00 6.134675e+00 3.628718e+00 4.140620e+00 2.507726e+00 1.817961e+00 3.710960e+00 -6.175892e-02 -1.542757e-01 -2.561070e-01 -3.291563e-01 -3.329234e-01 -2.846300e-01 -2.188966e-01 -1.716932e-01 -1.682946e-01 -1.505990e-01 -1.047310e-01 -3.621415e-02 -2.791388e-06
<VARIANCE> 25
 9.066339e+00 6.074735e+00 8.350145e+00 1.149145e+01 1.147067e+01 1.620869e+01 1.525432e+01 1.651911e+01 1.483000e+01 1.451723e+01 1.675243e+01 1.341714e+01 8.249944e-02 1.528965e-01 2.636199e-01 3.832328e-01 4.967376e-01 6.452765e-01 7.783791e-01 8.887393e-01 9.170800e-01 8.731565e-01 8.903103e-01 9.175459e-01 1.011212e-06
<GCONST> 5.366093e+01
<MIXTURE> 95 5.258835e-03
<MEAN> 25
 -5.856070e+00 -6.005501e-01 -1.853617e+00 5.061409e+00 4.377542e+00 2.623823e+00 4.189816e+00 1.803262e+00 2.402113e+00 8.029218e-01 1.200190e+00 2.782975e+00 1.486954e-01 1.536477e-01 9.453622e-02 -7.620344e-02 -3.945944e-01 -7.469496e-01 -1.074966e+00 -1.279092e+00 -1.254057e+00 -9.877285e-01 -6.737006e-01 -3.371415e-01 -5.801707e-04
<VARIANCE> 25
 1.001661e+01 7.062006e+00 1.263547e+01 1.350025e+01 1.456264e+01 1.918546e+01 1.773070e+01 1.725315e+01 1.623210e+01 1.532896e+01 1.961659e+01 1.577148e+01 2.070960e-01 2.876389e-01 4.484444e-01 6.169878e-01 7.976289e-01 9.156086e-01 9.210422e-01 9.080780e-01 9.505136e-01 1.060866e+00 1.170206e+00 1.129561e+00 4.885329e-05
<GCONST> 6.371453e+01
<MIXTURE> 96 7.034694e-03
<MEAN> 25
 -5.098524e+00 -4.236184e-01 -2.181863e+00 5.249449e+00 3.897066e+00 1.726046e+00 3.592729e+00 1.857459e+00 2.519941e+00 9.893582e-01 1.126071e+00 2.851702e+00 -3.219992e-02 8.636355e-02 2.105707e-01 4.043084e-01 5.374818e-01 5.081762e-01 2.346921e-01 -1.313457e-01 -4.585428e-01 -6.493250e-01 -6.074641e-01 -3.723186e-01 -6.430880e-06
<VARIANCE> 25
 1.090875e+01 9.731824e+00 1.317974e+01 1.492012e+01 1.499617e+01 1.977962e+01 1.817446e+01 1.942930e+01 1.830286e+01 1.668732e+01 1.966489e+01 1.442433e+01 1.201554e-01 2.164496e-01 3.151232e-01 3.980553e-01 4.908349e-01 6.712267e-01 8.762198e-01 9.925382e-01 9.517993e-01 8.566013e-01 8.818085e-01 9.397295e-01 1.045049e-06
<GCONST> 5.768316e+01
<MIXTURE> 97 7.034694e-03
<MEAN> 25
 -5.098524e+00 -4.236184e-01 -2.181863e+00 5.249449e+00 3.897066e+00 1.726046e+00 3.592729e+00 1.857459e+00 2.519941e+00 9.893582e-01 1.126071e+00 2.851702e+00 -3.219992e-02 8.636355e-02 2.105707e-01 4.043084e-01 5.374818e-01 5.081762e-01 2.346921e-01 -1.313457e-01 -4.585428e-01 -6.493250e-01 -6.074641e-01 -3.723186e-01 -6.430880e-06
<VARIANCE> 25
 1.090875e+01 9.731824e+00 1.317974e+01 1.492012e+01 1.499617e+01 1.977962e+01 1.817446e+01 1.942930e+01 1.830286e+01 1.668732e+01 1.966489e+01 1.442433e+01 1.201554e-01 2.164496e-01 3.151232e-01 3.980553e-01 4.908349e-01 6.712267e-01 8.762198e-01 9.925382e-01 9.517993e-01 8.566013e-01 8.818085e-01 9.397295e-01 1.045049e-06
<GCONST> 5.768316e+01
<MIXTURE> 98 9.917808e-03
<MEAN> 25
 -1.301849e+00 1.741038e-01 -5.478261e-01 4.832211e+00 4.720505e+00 2.380550e+00 3.427886e+00 2.035670e+00 1.634917e+00 2.843106e-01 -4.623982e-01 1.316974e+00 -1.977600e+00 -1.260061e+00 -9.327046e-01 2.572526e-01 8.020683e-01 3.173549e-01 1.580297e+00 1.477390e+00 1.575385e+00 8.522151e-01 1.440371e+00 9.846699e-01 -3.309289e-02
<VARIANCE> 25
 1.318359e+01 2.947491e+01 2.711591e+01 2.779070e+01 4.034563e+01 3.569600e+01 2.865035e+01 2.553731e+01 2.379766e+01 2.841293e+01 3.423770e+01 2.131080e+01 1.321716e+00 1.836417e+00 2.140759e+00 2.462506e+00 2.565168e+00 4.160529e+00 3.179991e+00 2.574832e+00 2.557364e+00 3.056867e+00 2.404940e+00 1.807225e+00 2.174502e-03
<GCONST> 8.992521e+01
<MIXTURE> 99 6.696178e-03
<MEAN> 25
 -6.988310e+00 9.757712e+00 6.829953e+00 2.905780e+00 1.568533e+00 -5.639302e+00 -2.029469e+00 -4.098384e+00 -3.395988e+00 -3.761383e+00 -1.695928e+00 3.483982e-01 3.325441e-01 -7.161680e-01 3.703791e-01 -5.223458e-01 -1.092882e+00 -3.486681e-01 -2.384020e-01 -2.402498e-01 5.525376e-02 -5.655384e-02 2.160522e-01 2.424683e-01 1.165191e-02
<VARIANCE> 25
 3.525226e+01 2.306383e+01 4.075798e+01 3.100183e+01 3.655790e+01 3.143069e+01 2.641121e+01 2.615185e+01 2.528827e+01 2.523755e+01 1.801753e+01 2.556917e+01 2.392874e+00 1.692795e+00 1.305178e+00 1.785644e+00 2.546398e+00 2.091944e+00 1.693734e+00 1.466562e+00 1.601580e+00 1.397089e+00 1.166537e+00 1.167641e+00 1.462896e-03
<GCONST> 8.537990e+01
<MIXTURE> 100 4.498084e-03
<MEAN> 25
 -1.600031e+00 6.343365e+00 1.027652e+01 -7.460403e+00 -1.078113e+01 -5.076092e+00 -4.940289e+00 -9.968073e+00 -4.717373e+00 -8.562581e-01 -2.732819e+00 -2.707160e+00 2.918074e+00 -1.260326e+00 1.299446e+00 -2.185138e+00 -3.419148e+00 -7.844486e-01 -1.218879e+00 -8.195060e-01 -1.475643e+00 3.463081e-01 -1.655213e+00 -2.862775e-01 2.015836e-03
<VARIANCE> 25
 1.363508e+01 2.106475e+01 2.246139e+01 2.645351e+01 2.301945e+01 2.372475e+01 2.911629e+01 2.170588e+01 2.748600e+01 2.265337e+01 2.240911e+01 2.134783e+01 1.798968e+00 3.953250e+00 2.919723e+00 4.289140e+00 4.184451e+00 4.537637e+00 4.016395e+00 4.340161e+00 4.167239e+00 3.896059e+00 3.910535e+00 3.224545e+00 1.674726e-03
<GCONST> 9.257146e+01
<MIXTURE> 101 6.007792e-03
<MEAN> 25
 7.689785e+00 -3.299891e+00 -6.154655e+00 -6.396440e+00 3.181182e-01 -1.221583e+00 -1.096971e+01 -2.675193e+00 9.544096e-01 2.821443e+00 -1.983588e+00 -5.040902e+00 7.167586e-01 5.652092e-01 -1.648428e+00 -1.893612e+00 1.102095e+00 2.724391e+00 1.794721e-01 -1.426284e+00 -1.052877e+00 1.220369e+00 1.412310e+00 -5.051547e-01 -1.017798e-03
<VARIANCE> 25
 9.089728e+00 1.548377e+01 2.579609e+01 3.968597e+01 3.395022e+01 3.534490e+01 3.656180e+01 3.941700e+01 3.602438e+01 3.957941e+01 4.682233e+01 2.151992e+01 2.758685e-01 6.629919e-01 1.255585e+00 1.879263e+00 1.569187e+00 3.156570e+00 2.066928e+00 1.885128e+00 2.103084e+00 2.367251e+00 1.570136e+00 1.976330e+00 3.982665e-04
<GCONST> 8.339509e+01
<MIXTURE> 102 6.007792e-03
<MEAN> 25
 7.689785e+00 -3.299891e+00 -6.154655e+00 -6.396440e+00 3.181182e-01 -1.221583e+00 -1.096971e+01 -2.675193e+00 9.544096e-01 2.821443e+00 -1.983588e+00 -5.040902e+00 7.167586e-01 5.652092e-01 -1.648428e+00 -1.893612e+00 1.102095e+00 2.724391e+00 1.794721e-01 -1.426284e+00 -1.052877e+00 1.220369e+00 1.412310e+00 -5.051547e-01 -1.017798e-03
<VARIANCE> 25
 9.089728e+00 1.548377e+01 2.579609e+01 3.968597e+01 3.395022e+01 3.534490e+01 3.656180e+01 3.941700e+01 3.602438e+01 3.957941e+01 4.682233e+01 2.151992e+01 2.758685e-01 6.629919e-01 1.255585e+00 1.879263e+00 1.569187e+00 3.156570e+00 2.066928e+00 1.885128e+00 2.103084e+00 2.367251e+00 1.570136e+00 1.976330e+00 3.982665e-04
<GCONST> 8.339509e+01
<MIXTURE> 103 5.694618e-03
<MEAN> 25
 3.404273e+00 -9.414499e+00 -6.116116e+00 -3.193317e+00 -1.432979e+00 -1.810833e+00 2.321193e+00 2.496673e+00 -4.693779e+00 -9.236576e+00 -5.043841e+00 3.365444e-01 -1.541785e-01 -1.483083e+00 -9.771882e-01 3.715206e-01 1.204363e+00 1.028800e+00 1.471191e-01 -2.662536e-01 -7.889107e-01 -9.209744e-01 -3.547817e-02 1.408162e-01 2.700607e-02
<VARIANCE> 25
 1.032027e+01 2.065681e+01 2.277905e+01 3.226905e+01 4.966791e+01 3.688182e+01 4.695763e+01 3.644621e+01 4.247554e+01 2.942023e+01 3.017060e+01 2.621384e+01 6.375979e-01 1.242091e+00 1.532234e+00 1.933324e+00 2.908937e+00 2.407051e+00 2.876924e+00 2.567376e+00 2.552150e+00 2.551505e+00 2.078711e+00 2.051509e+00 8.003810e-04
<GCONST> 8.766300e+01
<MIXTURE> 104 5.694618e-03
<MEAN> 25
 3.404273e+00 -9.414499e+00 -6.116116e+00 -3.193317e+00 -1.432979e+00 -1.810833e+00 2.321193e+00 2.496673e+00 -4.693779e+00 -9.236576e+00 -5.043841e+00 3.365444e-01 -1.541785e-01 -1.483083e+00 -9.771882e-01 3.715206e-01 1.204363e+00 1.028800e+00 1.471191e-01 -2.662536e-01 -7.889107e-01 -9.209744e-01 -3.547817e-02 1.408162e-01 2.700607e-02
<VARIANCE> 25
 1.032027e+01 2.065681e+01 2.277905e+01 3.226905e+01 4.966791e+01 3.688182e+01 4.695763e+01 3.644621e+01 4.247554e+01 2.942023e+01 3.017060e+01 2.621384e+01 6.375979e-01 1.242091e+00 1.532234e+00 1.933324e+00 2.908937e+00 2.407051e+00 2.876924e+00 2.567376e+00 2.552150e+00 2.551505e+00 2.078711e+00 2.051509e+00 8.003810e-04
<GCONST> 8.766300e+01
<MIXTURE> 105 4.710235e-03
<MEAN> 25
 2.276593e+00 -1.483455e+00 9.175615e+00 -2.746166e+00 -1.162833e+01 -4.951953e+00 -4.185656e+00 -8.461336e-01 -3.896191e+00 -3.225804e+00 1.516620e+00 -1.220716e+00 6.770993e-03 2.554801e-02 4.665652e-02 -5.249716e-02 2.182523e-04 5.521901e-02 -1.738560e-02 5.645921e-02 -4.499094e-02 2.556067e-02 2.570895e-02 -2.487786e-02 -2.101685e-03
<VARIANCE> 25
 1.343508e+01 2.833137e+01 4.102126e+01 4.533241e+01 3.751905e+01 5.433936e+01 4.083050e+01 4.393965e+01 3.992355e+01 4.229842e+01 4.146783e+01 3.081328e+01 8.346674e-02 1.870303e-01 3.392127e-01 2.978161e-01 3.704854e-01 4.297808e-01 4.701378e-01 4.898494e-01 4.951461e-01 4.402921e-01 4.240104e-01 4.116038e-01 9.007558e-05
<GCONST> 6.677202e+01
<MIXTURE> 106 4.710235e-03
<MEAN> 25
 2.276593e+00 -1.483455e+00 9.175615e+00 -2.746166e+00 -1.162833e+01 -4.951953e+00 -4.185656e+00 -8.461336e-01 -3.896191e+00 -3.225804e+00 1.516620e+00 -1.220716e+00 6.770993e-03 2.554801e-02 4.665652e-02 -5.249716e-02 2.182523e-04 5.521901e-02 -1.738560e-02 5.645921e-02 -4.499094e-02 2.556067e-02 2.570895e-02 -2.487786e-02 -2.101685e-03
<VARIANCE> 25
 1.343508e+01 2.833137e+01 4.102126e+01 4.533241e+01 3.751905e+01 5.433936e+01 4.083050e+01 4.393965e+01 3.992355e+01 4.229842e+01 4.146783e+01 3.081328e+01 8.346674e-02 1.870303e-01 3.392127e-01 2.978161e-01 3.704854e-01 4.297808e-01 4.701378e-01 4.898494e-01 4.951461e-01 4.402921e-01 4.240104e-01 4.116038e-01 9.007558e-05
<GCONST> 6.677202e+01
<MIXTURE> 107 5.452374e-03
<MEAN> 25
 8.387311e+00 -2.914402e+00 -7.989453e+00 -9.428020e+00 1.930070e+00 4.156105e+00 -8.920688e+00 -4.583578e+00 -1.624528e+00 2.839560e+00 7.500256e-01 -5.060509e+00 -5.677022e-01 -7.394035e-01 7.905024e-01 1.870368e+00 1.551607e-01 -2.011699e+00 -9.201747e-01 6.239876e-01 1.678826e+00 1.415540e-01 -1.618543e+00 -7.957319e-01 -6.845454e-05
<VARIANCE> 25
 9.066977e+00 2.270233e+01 2.820039e+01 4.020861e+01 3.528096e+01 4.916803e+01 4.799857e+01 3.317520e+01 4.792035e+01 4.113092e+01 4.888223e+01 2.773408e+01 3.466271e-01 9.085512e-01 1.547595e+00 2.308279e+00 2.430038e+00 2.826787e+00 2.414430e+00 2.847624e+00 2.239481e+00 2.873340e+00 1.912860e+00 2.259825e+00 9.169829e-04
<GCONST> 8.824134e+01
<MIXTURE> 108 5.452374e-03
<MEAN> 25
 8.387311e+00 -2.914402e+00 -7.989453e+00 -9.428020e+00 1.930070e+00 4.156105e+00 -8.920688e+00 -4.583578e+00 -1.624528e+00 2.839560e+00 7.500256e-01 -5.060509e+00 -5.677022e-01 -7.394035e-01 7.905024e-01 1.870368e+00 1.551607e-01 -2.011699e+00 -9.201747e-01 6.239876e-01 1.678826e+00 1.415540e-01 -1.618543e+00 -7.957319e-01 -6.845454e-05
<VARIANCE> 25
 9.066977e+00 2.270233e+01 2.820039e+01 4.020861e+01 3.528096e+01 4.916803e+01 4.799857e+01 3.317520e+01 4.792035e+01 4.113092e+01 4.888223e+01 2.773408e+01 3.466271e-01 9.085512e-01 1.547595e+00 2.308279e+00 2.430038e+00 2.826787e+00 2.414430e+00 2.847624e+00 2.239481e+00 2.873340e+00 1.912860e+00 2.259825e+00 9.169829e-04
<GCONST> 8.824134e+01
<MIXTURE> 109 6.661064e-03
<MEAN> 25
 4.098302e+00 -1.054970e+01 -8.305723e+00 -1.418849e+00 2.780079e+00 4.708128e-02 -1.279869e-01 1.476303e+00 -2.581746e+00 -8.308593e+00 -5.402349e+00 5.291313e-02 -3.105608e-02 -1.299125e-01 -2.740538e-02 2.506476e-01 2.055795e-01 1.161245e-01 -1.246620e-01 -1.098800e-01 -4.209378e-02 -1.217466e-01 2.181075e-01 6.914422e-03 -3.605999e-03
<VARIANCE> 25
 9.051973e+00 1.809296e+01 1.990025e+01 3.179172e+01 4.069258e+01 3.784662e+01 4.667332e+01 3.449586e+01 4.574221e+01 3.567086e+01 2.971889e+01 2.803353e+01 1.921235e-01 4.235724e-01 5.492321e-01 6.327106e-01 1.239741e+00 9.995940e-01 1.255238e+00 1.102883e+00 1.116388e+00 9.581723e-01 8.828834e-01 8.888875e-01 1.826675e-04
<GCONST> 7.453283e+01
<MIXTURE> 110 6.661064e-03
<MEAN> 25
 4.098302e+00 -1.054970e+01 -8.305723e+00 -1.418849e+00 2.780079e+00 4.708128e-02 -1.279869e-01 1.476303e+00 -2.581746e+00 -8.308593e+00 -5.402349e+00 5.291313e-02 -3.105608e-02 -1.299125e-01 -2.740538e-02 2.506476e-01 2.055795e-01 1.161245e-01 -1.246620e-01 -1.098800e-01 -4.209378e-02 -1.217466e-01 2.181075e-01 6.914422e-03 -3.605999e-03
<VARIANCE> 25
 9.051973e+00 1.809296e+01 1.990025e+01 3.179172e+01 4.069258e+01 3.784662e+01 4.667332e+01 3.449586e+01 4.574221e+01 3.567086e+01 2.971889e+01 2.803353e+01 1.921235e-01 4.235724e-01 5.492321e-01 6.327106e-01 1.239741e+00 9.995940e-01 1.255238e+00 1.102883e+00 1.116388e+00 9.581723e-01 8.828834e-01 8.888875e-01 1.826675e-04
<GCONST> 7.453283e+01
<MIXTURE> 111 4.337247e-03
<MEAN> 25
 -4.473995e+00 -9.060708e-01 -1.720618e+00 1.688574e+00 9.650221e-01 9.639155e-01 3.148141e-01 2.116391e-01 8.957461e-02 -5.417479e-01 -6.299382e-01 1.964715e+00 -2.107247e-02 -3.245440e-02 -7.230676e-02 -7.361715e-02 -3.728456e-02 6.470444e-03 -1.009405e-03 -5.918259e-02 -1.404565e-01 -2.029521e-01 -1.900871e-01 -1.063339e-01 -2.148403e-04
<VARIANCE> 25
 7.000908e+00 4.977570e+00 1.021446e+01 9.410199e+00 1.310929e+01 2.384412e+01 1.466938e+01 1.317112e+01 1.160498e+01 1.191285e+01 1.362794e+01 1.158813e+01 7.917322e-02 1.635646e-01 2.752597e-01 4.205866e-01 5.694203e-01 7.054138e-01 8.006574e-01 8.582829e-01 8.927336e-01 8.558984e-01 8.621115e-01 8.479866e-01 2.231460e-05
<GCONST> 5.598066e+01
<MIXTURE> 112 4.337247e-03
<MEAN> 25
 -4.473995e+00 -9.060708e-01 -1.720618e+00 1.688574e+00 9.650221e-01 9.639155e-01 3.148141e-01 2.116391e-01 8.957461e-02 -5.417479e-01 -6.299382e-01 1.964715e+00 -2.107247e-02 -3.245440e-02 -7.230676e-02 -7.361715e-02 -3.728456e-02 6.470444e-03 -1.009405e-03 -5.918259e-02 -1.404565e-01 -2.029521e-01 -1.900871e-01 -1.063339e-01 -2.148403e-04
<VARIANCE> 25
 7.000908e+00 4.977570e+00 1.021446e+01 9.410199e+00 1.310929e+01 2.384412e+01 1.466938e+01 1.317112e+01 1.160498e+01 1.191285e+01 1.362794e+01 1.158813e+01 7.917322e-02 1.635646e-01 2.752597e-01 4.205866e-01 5.694203e-01 7.054138e-01 8.006574e-01 8.582829e-01 8.927336e-01 8.558984e-01 8.621115e-01 8.479866e-01 2.231460e-05
<GCONST> 5.598066e+01
<MIXTURE> 113 5.938666e-03
<MEAN> 25
 9.684680e+00 1.657970e+00 -8.213739e+00 -1.687204e+01 -1.976163e+00 5.964329e+00 -5.228200e+00 -1.378924e+00 -5.923230e+00 -1.314470e+00 2.503041e-01 -4.940140e-01 1.731173e-03 -2.145932e-03 -7.939046e-02 -1.637587e-01 1.103913e-01 1.412104e-01 -2.720101e-02 2.846914e-02 -6.180830e-02 -7.579203e-02 1.581489e-01 7.941738e-02 -1.172892e-03
<VARIANCE> 25
 8.918482e+00 1.797478e+01 3.034155e+01 3.215637e+01 5.922420e+01 3.298232e+01 3.715695e+01 3.727767e+01 3.600986e+01 5.049408e+01 3.322337e+01 2.768559e+01 1.158307e-01 3.580852e-01 3.152742e-01 6.489700e-01 6.407765e-01 6.746626e-01 8.217493e-01 8.131859e-01 9.833750e-01 9.033642e-01 7.583850e-01 7.965797e-01 1.269287e-04
<GCONST> 7.144253e+01
<MIXTURE> 114 5.938666e-03
<MEAN> 25
 9.684680e+00 1.657970e+00 -8.213739e+00 -1.687204e+01 -1.976163e+00 5.964329e+00 -5.228200e+00 -1.378924e+00 -5.923230e+00 -1.314470e+00 2.503041e-01 -4.940140e-01 1.731173e-03 -2.145932e-03 -7.939046e-02 -1.637587e-01 1.103913e-01 1.412104e-01 -2.720101e-02 2.846914e-02 -6.180830e-02 -7.579203e-02 1.581489e-01 7.941738e-02 -1.172892e-03
<VARIANCE> 25
 8.918482e+00 1.797478e+01 3.034155e+01 3.215637e+01 5.922420e+01 3.298232e+01 3.715695e+01 3.727767e+01 3.600986e+01 5.049408e+01 3.322337e+01 2.768559e+01 1.158307e-01 3.580852e-01 3.152742e-01 6.489700e-01 6.407765e-01 6.746626e-01 8.217493e-01 8.131859e-01 9.833750e-01 9.033642e-01 7.583850e-01 7.965797e-01 1.269287e-04
<GCONST> 7.144253e+01
<MIXTURE> 115 2.935202e-03
<MEAN> 25
 -4.031643e+00 -7.520409e-01 -3.107657e+00 3.657528e+00 2.413806e+00 -4.281323e-01 2.235444e+00 4.133686e-01 1.388721e+00 -1.975857e-02 4.063431e-02 2.687818e+00 3.160847e-02 -7.212000e-02 -2.307778e-01 -4.386278e-01 -6.334061e-01 -6.703586e-01 -5.921416e-01 -5.094350e-01 -4.866413e-01 -4.566354e-01 -3.436967e-01 -1.649097e-01 -3.170518e-06
<VARIANCE> 25
 9.266794e+00 9.884017e+00 1.353658e+01 1.270808e+01 1.348822e+01 1.756162e+01 1.708532e+01 2.081049e+01 1.793286e+01 1.721304e+01 1.919483e+01 1.466510e+01 2.037496e-01 3.456223e-01 4.854838e-01 5.617313e-01 6.341439e-01 7.979846e-01 1.008022e+00 1.130875e+00 1.075193e+00 9.943110e-01 1.025522e+00 1.064774e+00 1.000160e-06
<GCONST> 6.016217e+01
<MIXTURE> 116 2.935202e-03
<MEAN> 25
 -4.031643e+00 -7.520409e-01 -3.107657e+00 3.657528e+00 2.413806e+00 -4.281323e-01 2.235444e+00 4.133686e-01 1.388721e+00 -1.975857e-02 4.063431e-02 2.687818e+00 3.160847e-02 -7.212000e-02 -2.307778e-01 -4.386278e-01 -6.334061e-01 -6.703586e-01 -5.921416e-01 -5.094350e-01 -4.866413e-01 -4.566354e-01 -3.436967e-01 -1.649097e-01 -3.170518e-06
<VARIANCE> 25
 9.266794e+00 9.884017e+00 1.353658e+01 1.270808e+01 1.348822e+01 1.756162e+01 1.708532e+01 2.081049e+01 1.793286e+01 1.721304e+01 1.919483e+01 1.466510e+01 2.037496e-01 3.456223e-01 4.854838e-01 5.617313e-01 6.341439e-01 7.979846e-01 1.008022e+00 1.130875e+00 1.075193e+00 9.943110e-01 1.025522e+00 1.064774e+00 1.000160e-06
<GCONST> 6.016217e+01
<MIXTURE> 117 6.506003e-03
<MEAN> 25
 -4.692850e+00 1.230774e+00 1.249051e+00 9.925099e+00 6.317899e+00 5.646174e+00 6.598149e+00 5.239645e+00 6.554098e+00 4.832155e+00 6.107776e+00 2.828310e+00 -7.777954e-02 -2.303148e-01 -3.414172e-01 -3.644592e-01 -3.478302e-01 -3.000475e-01 -3.163436e-01 -2.976345e-01 -3.897244e-01 -3.588355e-01 -2.650180e-01 -1.296410e-01 4.271176e-05
<VARIANCE> 25
 6.847855e+00 8.503193e+00 1.007383e+01 1.411408e+01 1.498033e+01 2.050366e+01 1.711076e+01 1.807885e+01 1.622752e+01 1.581731e+01 1.730013e+01 1.436485e+01 2.067308e-01 2.917629e-01 4.150584e-01 6.579012e-01 8.250056e-01 1.093097e+00 1.133673e+00 1.232447e+00 1.212757e+00 1.137742e+00 1.123072e+00 1.081641e+00 1.135096e-06
<GCONST> 6.044613e+01
<MIXTURE> 118 6.506003e-03
<MEAN> 25
 -4.692850e+00 1.230774e+00 1.249051e+00 9.925099e+00 6.317899e+00 5.646174e+00 6.598149e+00 5.239645e+00 6.554098e+00 4.832155e+00 6.107776e+00 2.828310e+00 -7.777954e-02 -2.303148e-01 -3.414172e-01 -3.644592e-01 -3.478302e-01 -3.000475e-01 -3.163436e-01 -2.976345e-01 -3.897244e-01 -3.588355e-01 -2.650180e-01 -1.296410e-01 4.271176e-05
<VARIANCE> 25
 6.847855e+00 8.503193e+00 1.007383e+01 1.411408e+01 1.498033e+01 2.050366e+01 1.711076e+01 1.807885e+01 1.622752e+01 1.581731e+01 1.730013e+01 1.436485e+01 2.067308e-01 2.917629e-01 4.150584e-01 6.579012e-01 8.250056e-01 1.093097e+00 1.133673e+00 1.232447e+00 1.212757e+00 1.137742e+00 1.123072e+00 1.081641e+00 1.135096e-06
<GCONST> 6.044613e+01
<MIXTURE> 119 4.297961e-03
<MEAN> 25
 -4.988570e+00 -7.583388e+00 2.243054e+00 2.068175e+00 2.252942e+00 1.682353e-01 5.299181e+00 5.959869e+00 1.206264e+00 9.891267e-01 6.609820e+00 1.603907e+00 -4.934862e-02 -7.895183e-02 3.736808e-02 -5.372236e-02 -1.212457e-01 -1.754800e-01 -6.960874e-02 -1.242657e-02 -8.994206e-02 -1.129506e-01 -6.000946e-02 -5.640236e-02 1.118704e-03
<VARIANCE> 25
 8.520638e+00 1.025694e+01 1.652758e+01 2.061038e+01 2.279130e+01 2.338571e+01 2.502736e+01 2.643352e+01 2.521714e+01 2.803732e+01 2.032953e+01 2.055280e+01 1.601815e-01 2.814839e-01 4.582443e-01 6.341464e-01 8.057978e-01 1.008453e+00 1.098378e+00 1.273675e+00 1.281045e+00 1.240919e+00 1.196380e+00 1.109174e+00 2.318769e-04
<GCONST> 6.978785e+01
<MIXTURE> 120 4.297961e-03
<MEAN> 25
 -4.988570e+00 -7.583388e+00 2.243054e+00 2.068175e+00 2.252942e+00 1.682353e-01 5.299181e+00 5.959869e+00 1.206264e+00 9.891267e-01 6.609820e+00 1.603907e+00 -4.934862e-02 -7.895183e-02 3.736808e-02 -5.372236e-02 -1.212457e-01 -1.754800e-01 -6.960874e-02 -1.242657e-02 -8.994206e-02 -1.129506e-01 -6.000946e-02 -5.640236e-02 1.118704e-03
<VARIANCE> 25
 8.520638e+00 1.025694e+01 1.652758e+01 2.061038e+01 2.279130e+01 2.338571e+01 2.502736e+01 2.643352e+01 2.521714e+01 2.803732e+01 2.032953e+01 2.055280e+01 1.601815e-01 2.814839e-01 4.582443e-01 6.341464e-01 8.057978e-01 1.008453e+00 1.098378e+00 1.273675e+00 1.281045e+00 1.240919e+00 1.196380e+00 1.109174e+00 2.318769e-04
<GCONST> 6.978785e+01
<MIXTURE> 121 4.567511e-03
<MEAN> 25
 2.548366e-01 -2.472985e+00 5.171391e+00 -1.280770e+01 -1.268729e+01 -1.514126e+00 9.261873e-01 -5.105700e+00 -4.180201e+00 -5.632891e-01 -5.439162e+00 -4.368318e+00 2.686114e-02 1.396009e-01 -3.891166e-02 9.186638e-02 1.631485e-01 8.021396e-02 -9.167488e-02 -1.904842e-01 -2.554096e-01 -2.501380e-01 -1.310124e-01 -9.905833e-03 -7.533633e-03
<VARIANCE> 25
 7.875560e+00 1.550557e+01 1.775919e+01 2.103264e+01 2.411630e+01 3.010669e+01 2.935774e+01 2.435315e+01 3.581302e+01 2.893054e+01 1.976684e+01 2.101133e+01 1.550290e-01 6.478084e-01 6.136993e-01 7.098159e-01 7.713145e-01 1.135408e+00 1.109306e+00 1.120697e+00 1.218627e+00 1.182908e+00 9.424184e-01 8.911187e-01 2.114028e-04
<GCONST> 7.149208e+01
<MIXTURE> 122 4.567511e-03
<MEAN> 25
 2.548366e-01 -2.472985e+00 5.171391e+00 -1.280770e+01 -1.268729e+01 -1.514126e+00 9.261873e-01 -5.105700e+00 -4.180201e+00 -5.632891e-01 -5.439162e+00 -4.368318e+00 2.686114e-02 1.396009e-01 -3.891166e-02 9.186638e-02 1.631485e-01 8.021396e-02 -9.167488e-02 -1.904842e-01 -2.554096e-01 -2.501380e-01 -1.310124e-01 -9.905833e-03 -7.533633e-03
<VARIANCE> 25
 7.875560e+00 1.550557e+01 1.775919e+01 2.103264e+01 2.411630e+01 3.010669e+01 2.935774e+01 2.435315e+01 3.581302e+01 2.893054e+01 1.976684e+01 2.101133e+01 1.550290e-01 6.478084e-01 6.136993e-01 7.098159e-01 7.713145e-01 1.135408e+00 1.109306e+00 1.120697e+00 1.218627e+00 1.182908e+00 9.424184e-01 8.911187e-01 2.114028e-04
<GCONST> 7.149208e+01
<MIXTURE> 123 4.393044e-03
<MEAN> 25
 -4.366704e+00 1.248520e+00 5.577057e-01 6.724099e+00 5.326013e+00 2.907419e+00 3.780123e+00 8.524980e-01 6.025801e-01 -3.047504e-01 -4.177579e-03 9.958916e-01 -4.599429e-01 -7.356050e-01 -7.873479e-01 -6.123936e-01 -2.908087e-01 -2.390255e-02 4.051214e-01 6.415695e-01 7.172068e-01 8.007994e-01 8.177426e-01 5.481903e-01 -3.052077e-03
<VARIANCE> 25
 9.936385e+00 1.074398e+01 1.719631e+01 1.984594e+01 2.061942e+01 3.037999e+01 2.417254e+01 1.974971e+01 1.959728e+01 1.720849e+01 2.088790e+01 1.882210e+01 3.557694e-01 3.578374e-01 5.554121e-01 6.823564e-01 9.286239e-01 1.200899e+00 1.158497e+00 1.120232e+00 1.181730e+00 1.125037e+00 1.309452e+00 1.143835e+00 9.550187e-05
<GCONST> 6.962423e+01
<MIXTURE> 124 4.069876e-03
<MEAN> 25
 -6.549506e+00 -1.068491e+00 -2.683272e+00 5.249425e+00 4.985967e+00 3.068676e+00 5.472197e+00 2.775688e+00 3.378330e+00 1.116513e+00 1.146046e+00 3.074502e+00 -1.975159e-01 -3.043341e-01 -3.421729e-01 -2.468024e-01 1.214076e-01 5.285110e-01 8.239130e-01 8.646899e-01 6.255991e-01 3.112392e-01 9.000249e-02 2.216341e-02 -5.464400e-05
<VARIANCE> 25
 1.064981e+01 7.294900e+00 1.235713e+01 1.264044e+01 1.172446e+01 2.195479e+01 1.523319e+01 1.769743e+01 1.584634e+01 1.676906e+01 1.877802e+01 1.402228e+01 1.031089e-01 1.725928e-01 2.755832e-01 4.331200e-01 5.747306e-01 6.905426e-01 7.319971e-01 7.905751e-01 9.032868e-01 9.651484e-01 9.878650e-01 1.027490e+00 1.795331e-05
<GCONST> 5.897863e+01
<MIXTURE> 125 4.069876e-03
<MEAN> 25
 -6.549506e+00 -1.068491e+00 -2.683272e+00 5.249425e+00 4.985967e+00 3.068676e+00 5.472197e+00 2.775688e+00 3.378330e+00 1.116513e+00 1.146046e+00 3.074502e+00 -1.975159e-01 -3.043341e-01 -3.421729e-01 -2.468024e-01 1.214076e-01 5.285110e-01 8.239130e-01 8.646899e-01 6.255991e-01 3.112392e-01 9.000249e-02 2.216341e-02 -5.464400e-05
<VARIANCE> 25
 1.064981e+01 7.294900e+00 1.235713e+01 1.264044e+01 1.172446e+01 2.195479e+01 1.523319e+01 1.769743e+01 1.584634e+01 1.676906e+01 1.877802e+01 1.402228e+01 1.031089e-01 1.725928e-01 2.755832e-01 4.331200e-01 5.747306e-01 6.905426e-01 7.319971e-01 7.905751e-01 9.032868e-01 9.651484e-01 9.878650e-01 1.027490e+00 1.795331e-05
<GCONST> 5.897863e+01
<MIXTURE> 126 2.402244e-03
<MEAN> 25
 -3.790449e+00 -6.935678e+00 -5.280338e+00 2.322607e+00 4.277287e+00 -3.243359e+00 7.034113e-02 3.555194e+00 3.342254e+00 -2.696350e+00 -1.428065e+00 3.056417e+00 -2.165886e-03 -6.496806e-03 -3.573832e-02 -1.582326e-01 -3.187477e-01 -3.893270e-01 -2.734233e-01 -1.575999e-01 -1.133452e-01 -1.154515e-01 -9.811406e-02 -3.081461e-02 -1.473696e-03
<VARIANCE> 25
 7.427854e+00 1.264750e+01 1.385544e+01 1.514767e+01 2.466597e+01 2.369239e+01 2.274214e+01 2.840857e+01 3.128920e+01 2.623945e+01 2.176248e+01 1.918773e+01 1.706125e-01 3.518057e-01 4.830624e-01 5.668449e-01 7.535674e-01 9.957480e-01 1.122885e+00 1.262376e+00 1.328590e+00 1.310538e+00 1.213585e+00 1.147014e+00 2.108165e-04
<GCONST> 6.979678e+01
<MIXTURE> 127 2.402244e-03
<MEAN> 25
 -3.790449e+00 -6.935678e+00 -5.280338e+00 2.322607e+00 4.277287e+00 -3.243359e+00 7.034113e-02 3.555194e+00 3.342254e+00 -2.696350e+00 -1.428065e+00 3.056417e+00 -2.165886e-03 -6.496806e-03 -3.573832e-02 -1.582326e-01 -3.187477e-01 -3.893270e-01 -2.734233e-01 -1.575999e-01 -1.133452e-01 -1.154515e-01 -9.811406e-02 -3.081461e-02 -1.473696e-03
<VARIANCE> 25
 7.427854e+00 1.264750e+01 1.385544e+01 1.514767e+01 2.466597e+01 2.369239e+01 2.274214e+01 2.840857e+01 3.128920e+01 2.623945e+01 2.176248e+01 1.918773e+01 1.706125e-01 3.518057e-01 4.830624e-01 5.668449e-01 7.535674e-01 9.957480e-01 1.122885e+00 1.262376e+00 1.328590e+00 1.310538e+00 1.213585e+00 1.147014e+00 2.108165e-04
<GCONST> 6.979678e+01
<MIXTURE> 128 3.790457e-03
<MEAN> 25
 -3.941600e+00 1.549737e+00 -3.318558e-01 6.613957e+00 3.660339e+00 1.837559e+00 3.610310e+00 2.409954e+00 3.988055e+00 3.698917e+00 3.747666e+00 3.538045e+00 -3.898485e-01 -1.953120e-01 9.941676e-02 7.284260e-01 1.183155e+00 1.137190e+00 7.050059e-01 1.237585e-01 -4.347148e-01 -7.837187e-01 -7.070604e-01 -4.015245e-01 -3.758516e-05
<VARIANCE> 25
 1.016252e+01 1.163362e+01 1.494495e+01 1.945313e+01 2.021460e+01 2.119516e+01 2.431605e+01 2.475313e+01 2.636700e+01 2.376359e+01 2.672947e+01 1.811783e+01 8.967659e-01 1.139981e+00 1.358243e+00 1.495928e+00 1.572107e+00 1.854535e+00 2.261251e+00 2.320526e+00 2.137881e+00 1.849261e+00 1.739803e+00 1.750249e+00 1.024287e-06
<GCONST> 7.363049e+01
<TRANSP> 3
 0.000000e+00 1.000000e+00 0.000000e+00
 0.000000e+00 9.999990e-01 9.999998e-07
 0.000000e+00 0.000000e+00 0.000000e+00
<ENDHMM>
