~o
<STREAMINFO> 1 25
<VECSIZE> 25<NULLD><MFCC_E_D_N><DIAGC>
~h "jmodel"
<BEGINHMM>
<NUMSTATES> 3
<STATE> 2
<NUMMIXES> 128
<MIXTURE> 1 5.748963e-03
<MEAN> 25
 -2.580720e+00 3.180893e+00 2.310913e+00 8.751926e+00 4.368532e+00 3.446955e+00 4.059829e+00 3.932178e+00 5.829479e+00 5.251108e+00 5.870509e+00 3.077425e+00 -2.003658e+00 -1.632948e+00 -8.628220e-01 1.075069e+00 1.559746e+00 2.231794e+00 2.153204e+00 2.083510e+00 1.693721e+00 1.268799e+00 1.566867e+00 6.119166e-01 -4.686769e-02
<VARIANCE> 25
 1.006687e+01 1.174857e+01 1.494036e+01 1.868578e+01 2.317817e+01 2.213253e+01 2.188416e+01 2.196786e+01 2.098978e+01 2.252139e+01 2.111337e+01 1.707534e+01 1.788069e+00 2.113760e+00 3.027137e+00 3.208787e+00 3.736623e+00 3.353702e+00 3.318414e+00 3.380714e+00 3.518246e+00 3.724043e+00 3.525718e+00 2.834775e+00 3.125057e-03
<GCONST> 8.846885e+01
<MIXTURE> 2 4.549242e-03
<MEAN> 25
 -4.872392e+00 1.314296e+00 9.927096e-01 9.895799e+00 6.691375e+00 7.423164e+00 7.847729e+00 6.952624e+00 8.370758e+00 6.373231e+00 7.614306e+00 3.076708e+00 -6.224703e-02 4.148399e-02 1.429137e-01 2.265153e-01 2.657639e-01 2.820507e-01 2.957102e-01 3.196961e-01 3.481266e-01 3.087494e-01 1.977793e-01 8.075532e-02 1.441383e-06
<VARIANCE> 25
 6.959127e+00 8.904156e+00 1.064637e+01 1.591856e+01 1.722305e+01 1.555301e+01 1.688691e+01 1.850444e+01 1.658997e+01 1.737722e+01 1.821177e+01 1.433437e+01 1.252424e-01 2.266436e-01 3.364561e-01 4.673862e-01 6.494738e-01 8.151505e-01 9.292338e-01 1.002620e+00 1.055384e+00 1.076989e+00 1.075485e+00 1.014156e+00 1.001278e-06
<GCONST> 5.805209e+01
<MIXTURE> 3 4.549242e-03
<MEAN> 25
 -4.872392e+00 1.314296e+00 9.927096e-01 9.895799e+00 6.691375e+00 7.423164e+00 7.847729e+00 6.952624e+00 8.370758e+00 6.373231e+00 7.614306e+00 3.076708e+00 -6.224703e-02 4.148399e-02 1.429137e-01 2.265153e-01 2.657639e-01 2.820507e-01 2.957102e-01 3.196961e-01 3.481266e-01 3.087494e-01 1.977793e-01 8.075532e-02 1.441383e-06
<VARIANCE> 25
 6.959127e+00 8.904156e+00 1.064637e+01 1.591856e+01 1.722305e+01 1.555301e+01 1.688691e+01 1.850444e+01 1.658997e+01 1.737722e+01 1.821177e+01 1.433437e+01 1.252424e-01 2.266436e-01 3.364561e-01 4.673862e-01 6.494738e-01 8.151505e-01 9.292338e-01 1.002620e+00 1.055384e+00 1.076989e+00 1.075485e+00 1.014156e+00 1.001278e-06
<GCONST> 5.805209e+01
<MIXTURE> 4 1.671429e-02
<MEAN> 25
 3.493331e+00 2.509752e+00 -3.795536e+00 9.806755e-01 4.256411e+00 -2.002204e-01 3.028177e-03 -1.297126e-01 1.500683e+00 1.376918e+00 -1.922665e+00 1.514197e-01 -2.728408e+00 1.227160e+00 1.753605e+00 3.033463e+00 8.996873e-01 5.206847e-01 1.520085e+00 1.022801e+00 9.862732e-01 4.173844e-01 1.139590e+00 9.241997e-01 -1.033352e-01
<VARIANCE> 25
 2.101993e+01 2.914884e+01 2.910610e+01 3.944793e+01 4.500567e+01 6.748621e+01 6.442465e+01 5.395932e+01 5.439162e+01 6.130940e+01 4.920467e+01 3.542452e+01 2.380735e+00 4.969928e+00 3.700797e+00 5.002891e+00 4.948660e+00 6.087482e+00 6.021157e+00 5.509885e+00 5.866091e+00 6.322508e+00 6.744656e+00 4.469380e+00 6.062233e-03
<GCONST> 1.053689e+02
<MIXTURE> 5 3.206198e-03
<MEAN> 25
 -3.411954e+00 2.185679e+00 6.059815e-01 9.419740e+00 6.696017e+00 6.314930e+00 7.114713e+00 4.716264e+00 5.499356e+00 3.853140e+00 4.639740e+00 2.610699e+00 -3.245970e-01 7.511916e-01 1.223748e+00 1.032629e+00 3.091304e-01 -9.753598e-02 -8.238411e-02 3.382876e-02 4.538338e-01 6.827983e-01 4.053891e-01 9.027924e-02 -2.607450e-05
<VARIANCE> 25
 1.024444e+01 1.393059e+01 2.345255e+01 2.561187e+01 2.018466e+01 1.938958e+01 2.008414e+01 2.034947e+01 2.138725e+01 2.127552e+01 2.423355e+01 1.633898e+01 1.207849e+00 1.243539e+00 1.355323e+00 1.671142e+00 2.282384e+00 2.376254e+00 2.298237e+00 2.271556e+00 2.322933e+00 2.234707e+00 2.084625e+00 1.873259e+00 1.003359e-06
<GCONST> 7.515482e+01
<MIXTURE> 6 5.475854e-03
<MEAN> 25
 9.725305e+00 -1.228512e+00 -6.932151e+00 -1.109117e+01 -2.236396e+00 6.816152e+00 -5.248960e+00 -4.706706e+00 -3.730449e+00 2.409668e+00 4.787208e+00 -2.055098e+00 5.327156e-01 8.514241e-01 -3.131931e-01 -1.369039e+00 -6.580914e-01 1.373709e+00 1.444785e+00 1.697396e-01 -1.230762e+00 -1.070358e+00 1.868019e-01 1.422389e+00 -9.417707e-03
<VARIANCE> 25
 8.417903e+00 2.365275e+01 2.293710e+01 3.645328e+01 3.428302e+01 2.884507e+01 4.573009e+01 3.952035e+01 3.809315e+01 4.063266e+01 3.973120e+01 3.491043e+01 3.243030e-01 8.559662e-01 8.964399e-01 2.016618e+00 1.528599e+00 1.953035e+00 1.913911e+00 1.993594e+00 2.299988e+00 2.127538e+00 2.313016e+00 1.780058e+00 5.810430e-04
<GCONST> 8.424097e+01
<MIXTURE> 7 5.475854e-03
<MEAN> 25
 9.725305e+00 -1.228512e+00 -6.932151e+00 -1.109117e+01 -2.236396e+00 6.816152e+00 -5.248960e+00 -4.706706e+00 -3.730449e+00 2.409668e+00 4.787208e+00 -2.055098e+00 5.327156e-01 8.514241e-01 -3.131931e-01 -1.369039e+00 -6.580914e-01 1.373709e+00 1.444785e+00 1.697396e-01 -1.230762e+00 -1.070358e+00 1.868019e-01 1.422389e+00 -9.417707e-03
<VARIANCE> 25
 8.417903e+00 2.365275e+01 2.293710e+01 3.645328e+01 3.428302e+01 2.884507e+01 4.573009e+01 3.952035e+01 3.809315e+01 4.063266e+01 3.973120e+01 3.491043e+01 3.243030e-01 8.559662e-01 8.964399e-01 2.016618e+00 1.528599e+00 1.953035e+00 1.913911e+00 1.993594e+00 2.299988e+00 2.127538e+00 2.313016e+00 1.780058e+00 5.810430e-04
<GCONST> 8.424097e+01
<MIXTURE> 8 1.165917e-02
<MEAN> 25
 -4.725616e+00 1.369887e+00 1.288177e+00 9.535229e+00 6.570656e+00 6.253219e+00 6.479941e+00 5.682981e+00 6.660330e+00 5.622079e+00 6.555575e+00 3.153206e+00 -6.274658e-01 -1.419984e+00 -1.064704e+00 -1.731527e+00 -2.317906e-01 -9.451210e-01 -1.809667e-01 -2.873824e-01 -2.542728e-01 -1.771603e-01 -2.087587e-01 7.422233e-02 9.882668e-02
<VARIANCE> 25
 9.325211e+00 9.838986e+00 1.159936e+01 1.619883e+01 1.658991e+01 1.566201e+01 1.810779e+01 1.746805e+01 1.698932e+01 1.742537e+01 1.905987e+01 1.397497e+01 2.750715e+00 2.817396e+00 3.929509e+00 3.749946e+00 3.445846e+00 3.305883e+00 3.125930e+00 3.075569e+00 2.914319e+00 2.650753e+00 2.462902e+00 1.913689e+00 6.684132e-03
<GCONST> 8.631487e+01
<MIXTURE> 9 1.199672e-02
<MEAN> 25
 9.282451e+00 3.361135e+00 -6.173316e+00 -1.046774e+01 -2.249187e+00 4.941952e+00 -2.123591e+00 -2.413596e+00 -5.299512e+00 -1.193432e+00 4.545519e-01 3.883310e-02 1.409653e+00 -1.438030e-01 -5.434433e-01 -2.688656e+00 -1.630026e+00 8.232239e-01 -9.530436e-01 -2.039851e-01 -1.599305e-01 -5.779539e-01 6.742951e-01 -1.778809e-01 7.307858e-02
<VARIANCE> 25
 1.209778e+01 2.122953e+01 3.321087e+01 5.519159e+01 4.945122e+01 3.194859e+01 4.291845e+01 5.246230e+01 4.200356e+01 4.140321e+01 3.674772e+01 2.687539e+01 2.111654e+00 2.438146e+00 4.689601e+00 4.824683e+00 4.955538e+00 4.094421e+00 4.190414e+00 5.980773e+00 4.988137e+00 4.032618e+00 4.163245e+00 2.823927e+00 2.197081e-03
<GCONST> 9.878450e+01
<MIXTURE> 10 6.596976e-03
<MEAN> 25
 8.233601e-01 7.627728e+00 5.374219e+00 7.140997e+00 1.587321e+00 -2.115117e+00 -5.282300e-01 -1.689147e+00 8.659839e-01 8.563119e-01 8.261099e-01 6.622027e-01 -1.920836e+00 -6.712308e-01 -4.583279e-01 3.024653e+00 2.457199e+00 2.708442e+00 2.372799e+00 2.274242e+00 1.862514e+00 1.542462e+00 2.323611e+00 5.277784e-01 -1.379122e-01
<VARIANCE> 25
 1.949596e+01 2.065098e+01 2.228431e+01 2.902837e+01 3.822346e+01 3.488335e+01 3.511784e+01 3.380124e+01 2.762176e+01 2.900531e+01 2.701193e+01 2.497964e+01 2.237374e+00 3.419707e+00 5.523475e+00 5.161443e+00 5.557154e+00 4.464860e+00 4.688711e+00 4.837801e+00 4.377878e+00 5.013060e+00 4.492917e+00 3.187569e+00 2.711022e-03
<GCONST> 9.745010e+01
<MIXTURE> 11 1.633820e-02
<MEAN> 25
 7.366388e+00 3.525488e+00 3.391795e+00 4.786719e+00 -2.733039e+00 -1.190103e+00 -2.576162e+00 -6.041125e+00 -2.986110e+00 2.669041e-01 -3.563952e+00 -8.737028e-01 -3.228507e-01 7.394775e-01 -5.986668e-02 3.657116e-01 3.596276e-01 -1.264918e-03 5.545978e-01 -1.692963e-01 4.823457e-02 -1.890834e-01 -3.116449e-01 3.441615e-01 -2.250877e-02
<VARIANCE> 25
 1.176475e+01 2.266936e+01 1.690798e+01 2.430817e+01 2.900319e+01 3.242528e+01 3.564061e+01 3.516754e+01 3.488478e+01 2.779384e+01 3.361592e+01 2.610511e+01 7.952338e-01 1.236793e+00 1.861624e+00 1.751909e+00 1.792338e+00 1.787623e+00 2.194955e+00 2.452765e+00 2.176849e+00 1.715456e+00 2.366599e+00 1.495646e+00 8.440274e-04
<GCONST> 8.470319e+01
<MIXTURE> 12 5.904134e-03
<MEAN> 25
 1.076530e+01 3.742641e+00 -4.501848e+00 -1.599149e+01 -8.695410e+00 8.642141e+00 -8.972887e-01 -1.922310e+00 -1.722260e+00 -4.885198e+00 1.773306e+00 7.171507e-01 6.762607e-02 2.937780e-01 7.968318e-02 -3.681156e-01 -3.102655e-01 2.943818e-02 3.054061e-01 4.477569e-01 1.410864e-01 -3.845723e-01 -3.854358e-01 5.387126e-02 -6.303860e-03
<VARIANCE> 25
 8.882339e+00 2.100642e+01 2.336044e+01 3.505946e+01 4.205927e+01 3.095650e+01 4.179417e+01 4.897547e+01 4.406022e+01 3.739585e+01 3.800420e+01 2.892422e+01 2.468994e-01 6.883090e-01 6.861160e-01 1.169995e+00 1.186367e+00 1.053862e+00 1.171077e+00 1.386198e+00 1.240535e+00 1.222229e+00 1.221497e+00 9.563602e-01 5.785632e-04
<GCONST> 7.892169e+01
<MIXTURE> 13 5.904134e-03
<MEAN> 25
 1.076530e+01 3.742641e+00 -4.501848e+00 -1.599149e+01 -8.695410e+00 8.642141e+00 -8.972887e-01 -1.922310e+00 -1.722260e+00 -4.885198e+00 1.773306e+00 7.171507e-01 6.762607e-02 2.937780e-01 7.968318e-02 -3.681156e-01 -3.102655e-01 2.943818e-02 3.054061e-01 4.477569e-01 1.410864e-01 -3.845723e-01 -3.854358e-01 5.387126e-02 -6.303860e-03
<VARIANCE> 25
 8.882339e+00 2.100642e+01 2.336044e+01 3.505946e+01 4.205927e+01 3.095650e+01 4.179417e+01 4.897547e+01 4.406022e+01 3.739585e+01 3.800420e+01 2.892422e+01 2.468994e-01 6.883090e-01 6.861160e-01 1.169995e+00 1.186367e+00 1.053862e+00 1.171077e+00 1.386198e+00 1.240535e+00 1.222229e+00 1.221497e+00 9.563602e-01 5.785632e-04
<GCONST> 7.892169e+01
<MIXTURE> 14 6.488954e-03
<MEAN> 25
 -4.309465e+00 -3.704637e-01 -3.194632e-01 8.892369e+00 7.507340e+00 7.373916e+00 7.834851e+00 7.311632e+00 7.250627e+00 5.225605e+00 6.821131e+00 4.108070e+00 -2.724935e-01 1.934807e-01 3.615558e-01 3.041427e-01 7.019661e-03 5.792252e-02 9.600318e-02 1.800442e-01 3.026541e-01 5.361559e-01 5.035852e-01 7.191209e-02 -9.274153e-03
<VARIANCE> 25
 9.276881e+00 1.383011e+01 1.857927e+01 1.788188e+01 2.085272e+01 1.952900e+01 2.143176e+01 2.062392e+01 2.000875e+01 2.386361e+01 2.186980e+01 1.592654e+01 9.601728e-01 1.634805e+00 1.775509e+00 1.943443e+00 2.238126e+00 2.254688e+00 2.248330e+00 2.237849e+00 2.295194e+00 2.504876e+00 2.209318e+00 1.814800e+00 1.028050e-03
<GCONST> 8.191088e+01
<MIXTURE> 15 2.475190e-03
<MEAN> 25
 -5.361098e+00 -6.116720e-01 -2.281703e-01 7.298782e+00 5.671563e+00 5.715846e+00 6.094849e+00 4.916126e+00 5.183189e+00 4.144464e+00 5.359354e+00 2.627062e+00 -1.215798e-01 -2.145144e-02 7.438936e-02 2.491897e-01 4.827674e-01 7.821820e-01 1.063701e+00 1.186199e+00 1.064364e+00 7.582621e-01 4.272888e-01 1.441976e-01 -6.572063e-05
<VARIANCE> 25
 7.135517e+00 5.600528e+00 8.955472e+00 1.298228e+01 1.407332e+01 1.414401e+01 1.481326e+01 1.498188e+01 1.397000e+01 1.400645e+01 1.622348e+01 1.293060e+01 1.234401e-01 2.139030e-01 3.172411e-01 4.992903e-01 7.018934e-01 7.983328e-01 7.613770e-01 7.877008e-01 9.050191e-01 1.010876e+00 1.066577e+00 1.038254e+00 2.773860e-05
<GCONST> 5.866210e+01
<MIXTURE> 16 2.475190e-03
<MEAN> 25
 -5.361098e+00 -6.116720e-01 -2.281703e-01 7.298782e+00 5.671563e+00 5.715846e+00 6.094849e+00 4.916126e+00 5.183189e+00 4.144464e+00 5.359354e+00 2.627062e+00 -1.215798e-01 -2.145144e-02 7.438936e-02 2.491897e-01 4.827674e-01 7.821820e-01 1.063701e+00 1.186199e+00 1.064364e+00 7.582621e-01 4.272888e-01 1.441976e-01 -6.572063e-05
<VARIANCE> 25
 7.135517e+00 5.600528e+00 8.955472e+00 1.298228e+01 1.407332e+01 1.414401e+01 1.481326e+01 1.498188e+01 1.397000e+01 1.400645e+01 1.622348e+01 1.293060e+01 1.234401e-01 2.139030e-01 3.172411e-01 4.992903e-01 7.018934e-01 7.983328e-01 7.613770e-01 7.877008e-01 9.050191e-01 1.010876e+00 1.066577e+00 1.038254e+00 2.773860e-05
<GCONST> 5.866210e+01
<MIXTURE> 17 9.518312e-03
<MEAN> 25
 3.094112e+00 -4.237706e-01 6.899469e+00 1.427472e+00 -4.576617e+00 -6.728456e+00 -3.566747e+00 1.822997e-01 -2.983846e+00 -3.480577e+00 1.186185e+00 -7.494872e-01 -9.382092e-01 -7.870935e-01 1.734763e+00 -2.020855e+00 -2.031565e+00 -7.587706e-01 3.141383e-02 4.531414e-01 -1.031707e+00 -3.812855e-01 1.804467e+00 1.914152e-01 8.484077e-02
<VARIANCE> 25
 1.599315e+01 2.837156e+01 2.609739e+01 3.307598e+01 3.978397e+01 4.827197e+01 3.334571e+01 2.763327e+01 3.500770e+01 2.086871e+01 2.935442e+01 2.692073e+01 1.815726e+00 2.552312e+00 3.626562e+00 2.406318e+00 3.478804e+00 5.600523e+00 3.970142e+00 3.883405e+00 4.798978e+00 3.188893e+00 4.483689e+00 2.788639e+00 1.947001e-03
<GCONST> 9.489508e+01
<MIXTURE> 18 1.221018e-02
<MEAN> 25
 3.953937e+00 4.427890e+00 6.506013e+00 4.630534e+00 -4.302383e+00 -8.239077e+00 -2.066963e+00 -1.290233e+00 -3.410112e+00 -2.366450e+00 -6.145653e-01 4.873815e-01 -7.361176e-01 2.127506e+00 -2.090097e-01 1.971925e+00 2.997689e+00 1.536760e+00 8.395471e-01 -2.081361e-01 6.469895e-01 5.105820e-01 -4.638379e-01 1.447678e-02 -1.211822e-01
<VARIANCE> 25
 1.559414e+01 2.572218e+01 3.310075e+01 2.552152e+01 3.984706e+01 3.311814e+01 3.991266e+01 3.406221e+01 3.780922e+01 3.389248e+01 3.698892e+01 3.048276e+01 2.445727e+00 2.998906e+00 4.478982e+00 3.918716e+00 4.150884e+00 4.539295e+00 4.486020e+00 4.288246e+00 4.282355e+00 4.201530e+00 4.985895e+00 3.670036e+00 4.048895e-03
<GCONST> 9.830193e+01
<MIXTURE> 19 9.912824e-03
<MEAN> 25
 -1.026939e+01 1.855634e+00 4.547207e-01 1.007415e+00 3.916125e+00 1.731051e+00 3.320804e+00 1.152743e+00 2.067713e+00 1.074135e+00 1.205007e+00 2.095001e+00 2.107754e+00 1.720279e+00 2.153446e+00 7.690982e-01 -1.048580e+00 -1.049665e+00 -1.074220e+00 -1.443094e+00 -1.487262e+00 -1.151258e+00 -8.275303e-01 -8.059089e-01 1.126963e-03
<VARIANCE> 25
 5.366504e+01 2.970596e+01 4.831382e+01 5.283856e+01 3.359304e+01 3.344217e+01 3.099533e+01 2.919039e+01 2.820310e+01 2.701037e+01 3.029187e+01 2.006154e+01 2.442308e+00 2.217559e+00 2.178936e+00 2.364611e+00 2.523283e+00 2.259275e+00 2.439607e+00 2.435138e+00 2.081738e+00 2.007059e+00 2.365023e+00 1.780199e+00 2.484864e-03
<GCONST> 9.176424e+01
<MIXTURE> 20 6.308331e-03
<MEAN> 25
 -1.409348e+01 7.567364e+00 1.101824e+00 5.873465e+00 4.618074e+00 1.429484e+00 5.107292e+00 8.219197e-01 7.167454e-01 5.556886e-01 2.764294e+00 -1.903047e-01 -3.306474e+00 -8.315313e-01 -1.541692e+00 3.179474e-01 1.587011e+00 1.991163e+00 1.906975e+00 2.027527e+00 2.121372e+00 1.956011e+00 1.500653e+00 8.439728e-01 4.883597e-02
<VARIANCE> 25
 1.966599e+01 2.275870e+01 3.073657e+01 3.688005e+01 3.077233e+01 2.739870e+01 2.874616e+01 3.017053e+01 2.763518e+01 2.803456e+01 2.577103e+01 2.052938e+01 2.006185e+00 2.106831e+00 1.831419e+00 2.426850e+00 2.636101e+00 2.306076e+00 2.301884e+00 2.230930e+00 2.165787e+00 2.670539e+00 2.844929e+00 2.002479e+00 1.844075e-03
<GCONST> 8.908332e+01
<MIXTURE> 21 7.928653e-03
<MEAN> 25
 3.907699e+00 -4.341541e+00 5.870709e+00 -1.544526e+00 -1.034233e+01 -8.931155e+00 -2.661379e+00 4.027650e+00 -2.249110e+00 -3.406625e+00 5.497298e-01 3.817616e-01 -7.170011e-01 1.360052e+00 2.525037e+00 -6.373888e-02 -1.495384e+00 3.109607e-01 5.868742e-01 -1.458411e+00 -1.958938e+00 2.795237e-01 1.347454e+00 2.187408e-01 -1.259668e-02
<VARIANCE> 25
 8.968484e+00 1.938759e+01 2.911821e+01 2.760085e+01 2.966951e+01 3.363250e+01 4.179388e+01 3.897544e+01 4.275225e+01 3.070127e+01 3.598643e+01 2.263849e+01 3.666317e-01 9.345782e-01 1.941495e+00 1.266462e+00 2.256260e+00 2.147511e+00 3.538494e+00 2.482171e+00 2.101322e+00 2.560293e+00 1.979177e+00 2.246197e+00 4.190042e-04
<GCONST> 8.495479e+01
<MIXTURE> 22 8.827789e-03
<MEAN> 25
 -1.793036e+01 7.183863e+00 -4.053082e+00 7.301190e+00 4.642718e+00 2.761172e+00 8.399611e+00 1.769906e+00 5.357844e+00 3.255799e+00 5.630875e+00 1.165507e+00 -3.266412e-01 -2.063554e-01 -1.311627e-01 -1.532961e-01 2.597035e-03 1.386508e-01 1.851936e-01 1.805636e-01 2.483969e-01 2.009567e-01 1.572059e-01 1.864554e-01 9.271577e-03
<VARIANCE> 25
 8.038272e+00 1.671961e+01 1.774347e+01 2.564269e+01 2.280551e+01 2.063578e+01 1.923869e+01 1.855553e+01 1.801138e+01 2.085040e+01 1.970627e+01 1.368576e+01 1.106724e+00 1.342999e+00 1.352866e+00 1.556473e+00 1.404070e+00 1.512748e+00 1.495399e+00 1.517764e+00 1.598022e+00 1.531820e+00 1.366623e+00 1.159199e+00 1.743365e-03
<GCONST> 7.824263e+01
<MIXTURE> 23 6.455497e-03
<MEAN> 25
 7.911083e+00 1.650431e+00 2.968359e+00 2.286729e+00 -4.415221e+00 -2.129612e+00 -4.563682e+00 -5.864337e+00 -2.385879e+00 -5.930673e-01 -4.726466e+00 -1.278912e+00 -2.108622e-02 2.206070e-01 5.209059e-02 2.118883e-01 -3.689474e-02 -1.018713e-01 2.489415e-02 -9.412497e-02 -4.446233e-02 6.618873e-02 -2.961896e-02 -1.881028e-02 -6.226105e-03
<VARIANCE> 25
 1.001834e+01 2.247456e+01 2.037879e+01 3.527533e+01 3.199282e+01 5.044295e+01 4.866645e+01 4.645959e+01 4.431361e+01 4.026850e+01 4.112378e+01 3.611735e+01 1.118488e-01 2.927093e-01 3.941394e-01 5.449958e-01 5.225403e-01 6.969305e-01 7.744324e-01 9.949299e-01 9.321629e-01 7.272786e-01 7.229125e-01 6.797795e-01 9.116172e-05
<GCONST> 7.121149e+01
<MIXTURE> 24 6.455497e-03
<MEAN> 25
 7.911083e+00 1.650431e+00 2.968359e+00 2.286729e+00 -4.415221e+00 -2.129612e+00 -4.563682e+00 -5.864337e+00 -2.385879e+00 -5.930673e-01 -4.726466e+00 -1.278912e+00 -2.108622e-02 2.206070e-01 5.209059e-02 2.118883e-01 -3.689474e-02 -1.018713e-01 2.489415e-02 -9.412497e-02 -4.446233e-02 6.618873e-02 -2.961896e-02 -1.881028e-02 -6.226105e-03
<VARIANCE> 25
 1.001834e+01 2.247456e+01 2.037879e+01 3.527533e+01 3.199282e+01 5.044295e+01 4.866645e+01 4.645959e+01 4.431361e+01 4.026850e+01 4.112378e+01 3.611735e+01 1.118488e-01 2.927093e-01 3.941394e-01 5.449958e-01 5.225403e-01 6.969305e-01 7.744324e-01 9.949299e-01 9.321629e-01 7.272786e-01 7.229125e-01 6.797795e-01 9.116172e-05
<GCONST> 7.121149e+01
<MIXTURE> 25 1.118642e-02
<MEAN> 25
 1.644453e-01 4.123330e+00 1.398946e+01 -1.690330e+00 -7.173334e+00 -3.333039e+00 -4.464217e+00 -1.962340e+00 -8.254586e+00 -5.746437e+00 5.803696e+00 -2.379676e+00 1.889291e-02 4.876522e-01 -1.207342e-01 3.991514e-01 1.294377e-01 2.074491e-01 3.359928e-01 -2.252391e-01 -2.193393e-02 1.568313e-01 -2.633815e-01 3.364406e-01 -1.867603e-02
<VARIANCE> 25
 6.482843e+00 1.572262e+01 1.984043e+01 2.032954e+01 3.471786e+01 4.392146e+01 1.949466e+01 2.022647e+01 2.015538e+01 2.298510e+01 1.707990e+01 2.287719e+01 8.090999e-01 1.145778e+00 1.128808e+00 1.364950e+00 1.645212e+00 1.628806e+00 1.284673e+00 1.115009e+00 1.507002e+00 1.615335e+00 1.423258e+00 1.822590e+00 1.211302e-03
<GCONST> 7.881258e+01
<MIXTURE> 26 7.727677e-03
<MEAN> 25
 2.492633e+00 -6.065119e+00 -1.038879e+01 -9.573128e-01 7.379764e+00 5.447699e+00 3.870134e+00 -5.327930e-01 2.343129e+00 -2.963661e-01 -2.978514e+00 -7.986991e-01 -6.803146e-01 6.237973e-01 3.864428e-01 6.399379e-01 1.870315e-01 3.475469e-01 3.338922e-01 3.610946e-01 2.837625e-01 1.183031e-01 3.339311e-01 4.732920e-01 -5.230779e-02
<VARIANCE> 25
 2.487690e+01 3.414795e+01 2.423807e+01 5.938424e+01 4.154737e+01 3.971826e+01 4.379232e+01 4.231127e+01 3.699622e+01 5.683327e+01 3.797705e+01 4.474205e+01 1.572861e+00 1.979810e+00 1.812229e+00 1.920992e+00 2.219476e+00 2.492537e+00 2.513248e+00 2.727196e+00 2.235935e+00 2.272706e+00 2.277007e+00 2.101671e+00 3.276500e-03
<GCONST> 9.347446e+01
<MIXTURE> 27 7.727677e-03
<MEAN> 25
 2.492633e+00 -6.065119e+00 -1.038879e+01 -9.573128e-01 7.379764e+00 5.447699e+00 3.870134e+00 -5.327930e-01 2.343129e+00 -2.963661e-01 -2.978514e+00 -7.986991e-01 -6.803146e-01 6.237973e-01 3.864428e-01 6.399379e-01 1.870315e-01 3.475469e-01 3.338922e-01 3.610946e-01 2.837625e-01 1.183031e-01 3.339311e-01 4.732920e-01 -5.230779e-02
<VARIANCE> 25
 2.487690e+01 3.414795e+01 2.423807e+01 5.938424e+01 4.154737e+01 3.971826e+01 4.379232e+01 4.231127e+01 3.699622e+01 5.683327e+01 3.797705e+01 4.474205e+01 1.572861e+00 1.979810e+00 1.812229e+00 1.920992e+00 2.219476e+00 2.492537e+00 2.513248e+00 2.727196e+00 2.235935e+00 2.272706e+00 2.277007e+00 2.101671e+00 3.276500e-03
<GCONST> 9.347446e+01
<MIXTURE> 28 5.036674e-03
<MEAN> 25
 -4.867121e+00 4.798417e-01 -1.544533e+00 6.335598e+00 5.180074e+00 3.780613e+00 5.607732e+00 2.777358e+00 4.269793e+00 2.637385e+00 1.512447e+00 3.566744e+00 -1.266702e-01 1.986455e-01 5.428573e-01 8.197569e-01 8.746450e-01 7.956223e-01 5.910003e-01 3.743372e-01 2.299207e-01 4.776660e-01 4.846437e-01 3.070123e-01 8.779812e-05
<VARIANCE> 25
 1.109248e+01 8.877758e+00 1.083705e+01 1.369257e+01 1.361024e+01 1.626071e+01 1.692461e+01 1.778238e+01 1.705870e+01 1.619741e+01 2.549102e+01 1.413112e+01 2.300236e-01 3.066906e-01 3.814909e-01 4.253370e-01 5.757574e-01 8.017434e-01 9.894384e-01 1.060588e+00 1.459737e+00 9.355782e-01 1.080684e+00 1.032498e+00 1.550705e-06
<GCONST> 6.000091e+01
<MIXTURE> 29 5.036674e-03
<MEAN> 25
 -4.867121e+00 4.798417e-01 -1.544533e+00 6.335598e+00 5.180074e+00 3.780613e+00 5.607732e+00 2.777358e+00 4.269793e+00 2.637385e+00 1.512447e+00 3.566744e+00 -1.266702e-01 1.986455e-01 5.428573e-01 8.197569e-01 8.746450e-01 7.956223e-01 5.910003e-01 3.743372e-01 2.299207e-01 4.776660e-01 4.846437e-01 3.070123e-01 8.779812e-05
<VARIANCE> 25
 1.109248e+01 8.877758e+00 1.083705e+01 1.369257e+01 1.361024e+01 1.626071e+01 1.692461e+01 1.778238e+01 1.705870e+01 1.619741e+01 2.549102e+01 1.413112e+01 2.300236e-01 3.066906e-01 3.814909e-01 4.253370e-01 5.757574e-01 8.017434e-01 9.894384e-01 1.060588e+00 1.459737e+00 9.355782e-01 1.080684e+00 1.032498e+00 1.550705e-06
<GCONST> 6.000091e+01
<MIXTURE> 30 8.917812e-03
<MEAN> 25
 -4.437029e+00 -1.724562e-01 6.180686e-01 9.015212e+00 7.719020e+00 7.470056e+00 7.587882e+00 6.797860e+00 6.511242e+00 4.822863e+00 6.735516e+00 3.565429e+00 -2.285763e-02 3.336020e-02 6.014628e-02 9.065879e-02 7.595846e-02 3.974966e-02 1.488725e-02 -1.032686e-02 2.025550e-02 6.111067e-02 7.411319e-02 4.045682e-02 -5.391646e-04
<VARIANCE> 25
 6.950917e+00 9.707917e+00 1.030056e+01 1.384923e+01 1.574171e+01 1.626913e+01 1.880395e+01 1.829102e+01 1.612140e+01 1.842282e+01 2.441687e+01 1.437762e+01 9.608326e-02 2.011321e-01 3.263789e-01 4.793534e-01 6.187249e-01 7.361159e-01 7.612697e-01 8.252932e-01 8.885790e-01 9.361162e-01 9.723809e-01 8.670860e-01 5.034854e-05
<GCONST> 6.075602e+01
<MIXTURE> 31 4.136493e-03
<MEAN> 25
 -3.301571e+00 -5.671220e+00 6.468374e-02 4.871088e+00 3.688413e+00 1.685430e+00 5.240036e+00 6.644569e+00 2.729020e+00 1.226126e+00 6.512143e+00 3.152252e+00 2.526609e-01 4.751748e-01 -2.116599e-01 3.072537e-01 1.180439e-01 4.234281e-01 1.895498e-01 1.325760e-02 3.795439e-01 3.818931e-01 1.026600e-01 1.143650e-01 -1.840427e-02
<VARIANCE> 25
 7.144316e+00 1.545937e+01 1.752182e+01 1.802125e+01 2.526732e+01 2.386969e+01 2.363963e+01 2.532445e+01 2.595318e+01 2.807595e+01 2.050803e+01 1.878366e+01 1.906312e-01 4.923754e-01 6.027418e-01 7.673638e-01 9.668018e-01 1.091901e+00 1.221906e+00 1.394650e+00 1.345511e+00 1.312960e+00 1.251045e+00 1.133980e+00 2.562627e-04
<GCONST> 7.184798e+01
<MIXTURE> 32 4.136493e-03
<MEAN> 25
 -3.301571e+00 -5.671220e+00 6.468374e-02 4.871088e+00 3.688413e+00 1.685430e+00 5.240036e+00 6.644569e+00 2.729020e+00 1.226126e+00 6.512143e+00 3.152252e+00 2.526609e-01 4.751748e-01 -2.116599e-01 3.072537e-01 1.180439e-01 4.234281e-01 1.895498e-01 1.325760e-02 3.795439e-01 3.818931e-01 1.026600e-01 1.143650e-01 -1.840427e-02
<VARIANCE> 25
 7.144316e+00 1.545937e+01 1.752182e+01 1.802125e+01 2.526732e+01 2.386969e+01 2.363963e+01 2.532445e+01 2.595318e+01 2.807595e+01 2.050803e+01 1.878366e+01 1.906312e-01 4.923754e-01 6.027418e-01 7.673638e-01 9.668018e-01 1.091901e+00 1.221906e+00 1.394650e+00 1.345511e+00 1.312960e+00 1.251045e+00 1.133980e+00 2.562627e-04
<GCONST> 7.184798e+01
<MIXTURE> 33 1.508826e-02
<MEAN> 25
 6.370810e+00 -3.434256e+00 -2.669368e+00 -1.664506e+00 -1.639557e+00 -5.092227e+00 -6.441263e+00 1.075429e+00 2.056701e+00 2.671279e-01 -4.766395e+00 -2.396252e+00 5.199481e-01 -1.311472e+00 -2.586990e+00 -1.783230e+00 1.455525e+00 1.173000e+00 -7.307556e-01 7.419367e-01 7.117684e-01 8.502266e-01 5.056223e-03 -1.468170e+00 4.532631e-02
<VARIANCE> 25
 9.004110e+00 2.075091e+01 2.835038e+01 3.950751e+01 3.640113e+01 4.155903e+01 4.161350e+01 4.370329e+01 3.739069e+01 4.316714e+01 3.139566e+01 2.864386e+01 1.141562e+00 1.815385e+00 2.216886e+00 2.039745e+00 3.795255e+00 3.336682e+00 3.790550e+00 4.971918e+00 3.910189e+00 4.483832e+00 3.710352e+00 2.422872e+00 1.648936e-03
<GCONST> 9.357920e+01
<MIXTURE> 34 1.588179e-02
<MEAN> 25
 8.678288e+00 -1.373871e+00 -4.683338e-01 1.108992e+00 -2.300147e+00 -1.562646e+00 -6.131415e+00 -4.236141e+00 -1.764146e+00 1.160738e+00 -1.505935e+00 -2.900159e+00 -1.149357e-01 1.576179e+00 1.269030e+00 2.165218e+00 1.716051e-01 2.884422e-01 7.606679e-01 -1.498753e+00 -3.213996e-01 2.293172e-01 -1.724345e+00 9.499208e-01 -7.221477e-02
<VARIANCE> 25
 6.908542e+00 3.596406e+01 2.414788e+01 4.124282e+01 3.475817e+01 4.662412e+01 4.928043e+01 4.902734e+01 3.890501e+01 3.509726e+01 5.969207e+01 2.846441e+01 9.818157e-01 1.711290e+00 3.666586e+00 3.604396e+00 4.436081e+00 5.519766e+00 4.983868e+00 4.703072e+00 4.497722e+00 4.214280e+00 6.737542e+00 4.020056e+00 1.151945e-03
<GCONST> 9.713100e+01
<MIXTURE> 35 1.467755e-02
<MEAN> 25
 -1.311717e+00 -5.430048e+00 -1.032602e+01 -5.950593e-01 8.540782e+00 1.308013e+00 4.833176e-01 2.673271e+00 1.047294e+00 6.807877e+00 -1.487807e-01 8.297619e-01 3.941724e-01 -1.221326e+00 -1.128363e+00 -1.231503e+00 4.730926e-01 -8.815266e-01 -7.215771e-01 2.968987e-01 -3.499780e-01 1.014303e-01 -7.639978e-02 -1.228916e+00 1.012798e-01
<VARIANCE> 25
 1.767240e+01 2.630960e+01 3.607490e+01 5.418989e+01 3.909264e+01 5.038758e+01 4.547988e+01 3.648881e+01 4.264442e+01 4.585870e+01 3.071393e+01 3.052404e+01 3.088261e+00 2.938534e+00 6.026045e+00 4.789543e+00 4.829547e+00 4.860606e+00 4.321153e+00 4.318205e+00 4.189152e+00 5.031436e+00 4.799587e+00 4.764166e+00 4.514226e-03
<GCONST> 1.015163e+02
<MIXTURE> 36 1.093293e-02
<MEAN> 25
 4.200033e+00 -4.021562e+00 6.620473e+00 3.368293e+00 -7.785769e+00 -1.149370e+01 -7.398926e+00 1.005663e-01 -2.953468e+00 -5.758948e+00 7.485753e+00 4.137701e-01 3.432432e-01 2.070086e-01 -1.113978e+00 6.956092e-02 8.723083e-01 3.779725e-02 -6.452242e-01 1.068363e-01 3.512429e-01 6.180803e-01 7.522327e-02 -8.729500e-01 -1.855780e-02
<VARIANCE> 25
 6.755756e+00 1.615120e+01 1.814486e+01 2.158541e+01 2.792131e+01 2.334832e+01 2.867798e+01 2.759098e+01 2.637042e+01 2.057878e+01 3.468987e+01 2.345836e+01 2.944940e-01 5.585123e-01 1.047012e+00 1.120117e+00 1.114459e+00 1.770113e+00 1.279874e+00 1.221462e+00 1.266607e+00 1.218338e+00 1.962139e+00 1.386021e+00 8.353933e-04
<GCONST> 7.658875e+01
<MIXTURE> 37 1.246826e-02
<MEAN> 25
 5.548153e-01 7.749881e+00 1.198001e+01 -5.474508e+00 -7.936339e+00 -1.037467e+00 -5.054745e+00 -8.282395e+00 -3.719331e+00 -9.237213e-01 -3.653402e+00 -1.273268e+00 1.903622e-01 6.407794e-01 -1.352898e+00 3.563952e+00 1.956841e+00 -2.876305e-01 1.090285e+00 4.305784e-01 5.451229e-01 -3.112812e-01 5.054498e-01 -6.856550e-02 -9.451239e-02
<VARIANCE> 25
 1.577326e+01 2.574285e+01 3.123608e+01 5.120121e+01 3.434064e+01 3.187285e+01 4.362115e+01 3.493180e+01 3.852198e+01 3.574183e+01 3.813224e+01 3.081274e+01 2.935368e+00 3.382683e+00 2.991017e+00 4.082572e+00 4.650130e+00 3.731241e+00 4.163110e+00 3.773752e+00 3.443812e+00 3.601342e+00 3.924683e+00 2.835616e+00 3.901331e-03
<GCONST> 9.774111e+01
<MIXTURE> 38 1.154525e-02
<MEAN> 25
 -4.817438e+00 9.216070e+00 5.020155e+00 2.738368e+00 4.532903e-01 -4.783793e+00 9.418908e-02 -2.631373e+00 -3.129433e+00 -3.301272e+00 -1.702808e-01 4.965216e-02 -4.402592e+00 1.140843e+00 -3.548940e-01 1.190463e+00 2.414434e+00 1.192501e+00 1.899957e+00 9.575726e-01 9.558318e-01 5.570717e-01 7.799051e-01 2.710759e-01 5.044783e-02
<VARIANCE> 25
 3.013022e+01 2.570309e+01 3.444558e+01 2.961919e+01 4.296701e+01 3.159597e+01 3.439594e+01 3.654127e+01 3.143761e+01 2.812450e+01 3.032926e+01 2.698298e+01 2.126177e+00 3.475480e+00 3.385146e+00 4.791996e+00 3.870639e+00 4.528382e+00 4.251029e+00 4.014101e+00 3.975503e+00 4.272047e+00 4.411368e+00 3.039909e+00 1.841698e-03
<GCONST> 9.698703e+01
<MIXTURE> 39 9.501865e-03
<MEAN> 25
 1.337170e+00 2.623236e+00 1.020871e+01 -9.186822e+00 -1.125771e+01 -1.011329e+00 -2.973419e+00 -6.556367e+00 -4.545422e+00 8.469849e-01 -3.652584e+00 -2.293462e+00 -7.302470e-01 1.521234e+00 1.620715e+00 -1.385841e+00 7.799462e-02 1.219634e+00 -1.193554e+00 -1.249532e+00 4.297415e-01 4.454010e-01 -5.060226e-01 1.271325e-01 1.290717e-03
<VARIANCE> 25
 8.887520e+00 3.008063e+01 3.153764e+01 3.842413e+01 3.739470e+01 4.281251e+01 4.431097e+01 3.348946e+01 3.941065e+01 3.325034e+01 3.636308e+01 2.939756e+01 6.962362e-01 1.543681e+00 1.516364e+00 2.922937e+00 2.410400e+00 2.817924e+00 3.061392e+00 2.742043e+00 2.433159e+00 2.611214e+00 2.117204e+00 2.069162e+00 1.184308e-03
<GCONST> 8.966072e+01
<MIXTURE> 40 1.030800e-02
<MEAN> 25
 -9.348935e+00 2.139092e+00 -1.112128e+00 8.204040e+00 3.801394e+00 5.520786e+00 5.303370e+00 4.257799e+00 4.610706e+00 4.213542e+00 5.636610e+00 1.745536e+00 -9.162585e-02 -2.323764e-01 -3.876805e-02 -2.375478e-01 -1.072992e-01 -1.181228e-01 5.976364e-02 8.061130e-02 1.075798e-02 2.125508e-03 5.491450e-02 1.219699e-02 3.865061e-03
<VARIANCE> 25
 4.226390e+01 2.064743e+01 2.951578e+01 2.697529e+01 2.613991e+01 1.895498e+01 1.949627e+01 1.836466e+01 1.719214e+01 1.859890e+01 1.963033e+01 1.460876e+01 7.450575e-01 7.349627e-01 8.820904e-01 1.115281e+00 1.130376e+00 1.255455e+00 1.313857e+00 1.291514e+00 1.280657e+00 1.219436e+00 1.186754e+00 1.081645e+00 8.539774e-04
<GCONST> 7.680083e+01
<MIXTURE> 41 6.713375e-03
<MEAN> 25
 1.058813e+00 2.012402e+00 1.064543e+01 -6.812801e+00 -9.864046e+00 -3.671827e+00 -2.719187e+00 -4.709286e+00 -5.106889e+00 2.194211e+00 -9.843584e-01 -1.474176e+00 1.017620e-01 -7.079746e-01 1.739259e+00 -3.413301e+00 -2.416301e+00 -1.945101e-01 -5.349352e-01 -4.108598e-01 -1.053497e+00 9.491391e-01 -9.330190e-01 -2.832203e-02 8.876345e-02
<VARIANCE> 25
 1.189857e+01 2.861451e+01 3.104256e+01 3.806049e+01 4.180135e+01 3.829976e+01 3.569263e+01 2.976298e+01 3.445789e+01 3.023605e+01 3.834379e+01 2.956792e+01 2.999311e+00 3.150757e+00 3.624117e+00 3.874397e+00 4.638007e+00 5.614856e+00 4.451942e+00 4.326528e+00 4.507607e+00 4.238805e+00 3.837276e+00 3.215665e+00 2.872390e-03
<GCONST> 9.789651e+01
<MIXTURE> 42 1.106211e-02
<MEAN> 25
 -2.054739e+00 4.454580e+00 5.070316e+00 2.895926e+00 -4.046682e-02 -5.967630e+00 -1.543633e+00 -2.035870e+00 -1.480251e+00 -2.045017e+00 -2.097604e+00 1.745331e+00 4.202137e+00 -4.674153e-01 1.542707e+00 2.258494e-01 -2.845826e+00 -1.459296e+00 -2.191973e+00 -8.901359e-01 -9.055773e-01 -7.851766e-01 5.897478e-01 -1.006018e+00 1.168838e-02
<VARIANCE> 25
 3.344353e+01 1.945447e+01 4.392961e+01 2.409538e+01 3.744761e+01 3.732550e+01 3.703540e+01 2.670233e+01 2.721985e+01 3.133707e+01 1.858896e+01 2.035188e+01 3.985449e+00 4.726389e+00 5.684298e+00 4.426583e+00 4.410034e+00 6.746300e+00 4.629704e+00 4.936085e+00 4.625329e+00 4.403641e+00 4.251762e+00 3.359042e+00 4.360709e-03
<GCONST> 9.913415e+01
<MIXTURE> 43 7.108249e-03
<MEAN> 25
 3.170627e+00 -6.308296e+00 -2.249610e+00 -5.186739e+00 -7.395720e+00 -3.399917e+00 4.135862e+00 1.309175e+00 -5.061084e+00 -7.090483e+00 -4.326542e+00 -1.247905e+00 2.372067e-01 2.164822e+00 1.914286e+00 -1.326765e-01 -1.428853e+00 -7.947826e-01 -9.705204e-01 -7.788932e-01 8.219689e-01 1.466940e+00 3.414655e-01 2.116127e-02 -4.510643e-02
<VARIANCE> 25
 9.624473e+00 1.969172e+01 2.733839e+01 3.520765e+01 3.841656e+01 3.666343e+01 3.331512e+01 3.979605e+01 3.964886e+01 3.866224e+01 2.653194e+01 2.955586e+01 6.908144e-01 1.249265e+00 1.569425e+00 2.491072e+00 2.378258e+00 2.381730e+00 2.652222e+00 3.025628e+00 2.605915e+00 2.581318e+00 2.334226e+00 1.919852e+00 9.427327e-04
<GCONST> 8.797269e+01
<MIXTURE> 44 7.328289e-03
<MEAN> 25
 -1.704084e+01 3.242339e+00 4.989581e+00 -3.540084e+00 3.020849e+00 3.254414e+00 3.518934e-01 4.359677e+00 1.810322e-01 -3.313245e+00 1.625797e+00 1.965622e+00 6.036065e-02 -3.452196e-01 2.518570e-01 2.574567e-01 -3.390060e-01 7.764492e-01 2.860906e-01 -3.511370e-02 4.421270e-01 2.064769e-01 2.389712e-01 4.474717e-01 -6.874174e-03
<VARIANCE> 25
 3.590306e+01 2.194698e+01 2.500064e+01 1.965481e+01 2.219600e+01 3.339425e+01 1.694213e+01 2.657180e+01 2.212254e+01 2.573956e+01 2.012681e+01 1.864128e+01 9.435361e-01 1.183516e+00 1.106004e+00 1.024180e+00 1.785240e+00 1.890089e+00 1.124523e+00 1.931863e+00 1.222435e+00 1.247903e+00 1.550418e+00 1.698092e+00 1.003800e-03
<GCONST> 8.051702e+01
<MIXTURE> 45 1.364932e-02
<MEAN> 25
 -1.234681e+01 4.581012e+00 -1.261039e-02 2.410938e+00 5.079520e+00 -2.190396e-01 4.588007e+00 2.303517e+00 2.665219e+00 1.143544e+00 2.469471e+00 2.485521e+00 -3.028675e+00 4.987300e-01 -5.125890e-01 -4.646283e-01 4.900611e-01 3.092358e-02 4.517706e-01 2.188140e-01 1.473150e-01 -8.330182e-02 3.041462e-02 -1.018791e-01 1.127675e-01
<VARIANCE> 25
 3.319349e+01 3.220225e+01 3.349102e+01 3.074416e+01 3.021247e+01 2.563045e+01 2.549039e+01 2.426387e+01 2.379569e+01 2.499765e+01 2.788043e+01 1.606546e+01 2.221524e+00 2.649724e+00 2.589776e+00 2.293787e+00 2.555282e+00 2.256756e+00 1.976154e+00 2.050025e+00 2.213720e+00 1.813495e+00 2.501009e+00 1.627373e+00 3.624544e-03
<GCONST> 8.930959e+01
<MIXTURE> 46 9.336259e-03
<MEAN> 25
 -9.470524e+00 2.311071e+00 1.202479e+00 7.562041e+00 5.939730e+00 3.340641e+00 7.065566e+00 4.498664e+00 5.705925e+00 4.687331e+00 5.039188e+00 2.928904e+00 1.060526e+00 -2.412028e-01 4.072766e-02 1.001530e+00 6.033740e-01 9.435219e-01 3.868000e-01 6.732285e-01 4.733359e-01 5.087686e-01 6.417349e-01 5.244126e-01 -1.056393e-01
<VARIANCE> 25
 3.428556e+01 4.381507e+01 3.853720e+01 5.000727e+01 5.082267e+01 4.079680e+01 3.706289e+01 3.536370e+01 3.315599e+01 3.100675e+01 2.824431e+01 2.022363e+01 3.910677e+00 4.142174e+00 3.880874e+00 4.137511e+00 4.173834e+00 3.696090e+00 3.379900e+00 3.118688e+00 2.980858e+00 2.865452e+00 2.311744e+00 1.785392e+00 7.953702e-03
<GCONST> 9.830475e+01
<MIXTURE> 47 7.116147e-03
<MEAN> 25
 7.229405e+00 -7.936395e+00 -8.249839e+00 -7.140856e+00 8.031495e-01 1.190636e+00 -1.571666e+00 1.334701e+00 2.696357e+00 1.185440e+00 -1.809229e+00 -8.014459e+00 -8.337712e-02 -1.353680e+00 -5.024129e-01 -5.047306e-01 5.873269e-01 8.249267e-01 8.038789e-01 3.833028e-01 -6.308682e-02 -5.534654e-01 -5.177661e-01 -4.233550e-01 3.160671e-02
<VARIANCE> 25
 9.629419e+00 2.094271e+01 1.873777e+01 3.001669e+01 3.411870e+01 4.672152e+01 4.098444e+01 3.808331e+01 3.743812e+01 4.664232e+01 6.780894e+01 4.320126e+01 6.162351e-01 7.194856e-01 1.121885e+00 1.581274e+00 1.936518e+00 2.332693e+00 2.337891e+00 2.211502e+00 2.093169e+00 2.430285e+00 2.609843e+00 3.150866e+00 5.472931e-04
<GCONST> 8.689448e+01
<MIXTURE> 48 7.116147e-03
<MEAN> 25
 7.229405e+00 -7.936395e+00 -8.249839e+00 -7.140856e+00 8.031495e-01 1.190636e+00 -1.571666e+00 1.334701e+00 2.696357e+00 1.185440e+00 -1.809229e+00 -8.014459e+00 -8.337712e-02 -1.353680e+00 -5.024129e-01 -5.047306e-01 5.873269e-01 8.249267e-01 8.038789e-01 3.833028e-01 -6.308682e-02 -5.534654e-01 -5.177661e-01 -4.233550e-01 3.160671e-02
<VARIANCE> 25
 9.629419e+00 2.094271e+01 1.873777e+01 3.001669e+01 3.411870e+01 4.672152e+01 4.098444e+01 3.808331e+01 3.743812e+01 4.664232e+01 6.780894e+01 4.320126e+01 6.162351e-01 7.194856e-01 1.121885e+00 1.581274e+00 1.936518e+00 2.332693e+00 2.337891e+00 2.211502e+00 2.093169e+00 2.430285e+00 2.609843e+00 3.150866e+00 5.472931e-04
<GCONST> 8.689448e+01
<MIXTURE> 49 5.548473e-03
<MEAN> 25
 -5.037057e+00 3.636674e-01 1.719488e-01 8.385146e+00 6.103628e+00 5.583488e+00 6.095827e+00 4.506925e+00 5.061124e+00 3.700383e+00 4.733024e+00 2.953859e+00 3.625488e-01 6.532304e-01 6.919689e-01 3.494370e-01 -2.041186e-01 -6.745616e-01 -9.965690e-01 -1.121592e+00 -9.329796e-01 -6.690794e-01 -4.934267e-01 -2.657380e-01 -7.236617e-05
<VARIANCE> 25
 9.614575e+00 9.905012e+00 1.406101e+01 1.595086e+01 1.580922e+01 1.701864e+01 1.920703e+01 1.927389e+01 1.811718e+01 1.775641e+01 2.295663e+01 1.466590e+01 2.770390e-01 2.613544e-01 3.668301e-01 6.050745e-01 8.648552e-01 9.726154e-01 9.913667e-01 1.039845e+00 1.173388e+00 1.215273e+00 1.273178e+00 1.197854e+00 1.434783e-05
<GCONST> 6.436954e+01
<MIXTURE> 50 6.234641e-03
<MEAN> 25
 -4.384550e+00 2.420839e-01 -1.468279e+00 5.983116e+00 4.252373e+00 2.463024e+00 3.958871e+00 2.015872e+00 2.891561e+00 1.395808e+00 1.479628e+00 3.101048e+00 6.954464e-02 2.085517e-01 9.751870e-02 -2.216830e-01 -5.561008e-01 -6.501186e-01 -4.223522e-01 -4.591018e-02 4.779427e-01 7.510378e-01 6.299853e-01 4.216612e-01 -6.106948e-05
<VARIANCE> 25
 1.051363e+01 1.048084e+01 1.331553e+01 1.470936e+01 1.420572e+01 1.785218e+01 1.787473e+01 1.860180e+01 1.746422e+01 1.686934e+01 2.572772e+01 1.515147e+01 1.363396e-01 2.449042e-01 3.610755e-01 5.199571e-01 6.262704e-01 7.284502e-01 8.894561e-01 1.077756e+00 1.029299e+00 8.639466e-01 1.041986e+00 9.335132e-01 1.115079e-06
<GCONST> 5.916942e+01
<MIXTURE> 51 6.234641e-03
<MEAN> 25
 -4.384550e+00 2.420839e-01 -1.468279e+00 5.983116e+00 4.252373e+00 2.463024e+00 3.958871e+00 2.015872e+00 2.891561e+00 1.395808e+00 1.479628e+00 3.101048e+00 6.954464e-02 2.085517e-01 9.751870e-02 -2.216830e-01 -5.561008e-01 -6.501186e-01 -4.223522e-01 -4.591018e-02 4.779427e-01 7.510378e-01 6.299853e-01 4.216612e-01 -6.106948e-05
<VARIANCE> 25
 1.051363e+01 1.048084e+01 1.331553e+01 1.470936e+01 1.420572e+01 1.785218e+01 1.787473e+01 1.860180e+01 1.746422e+01 1.686934e+01 2.572772e+01 1.515147e+01 1.363396e-01 2.449042e-01 3.610755e-01 5.199571e-01 6.262704e-01 7.284502e-01 8.894561e-01 1.077756e+00 1.029299e+00 8.639466e-01 1.041986e+00 9.335132e-01 1.115079e-06
<GCONST> 5.916942e+01
<MIXTURE> 52 6.367945e-03
<MEAN> 25
 1.006632e+01 2.020644e+00 -6.251485e+00 -1.417608e+01 -4.199067e+00 8.499471e+00 -2.672972e+00 -3.063642e+00 -4.301460e+00 -1.984448e+00 3.272231e+00 7.832265e-01 -4.015473e-01 -4.922116e-01 -6.319937e-02 1.120422e+00 1.340332e+00 -4.605381e-01 -6.020790e-01 -6.181583e-01 3.165511e-02 1.250185e+00 3.985679e-01 -5.444676e-01 -1.348010e-02
<VARIANCE> 25
 9.442678e+00 2.035016e+01 2.522818e+01 3.896174e+01 4.517783e+01 3.043969e+01 4.639852e+01 4.831114e+01 4.338837e+01 4.706977e+01 3.999586e+01 2.981684e+01 4.643878e-01 1.486603e+00 1.301705e+00 2.755633e+00 2.303834e+00 2.184939e+00 2.950370e+00 2.894884e+00 2.980198e+00 2.641267e+00 2.508813e+00 2.263993e+00 1.548599e-03
<GCONST> 8.974034e+01
<MIXTURE> 53 6.367945e-03
<MEAN> 25
 1.006632e+01 2.020644e+00 -6.251485e+00 -1.417608e+01 -4.199067e+00 8.499471e+00 -2.672972e+00 -3.063642e+00 -4.301460e+00 -1.984448e+00 3.272231e+00 7.832265e-01 -4.015473e-01 -4.922116e-01 -6.319937e-02 1.120422e+00 1.340332e+00 -4.605381e-01 -6.020790e-01 -6.181583e-01 3.165511e-02 1.250185e+00 3.985679e-01 -5.444676e-01 -1.348010e-02
<VARIANCE> 25
 9.442678e+00 2.035016e+01 2.522818e+01 3.896174e+01 4.517783e+01 3.043969e+01 4.639852e+01 4.831114e+01 4.338837e+01 4.706977e+01 3.999586e+01 2.981684e+01 4.643878e-01 1.486603e+00 1.301705e+00 2.755633e+00 2.303834e+00 2.184939e+00 2.950370e+00 2.894884e+00 2.980198e+00 2.641267e+00 2.508813e+00 2.263993e+00 1.548599e-03
<GCONST> 8.974034e+01
<MIXTURE> 54 7.368620e-03
<MEAN> 25
 -3.619582e+00 8.745117e-02 -6.554556e-01 8.036177e+00 6.455351e+00 4.625282e+00 4.698326e+00 4.525192e+00 3.968932e+00 3.590775e+00 4.346988e+00 2.410320e+00 -5.610859e-03 1.695854e-02 3.462594e-02 5.121718e-02 4.984965e-02 5.133354e-02 4.547637e-02 4.014220e-02 1.785283e-02 2.265433e-02 1.615878e-02 2.141762e-03 -3.748745e-05
<VARIANCE> 25
 9.025206e+00 1.030583e+01 9.236205e+00 1.794740e+01 1.317669e+01 1.336028e+01 1.184619e+01 1.149029e+01 1.169497e+01 1.346237e+01 1.847155e+01 1.280576e+01 4.144913e-02 9.362382e-02 1.527978e-01 2.256992e-01 3.040558e-01 3.930113e-01 4.613760e-01 5.235957e-01 5.489587e-01 5.141338e-01 5.085331e-01 5.099728e-01 1.035654e-06
<GCONST> 4.734057e+01
<MIXTURE> 55 7.368620e-03
<MEAN> 25
 -3.619582e+00 8.745117e-02 -6.554556e-01 8.036177e+00 6.455351e+00 4.625282e+00 4.698326e+00 4.525192e+00 3.968932e+00 3.590775e+00 4.346988e+00 2.410320e+00 -5.610859e-03 1.695854e-02 3.462594e-02 5.121718e-02 4.984965e-02 5.133354e-02 4.547637e-02 4.014220e-02 1.785283e-02 2.265433e-02 1.615878e-02 2.141762e-03 -3.748745e-05
<VARIANCE> 25
 9.025206e+00 1.030583e+01 9.236205e+00 1.794740e+01 1.317669e+01 1.336028e+01 1.184619e+01 1.149029e+01 1.169497e+01 1.346237e+01 1.847155e+01 1.280576e+01 4.144913e-02 9.362382e-02 1.527978e-01 2.256992e-01 3.040558e-01 3.930113e-01 4.613760e-01 5.235957e-01 5.489587e-01 5.141338e-01 5.085331e-01 5.099728e-01 1.035654e-06
<GCONST> 4.734057e+01
<MIXTURE> 56 6.132464e-03
<MEAN> 25
 7.565055e+00 -6.800234e+00 -9.154943e+00 -8.661217e+00 3.882951e+00 3.937841e+00 -2.152201e+00 -1.509017e+00 1.962980e+00 6.919607e-01 -2.389421e+00 -7.188405e+00 -1.258779e-02 2.156035e-02 -7.796745e-02 3.731248e-02 2.658437e-01 4.700897e-02 1.056399e-01 -1.211805e-01 -5.283009e-02 -2.634653e-02 -8.589380e-02 1.528926e-02 -7.147926e-03
<VARIANCE> 25
 9.240228e+00 2.319532e+01 2.032904e+01 4.110770e+01 3.342551e+01 5.050481e+01 6.155067e+01 3.656708e+01 3.857885e+01 3.744538e+01 4.160074e+01 3.179116e+01 2.054790e-01 4.337095e-01 4.542343e-01 7.892652e-01 7.997940e-01 1.145686e+00 9.109200e-01 9.458871e-01 9.055964e-01 9.304327e-01 1.027257e+00 7.818702e-01 2.375689e-04
<GCONST> 7.524057e+01
<MIXTURE> 57 6.132464e-03
<MEAN> 25
 7.565055e+00 -6.800234e+00 -9.154943e+00 -8.661217e+00 3.882951e+00 3.937841e+00 -2.152201e+00 -1.509017e+00 1.962980e+00 6.919607e-01 -2.389421e+00 -7.188405e+00 -1.258779e-02 2.156035e-02 -7.796745e-02 3.731248e-02 2.658437e-01 4.700897e-02 1.056399e-01 -1.211805e-01 -5.283009e-02 -2.634653e-02 -8.589380e-02 1.528926e-02 -7.147926e-03
<VARIANCE> 25
 9.240228e+00 2.319532e+01 2.032904e+01 4.110770e+01 3.342551e+01 5.050481e+01 6.155067e+01 3.656708e+01 3.857885e+01 3.744538e+01 4.160074e+01 3.179116e+01 2.054790e-01 4.337095e-01 4.542343e-01 7.892652e-01 7.997940e-01 1.145686e+00 9.109200e-01 9.458871e-01 9.055964e-01 9.304327e-01 1.027257e+00 7.818702e-01 2.375689e-04
<GCONST> 7.524057e+01
<MIXTURE> 58 6.172147e-03
<MEAN> 25
 2.564846e+00 -3.041863e+00 7.394909e+00 -5.253974e+00 -1.334964e+01 -5.723182e+00 1.586415e+00 8.286507e-01 -2.514400e+00 1.752083e+00 6.389329e-01 -8.393047e-01 -3.166603e-02 -1.228871e-01 -7.106152e-02 -1.619802e-01 -4.253548e-03 2.333505e-01 3.639272e-01 2.262603e-01 8.301853e-03 7.101454e-03 -6.617426e-02 -1.509190e-01 -3.109865e-03
<VARIANCE> 25
 7.330152e+00 1.530410e+01 1.999627e+01 2.688044e+01 2.408784e+01 4.674691e+01 3.280111e+01 3.448488e+01 3.270926e+01 3.157691e+01 2.343115e+01 2.009253e+01 3.043805e-01 8.107011e-01 7.445016e-01 1.008731e+00 9.018711e-01 1.200382e+00 1.150103e+00 1.283033e+00 1.069387e+00 1.068861e+00 9.261336e-01 8.814005e-01 7.230468e-04
<GCONST> 7.558734e+01
<MIXTURE> 59 6.172147e-03
<MEAN> 25
 2.564846e+00 -3.041863e+00 7.394909e+00 -5.253974e+00 -1.334964e+01 -5.723182e+00 1.586415e+00 8.286507e-01 -2.514400e+00 1.752083e+00 6.389329e-01 -8.393047e-01 -3.166603e-02 -1.228871e-01 -7.106152e-02 -1.619802e-01 -4.253548e-03 2.333505e-01 3.639272e-01 2.262603e-01 8.301853e-03 7.101454e-03 -6.617426e-02 -1.509190e-01 -3.109865e-03
<VARIANCE> 25
 7.330152e+00 1.530410e+01 1.999627e+01 2.688044e+01 2.408784e+01 4.674691e+01 3.280111e+01 3.448488e+01 3.270926e+01 3.157691e+01 2.343115e+01 2.009253e+01 3.043805e-01 8.107011e-01 7.445016e-01 1.008731e+00 9.018711e-01 1.200382e+00 1.150103e+00 1.283033e+00 1.069387e+00 1.068861e+00 9.261336e-01 8.814005e-01 7.230468e-04
<GCONST> 7.558734e+01
<MIXTURE> 60 4.479129e-03
<MEAN> 25
 -3.732050e+00 -2.541448e-01 -1.299551e+00 3.596198e+00 1.922186e+00 2.586426e+00 2.201720e+00 1.087725e+00 2.689415e+00 1.352763e+00 8.893769e-01 2.406653e+00 -2.942558e-02 1.135232e-01 1.472945e-01 9.516612e-02 1.435301e-01 1.718996e-01 2.055821e-01 3.688960e-01 4.953174e-01 7.400607e-01 6.510040e-01 2.413507e-01 3.970837e-05
<VARIANCE> 25
 6.623044e+00 4.685408e+00 8.991199e+00 1.021445e+01 1.237700e+01 1.592619e+01 1.378534e+01 1.156229e+01 1.277072e+01 1.196247e+01 2.228609e+01 1.202523e+01 7.973224e-02 1.770787e-01 2.766923e-01 4.135770e-01 6.147575e-01 7.811887e-01 7.402749e-01 9.181781e-01 9.148366e-01 7.584944e-01 1.011214e+00 8.193613e-01 2.618420e-05
<GCONST> 5.622561e+01
<MIXTURE> 61 4.479129e-03
<MEAN> 25
 -3.732050e+00 -2.541448e-01 -1.299551e+00 3.596198e+00 1.922186e+00 2.586426e+00 2.201720e+00 1.087725e+00 2.689415e+00 1.352763e+00 8.893769e-01 2.406653e+00 -2.942558e-02 1.135232e-01 1.472945e-01 9.516612e-02 1.435301e-01 1.718996e-01 2.055821e-01 3.688960e-01 4.953174e-01 7.400607e-01 6.510040e-01 2.413507e-01 3.970837e-05
<VARIANCE> 25
 6.623044e+00 4.685408e+00 8.991199e+00 1.021445e+01 1.237700e+01 1.592619e+01 1.378534e+01 1.156229e+01 1.277072e+01 1.196247e+01 2.228609e+01 1.202523e+01 7.973224e-02 1.770787e-01 2.766923e-01 4.135770e-01 6.147575e-01 7.811887e-01 7.402749e-01 9.181781e-01 9.148366e-01 7.584944e-01 1.011214e+00 8.193613e-01 2.618420e-05
<GCONST> 5.622561e+01
<MIXTURE> 62 3.278034e-03
<MEAN> 25
 -5.068948e+00 1.239112e+00 1.006769e+00 8.793187e+00 6.094778e+00 5.046282e+00 5.503814e+00 3.998271e+00 4.996726e+00 3.910037e+00 4.908197e+00 3.013328e+00 -9.998906e-01 -1.162842e+00 -9.506240e-01 -2.717470e-01 4.310869e-01 1.010997e+00 1.383123e+00 1.552646e+00 1.479480e+00 1.240862e+00 1.066249e+00 7.206677e-01 -1.284973e-03
<VARIANCE> 25
 9.888796e+00 9.904566e+00 1.310241e+01 1.673421e+01 1.751922e+01 1.742201e+01 1.958867e+01 1.919457e+01 1.877185e+01 1.863052e+01 2.198976e+01 1.535186e+01 4.011566e-01 4.320319e-01 5.520684e-01 7.793462e-01 1.031254e+00 1.191963e+00 1.245412e+00 1.272223e+00 1.322664e+00 1.358116e+00 1.394064e+00 1.368068e+00 1.629951e-05
<GCONST> 6.752872e+01
<MIXTURE> 63 4.351215e-03
<MEAN> 25
 -3.499287e+00 -1.614987e+00 -4.381072e+00 2.852344e+00 3.159134e+00 6.334884e-01 3.376450e+00 1.558997e+00 3.074959e+00 -7.448233e-01 -3.052468e+00 2.799850e+00 -7.742489e-02 2.824802e-01 4.508115e-01 5.332202e-01 4.116776e-01 3.908397e-01 4.100835e-01 1.783288e-01 1.445100e-01 2.701072e-01 2.018170e-01 8.435614e-02 -3.929720e-03
<VARIANCE> 25
 8.100420e+00 1.380182e+01 1.428459e+01 1.390041e+01 1.554677e+01 2.482665e+01 1.932535e+01 2.171917e+01 2.292950e+01 1.903528e+01 2.960671e+01 1.654791e+01 2.211229e-01 3.715560e-01 5.277568e-01 7.098104e-01 9.638970e-01 1.055132e+00 1.082831e+00 1.545496e+00 1.282811e+00 1.225704e+00 1.835851e+00 1.205362e+00 1.513212e-04
<GCONST> 6.972470e+01
<MIXTURE> 64 4.351215e-03
<MEAN> 25
 -3.499287e+00 -1.614987e+00 -4.381072e+00 2.852344e+00 3.159134e+00 6.334884e-01 3.376450e+00 1.558997e+00 3.074959e+00 -7.448233e-01 -3.052468e+00 2.799850e+00 -7.742489e-02 2.824802e-01 4.508115e-01 5.332202e-01 4.116776e-01 3.908397e-01 4.100835e-01 1.783288e-01 1.445100e-01 2.701072e-01 2.018170e-01 8.435614e-02 -3.929720e-03
<VARIANCE> 25
 8.100420e+00 1.380182e+01 1.428459e+01 1.390041e+01 1.554677e+01 2.482665e+01 1.932535e+01 2.171917e+01 2.292950e+01 1.903528e+01 2.960671e+01 1.654791e+01 2.211229e-01 3.715560e-01 5.277568e-01 7.098104e-01 9.638970e-01 1.055132e+00 1.082831e+00 1.545496e+00 1.282811e+00 1.225704e+00 1.835851e+00 1.205362e+00 1.513212e-04
<GCONST> 6.972470e+01
<MIXTURE> 65 1.721197e-02
<MEAN> 25
 7.850660e+00 1.961229e+00 2.118889e+00 7.872639e-01 -5.092827e+00 -3.984623e+00 -5.592093e+00 -6.735651e+00 -3.612878e+00 -2.135379e+00 -5.655564e+00 -1.462829e+00 1.505842e-01 1.867317e-01 -1.016048e-01 1.733253e-01 -1.951175e-01 2.617404e-01 1.716616e-02 -1.963765e-01 2.149692e-01 -4.627788e-03 -6.693603e-02 -6.872157e-02 -6.860392e-03
<VARIANCE> 25
 1.068524e+01 1.859701e+01 2.380940e+01 3.330338e+01 3.514447e+01 5.890939e+01 5.402061e+01 5.403621e+01 5.196004e+01 5.425478e+01 5.228233e+01 4.895969e+01 5.135190e-01 9.250930e-01 1.809504e+00 1.710970e+00 1.823519e+00 2.092601e+00 2.426778e+00 2.788644e+00 2.401016e+00 2.311226e+00 2.411364e+00 2.024620e+00 4.450968e-04
<GCONST> 8.853997e+01
<MIXTURE> 66 1.191532e-02
<MEAN> 25
 7.335266e+00 -5.911191e+00 -5.443614e+00 -5.053347e+00 1.507038e-01 -4.304445e+00 -5.535628e+00 1.705788e+00 7.733172e-01 -1.463893e-01 -4.843783e+00 -3.643375e+00 -3.145256e-02 1.593984e+00 2.037250e+00 2.364987e+00 -1.028962e+00 -9.787471e-01 -1.859247e-01 -7.798940e-01 7.273134e-02 -1.187142e-01 -1.148619e+00 1.657496e+00 -6.552559e-02
<VARIANCE> 25
 8.242612e+00 3.241609e+01 2.590818e+01 2.773755e+01 3.387906e+01 5.175569e+01 4.872388e+01 4.138850e+01 4.281656e+01 6.150976e+01 3.888585e+01 3.311250e+01 1.042038e+00 2.283508e+00 2.295511e+00 2.421502e+00 3.768549e+00 3.944995e+00 3.788520e+00 4.140607e+00 3.508018e+00 4.246520e+00 5.420170e+00 3.754545e+00 1.493565e-03
<GCONST> 9.546925e+01
<MIXTURE> 67 1.559142e-02
<MEAN> 25
 9.064661e+00 -4.346745e-01 -7.142061e+00 -7.578962e+00 -4.822376e-01 2.801981e+00 -2.825220e+00 -1.929868e+00 -3.019298e+00 3.120842e+00 1.043702e+00 -2.191573e+00 -8.294216e-01 1.891729e+00 1.020913e+00 2.622839e+00 1.135227e+00 -1.221221e-01 9.038373e-01 -3.316180e-01 5.134665e-01 -1.141380e-02 -1.400351e+00 1.509591e+00 -1.239564e-01
<VARIANCE> 25
 9.759134e+00 4.049179e+01 2.806683e+01 4.429820e+01 4.267451e+01 5.457668e+01 5.023066e+01 4.015247e+01 5.104076e+01 5.172457e+01 4.896484e+01 3.960714e+01 1.664356e+00 2.553867e+00 3.001912e+00 3.823944e+00 3.430760e+00 4.355975e+00 4.272721e+00 4.084393e+00 4.137825e+00 4.041423e+00 6.089771e+00 4.132364e+00 2.339297e-03
<GCONST> 9.929859e+01
<MIXTURE> 68 1.485092e-02
<MEAN> 25
 -2.005100e+00 -2.253183e+00 -4.083692e+00 1.163371e+00 5.265740e+00 -5.621648e-01 2.013382e+00 1.883836e+00 1.991237e+00 1.846108e+00 4.619097e-01 1.681420e+00 2.727110e+00 5.330762e-01 6.795253e-02 -2.550672e+00 -2.396518e+00 -1.610043e+00 -2.292356e+00 -1.742685e+00 -1.650278e+00 -1.523517e+00 -1.856511e+00 -1.112052e+00 1.035144e-01
<VARIANCE> 25
 2.556676e+01 3.192281e+01 5.849997e+01 5.184073e+01 4.568470e+01 5.444386e+01 4.511508e+01 4.149049e+01 4.000858e+01 4.574969e+01 3.763804e+01 2.722900e+01 1.917294e+00 3.682926e+00 5.954709e+00 5.786723e+00 4.622046e+00 5.550632e+00 5.879951e+00 4.973456e+00 5.003539e+00 5.276978e+00 5.633487e+00 3.463400e+00 6.032717e-03
<GCONST> 1.037157e+02
<MIXTURE> 69 1.204884e-02
<MEAN> 25
 4.685792e+00 -4.246081e+00 -3.583995e+00 -3.627851e+00 -3.485946e+00 -7.855833e+00 -1.092532e+00 2.229070e+00 -3.360350e-01 -4.698129e+00 -5.616209e+00 9.042168e-01 1.673908e+00 -2.238425e+00 -1.334368e+00 -2.241106e+00 -5.337185e-01 -3.573349e-01 -4.633356e-01 6.188900e-01 -6.373801e-01 -1.460141e+00 -2.173158e+00 -1.828325e-01 6.284806e-02
<VARIANCE> 25
 8.837865e+00 2.194032e+01 2.666674e+01 2.609469e+01 4.250537e+01 3.557981e+01 4.873684e+01 3.160497e+01 3.957130e+01 3.804677e+01 3.211936e+01 2.544397e+01 3.536594e+00 2.906404e+00 3.355190e+00 3.684520e+00 5.750365e+00 4.997587e+00 7.095622e+00 6.043553e+00 5.885616e+00 5.882815e+00 4.496024e+00 3.709330e+00 2.445554e-03
<GCONST> 9.874999e+01
<MIXTURE> 70 1.329190e-02
<MEAN> 25
 6.903069e+00 -3.801954e+00 -6.459643e+00 -3.944528e+00 -1.162387e+00 -1.161023e+00 -4.902070e+00 -1.646321e+00 7.147880e-01 3.354857e+00 3.150409e+00 -7.184981e+00 1.442986e+00 -1.703198e+00 -7.236383e-01 -2.635064e+00 -1.512682e+00 6.883505e-01 -1.654901e-01 3.156486e-01 4.739057e-01 -5.118778e-01 2.230030e+00 -2.676424e+00 8.455092e-02
<VARIANCE> 25
 8.681057e+00 2.148157e+01 2.359075e+01 4.141636e+01 3.174448e+01 3.226000e+01 4.018361e+01 4.124779e+01 2.757963e+01 3.080709e+01 5.689099e+01 5.078045e+01 2.382159e+00 2.227296e+00 4.149965e+00 3.494757e+00 3.243939e+00 5.346922e+00 5.266335e+00 4.445824e+00 3.644486e+00 5.046789e+00 5.912760e+00 5.339659e+00 2.057692e-03
<GCONST> 9.764571e+01
<MIXTURE> 71 1.406903e-02
<MEAN> 25
 6.764153e+00 4.659877e+00 3.184929e+00 3.213166e+00 -3.212359e+00 -2.897586e+00 -2.919850e+00 -6.205523e+00 -3.838817e+00 -1.941733e+00 -5.847986e+00 -2.547256e+00 -1.489542e+00 -5.459198e-01 -2.647704e-01 -1.793412e+00 9.874243e-01 -4.458102e-01 -5.333470e-02 1.472427e+00 2.119249e-01 -3.503626e-01 1.209322e+00 1.815399e-02 4.102331e-02
<VARIANCE> 25
 1.752656e+01 2.341774e+01 2.650746e+01 3.845155e+01 3.592353e+01 3.818643e+01 3.876773e+01 4.328148e+01 3.734767e+01 3.899235e+01 3.385485e+01 3.280155e+01 1.600658e+00 2.852313e+00 6.671493e+00 4.191576e+00 4.220123e+00 4.526948e+00 4.281809e+00 4.555948e+00 4.027536e+00 3.892282e+00 4.490254e+00 2.944482e+00 1.242315e-03
<GCONST> 9.724974e+01
<MIXTURE> 72 8.134747e-03
<MEAN> 25
 3.788779e+00 -3.682799e+00 5.462650e+00 -2.455215e+00 -1.039523e+01 -9.630266e+00 -2.459637e+00 1.914521e+00 -4.943541e+00 -2.210680e+00 -1.865486e+00 6.214502e-01 9.315597e-01 -7.847198e-01 -2.575743e+00 4.639585e-01 2.134298e+00 -6.546537e-01 -1.315653e+00 1.523815e+00 1.812766e+00 -5.948402e-01 -1.286312e+00 4.010355e-01 -6.144568e-03
<VARIANCE> 25
 1.077914e+01 1.949924e+01 3.282736e+01 3.847188e+01 3.235685e+01 3.337366e+01 4.104889e+01 3.620607e+01 4.364225e+01 4.135139e+01 3.906046e+01 2.850531e+01 4.323013e-01 1.025761e+00 2.019861e+00 1.468365e+00 2.186222e+00 2.354232e+00 3.058679e+00 2.730632e+00 2.602028e+00 2.959519e+00 2.031319e+00 2.130526e+00 5.412800e-04
<GCONST> 8.725771e+01
<MIXTURE> 73 1.213625e-02
<MEAN> 25
 -5.576134e+00 -2.085880e-01 -9.328075e-01 4.456995e+00 4.325157e+00 2.699588e+00 5.251746e+00 3.577727e+00 4.660584e+00 2.821914e+00 4.627209e+00 2.764295e+00 7.026025e-01 -8.624493e-01 -4.848828e-01 -2.550824e+00 -1.224549e+00 -1.638607e+00 -1.041036e+00 -5.202748e-01 -1.314376e+00 -7.727606e-01 -5.654649e-01 -5.491034e-01 1.563140e-01
<VARIANCE> 25
 1.170130e+01 1.506554e+01 1.502358e+01 2.231413e+01 2.118959e+01 2.373627e+01 1.924281e+01 1.824343e+01 1.686686e+01 2.052162e+01 2.268898e+01 1.476713e+01 3.752119e+00 3.042955e+00 7.239666e+00 4.314261e+00 5.594294e+00 4.243906e+00 4.076162e+00 3.869000e+00 5.004068e+00 3.876212e+00 5.714697e+00 3.031902e+00 3.941089e-03
<GCONST> 9.275954e+01
<MIXTURE> 74 1.756491e-02
<MEAN> 25
 4.924316e+00 -2.442784e+00 4.186395e+00 -2.562640e-01 -7.924703e+00 -8.374878e+00 -3.198894e+00 9.210617e-02 -3.646071e+00 -2.019632e+00 -1.245316e+00 3.603693e-02 2.705805e-01 2.237881e+00 -7.685627e-02 1.725979e+00 1.292153e+00 6.760037e-01 -4.084514e-02 -1.330733e+00 1.134238e-01 1.348854e-01 -6.693749e-01 2.950633e-02 -8.271259e-02
<VARIANCE> 25
 1.148091e+01 2.579266e+01 3.748114e+01 3.789962e+01 3.559837e+01 3.482549e+01 5.232722e+01 4.172405e+01 4.289651e+01 4.319077e+01 6.564358e+01 3.294662e+01 1.734381e+00 2.323530e+00 3.284814e+00 2.683925e+00 3.345031e+00 3.772705e+00 4.275234e+00 3.671495e+00 3.524731e+00 3.909957e+00 3.887205e+00 3.014921e+00 1.577997e-03
<GCONST> 9.640329e+01
<MIXTURE> 75 9.711651e-03
<MEAN> 25
 2.517323e+00 -1.927140e+00 1.118541e+01 1.776646e+00 -1.111515e+01 -7.921887e+00 -4.981182e+00 -1.345575e+00 -4.623209e+00 -5.488507e+00 3.504757e+00 1.374257e+00 1.867777e+00 -1.812528e+00 2.231382e-01 -2.116556e-01 -2.238893e+00 -9.455172e-01 -1.239667e+00 6.045235e-01 -3.057820e-01 -2.627753e-01 1.383569e+00 -5.422341e-01 3.965733e-02
<VARIANCE> 25
 9.428842e+00 1.726056e+01 2.519765e+01 2.338762e+01 2.437851e+01 2.762935e+01 2.634931e+01 2.886884e+01 2.826486e+01 2.869372e+01 1.779418e+01 2.572117e+01 2.467429e+00 1.680581e+00 3.562699e+00 2.083434e+00 3.413528e+00 4.480144e+00 3.633562e+00 3.481059e+00 3.497392e+00 2.814528e+00 2.939957e+00 2.219141e+00 1.321333e-03
<GCONST> 8.961436e+01
<MIXTURE> 76 1.052359e-02
<MEAN> 25
 -6.506368e+00 -1.313925e+00 -2.730114e+00 3.845158e+00 4.214535e+00 1.955342e+00 4.073056e+00 2.039443e+00 2.609182e+00 5.370294e-01 1.280966e+00 2.632071e+00 -9.779461e-02 -5.070464e-01 -2.721252e-01 -8.157808e-01 -5.942752e-01 -8.498137e-01 -6.136601e-01 -2.755243e-01 -3.943292e-01 -4.129102e-01 -2.496743e-01 -2.367042e-01 2.035972e-02
<VARIANCE> 25
 3.608713e+01 2.761953e+01 2.907141e+01 2.664801e+01 2.915201e+01 3.032511e+01 2.674303e+01 2.671645e+01 2.391976e+01 2.460707e+01 2.973179e+01 1.921449e+01 1.041846e+00 1.111692e+00 1.430453e+00 1.205240e+00 1.405311e+00 1.599178e+00 1.601593e+00 1.782548e+00 1.699044e+00 1.514675e+00 1.665458e+00 1.361999e+00 1.210003e-03
<GCONST> 8.318305e+01
<MIXTURE> 77 1.244626e-02
<MEAN> 25
 -5.679160e-01 8.207772e+00 1.203557e+01 -1.072244e+01 -6.297675e+00 4.217444e-01 -8.851947e+00 -6.715142e+00 -3.685010e+00 -6.784509e-01 -4.216025e+00 -1.782300e+00 1.034963e-01 1.462296e-01 1.595058e-02 2.302756e-01 -8.528009e-02 1.226251e-01 -4.492313e-02 -1.259793e-01 1.209501e-01 -6.691339e-02 -9.943908e-02 2.362728e-01 -1.156307e-02
<VARIANCE> 25
 9.956497e+00 1.971817e+01 2.734518e+01 4.515531e+01 3.550467e+01 3.569616e+01 3.558718e+01 3.192478e+01 3.384594e+01 3.267333e+01 3.872030e+01 3.290642e+01 2.994943e-01 7.245682e-01 6.710987e-01 1.035316e+00 1.167155e+00 9.489034e-01 1.178295e+00 1.033952e+00 1.010160e+00 1.091493e+00 1.041975e+00 1.027928e+00 5.425531e-04
<GCONST> 7.773851e+01
<MIXTURE> 78 9.702551e-03
<MEAN> 25
 -1.164597e+01 1.136252e+00 -1.605546e+00 2.250240e+00 4.438826e+00 -2.234945e+00 3.777492e+00 2.659562e+00 2.602131e+00 7.224580e-01 -4.951441e-01 3.063492e+00 2.396567e+00 -2.746068e-01 1.843459e-01 5.865302e-01 -3.284516e-02 2.768350e-02 -3.051919e-01 -8.832305e-02 2.271778e-01 1.447890e-01 -3.775202e-01 -4.568917e-01 -6.188622e-02
<VARIANCE> 25
 4.121209e+01 3.286222e+01 3.297779e+01 3.257891e+01 3.965711e+01 3.753184e+01 3.573461e+01 3.299437e+01 2.826136e+01 2.783865e+01 2.733370e+01 2.019346e+01 4.944458e+00 2.579965e+00 2.863107e+00 3.070742e+00 2.851433e+00 3.530039e+00 3.266104e+00 2.846481e+00 2.358440e+00 2.364172e+00 2.280329e+00 2.147933e+00 4.712392e-03
<GCONST> 9.470516e+01
<MIXTURE> 79 1.156824e-02
<MEAN> 25
 2.350091e+00 1.693557e+00 9.270554e+00 -6.460871e+00 -1.171192e+01 -1.724326e+00 -1.926513e+00 -6.292725e+00 -6.674958e+00 9.125423e-02 -3.115757e+00 -3.346655e+00 1.222106e+00 -5.001991e-01 -1.429125e+00 2.329027e+00 3.466492e-01 -1.411184e+00 5.417426e-01 8.319163e-01 -3.817167e-01 -4.893835e-01 3.025412e-01 3.577595e-01 -3.700707e-02
<VARIANCE> 25
 1.389542e+01 2.362410e+01 3.690170e+01 4.879071e+01 3.560361e+01 4.242296e+01 4.139858e+01 3.645759e+01 3.804874e+01 3.981567e+01 4.715561e+01 3.003477e+01 9.151877e-01 2.203985e+00 1.830989e+00 2.030383e+00 2.411769e+00 2.821392e+00 3.086919e+00 3.489055e+00 2.512419e+00 2.723036e+00 2.319117e+00 2.110844e+00 1.200659e-03
<GCONST> 9.155054e+01
<MIXTURE> 80 7.550998e-03
<MEAN> 25
 -1.495873e+01 3.775334e+00 1.997228e+00 2.515699e+00 2.151892e+00 2.468967e+00 5.109096e+00 2.319047e+00 2.580597e+00 9.947252e-01 4.445686e+00 1.709512e+00 4.379834e+00 -1.370608e-01 1.510421e+00 -6.382836e-01 -2.700903e+00 -3.063981e+00 -2.390453e+00 -2.205709e+00 -1.786175e+00 -1.694134e+00 -1.641377e+00 -4.855041e-01 -4.403342e-02
<VARIANCE> 25
 1.872902e+01 1.713484e+01 3.776451e+01 3.168017e+01 2.657587e+01 3.081100e+01 3.206515e+01 2.440519e+01 2.284101e+01 3.498149e+01 2.685283e+01 1.809006e+01 2.179182e+00 2.389421e+00 2.348718e+00 4.689138e+00 3.125593e+00 3.113204e+00 2.591433e+00 2.896124e+00 2.506142e+00 2.296309e+00 2.378243e+00 1.889528e+00 1.303970e-03
<GCONST> 8.999509e+01
<MIXTURE> 81 8.025434e-03
<MEAN> 25
 -1.120097e+00 4.066433e+00 1.017401e+01 -1.478062e+01 -9.059453e+00 -1.427419e+00 -6.764354e+00 -8.413374e+00 -4.154164e+00 -4.233062e-01 -7.565826e+00 -2.250187e+00 1.347359e-01 -5.857214e-01 -4.365588e-03 -5.553502e-01 -4.645349e-01 3.353561e-01 3.193905e-01 1.348825e-01 -1.384258e-01 1.052357e-01 -4.715137e-01 -1.214969e-01 1.142264e-02
<VARIANCE> 25
 1.013601e+01 3.274804e+01 2.642519e+01 2.951861e+01 3.388355e+01 3.049834e+01 4.537573e+01 2.829343e+01 3.795311e+01 3.186261e+01 2.533877e+01 3.100159e+01 7.711528e-01 2.274430e+00 1.545435e+00 2.869669e+00 2.658434e+00 2.123139e+00 3.274974e+00 2.285992e+00 2.354051e+00 2.539344e+00 2.296396e+00 2.082941e+00 1.185958e-03
<GCONST> 8.868465e+01
<MIXTURE> 82 8.213053e-03
<MEAN> 25
 -9.894379e+00 -3.786312e+00 1.672375e+00 -2.944324e+00 3.132455e+00 6.956865e-01 1.967912e+00 9.750391e-01 3.007347e+00 1.667145e+00 1.744660e+00 3.032023e+00 -1.306692e+00 -1.120695e-01 3.305486e-01 -2.590108e+00 -1.093062e+00 -1.251531e+00 -1.020011e+00 -8.570247e-01 -3.450241e-01 -4.878342e-01 -2.576766e-01 -1.337861e-01 1.779417e-01
<VARIANCE> 25
 1.823837e+01 2.579881e+01 3.210006e+01 3.059426e+01 3.267385e+01 3.199792e+01 3.150319e+01 3.271852e+01 3.060916e+01 2.515974e+01 3.055702e+01 1.755624e+01 3.717285e+00 3.027688e+00 3.419471e+00 3.247833e+00 3.536255e+00 3.265298e+00 2.914892e+00 2.998482e+00 2.848335e+00 2.469835e+00 2.715082e+00 1.969827e+00 3.415485e-03
<GCONST> 9.320312e+01
<MIXTURE> 83 1.167529e-02
<MEAN> 25
 -2.032821e+01 7.443172e+00 7.044732e-01 -1.073551e+00 6.735092e+00 -1.565163e+00 4.743012e+00 3.527274e+00 -3.686566e-01 -9.095693e-01 7.198828e-01 1.805442e+00 -2.332857e-01 -3.731126e-01 4.607551e-02 -4.217176e-01 -3.147749e-01 -5.663187e-02 -3.178760e-01 1.749633e-01 -2.299075e-01 -2.135214e-01 -9.032933e-02 -5.002958e-02 5.816353e-03
<VARIANCE> 25
 5.740951e+00 1.455251e+01 2.323658e+01 1.533965e+01 1.486284e+01 2.063492e+01 1.713297e+01 1.637681e+01 1.906615e+01 2.452170e+01 1.666174e+01 1.328785e+01 8.359244e-01 8.035291e-01 8.974909e-01 7.182164e-01 1.004476e+00 1.876418e+00 1.050301e+00 1.110344e+00 1.366837e+00 9.021159e-01 9.351657e-01 9.522238e-01 6.781318e-04
<GCONST> 7.190646e+01
<MIXTURE> 84 1.066614e-02
<MEAN> 25
 1.209603e+00 8.232553e+00 6.862607e+00 7.099892e+00 2.598683e+00 -1.084849e+00 -2.005705e+00 -4.072205e+00 -3.927292e+00 -2.493618e+00 -2.674342e+00 -9.023925e-01 -1.479990e+00 -9.301541e-01 -1.075228e+00 1.344235e+00 1.845228e+00 1.605279e+00 1.532907e+00 1.131538e+00 1.383497e+00 4.615631e-01 -9.458333e-02 6.667933e-01 -6.596815e-02
<VARIANCE> 25
 1.902237e+01 1.670368e+01 2.054157e+01 2.322588e+01 2.435318e+01 2.559107e+01 2.502873e+01 2.477119e+01 2.470921e+01 2.277837e+01 2.500128e+01 2.257776e+01 2.173517e+00 2.268753e+00 3.280244e+00 2.737412e+00 3.476950e+00 3.121614e+00 2.692830e+00 2.935817e+00 2.944046e+00 2.717337e+00 3.942307e+00 2.562005e+00 2.998704e-03
<GCONST> 9.023438e+01
<MIXTURE> 85 7.591393e-03
<MEAN> 25
 -3.105751e+00 7.735845e+00 5.982656e+00 1.215085e+00 -3.420517e+00 -5.184969e+00 -3.165886e+00 -5.964342e+00 -3.714000e+00 -3.376529e+00 -2.144233e-01 -1.897613e+00 3.893806e+00 2.688400e-01 1.761210e+00 -2.008461e+00 -3.354799e+00 -2.613331e+00 -2.820686e+00 -2.309053e+00 -2.305235e+00 -1.261716e+00 -2.174370e+00 -6.285952e-01 1.215473e-02
<VARIANCE> 25
 4.082519e+01 2.303345e+01 3.639705e+01 3.741820e+01 3.841127e+01 4.013411e+01 3.155780e+01 2.764648e+01 2.700300e+01 2.622052e+01 2.793665e+01 2.342177e+01 2.970016e+00 4.267153e+00 3.908530e+00 5.155094e+00 4.295883e+00 3.912163e+00 3.785053e+00 3.849019e+00 3.856892e+00 3.865483e+00 4.152655e+00 3.393787e+00 5.604691e-03
<GCONST> 9.837458e+01
<MIXTURE> 86 1.273941e-02
<MEAN> 25
 -4.588115e+00 -8.921832e-01 -9.542819e-01 6.116129e+00 4.661335e+00 4.655633e+00 5.359375e+00 4.250230e+00 4.779695e+00 3.868298e+00 4.155705e+00 2.952639e+00 -9.666195e-03 -5.366771e-04 -2.566520e-02 -5.439777e-02 -1.496946e-01 -2.534283e-01 -2.575720e-01 -3.156095e-01 -3.254032e-01 -3.004587e-01 -2.901509e-01 -1.262374e-01 -7.320776e-04
<VARIANCE> 25
 7.901524e+00 5.837506e+00 9.194805e+00 1.134031e+01 1.517235e+01 1.331558e+01 1.235674e+01 1.298348e+01 1.210598e+01 1.295500e+01 2.192281e+01 1.230706e+01 9.360289e-02 1.833587e-01 3.505574e-01 4.621859e-01 6.018676e-01 7.463396e-01 7.061499e-01 8.084538e-01 8.309042e-01 8.553428e-01 9.331415e-01 8.692932e-01 5.211212e-05
<GCONST> 5.780569e+01
<MIXTURE> 87 1.100681e-02
<MEAN> 25
 -2.905221e+00 4.472792e+00 3.317509e+00 7.043409e+00 5.195710e+00 7.282640e-01 1.420065e+00 -9.414226e-01 -3.748458e-01 -7.557715e-01 -1.132540e+00 3.887683e-01 -2.032137e+00 -2.750537e+00 -2.207429e+00 -2.150977e+00 2.262898e-03 -2.074635e-01 5.806664e-01 1.285190e+00 1.255179e+00 1.103995e+00 9.845234e-01 8.319114e-01 1.035520e-01
<VARIANCE> 25
 3.902198e+01 2.813422e+01 2.752542e+01 3.208185e+01 2.908905e+01 3.040557e+01 2.738333e+01 2.578145e+01 2.532563e+01 2.398245e+01 2.616738e+01 2.392085e+01 3.884433e+00 2.615074e+00 3.946356e+00 3.582210e+00 4.557644e+00 4.067227e+00 3.924824e+00 3.666179e+00 3.727732e+00 3.367390e+00 3.432312e+00 3.041167e+00 4.689994e-03
<GCONST> 9.599080e+01
<MIXTURE> 88 1.256585e-02
<MEAN> 25
 -3.819811e+00 -3.973800e-01 -1.715829e+00 4.993439e+00 4.307631e+00 3.410123e+00 4.494942e+00 2.946836e+00 3.781008e+00 2.242751e+00 1.464880e+00 2.992937e+00 -8.506247e-02 2.710134e-01 3.891105e-01 1.636800e-01 2.711703e-01 1.088158e-01 -1.511659e-01 1.077722e-01 -4.597723e-02 -2.287520e-01 3.159104e-01 -3.102221e-01 1.151214e-03
<VARIANCE> 25
 8.942783e+00 9.457586e+00 1.343161e+01 1.446511e+01 1.774267e+01 1.803113e+01 1.829747e+01 1.728815e+01 1.537955e+01 1.652877e+01 2.739033e+01 1.352924e+01 1.222986e+00 1.466251e+00 2.133500e+00 2.192126e+00 2.228309e+00 2.425309e+00 2.354000e+00 2.626611e+00 2.415540e+00 2.170896e+00 3.759470e+00 2.096873e+00 1.622098e-03
<GCONST> 8.156538e+01
<MIXTURE> 89 9.333527e-03
<MEAN> 25
 6.103683e+00 -6.878456e+00 -3.554765e+00 -3.194155e+00 -1.616357e+00 -5.565750e+00 -6.082242e+00 4.108473e+00 3.471690e+00 -2.764774e+00 -6.001134e+00 -3.302504e+00 -5.651468e-01 1.551752e-01 1.991244e+00 9.090318e-01 -1.863260e+00 -1.642968e+00 8.650967e-01 1.251581e+00 -7.797046e-01 -1.302791e+00 3.754717e-01 1.548079e+00 -5.012948e-03
<VARIANCE> 25
 8.998515e+00 2.699116e+01 3.093020e+01 3.018915e+01 3.586198e+01 4.167054e+01 5.951765e+01 4.201865e+01 3.883441e+01 4.238271e+01 3.585427e+01 3.250146e+01 3.598153e-01 8.393079e-01 1.462953e+00 1.319423e+00 1.920675e+00 2.118410e+00 2.610143e+00 2.053782e+00 2.251567e+00 2.151374e+00 2.456585e+00 1.501878e+00 3.673954e-04
<GCONST> 8.539624e+01
<MIXTURE> 90 7.114505e-03
<MEAN> 25
 2.446487e+00 -9.717951e+00 -4.751097e+00 -3.977666e+00 -3.380525e+00 -1.814279e+00 3.364802e+00 1.182660e+00 -7.531292e+00 -1.021598e+01 -3.427579e+00 -7.408354e-01 -1.636567e-01 9.089103e-01 1.168426e+00 -8.538681e-01 -1.612881e+00 -2.115878e-01 6.440363e-01 -2.101969e-01 -1.692258e-01 7.369080e-01 1.821280e-01 -5.501993e-01 -1.115246e-02
<VARIANCE> 25
 8.498157e+00 1.786819e+01 1.984293e+01 2.801053e+01 3.685015e+01 3.216763e+01 3.851377e+01 3.639440e+01 3.520803e+01 2.768639e+01 2.700555e+01 2.613645e+01 2.236556e-01 6.125572e-01 7.867955e-01 1.042465e+00 1.469536e+00 1.591367e+00 1.781243e+00 1.654318e+00 1.810042e+00 1.677807e+00 1.496490e+00 1.308092e+00 2.149208e-04
<GCONST> 7.813663e+01
<MIXTURE> 91 7.852945e-03
<MEAN> 25
 6.783182e+00 -8.119101e+00 -8.764070e+00 -5.725651e+00 3.029585e+00 3.292074e-01 -1.754143e+00 8.009066e-01 4.400033e-01 -1.484411e+00 -3.020901e+00 -6.238581e+00 2.671758e-01 9.755986e-01 2.400489e-01 5.396364e-01 -6.782342e-02 -6.179155e-01 -5.116224e-01 6.224493e-03 -1.988723e-01 5.754110e-01 -3.151782e-01 5.765721e-01 -3.713959e-02
<VARIANCE> 25
 9.775148e+00 2.185159e+01 1.817385e+01 3.794329e+01 3.525193e+01 5.246468e+01 4.836699e+01 3.526431e+01 4.684043e+01 6.795272e+01 5.743821e+01 4.559978e+01 4.391570e-01 8.378369e-01 1.019453e+00 1.324040e+00 2.058359e+00 2.870034e+00 2.330700e+00 2.463133e+00 2.082822e+00 2.174433e+00 2.037538e+00 2.493068e+00 6.097557e-04
<GCONST> 8.730489e+01
<MIXTURE> 92 7.852945e-03
<MEAN> 25
 6.783182e+00 -8.119101e+00 -8.764070e+00 -5.725651e+00 3.029585e+00 3.292074e-01 -1.754143e+00 8.009066e-01 4.400033e-01 -1.484411e+00 -3.020901e+00 -6.238581e+00 2.671758e-01 9.755986e-01 2.400489e-01 5.396364e-01 -6.782342e-02 -6.179155e-01 -5.116224e-01 6.224493e-03 -1.988723e-01 5.754110e-01 -3.151782e-01 5.765721e-01 -3.713959e-02
<VARIANCE> 25
 9.775148e+00 2.185159e+01 1.817385e+01 3.794329e+01 3.525193e+01 5.246468e+01 4.836699e+01 3.526431e+01 4.684043e+01 6.795272e+01 5.743821e+01 4.559978e+01 4.391570e-01 8.378369e-01 1.019453e+00 1.324040e+00 2.058359e+00 2.870034e+00 2.330700e+00 2.463133e+00 2.082822e+00 2.174433e+00 2.037538e+00 2.493068e+00 6.097557e-04
<GCONST> 8.730489e+01
<MIXTURE> 93 6.122769e-03
<MEAN> 25
 -6.558790e+00 -7.360530e-01 -2.282295e+00 5.784169e+00 5.888817e+00 4.012001e+00 6.001542e+00 3.528051e+00 4.160266e+00 2.466206e+00 1.265500e+00 3.820341e+00 -6.153646e-02 -1.646916e-01 -2.715683e-01 -3.534942e-01 -3.521842e-01 -2.968709e-01 -2.276693e-01 -1.486226e-01 -1.151853e-01 -2.025871e-01 -1.826949e-01 -5.894833e-02 -1.049274e-04
<VARIANCE> 25
 9.444212e+00 6.266954e+00 8.020232e+00 1.119823e+01 1.085930e+01 1.550185e+01 1.463131e+01 1.580880e+01 1.458174e+01 1.384436e+01 1.981879e+01 1.305346e+01 8.025738e-02 1.591873e-01 2.560400e-01 3.889954e-01 4.965354e-01 6.239199e-01 7.409971e-01 8.733423e-01 9.573973e-01 9.112286e-01 9.452331e-01 9.209884e-01 1.141902e-06
<GCONST> 5.372662e+01
<MIXTURE> 94 6.122769e-03
<MEAN> 25
 -6.558790e+00 -7.360530e-01 -2.282295e+00 5.784169e+00 5.888817e+00 4.012001e+00 6.001542e+00 3.528051e+00 4.160266e+00 2.466206e+00 1.265500e+00 3.820341e+00 -6.153646e-02 -1.646916e-01 -2.715683e-01 -3.534942e-01 -3.521842e-01 -2.968709e-01 -2.276693e-01 -1.486226e-01 -1.151853e-01 -2.025871e-01 -1.826949e-01 -5.894833e-02 -1.049274e-04
<VARIANCE> 25
 9.444212e+00 6.266954e+00 8.020232e+00 1.119823e+01 1.085930e+01 1.550185e+01 1.463131e+01 1.580880e+01 1.458174e+01 1.384436e+01 1.981879e+01 1.305346e+01 8.025738e-02 1.591873e-01 2.560400e-01 3.889954e-01 4.965354e-01 6.239199e-01 7.409971e-01 8.733423e-01 9.573973e-01 9.112286e-01 9.452331e-01 9.209884e-01 1.141902e-06
<GCONST> 5.372662e+01
<MIXTURE> 95 5.258835e-03
<MEAN> 25
 -4.611380e+00 2.868034e-02 -2.308117e+00 4.539593e+00 3.348047e+00 2.813467e+00 4.637626e+00 1.321859e+00 3.344252e+00 9.528027e-01 -1.624286e+00 3.224119e+00 1.515388e-01 8.175593e-02 2.709404e-02 -2.687173e-02 -2.993824e-01 -6.602454e-01 -9.641088e-01 -1.300639e+00 -1.038800e+00 -9.516070e-01 -7.202753e-01 -2.017316e-01 -1.504857e-03
<VARIANCE> 25
 1.052472e+01 6.231170e+00 9.787425e+00 9.788426e+00 1.185529e+01 1.556663e+01 1.379665e+01 1.441093e+01 1.517432e+01 1.304786e+01 3.240129e+01 1.205134e+01 1.686459e-01 2.554259e-01 3.827609e-01 4.873413e-01 8.030949e-01 8.445426e-01 8.237381e-01 7.632207e-01 1.131938e+00 1.036176e+00 1.122237e+00 1.121756e+00 3.773729e-05
<GCONST> 6.098700e+01
<MIXTURE> 96 7.034694e-03
<MEAN> 25
 -4.824842e+00 -2.941301e-01 -2.122739e+00 5.207921e+00 3.845637e+00 2.076851e+00 3.871726e+00 1.686171e+00 2.481267e+00 8.672732e-01 5.003129e-01 3.128239e+00 -2.542944e-02 7.881895e-02 2.389954e-01 4.079131e-01 5.224805e-01 5.137686e-01 2.713445e-01 -1.420713e-01 -5.294069e-01 -6.171634e-01 -5.278665e-01 -3.063985e-01 -6.555799e-05
<VARIANCE> 25
 1.106392e+01 9.432388e+00 1.232223e+01 1.357756e+01 1.410544e+01 1.955117e+01 1.859256e+01 1.815751e+01 1.753672e+01 1.639698e+01 2.405049e+01 1.449911e+01 1.148741e-01 2.175273e-01 3.113478e-01 3.861585e-01 4.909593e-01 6.348979e-01 8.595783e-01 1.011855e+00 9.878438e-01 8.377553e-01 9.291242e-01 9.301503e-01 1.221239e-06
<GCONST> 5.760792e+01
<MIXTURE> 97 7.034694e-03
<MEAN> 25
 -4.824842e+00 -2.941301e-01 -2.122739e+00 5.207921e+00 3.845637e+00 2.076851e+00 3.871726e+00 1.686171e+00 2.481267e+00 8.672732e-01 5.003129e-01 3.128239e+00 -2.542944e-02 7.881895e-02 2.389954e-01 4.079131e-01 5.224805e-01 5.137686e-01 2.713445e-01 -1.420713e-01 -5.294069e-01 -6.171634e-01 -5.278665e-01 -3.063985e-01 -6.555799e-05
<VARIANCE> 25
 1.106392e+01 9.432388e+00 1.232223e+01 1.357756e+01 1.410544e+01 1.955117e+01 1.859256e+01 1.815751e+01 1.753672e+01 1.639698e+01 2.405049e+01 1.449911e+01 1.148741e-01 2.175273e-01 3.113478e-01 3.861585e-01 4.909593e-01 6.348979e-01 8.595783e-01 1.011855e+00 9.878438e-01 8.377553e-01 9.291242e-01 9.301503e-01 1.221239e-06
<GCONST> 5.760792e+01
<MIXTURE> 98 9.917808e-03
<MEAN> 25
 -1.208666e+00 1.126363e+00 -1.457953e-01 4.537996e+00 3.395688e+00 2.581082e+00 2.988263e+00 1.461893e+00 1.673840e+00 1.046769e+00 1.850101e-01 1.115052e+00 -1.737001e+00 -1.419837e+00 -9.751750e-01 1.912185e-01 6.224827e-01 8.591164e-01 1.255751e+00 1.398002e+00 1.683170e+00 1.117164e+00 1.185205e+00 9.184858e-01 -3.353580e-02
<VARIANCE> 25
 1.447034e+01 1.907248e+01 3.181742e+01 3.262480e+01 4.089065e+01 3.442601e+01 3.077976e+01 2.795681e+01 2.619026e+01 3.025643e+01 2.904203e+01 2.282102e+01 1.369047e+00 1.532761e+00 2.301556e+00 2.366352e+00 2.716532e+00 2.758797e+00 2.778782e+00 2.730473e+00 2.567852e+00 2.830198e+00 3.272209e+00 2.150476e+00 2.379420e-03
<GCONST> 9.006154e+01
<MIXTURE> 99 6.696178e-03
<MEAN> 25
 -6.120355e+00 9.504092e+00 6.913943e+00 2.863799e+00 1.260072e+00 -4.978930e+00 -1.698036e+00 -3.470970e+00 -3.824367e+00 -3.999712e+00 -1.291192e+00 -7.383022e-02 4.302369e-01 -5.672391e-01 1.813429e-01 -4.101318e-01 -1.061995e+00 -3.698106e-01 -2.730047e-01 -3.517091e-01 -4.532052e-02 -8.685963e-02 2.944536e-02 2.580927e-01 6.546797e-03
<VARIANCE> 25
 3.613512e+01 2.431552e+01 4.098930e+01 2.971375e+01 3.366322e+01 3.135669e+01 2.455193e+01 2.891054e+01 2.453670e+01 2.475151e+01 2.058848e+01 2.720240e+01 2.156558e+00 1.814397e+00 1.408150e+00 1.529480e+00 2.384845e+00 2.010708e+00 1.589765e+00 1.557583e+00 1.588545e+00 1.426277e+00 1.481303e+00 1.303188e+00 1.513854e-03
<GCONST> 8.568250e+01
<MIXTURE> 100 4.498084e-03
<MEAN> 25
 -1.599517e+00 6.343819e+00 1.027804e+01 -7.460165e+00 -1.077784e+01 -5.074034e+00 -4.942556e+00 -9.964401e+00 -4.721113e+00 -8.585017e-01 -2.728314e+00 -2.708362e+00 2.917645e+00 -1.260176e+00 1.299888e+00 -2.185064e+00 -3.418681e+00 -7.851086e-01 -1.218643e+00 -8.201981e-01 -1.476387e+00 3.459210e-01 -1.654741e+00 -2.865225e-01 2.051111e-03
<VARIANCE> 25
 1.362061e+01 2.105140e+01 2.245443e+01 2.643799e+01 2.304344e+01 2.371433e+01 2.909910e+01 2.174136e+01 2.749820e+01 2.266665e+01 2.246560e+01 2.136596e+01 1.801418e+00 3.952622e+00 2.918765e+00 4.286199e+00 4.183683e+00 4.538832e+00 4.013602e+00 4.338583e+00 4.168007e+00 3.895285e+00 3.909977e+00 3.223974e+00 1.677839e-03
<GCONST> 9.257565e+01
<MIXTURE> 101 6.007792e-03
<MEAN> 25
 8.095016e+00 -3.504971e+00 -6.312039e+00 -6.864592e+00 8.362750e-01 -1.258583e+00 -1.056412e+01 -2.051738e+00 1.610921e+00 2.718372e+00 -2.351587e+00 -5.159958e+00 6.743758e-01 6.495831e-01 -1.453700e+00 -1.609174e+00 1.030524e+00 2.319052e+00 1.969307e-01 -1.457191e+00 -1.066516e+00 1.037984e+00 1.366072e+00 -4.100899e-01 -4.866971e-03
<VARIANCE> 25
 9.254889e+00 1.679268e+01 2.984703e+01 4.284635e+01 3.616862e+01 3.599045e+01 3.729979e+01 3.619174e+01 3.781527e+01 4.396124e+01 5.218519e+01 2.437114e+01 2.938154e-01 6.700069e-01 1.174139e+00 1.548597e+00 1.686593e+00 2.091592e+00 2.085112e+00 1.991418e+00 2.345786e+00 2.211552e+00 1.803213e+00 1.963258e+00 3.465713e-04
<GCONST> 8.369020e+01
<MIXTURE> 102 6.007792e-03
<MEAN> 25
 8.095016e+00 -3.504971e+00 -6.312039e+00 -6.864592e+00 8.362750e-01 -1.258583e+00 -1.056412e+01 -2.051738e+00 1.610921e+00 2.718372e+00 -2.351587e+00 -5.159958e+00 6.743758e-01 6.495831e-01 -1.453700e+00 -1.609174e+00 1.030524e+00 2.319052e+00 1.969307e-01 -1.457191e+00 -1.066516e+00 1.037984e+00 1.366072e+00 -4.100899e-01 -4.866971e-03
<VARIANCE> 25
 9.254889e+00 1.679268e+01 2.984703e+01 4.284635e+01 3.616862e+01 3.599045e+01 3.729979e+01 3.619174e+01 3.781527e+01 4.396124e+01 5.218519e+01 2.437114e+01 2.938154e-01 6.700069e-01 1.174139e+00 1.548597e+00 1.686593e+00 2.091592e+00 2.085112e+00 1.991418e+00 2.345786e+00 2.211552e+00 1.803213e+00 1.963258e+00 3.465713e-04
<GCONST> 8.369020e+01
<MIXTURE> 103 5.694618e-03
<MEAN> 25
 3.367558e+00 -9.480467e+00 -6.133488e+00 -3.091164e+00 -1.332624e+00 -1.970962e+00 2.439900e+00 2.517427e+00 -4.611896e+00 -9.256848e+00 -5.062530e+00 3.614378e-01 -1.577637e-01 -1.488848e+00 -9.805577e-01 3.755459e-01 1.213817e+00 1.020295e+00 1.587084e-01 -2.671020e-01 -7.809936e-01 -9.462442e-01 -3.528596e-02 1.204527e-01 2.694758e-02
<VARIANCE> 25
 1.034017e+01 2.032874e+01 2.290086e+01 3.168582e+01 4.804639e+01 3.501048e+01 4.640218e+01 3.668925e+01 4.212655e+01 2.934226e+01 3.008356e+01 2.642047e+01 6.438902e-01 1.251863e+00 1.538210e+00 1.940114e+00 2.927146e+00 2.410311e+00 2.890495e+00 2.577178e+00 2.563147e+00 2.524444e+00 2.098128e+00 2.016984e+00 8.072691e-04
<GCONST> 8.757523e+01
<MIXTURE> 104 5.694618e-03
<MEAN> 25
 3.367558e+00 -9.480467e+00 -6.133488e+00 -3.091164e+00 -1.332624e+00 -1.970962e+00 2.439900e+00 2.517427e+00 -4.611896e+00 -9.256848e+00 -5.062530e+00 3.614378e-01 -1.577637e-01 -1.488848e+00 -9.805577e-01 3.755459e-01 1.213817e+00 1.020295e+00 1.587084e-01 -2.671020e-01 -7.809936e-01 -9.462442e-01 -3.528596e-02 1.204527e-01 2.694758e-02
<VARIANCE> 25
 1.034017e+01 2.032874e+01 2.290086e+01 3.168582e+01 4.804639e+01 3.501048e+01 4.640218e+01 3.668925e+01 4.212655e+01 2.934226e+01 3.008356e+01 2.642047e+01 6.438902e-01 1.251863e+00 1.538210e+00 1.940114e+00 2.927146e+00 2.410311e+00 2.890495e+00 2.577178e+00 2.563147e+00 2.524444e+00 2.098128e+00 2.016984e+00 8.072691e-04
<GCONST> 8.757523e+01
<MIXTURE> 105 4.710235e-03
<MEAN> 25
 2.211286e+00 -1.455391e+00 9.232512e+00 -2.687611e+00 -1.151984e+01 -5.027604e+00 -4.173843e+00 -7.685422e-01 -3.838085e+00 -3.222201e+00 1.522819e+00 -1.174085e+00 1.026962e-02 3.182031e-02 4.896795e-02 -4.572718e-02 -3.108859e-04 5.015048e-02 -1.400620e-02 4.883645e-02 -4.007276e-02 2.689640e-02 2.309546e-02 -2.856912e-02 -2.272848e-03
<VARIANCE> 25
 1.337947e+01 2.870077e+01 4.069233e+01 4.458675e+01 3.848283e+01 5.356713e+01 4.090855e+01 4.314227e+01 3.964613e+01 4.183516e+01 4.192251e+01 3.072352e+01 8.487538e-02 1.873037e-01 3.417938e-01 2.915011e-01 3.781525e-01 4.306974e-01 4.768684e-01 4.931201e-01 4.944002e-01 4.408113e-01 4.316295e-01 4.017132e-01 9.160503e-05
<GCONST> 6.679867e+01
<MIXTURE> 106 4.710235e-03
<MEAN> 25
 2.211286e+00 -1.455391e+00 9.232512e+00 -2.687611e+00 -1.151984e+01 -5.027604e+00 -4.173843e+00 -7.685422e-01 -3.838085e+00 -3.222201e+00 1.522819e+00 -1.174085e+00 1.026962e-02 3.182031e-02 4.896795e-02 -4.572718e-02 -3.108859e-04 5.015048e-02 -1.400620e-02 4.883645e-02 -4.007276e-02 2.689640e-02 2.309546e-02 -2.856912e-02 -2.272848e-03
<VARIANCE> 25
 1.337947e+01 2.870077e+01 4.069233e+01 4.458675e+01 3.848283e+01 5.356713e+01 4.090855e+01 4.314227e+01 3.964613e+01 4.183516e+01 4.192251e+01 3.072352e+01 8.487538e-02 1.873037e-01 3.417938e-01 2.915011e-01 3.781525e-01 4.306974e-01 4.768684e-01 4.931201e-01 4.944002e-01 4.408113e-01 4.316295e-01 4.017132e-01 9.160503e-05
<GCONST> 6.679867e+01
<MIXTURE> 107 5.452374e-03
<MEAN> 25
 8.604943e+00 -2.793002e+00 -8.112588e+00 -9.504591e+00 1.635381e+00 3.067887e+00 -8.033862e+00 -4.514318e+00 -7.179047e-01 3.406511e+00 1.272127e+00 -5.459767e+00 -5.867090e-01 -7.315190e-01 8.607593e-01 1.762360e+00 2.919529e-01 -2.016614e+00 -9.545832e-01 9.083025e-01 1.642102e+00 9.648280e-02 -1.617401e+00 -7.577342e-01 -3.291517e-03
<VARIANCE> 25
 8.773417e+00 2.267415e+01 2.944421e+01 4.129322e+01 3.497447e+01 3.630534e+01 5.345010e+01 3.411094e+01 4.318118e+01 3.911717e+01 5.609721e+01 3.666770e+01 3.447062e-01 9.644272e-01 1.413376e+00 2.262585e+00 2.200872e+00 2.676907e+00 2.473850e+00 2.510011e+00 2.461939e+00 2.967019e+00 1.873891e+00 2.154704e+00 7.009383e-04
<GCONST> 8.784084e+01
<MIXTURE> 108 5.452374e-03
<MEAN> 25
 8.604943e+00 -2.793002e+00 -8.112588e+00 -9.504591e+00 1.635381e+00 3.067887e+00 -8.033862e+00 -4.514318e+00 -7.179047e-01 3.406511e+00 1.272127e+00 -5.459767e+00 -5.867090e-01 -7.315190e-01 8.607593e-01 1.762360e+00 2.919529e-01 -2.016614e+00 -9.545832e-01 9.083025e-01 1.642102e+00 9.648280e-02 -1.617401e+00 -7.577342e-01 -3.291517e-03
<VARIANCE> 25
 8.773417e+00 2.267415e+01 2.944421e+01 4.129322e+01 3.497447e+01 3.630534e+01 5.345010e+01 3.411094e+01 4.318118e+01 3.911717e+01 5.609721e+01 3.666770e+01 3.447062e-01 9.644272e-01 1.413376e+00 2.262585e+00 2.200872e+00 2.676907e+00 2.473850e+00 2.510011e+00 2.461939e+00 2.967019e+00 1.873891e+00 2.154704e+00 7.009383e-04
<GCONST> 8.784084e+01
<MIXTURE> 109 6.661064e-03
<MEAN> 25
 4.078222e+00 -1.053494e+01 -8.293851e+00 -1.353898e+00 2.750179e+00 -4.214384e-02 -6.726149e-02 1.460932e+00 -2.559475e+00 -8.364394e+00 -5.399370e+00 6.498836e-02 -3.352134e-02 -1.317270e-01 -3.152939e-02 2.529050e-01 1.985413e-01 1.182181e-01 -1.248070e-01 -1.058203e-01 -3.980826e-02 -1.312468e-01 2.185944e-01 1.164299e-02 -3.515906e-03
<VARIANCE> 25
 9.126330e+00 1.836290e+01 2.006779e+01 3.139055e+01 4.077116e+01 3.672544e+01 4.661425e+01 3.435981e+01 4.607415e+01 3.528860e+01 2.965579e+01 2.815546e+01 1.927726e-01 4.225793e-01 5.385979e-01 6.374099e-01 1.233432e+00 9.933212e-01 1.257019e+00 1.091813e+00 1.116882e+00 9.510049e-01 8.768580e-01 8.843934e-01 1.818312e-04
<GCONST> 7.446202e+01
<MIXTURE> 110 6.661064e-03
<MEAN> 25
 4.078222e+00 -1.053494e+01 -8.293851e+00 -1.353898e+00 2.750179e+00 -4.214384e-02 -6.726149e-02 1.460932e+00 -2.559475e+00 -8.364394e+00 -5.399370e+00 6.498836e-02 -3.352134e-02 -1.317270e-01 -3.152939e-02 2.529050e-01 1.985413e-01 1.182181e-01 -1.248070e-01 -1.058203e-01 -3.980826e-02 -1.312468e-01 2.185944e-01 1.164299e-02 -3.515906e-03
<VARIANCE> 25
 9.126330e+00 1.836290e+01 2.006779e+01 3.139055e+01 4.077116e+01 3.672544e+01 4.661425e+01 3.435981e+01 4.607415e+01 3.528860e+01 2.965579e+01 2.815546e+01 1.927726e-01 4.225793e-01 5.385979e-01 6.374099e-01 1.233432e+00 9.933212e-01 1.257019e+00 1.091813e+00 1.116882e+00 9.510049e-01 8.768580e-01 8.843934e-01 1.818312e-04
<GCONST> 7.446202e+01
<MIXTURE> 111 4.337247e-03
<MEAN> 25
 -4.000787e+00 -6.697989e-01 -2.002763e+00 1.869536e+00 9.760826e-01 1.528528e+00 1.003187e+00 1.164462e-01 7.581972e-01 -4.160435e-01 -1.665655e+00 2.454237e+00 -2.471111e-03 -4.401831e-02 -5.825656e-02 -8.715252e-02 -4.732262e-02 -6.417605e-02 1.154990e-02 -2.651079e-02 -1.871347e-01 -1.437232e-01 -1.939413e-01 -1.154565e-01 -8.909890e-04
<VARIANCE> 25
 6.953988e+00 4.917015e+00 9.419019e+00 8.453530e+00 1.164825e+01 2.251155e+01 1.517498e+01 1.192507e+01 1.228109e+01 1.134534e+01 1.731704e+01 1.123238e+01 7.578865e-02 1.469289e-01 2.958798e-01 4.162629e-01 5.508316e-01 7.392438e-01 7.400198e-01 9.418874e-01 9.085379e-01 9.024273e-01 1.000439e+00 7.921006e-01 2.405621e-05
<GCONST> 5.591351e+01
<MIXTURE> 112 4.337247e-03
<MEAN> 25
 -4.000787e+00 -6.697989e-01 -2.002763e+00 1.869536e+00 9.760826e-01 1.528528e+00 1.003187e+00 1.164462e-01 7.581972e-01 -4.160435e-01 -1.665655e+00 2.454237e+00 -2.471111e-03 -4.401831e-02 -5.825656e-02 -8.715252e-02 -4.732262e-02 -6.417605e-02 1.154990e-02 -2.651079e-02 -1.871347e-01 -1.437232e-01 -1.939413e-01 -1.154565e-01 -8.909890e-04
<VARIANCE> 25
 6.953988e+00 4.917015e+00 9.419019e+00 8.453530e+00 1.164825e+01 2.251155e+01 1.517498e+01 1.192507e+01 1.228109e+01 1.134534e+01 1.731704e+01 1.123238e+01 7.578865e-02 1.469289e-01 2.958798e-01 4.162629e-01 5.508316e-01 7.392438e-01 7.400198e-01 9.418874e-01 9.085379e-01 9.024273e-01 1.000439e+00 7.921006e-01 2.405621e-05
<GCONST> 5.591351e+01
<MIXTURE> 113 5.938666e-03
<MEAN> 25
 9.978272e+00 1.753665e+00 -8.778580e+00 -1.704375e+01 -1.034633e+00 5.659328e+00 -5.281011e+00 -1.466378e+00 -5.693549e+00 -4.930609e-01 2.969815e-01 -1.967088e-01 4.706168e-03 1.398117e-02 -5.932457e-02 -1.130895e-01 1.041792e-01 1.502758e-01 5.910051e-02 3.596522e-02 -5.683606e-02 -5.117355e-02 1.797349e-01 3.511189e-02 -1.413315e-03
<VARIANCE> 25
 8.869161e+00 1.639541e+01 2.970071e+01 3.425477e+01 5.272612e+01 3.385764e+01 3.969848e+01 3.913344e+01 3.738673e+01 4.639499e+01 3.630497e+01 2.843874e+01 1.218040e-01 3.205867e-01 3.162148e-01 6.316893e-01 6.128138e-01 6.538638e-01 7.765512e-01 8.450419e-01 9.594929e-01 9.050387e-01 7.243297e-01 7.134779e-01 1.247850e-04
<GCONST> 7.110568e+01
<MIXTURE> 114 5.938666e-03
<MEAN> 25
 9.978272e+00 1.753665e+00 -8.778580e+00 -1.704375e+01 -1.034633e+00 5.659328e+00 -5.281011e+00 -1.466378e+00 -5.693549e+00 -4.930609e-01 2.969815e-01 -1.967088e-01 4.706168e-03 1.398117e-02 -5.932457e-02 -1.130895e-01 1.041792e-01 1.502758e-01 5.910051e-02 3.596522e-02 -5.683606e-02 -5.117355e-02 1.797349e-01 3.511189e-02 -1.413315e-03
<VARIANCE> 25
 8.869161e+00 1.639541e+01 2.970071e+01 3.425477e+01 5.272612e+01 3.385764e+01 3.969848e+01 3.913344e+01 3.738673e+01 4.639499e+01 3.630497e+01 2.843874e+01 1.218040e-01 3.205867e-01 3.162148e-01 6.316893e-01 6.128138e-01 6.538638e-01 7.765512e-01 8.450419e-01 9.594929e-01 9.050387e-01 7.243297e-01 7.134779e-01 1.247850e-04
<GCONST> 7.110568e+01
<MIXTURE> 115 2.935202e-03
<MEAN> 25
 -3.628803e+00 -2.577783e-01 -2.856444e+00 3.676482e+00 2.509685e+00 2.544479e-02 2.566582e+00 6.050259e-01 2.176543e+00 -1.665590e-01 -1.501186e+00 2.990668e+00 3.565191e-02 -1.440182e-01 -2.706431e-01 -4.683022e-01 -6.864868e-01 -6.427777e-01 -4.961753e-01 -5.058740e-01 -5.052058e-01 -5.173981e-01 -3.973452e-01 -9.040727e-02 -1.298777e-04
<VARIANCE> 25
 8.915461e+00 9.790680e+00 1.312550e+01 1.223706e+01 1.224731e+01 1.626433e+01 1.549701e+01 1.918581e+01 1.991736e+01 1.737416e+01 2.984249e+01 1.458057e+01 1.894425e-01 3.824928e-01 4.546115e-01 5.583957e-01 6.004803e-01 7.851070e-01 9.331182e-01 1.114365e+00 1.266471e+00 9.653035e-01 1.079363e+00 1.030088e+00 1.101741e-06
<GCONST> 6.028616e+01
<MIXTURE> 116 2.935202e-03
<MEAN> 25
 -3.628803e+00 -2.577783e-01 -2.856444e+00 3.676482e+00 2.509685e+00 2.544479e-02 2.566582e+00 6.050259e-01 2.176543e+00 -1.665590e-01 -1.501186e+00 2.990668e+00 3.565191e-02 -1.440182e-01 -2.706431e-01 -4.683022e-01 -6.864868e-01 -6.427777e-01 -4.961753e-01 -5.058740e-01 -5.052058e-01 -5.173981e-01 -3.973452e-01 -9.040727e-02 -1.298777e-04
<VARIANCE> 25
 8.915461e+00 9.790680e+00 1.312550e+01 1.223706e+01 1.224731e+01 1.626433e+01 1.549701e+01 1.918581e+01 1.991736e+01 1.737416e+01 2.984249e+01 1.458057e+01 1.894425e-01 3.824928e-01 4.546115e-01 5.583957e-01 6.004803e-01 7.851070e-01 9.331182e-01 1.114365e+00 1.266471e+00 9.653035e-01 1.079363e+00 1.030088e+00 1.101741e-06
<GCONST> 6.028616e+01
<MIXTURE> 117 6.506003e-03
<MEAN> 25
 -4.636276e+00 1.123873e+00 1.047686e+00 9.740536e+00 6.257778e+00 6.254758e+00 6.456758e+00 5.027621e+00 6.371206e+00 4.922467e+00 6.311452e+00 2.722647e+00 -7.458813e-02 -2.342344e-01 -3.593212e-01 -4.222966e-01 -3.676443e-01 -3.037926e-01 -2.870321e-01 -3.268614e-01 -3.852127e-01 -3.698395e-01 -2.668340e-01 -1.182546e-01 -1.399957e-05
<VARIANCE> 25
 7.171106e+00 8.718739e+00 9.783676e+00 1.433773e+01 1.554781e+01 1.529291e+01 1.767541e+01 1.794646e+01 1.642481e+01 1.631299e+01 1.730554e+01 1.474852e+01 2.160974e-01 3.072907e-01 4.252786e-01 6.183205e-01 8.511643e-01 1.052863e+00 1.173164e+00 1.232641e+00 1.234068e+00 1.190938e+00 1.166190e+00 1.112540e+00 1.017049e-06
<GCONST> 6.044818e+01
<MIXTURE> 118 6.506003e-03
<MEAN> 25
 -4.636276e+00 1.123873e+00 1.047686e+00 9.740536e+00 6.257778e+00 6.254758e+00 6.456758e+00 5.027621e+00 6.371206e+00 4.922467e+00 6.311452e+00 2.722647e+00 -7.458813e-02 -2.342344e-01 -3.593212e-01 -4.222966e-01 -3.676443e-01 -3.037926e-01 -2.870321e-01 -3.268614e-01 -3.852127e-01 -3.698395e-01 -2.668340e-01 -1.182546e-01 -1.399957e-05
<VARIANCE> 25
 7.171106e+00 8.718739e+00 9.783676e+00 1.433773e+01 1.554781e+01 1.529291e+01 1.767541e+01 1.794646e+01 1.642481e+01 1.631299e+01 1.730554e+01 1.474852e+01 2.160974e-01 3.072907e-01 4.252786e-01 6.183205e-01 8.511643e-01 1.052863e+00 1.173164e+00 1.232641e+00 1.234068e+00 1.190938e+00 1.166190e+00 1.112540e+00 1.017049e-06
<GCONST> 6.044818e+01
<MIXTURE> 119 4.297961e-03
<MEAN> 25
 -4.974116e+00 -7.628394e+00 2.232468e+00 2.014729e+00 2.240628e+00 2.062140e-01 5.272758e+00 5.938798e+00 1.164201e+00 9.640493e-01 6.611107e+00 1.567461e+00 -5.002208e-02 -7.902898e-02 3.736728e-02 -5.748075e-02 -1.266603e-01 -1.795832e-01 -6.956758e-02 -1.426232e-02 -9.230479e-02 -1.119455e-01 -5.598893e-02 -5.847887e-02 1.102425e-03
<VARIANCE> 25
 8.501970e+00 9.886776e+00 1.656198e+01 2.018154e+01 2.285764e+01 2.320516e+01 2.499975e+01 2.647404e+01 2.503873e+01 2.809333e+01 2.041249e+01 2.042299e+01 1.603562e-01 2.825091e-01 4.595771e-01 6.326990e-01 8.036175e-01 1.003759e+00 1.100123e+00 1.277776e+00 1.285816e+00 1.245261e+00 1.193281e+00 1.112141e+00 2.316859e-04
<GCONST> 6.972739e+01
<MIXTURE> 120 4.297961e-03
<MEAN> 25
 -4.974116e+00 -7.628394e+00 2.232468e+00 2.014729e+00 2.240628e+00 2.062140e-01 5.272758e+00 5.938798e+00 1.164201e+00 9.640493e-01 6.611107e+00 1.567461e+00 -5.002208e-02 -7.902898e-02 3.736728e-02 -5.748075e-02 -1.266603e-01 -1.795832e-01 -6.956758e-02 -1.426232e-02 -9.230479e-02 -1.119455e-01 -5.598893e-02 -5.847887e-02 1.102425e-03
<VARIANCE> 25
 8.501970e+00 9.886776e+00 1.656198e+01 2.018154e+01 2.285764e+01 2.320516e+01 2.499975e+01 2.647404e+01 2.503873e+01 2.809333e+01 2.041249e+01 2.042299e+01 1.603562e-01 2.825091e-01 4.595771e-01 6.326990e-01 8.036175e-01 1.003759e+00 1.100123e+00 1.277776e+00 1.285816e+00 1.245261e+00 1.193281e+00 1.112141e+00 2.316859e-04
<GCONST> 6.972739e+01
<MIXTURE> 121 4.567511e-03
<MEAN> 25
 2.067365e-01 -2.518405e+00 5.154012e+00 -1.289283e+01 -1.263486e+01 -1.670249e+00 9.932459e-01 -5.105165e+00 -4.200516e+00 -4.938616e-01 -5.505343e+00 -4.313173e+00 2.436538e-02 1.326566e-01 -4.179067e-02 7.938380e-02 1.577405e-01 7.885800e-02 -7.975576e-02 -1.837282e-01 -2.681073e-01 -2.577283e-01 -1.157191e-01 1.973710e-03 -7.457951e-03
<VARIANCE> 25
 7.730964e+00 1.562721e+01 1.726098e+01 2.045703e+01 2.455503e+01 2.928473e+01 2.955418e+01 2.457221e+01 3.526377e+01 2.833400e+01 1.974692e+01 2.116237e+01 1.550116e-01 6.426198e-01 6.232716e-01 7.044159e-01 7.707932e-01 1.149298e+00 1.117495e+00 1.120286e+00 1.217249e+00 1.192722e+00 9.425335e-01 8.734604e-01 2.112874e-04
<GCONST> 7.140586e+01
<MIXTURE> 122 4.567511e-03
<MEAN> 25
 2.067365e-01 -2.518405e+00 5.154012e+00 -1.289283e+01 -1.263486e+01 -1.670249e+00 9.932459e-01 -5.105165e+00 -4.200516e+00 -4.938616e-01 -5.505343e+00 -4.313173e+00 2.436538e-02 1.326566e-01 -4.179067e-02 7.938380e-02 1.577405e-01 7.885800e-02 -7.975576e-02 -1.837282e-01 -2.681073e-01 -2.577283e-01 -1.157191e-01 1.973710e-03 -7.457951e-03
<VARIANCE> 25
 7.730964e+00 1.562721e+01 1.726098e+01 2.045703e+01 2.455503e+01 2.928473e+01 2.955418e+01 2.457221e+01 3.526377e+01 2.833400e+01 1.974692e+01 2.116237e+01 1.550116e-01 6.426198e-01 6.232716e-01 7.044159e-01 7.707932e-01 1.149298e+00 1.117495e+00 1.120286e+00 1.217249e+00 1.192722e+00 9.425335e-01 8.734604e-01 2.112874e-04
<GCONST> 7.140586e+01
<MIXTURE> 123 4.393044e-03
<MEAN> 25
 -3.461242e+00 1.255113e+00 3.963429e-02 6.031417e+00 4.201066e+00 3.514630e+00 3.502857e+00 -9.803359e-02 8.586895e-01 -9.052392e-01 -2.319166e+00 1.559315e+00 -4.754619e-01 -7.545460e-01 -8.365818e-01 -5.725275e-01 -2.368552e-01 1.324957e-01 4.847817e-01 5.524383e-01 7.028911e-01 7.842708e-01 7.165424e-01 5.377849e-01 -3.695320e-03
<VARIANCE> 25
 1.029786e+01 8.853510e+00 1.306254e+01 1.447696e+01 2.177584e+01 2.355537e+01 1.861242e+01 1.654913e+01 1.991084e+01 1.612088e+01 3.442235e+01 1.791239e+01 3.091827e-01 3.522985e-01 4.476181e-01 6.743515e-01 7.888074e-01 9.980741e-01 1.028610e+00 1.042867e+00 1.065958e+00 1.267186e+00 1.298665e+00 1.078110e+00 8.190866e-05
<GCONST> 6.751129e+01
<MIXTURE> 124 4.069876e-03
<MEAN> 25
 -5.813724e+00 -7.887022e-01 -2.706807e+00 5.130776e+00 4.707832e+00 3.810304e+00 5.677105e+00 2.315334e+00 3.447976e+00 1.431136e+00 -1.998708e-02 3.717200e+00 -2.111953e-01 -3.525533e-01 -3.536293e-01 -1.643848e-01 1.729862e-01 5.457746e-01 7.642140e-01 9.263365e-01 7.504377e-01 2.663729e-01 2.141728e-02 -9.550469e-02 -5.324876e-04
<VARIANCE> 25
 1.206977e+01 7.052632e+00 1.028047e+01 1.114438e+01 1.175901e+01 1.877711e+01 1.502205e+01 1.570703e+01 1.432102e+01 1.453630e+01 2.364886e+01 1.669957e+01 1.018497e-01 1.802156e-01 2.663005e-01 4.643863e-01 5.747852e-01 7.846706e-01 7.325832e-01 7.627559e-01 9.441754e-01 9.842921e-01 1.084910e+00 9.578061e-01 1.835401e-05
<GCONST> 5.890335e+01
<MIXTURE> 125 4.069876e-03
<MEAN> 25
 -5.813724e+00 -7.887022e-01 -2.706807e+00 5.130776e+00 4.707832e+00 3.810304e+00 5.677105e+00 2.315334e+00 3.447976e+00 1.431136e+00 -1.998708e-02 3.717200e+00 -2.111953e-01 -3.525533e-01 -3.536293e-01 -1.643848e-01 1.729862e-01 5.457746e-01 7.642140e-01 9.263365e-01 7.504377e-01 2.663729e-01 2.141728e-02 -9.550469e-02 -5.324876e-04
<VARIANCE> 25
 1.206977e+01 7.052632e+00 1.028047e+01 1.114438e+01 1.175901e+01 1.877711e+01 1.502205e+01 1.570703e+01 1.432102e+01 1.453630e+01 2.364886e+01 1.669957e+01 1.018497e-01 1.802156e-01 2.663005e-01 4.643863e-01 5.747852e-01 7.846706e-01 7.325832e-01 7.627559e-01 9.441754e-01 9.842921e-01 1.084910e+00 9.578061e-01 1.835401e-05
<GCONST> 5.890335e+01
<MIXTURE> 126 2.402244e-03
<MEAN> 25
 -3.759996e+00 -6.847144e+00 -5.249495e+00 2.320943e+00 4.249775e+00 -3.177128e+00 1.224323e-01 3.531157e+00 3.379123e+00 -2.667742e+00 -1.505927e+00 3.078061e+00 -1.371711e-03 -5.730209e-03 -3.301824e-02 -1.554523e-01 -3.224303e-01 -3.890547e-01 -2.737570e-01 -1.621684e-01 -1.134088e-01 -1.139084e-01 -1.023331e-01 -3.312648e-02 -1.539598e-03
<VARIANCE> 25
 7.436233e+00 1.328010e+01 1.387889e+01 1.499856e+01 2.449082e+01 2.389423e+01 2.280564e+01 2.825614e+01 3.128442e+01 2.614611e+01 2.228491e+01 1.914725e+01 1.693366e-01 3.501363e-01 4.832858e-01 5.635868e-01 7.516499e-01 9.929067e-01 1.120781e+00 1.273849e+00 1.330647e+00 1.302218e+00 1.216659e+00 1.150093e+00 2.092974e-04
<GCONST> 6.983254e+01
<MIXTURE> 127 2.402244e-03
<MEAN> 25
 -3.759996e+00 -6.847144e+00 -5.249495e+00 2.320943e+00 4.249775e+00 -3.177128e+00 1.224323e-01 3.531157e+00 3.379123e+00 -2.667742e+00 -1.505927e+00 3.078061e+00 -1.371711e-03 -5.730209e-03 -3.301824e-02 -1.554523e-01 -3.224303e-01 -3.890547e-01 -2.737570e-01 -1.621684e-01 -1.134088e-01 -1.139084e-01 -1.023331e-01 -3.312648e-02 -1.539598e-03
<VARIANCE> 25
 7.436233e+00 1.328010e+01 1.387889e+01 1.499856e+01 2.449082e+01 2.389423e+01 2.280564e+01 2.825614e+01 3.128442e+01 2.614611e+01 2.228491e+01 1.914725e+01 1.693366e-01 3.501363e-01 4.832858e-01 5.635868e-01 7.516499e-01 9.929067e-01 1.120781e+00 1.273849e+00 1.330647e+00 1.302218e+00 1.216659e+00 1.150093e+00 2.092974e-04
<GCONST> 6.983254e+01
<MIXTURE> 128 3.790457e-03
<MEAN> 25
 -3.903284e+00 1.569110e+00 -3.524252e-01 6.545802e+00 3.632387e+00 1.884260e+00 3.610070e+00 2.354742e+00 4.001240e+00 3.714446e+00 3.664871e+00 3.544503e+00 -3.947107e-01 -1.981954e-01 1.025133e-01 7.269662e-01 1.179171e+00 1.136007e+00 7.195901e-01 1.302043e-01 -4.546247e-01 -7.807229e-01 -6.901634e-01 -3.778635e-01 -3.363630e-05
<VARIANCE> 25
 1.019674e+01 1.166676e+01 1.487294e+01 1.923958e+01 1.990650e+01 2.104510e+01 2.423055e+01 2.448658e+01 2.634900e+01 2.378159e+01 2.771993e+01 1.807367e+01 8.842012e-01 1.137712e+00 1.357916e+00 1.491899e+00 1.581675e+00 1.848314e+00 2.229056e+00 2.310848e+00 2.159468e+00 1.846456e+00 1.747706e+00 1.757610e+00 1.021150e-06
<GCONST> 7.359737e+01
<TRANSP> 3
 0.000000e+00 1.000000e+00 0.000000e+00
 0.000000e+00 9.999990e-01 9.999998e-07
 0.000000e+00 0.000000e+00 0.000000e+00
<ENDHMM>
