~o
<STREAMINFO> 1 25
<VECSIZE> 25<NULLD><MFCC_E_D_N><DIAGC>
~h "jmodel"
<BEGINHMM>
<NUMSTATES> 3
<STATE> 2
<NUMMIXES> 128
<MIXTURE> 1 5.748963e-03
<MEAN> 25
 -2.571408e+00 3.148307e+00 2.318779e+00 8.710957e+00 4.349130e+00 3.462524e+00 4.057920e+00 3.935382e+00 5.819118e+00 5.233920e+00 5.837783e+00 3.108246e+00 -2.002234e+00 -1.632669e+00 -8.564544e-01 1.070938e+00 1.544433e+00 2.205890e+00 2.149730e+00 2.096331e+00 1.693524e+00 1.259785e+00 1.547029e+00 6.245735e-01 -4.681310e-02
<VARIANCE> 25
 1.002962e+01 1.185568e+01 1.487124e+01 1.887729e+01 2.313308e+01 2.204524e+01 2.177641e+01 2.185109e+01 2.089801e+01 2.245388e+01 2.115902e+01 1.720564e+01 1.779943e+00 2.109168e+00 3.032182e+00 3.197788e+00 3.766765e+00 3.463880e+00 3.301086e+00 3.385920e+00 3.500526e+00 3.720200e+00 3.561898e+00 2.842086e+00 3.119431e-03
<GCONST> 8.849905e+01
<MIXTURE> 2 4.549242e-03
<MEAN> 25
 -4.875685e+00 1.311213e+00 9.948992e-01 9.898568e+00 6.691164e+00 7.424056e+00 7.847386e+00 6.958769e+00 8.373179e+00 6.372179e+00 7.621983e+00 3.074753e+00 -6.199214e-02 4.158545e-02 1.424895e-01 2.258541e-01 2.652146e-01 2.814883e-01 2.955040e-01 3.196106e-01 3.498723e-01 3.089294e-01 1.970830e-01 8.006261e-02 1.230031e-06
<VARIANCE> 25
 6.951359e+00 8.902436e+00 1.065186e+01 1.591924e+01 1.724286e+01 1.556455e+01 1.689728e+01 1.848664e+01 1.658476e+01 1.738941e+01 1.814858e+01 1.433799e+01 1.252455e-01 2.266040e-01 3.364478e-01 4.672920e-01 6.494325e-01 8.149606e-01 9.299315e-01 1.003159e+00 1.051689e+00 1.077756e+00 1.075574e+00 1.013805e+00 9.998948e-07
<GCONST> 5.804622e+01
<MIXTURE> 3 4.549242e-03
<MEAN> 25
 -4.875685e+00 1.311213e+00 9.948992e-01 9.898568e+00 6.691164e+00 7.424056e+00 7.847386e+00 6.958769e+00 8.373179e+00 6.372179e+00 7.621983e+00 3.074753e+00 -6.199214e-02 4.158545e-02 1.424895e-01 2.258541e-01 2.652146e-01 2.814883e-01 2.955040e-01 3.196106e-01 3.498723e-01 3.089294e-01 1.970830e-01 8.006261e-02 1.230031e-06
<VARIANCE> 25
 6.951359e+00 8.902436e+00 1.065186e+01 1.591924e+01 1.724286e+01 1.556455e+01 1.689728e+01 1.848664e+01 1.658476e+01 1.738941e+01 1.814858e+01 1.433799e+01 1.252455e-01 2.266040e-01 3.364478e-01 4.672920e-01 6.494325e-01 8.149606e-01 9.299315e-01 1.003159e+00 1.051689e+00 1.077756e+00 1.075574e+00 1.013805e+00 9.998948e-07
<GCONST> 5.804622e+01
<MIXTURE> 4 1.671429e-02
<MEAN> 25
 3.184786e+00 2.144291e+00 -2.966068e+00 -8.093596e-03 3.754974e+00 1.741467e+00 7.373307e-01 -1.803731e+00 2.416349e-01 1.625695e+00 -1.475824e+00 5.237342e-01 -2.489854e+00 9.040893e-01 1.948778e+00 2.865798e+00 6.128992e-01 7.256911e-01 1.485392e+00 1.581712e+00 1.439675e+00 2.104926e-01 -2.654161e-01 1.436082e+00 -1.059145e-01
<VARIANCE> 25
 1.667634e+01 2.367086e+01 2.591776e+01 3.360417e+01 3.842628e+01 6.101805e+01 5.130169e+01 5.219466e+01 4.559846e+01 4.721404e+01 4.053372e+01 2.932663e+01 1.954606e+00 4.084047e+00 2.952075e+00 3.984125e+00 4.039814e+00 5.238401e+00 4.620388e+00 5.362476e+00 5.073119e+00 5.201094e+00 9.774523e+00 5.563394e+00 4.721652e-03
<GCONST> 1.018200e+02
<MIXTURE> 5 3.206198e-03
<MEAN> 25
 -3.418291e+00 2.161459e+00 6.281490e-01 9.400701e+00 6.676813e+00 6.302105e+00 7.117399e+00 4.758714e+00 5.506123e+00 3.817653e+00 4.602715e+00 2.608848e+00 -3.218287e-01 7.487603e-01 1.220999e+00 1.027756e+00 3.014430e-01 -9.622998e-02 -7.284026e-02 4.254749e-02 4.645204e-01 6.885611e-01 3.996847e-01 9.069352e-02 -3.151261e-05
<VARIANCE> 25
 1.021345e+01 1.399772e+01 2.348424e+01 2.573533e+01 2.025765e+01 1.940827e+01 2.004748e+01 2.062488e+01 2.136889e+01 2.145891e+01 2.485203e+01 1.630154e+01 1.207777e+00 1.244402e+00 1.356158e+00 1.674046e+00 2.286903e+00 2.371939e+00 2.326296e+00 2.289163e+00 2.318615e+00 2.236300e+00 2.082764e+00 1.869008e+00 1.000403e-06
<GCONST> 7.522532e+01
<MIXTURE> 6 5.475854e-03
<MEAN> 25
 9.140527e+00 -4.374444e-01 -6.090027e+00 -1.051472e+01 -1.857566e+00 6.231090e+00 -5.712573e+00 -5.390882e+00 -4.116267e+00 1.651529e+00 5.373373e+00 -6.341808e-01 4.584674e-01 8.329707e-01 -3.251278e-01 -1.490997e+00 -5.737305e-01 1.288109e+00 1.357689e+00 1.928225e-01 -1.222430e+00 -1.281284e+00 3.362554e-01 1.200012e+00 -8.241262e-03
<VARIANCE> 25
 9.818721e+00 1.473724e+01 2.435351e+01 3.619154e+01 3.240743e+01 2.911612e+01 4.248345e+01 3.865008e+01 3.875822e+01 3.693473e+01 4.864056e+01 2.859378e+01 3.270738e-01 7.874201e-01 9.779943e-01 1.732076e+00 1.518299e+00 1.878922e+00 1.854247e+00 1.997380e+00 2.243969e+00 2.123970e+00 2.836076e+00 1.679211e+00 7.676816e-04
<GCONST> 8.393883e+01
<MIXTURE> 7 5.475854e-03
<MEAN> 25
 9.140527e+00 -4.374444e-01 -6.090027e+00 -1.051472e+01 -1.857566e+00 6.231090e+00 -5.712573e+00 -5.390882e+00 -4.116267e+00 1.651529e+00 5.373373e+00 -6.341808e-01 4.584674e-01 8.329707e-01 -3.251278e-01 -1.490997e+00 -5.737305e-01 1.288109e+00 1.357689e+00 1.928225e-01 -1.222430e+00 -1.281284e+00 3.362554e-01 1.200012e+00 -8.241262e-03
<VARIANCE> 25
 9.818721e+00 1.473724e+01 2.435351e+01 3.619154e+01 3.240743e+01 2.911612e+01 4.248345e+01 3.865008e+01 3.875822e+01 3.693473e+01 4.864056e+01 2.859378e+01 3.270738e-01 7.874201e-01 9.779943e-01 1.732076e+00 1.518299e+00 1.878922e+00 1.854247e+00 1.997380e+00 2.243969e+00 2.123970e+00 2.836076e+00 1.679211e+00 7.676816e-04
<GCONST> 8.393883e+01
<MIXTURE> 8 1.165917e-02
<MEAN> 25
 -4.711321e+00 1.342746e+00 1.311113e+00 9.491615e+00 6.518486e+00 6.248071e+00 6.480178e+00 5.652993e+00 6.670827e+00 5.616148e+00 6.502423e+00 3.163910e+00 -6.244916e-01 -1.418626e+00 -1.069126e+00 -1.727270e+00 -2.424271e-01 -9.511734e-01 -1.825625e-01 -2.753997e-01 -2.490183e-01 -1.685703e-01 -2.084483e-01 8.564752e-02 9.824099e-02
<VARIANCE> 25
 9.340210e+00 9.856896e+00 1.157659e+01 1.650140e+01 1.690593e+01 1.566504e+01 1.807767e+01 1.758932e+01 1.704682e+01 1.734921e+01 1.940082e+01 1.401682e+01 2.759710e+00 2.804638e+00 3.915615e+00 3.759106e+00 3.449658e+00 3.320988e+00 3.133857e+00 3.094661e+00 2.874346e+00 2.645625e+00 2.434438e+00 1.895522e+00 6.693424e-03
<GCONST> 8.635535e+01
<MIXTURE> 9 1.199672e-02
<MEAN> 25
 7.937607e+00 2.393558e+00 -5.590888e+00 -9.782053e+00 -2.711519e+00 5.464129e+00 -1.151931e+00 -1.674353e+00 -5.901980e+00 -1.950894e-01 1.819999e+00 1.370290e+00 1.530596e+00 -3.939037e-02 -6.428230e-01 -2.264183e+00 -1.201760e+00 2.968093e-01 -1.264473e+00 -7.138958e-01 -1.044411e+00 -1.659280e-01 1.750862e+00 -4.731190e-01 7.794062e-02
<VARIANCE> 25
 1.354381e+01 1.731707e+01 2.859822e+01 4.084106e+01 3.554868e+01 2.338952e+01 3.604922e+01 4.670406e+01 3.429863e+01 3.186392e+01 3.574846e+01 2.221927e+01 1.656626e+00 1.704907e+00 3.894313e+00 3.826816e+00 3.786561e+00 4.018768e+00 3.642768e+00 5.180950e+00 4.523743e+00 3.263278e+00 4.725171e+00 3.528092e+00 1.683102e-03
<GCONST> 9.481216e+01
<MIXTURE> 10 6.596976e-03
<MEAN> 25
 8.199363e-01 7.614237e+00 5.369157e+00 7.124610e+00 1.584547e+00 -2.085660e+00 -5.056913e-01 -1.698792e+00 8.639088e-01 8.596206e-01 8.173724e-01 6.646308e-01 -1.922910e+00 -6.728339e-01 -4.514858e-01 3.023553e+00 2.453779e+00 2.704451e+00 2.371337e+00 2.282413e+00 1.865633e+00 1.538813e+00 2.310947e+00 5.318698e-01 -1.379775e-01
<VARIANCE> 25
 1.948023e+01 2.072801e+01 2.224799e+01 2.913570e+01 3.820504e+01 3.515273e+01 3.512725e+01 3.385139e+01 2.756897e+01 2.897414e+01 2.704707e+01 2.495597e+01 2.229583e+00 3.416406e+00 5.536459e+00 5.164241e+00 5.558186e+00 4.467319e+00 4.687988e+00 4.849851e+00 4.379776e+00 5.018696e+00 4.610316e+00 3.201760e+00 2.698441e-03
<GCONST> 9.749005e+01
<MIXTURE> 11 1.633820e-02
<MEAN> 25
 6.042272e+00 2.802634e+00 3.877365e+00 3.882743e+00 -2.278701e+00 -1.660419e+00 -3.206549e+00 -5.075740e+00 -3.196527e+00 3.692495e-01 -2.505708e+00 -1.701129e+00 -3.566059e-01 4.408623e-01 2.184627e-01 2.932809e-01 3.326888e-01 1.150378e-01 3.094837e-01 -2.910164e-02 8.997556e-02 -1.024845e-01 -2.401055e-01 3.040557e-01 -1.886824e-02
<VARIANCE> 25
 1.073269e+01 1.921242e+01 1.675467e+01 2.426120e+01 2.846517e+01 3.032259e+01 3.879221e+01 3.922280e+01 3.280507e+01 2.551693e+01 4.467670e+01 2.974539e+01 8.763666e-01 9.952337e-01 1.394670e+00 1.812671e+00 1.761741e+00 2.094536e+00 1.744976e+00 2.150863e+00 1.942384e+00 1.526578e+00 2.920927e+00 1.877475e+00 1.145014e-03
<GCONST> 8.472883e+01
<MIXTURE> 12 5.904134e-03
<MEAN> 25
 1.057382e+01 3.672586e+00 -4.585117e+00 -1.586504e+01 -8.530507e+00 8.614064e+00 -8.212471e-01 -1.897840e+00 -1.824873e+00 -4.842864e+00 1.800220e+00 9.588569e-01 8.195683e-02 3.242989e-01 7.551549e-02 -3.761933e-01 -3.084875e-01 5.139727e-02 3.170274e-01 4.341631e-01 1.248690e-01 -4.227877e-01 -3.447980e-01 5.034170e-02 -5.867670e-03
<VARIANCE> 25
 9.963197e+00 2.059158e+01 2.338996e+01 3.467618e+01 4.195778e+01 3.027470e+01 4.127201e+01 4.825147e+01 4.350188e+01 3.645174e+01 3.903762e+01 3.049555e+01 2.537744e-01 7.023784e-01 6.694992e-01 1.145003e+00 1.170190e+00 1.045356e+00 1.142832e+00 1.374481e+00 1.216809e+00 1.250231e+00 1.293646e+00 9.309440e-01 5.783791e-04
<GCONST> 7.897642e+01
<MIXTURE> 13 5.904134e-03
<MEAN> 25
 1.057382e+01 3.672586e+00 -4.585117e+00 -1.586504e+01 -8.530507e+00 8.614064e+00 -8.212471e-01 -1.897840e+00 -1.824873e+00 -4.842864e+00 1.800220e+00 9.588569e-01 8.195683e-02 3.242989e-01 7.551549e-02 -3.761933e-01 -3.084875e-01 5.139727e-02 3.170274e-01 4.341631e-01 1.248690e-01 -4.227877e-01 -3.447980e-01 5.034170e-02 -5.867670e-03
<VARIANCE> 25
 9.963197e+00 2.059158e+01 2.338996e+01 3.467618e+01 4.195778e+01 3.027470e+01 4.127201e+01 4.825147e+01 4.350188e+01 3.645174e+01 3.903762e+01 3.049555e+01 2.537744e-01 7.023784e-01 6.694992e-01 1.145003e+00 1.170190e+00 1.045356e+00 1.142832e+00 1.374481e+00 1.216809e+00 1.250231e+00 1.293646e+00 9.309440e-01 5.783791e-04
<GCONST> 7.897642e+01
<MIXTURE> 14 6.488954e-03
<MEAN> 25
 -4.213205e+00 -4.251339e-01 -2.215906e-01 8.568179e+00 7.163018e+00 7.425047e+00 7.940738e+00 7.219007e+00 7.302461e+00 5.277543e+00 6.626398e+00 4.170292e+00 -3.111055e-01 1.749706e-01 3.800549e-01 2.571120e-01 -7.937840e-02 -2.212142e-02 1.144015e-01 2.331882e-01 3.562817e-01 5.548098e-01 4.620641e-01 1.163241e-01 -1.002067e-02
<VARIANCE> 25
 9.219556e+00 1.338425e+01 1.812642e+01 2.002976e+01 2.314552e+01 1.893136e+01 2.098589e+01 2.016859e+01 1.939927e+01 2.321027e+01 2.208330e+01 1.550632e+01 9.684201e-01 1.591459e+00 1.715322e+00 1.934968e+00 2.346509e+00 2.359523e+00 2.185231e+00 2.240600e+00 2.291024e+00 2.424165e+00 2.165389e+00 1.791191e+00 1.004212e-03
<GCONST> 8.183194e+01
<MIXTURE> 15 2.475190e-03
<MEAN> 25
 -5.421619e+00 -6.541627e-01 -1.899863e-01 7.355225e+00 5.711366e+00 5.701959e+00 6.065434e+00 4.986276e+00 5.159843e+00 4.128906e+00 5.462149e+00 2.544297e+00 -1.194332e-01 -3.000483e-02 7.430674e-02 2.421441e-01 4.873206e-01 7.865554e-01 1.074585e+00 1.181824e+00 1.060730e+00 7.616851e-01 4.195163e-01 1.532321e-01 -1.059747e-04
<VARIANCE> 25
 6.965856e+00 5.618994e+00 9.053193e+00 1.282940e+01 1.406521e+01 1.427936e+01 1.488566e+01 1.497621e+01 1.411331e+01 1.435338e+01 1.558389e+01 1.247617e+01 1.254643e-01 2.057960e-01 3.193763e-01 5.024217e-01 7.021054e-01 7.915209e-01 7.654493e-01 7.931457e-01 9.080586e-01 1.032434e+00 1.070477e+00 1.039153e+00 2.814071e-05
<GCONST> 5.865037e+01
<MIXTURE> 16 2.475190e-03
<MEAN> 25
 -5.421619e+00 -6.541627e-01 -1.899863e-01 7.355225e+00 5.711366e+00 5.701959e+00 6.065434e+00 4.986276e+00 5.159843e+00 4.128906e+00 5.462149e+00 2.544297e+00 -1.194332e-01 -3.000483e-02 7.430674e-02 2.421441e-01 4.873206e-01 7.865554e-01 1.074585e+00 1.181824e+00 1.060730e+00 7.616851e-01 4.195163e-01 1.532321e-01 -1.059747e-04
<VARIANCE> 25
 6.965856e+00 5.618994e+00 9.053193e+00 1.282940e+01 1.406521e+01 1.427936e+01 1.488566e+01 1.497621e+01 1.411331e+01 1.435338e+01 1.558389e+01 1.247617e+01 1.254643e-01 2.057960e-01 3.193763e-01 5.024217e-01 7.021054e-01 7.915209e-01 7.654493e-01 7.931457e-01 9.080586e-01 1.032434e+00 1.070477e+00 1.039153e+00 2.814071e-05
<GCONST> 5.865037e+01
<MIXTURE> 17 9.518312e-03
<MEAN> 25
 3.704317e+00 -6.686520e-01 5.509064e+00 2.587252e+00 -5.184692e+00 -5.921793e+00 -3.623384e+00 -8.089710e-02 -1.733143e+00 -3.494123e+00 1.160390e+00 -2.862857e-01 -5.533347e-01 -1.192005e+00 8.408279e-01 -1.692089e+00 -2.135497e+00 -9.436300e-01 -2.431286e-01 8.355855e-01 -5.048335e-01 -3.159294e-01 1.720204e+00 9.227059e-03 8.431441e-02
<VARIANCE> 25
 1.315693e+01 2.560205e+01 2.654540e+01 3.162573e+01 3.825176e+01 5.099929e+01 3.861394e+01 2.895063e+01 3.327342e+01 2.448633e+01 3.746908e+01 2.642561e+01 1.764785e+00 2.184605e+00 3.813599e+00 3.143450e+00 3.419417e+00 6.981102e+00 4.721942e+00 4.035436e+00 3.795536e+00 3.617592e+00 3.916566e+00 3.043059e+00 1.913643e-03
<GCONST> 9.548761e+01
<MIXTURE> 18 1.221018e-02
<MEAN> 25
 3.449796e+00 3.908758e+00 6.004391e+00 4.354358e+00 -4.151134e+00 -8.770807e+00 -2.368576e+00 -8.964302e-01 -3.145975e+00 -2.381220e+00 -6.536505e-01 4.224266e-01 -6.469044e-01 1.898057e+00 -2.511625e-02 1.482899e+00 2.439723e+00 1.857074e+00 7.715186e-01 -2.709984e-01 7.868727e-01 6.347969e-01 -1.392474e+00 5.123509e-01 -1.208924e-01
<VARIANCE> 25
 1.346832e+01 2.193662e+01 2.790871e+01 2.155345e+01 3.280844e+01 3.843810e+01 3.248569e+01 3.015712e+01 3.433794e+01 2.871568e+01 4.570897e+01 2.701097e+01 2.154004e+00 2.640597e+00 3.883847e+00 4.257212e+00 4.703313e+00 4.447767e+00 3.760820e+00 3.662496e+00 3.905011e+00 3.762330e+00 7.952243e+00 3.958657e+00 3.564146e-03
<GCONST> 9.678113e+01
<MIXTURE> 19 9.912824e-03
<MEAN> 25
 -8.346725e+00 1.188954e+00 -3.358615e-01 4.011763e-01 3.319759e+00 2.989108e+00 4.737740e+00 1.404922e+00 2.103651e+00 4.948631e-01 1.883637e-01 2.594565e+00 2.050112e+00 1.497855e+00 1.955795e+00 7.579966e-01 -1.049385e+00 -1.097598e+00 -1.282852e+00 -1.535335e+00 -1.222607e+00 -8.874796e-01 -5.392247e-01 -8.237152e-01 9.155408e-03
<VARIANCE> 25
 5.083175e+01 2.860303e+01 3.915149e+01 4.614050e+01 2.609311e+01 3.769936e+01 2.939579e+01 2.317207e+01 3.674035e+01 2.415265e+01 3.073648e+01 2.397488e+01 1.971761e+00 1.924209e+00 1.823033e+00 2.088593e+00 2.151758e+00 2.096522e+00 2.399374e+00 2.181713e+00 2.467311e+00 2.052059e+00 2.487435e+00 1.479538e+00 2.272889e-03
<GCONST> 9.020451e+01
<MIXTURE> 20 6.308331e-03
<MEAN> 25
 -1.410146e+01 7.757652e+00 3.877525e-01 6.459582e+00 4.969055e+00 1.678726e+00 6.046316e+00 6.652897e-01 1.063051e+00 -1.849660e-01 1.509307e+00 -3.907667e-01 -3.300243e+00 -6.538608e-01 -1.853508e+00 3.947839e-01 1.432880e+00 1.776428e+00 2.111318e+00 2.231652e+00 2.224906e+00 1.867813e+00 1.538018e+00 9.062469e-01 5.350412e-02
<VARIANCE> 25
 1.808914e+01 2.177718e+01 2.932654e+01 3.368531e+01 2.779442e+01 2.504034e+01 3.132513e+01 2.825494e+01 2.488499e+01 3.122143e+01 3.027458e+01 1.905716e+01 1.906039e+00 2.237397e+00 2.230099e+00 2.305692e+00 2.481600e+00 2.609824e+00 2.171561e+00 2.512954e+00 2.075912e+00 2.719382e+00 2.169347e+00 1.659621e+00 1.913203e-03
<GCONST> 8.856849e+01
<MIXTURE> 21 7.928653e-03
<MEAN> 25
 3.951490e+00 -4.472947e+00 5.723343e+00 -1.484345e+00 -1.046122e+01 -8.790226e+00 -2.682541e+00 4.155580e+00 -2.031278e+00 -3.433348e+00 3.847133e-01 2.390633e-01 -7.192518e-01 1.335543e+00 2.546521e+00 -4.782045e-02 -1.499623e+00 3.057930e-01 6.036147e-01 -1.494255e+00 -1.929149e+00 3.209521e-01 1.284673e+00 2.576879e-01 -1.293059e-02
<VARIANCE> 25
 8.871641e+00 1.855475e+01 2.926562e+01 2.803855e+01 2.871645e+01 3.379020e+01 4.240982e+01 3.866131e+01 4.229036e+01 3.144681e+01 3.586692e+01 2.357028e+01 3.724667e-01 9.363713e-01 1.907202e+00 1.272553e+00 2.305563e+00 2.206736e+00 3.582183e+00 2.481408e+00 2.169267e+00 2.560207e+00 2.083710e+00 2.266864e+00 4.283689e-04
<GCONST> 8.512948e+01
<MIXTURE> 22 8.827789e-03
<MEAN> 25
 -1.772527e+01 7.332952e+00 -4.437983e+00 7.395004e+00 4.434296e+00 2.169700e+00 8.782456e+00 2.679034e+00 5.814284e+00 2.733729e+00 4.583147e+00 1.224103e+00 -2.955900e-01 -2.611743e-01 -1.884827e-01 -1.777256e-01 -8.858196e-02 -2.102860e-02 1.276947e-01 2.587269e-01 3.468784e-01 3.119287e-01 1.501784e-01 1.182269e-01 9.293414e-03
<VARIANCE> 25
 7.572559e+00 1.565331e+01 1.628418e+01 2.249481e+01 2.142866e+01 2.149632e+01 1.995318e+01 2.667727e+01 1.919417e+01 2.249151e+01 2.721896e+01 1.262049e+01 1.082801e+00 1.274130e+00 1.363841e+00 1.454386e+00 1.376337e+00 1.552072e+00 1.433832e+00 1.573594e+00 1.639505e+00 1.590042e+00 1.389851e+00 1.102631e+00 1.646990e-03
<GCONST> 7.849809e+01
<MIXTURE> 23 6.455497e-03
<MEAN> 25
 7.108118e+00 1.674476e+00 3.089005e+00 2.299376e+00 -4.122807e+00 -2.997491e+00 -4.469475e+00 -5.624850e+00 -2.668261e+00 -3.539825e-01 -3.105119e+00 -2.556580e+00 2.902694e-03 1.535893e-01 -1.875712e-02 7.298338e-02 -6.984220e-02 4.407846e-02 8.289205e-02 2.376093e-02 2.134822e-02 4.830011e-02 -5.121348e-02 -1.487028e-03 -3.681522e-03
<VARIANCE> 25
 1.068039e+01 1.968213e+01 2.214625e+01 3.362915e+01 3.254460e+01 4.798215e+01 5.026774e+01 4.707518e+01 4.116603e+01 4.073076e+01 5.429235e+01 3.727847e+01 1.265093e-01 2.475104e-01 3.264096e-01 4.363826e-01 5.194388e-01 8.495886e-01 7.325101e-01 8.275818e-01 1.001171e+00 8.550087e-01 7.837725e-01 9.785460e-01 1.158223e-04
<GCONST> 7.185268e+01
<MIXTURE> 24 6.455497e-03
<MEAN> 25
 7.108118e+00 1.674476e+00 3.089005e+00 2.299376e+00 -4.122807e+00 -2.997491e+00 -4.469475e+00 -5.624850e+00 -2.668261e+00 -3.539825e-01 -3.105119e+00 -2.556580e+00 2.902694e-03 1.535893e-01 -1.875712e-02 7.298338e-02 -6.984220e-02 4.407846e-02 8.289205e-02 2.376093e-02 2.134822e-02 4.830011e-02 -5.121348e-02 -1.487028e-03 -3.681522e-03
<VARIANCE> 25
 1.068039e+01 1.968213e+01 2.214625e+01 3.362915e+01 3.254460e+01 4.798215e+01 5.026774e+01 4.707518e+01 4.116603e+01 4.073076e+01 5.429235e+01 3.727847e+01 1.265093e-01 2.475104e-01 3.264096e-01 4.363826e-01 5.194388e-01 8.495886e-01 7.325101e-01 8.275818e-01 1.001171e+00 8.550087e-01 7.837725e-01 9.785460e-01 1.158223e-04
<GCONST> 7.185268e+01
<MIXTURE> 25 1.118642e-02
<MEAN> 25
 3.136989e-01 3.467413e+00 1.670044e+01 -9.874398e-01 -1.124436e+01 -1.766203e+00 -4.967622e+00 -2.932534e+00 -6.897063e+00 -5.406876e+00 4.019958e+00 -1.617767e+00 -1.455290e-01 4.371144e-01 1.606449e-01 1.435017e-01 2.266974e-01 1.148064e-01 1.973449e-01 -1.631251e-01 -2.469155e-01 6.593990e-02 -7.797445e-02 -1.023506e-01 -1.321914e-02
<VARIANCE> 25
 8.796293e+00 2.206820e+01 2.144932e+01 2.863873e+01 3.205621e+01 4.079047e+01 2.722612e+01 2.988396e+01 2.830427e+01 3.649925e+01 2.171096e+01 2.752154e+01 6.040330e-01 1.438414e+00 1.402828e+00 1.382252e+00 2.267600e+00 2.029461e+00 1.732417e+00 1.623989e+00 1.525012e+00 1.647729e+00 1.344815e+00 1.291424e+00 1.279935e-03
<GCONST> 8.274136e+01
<MIXTURE> 26 7.727677e-03
<MEAN> 25
 2.026911e+00 -6.183632e+00 -1.030391e+01 -1.346674e+00 7.540922e+00 6.038725e+00 4.239714e+00 1.030116e-02 1.628574e+00 -7.745254e-01 -2.546264e+00 -5.447715e-01 -6.359105e-01 5.968381e-01 4.819535e-01 7.748407e-01 2.283676e-01 2.578924e-01 3.945857e-01 2.144639e-01 2.700911e-01 3.147181e-02 3.396868e-01 4.606504e-01 -5.101403e-02
<VARIANCE> 25
 2.389982e+01 3.261253e+01 2.551378e+01 6.414540e+01 3.897461e+01 4.547350e+01 4.397104e+01 4.364154e+01 4.276714e+01 5.153305e+01 3.983081e+01 4.717514e+01 1.569906e+00 1.842694e+00 2.066352e+00 2.054541e+00 2.237620e+00 2.267250e+00 2.556518e+00 2.860079e+00 2.300587e+00 2.228712e+00 2.234052e+00 1.983840e+00 3.203274e-03
<GCONST> 9.378336e+01
<MIXTURE> 27 7.727677e-03
<MEAN> 25
 2.026911e+00 -6.183632e+00 -1.030391e+01 -1.346674e+00 7.540922e+00 6.038725e+00 4.239714e+00 1.030116e-02 1.628574e+00 -7.745254e-01 -2.546264e+00 -5.447715e-01 -6.359105e-01 5.968381e-01 4.819535e-01 7.748407e-01 2.283676e-01 2.578924e-01 3.945857e-01 2.144639e-01 2.700911e-01 3.147181e-02 3.396868e-01 4.606504e-01 -5.101403e-02
<VARIANCE> 25
 2.389982e+01 3.261253e+01 2.551378e+01 6.414540e+01 3.897461e+01 4.547350e+01 4.397104e+01 4.364154e+01 4.276714e+01 5.153305e+01 3.983081e+01 4.717514e+01 1.569906e+00 1.842694e+00 2.066352e+00 2.054541e+00 2.237620e+00 2.267250e+00 2.556518e+00 2.860079e+00 2.300587e+00 2.228712e+00 2.234052e+00 1.983840e+00 3.203274e-03
<GCONST> 9.378336e+01
<MIXTURE> 28 5.036674e-03
<MEAN> 25
 -5.447907e+00 -1.472674e-02 -1.475205e+00 6.544302e+00 5.124616e+00 3.490940e+00 5.481459e+00 3.256435e+00 3.989829e+00 2.365472e+00 2.456776e+00 3.220236e+00 -1.154935e-01 2.177706e-01 5.216520e-01 7.873644e-01 8.165795e-01 7.152335e-01 5.270471e-01 3.942560e-01 4.493637e-01 4.750454e-01 3.576305e-01 1.866065e-01 -1.311384e-05
<VARIANCE> 25
 1.029833e+01 8.287733e+00 1.259881e+01 1.498560e+01 1.534176e+01 1.753186e+01 1.813967e+01 1.990562e+01 1.725498e+01 1.661282e+01 2.256755e+01 1.479056e+01 2.537483e-01 3.339157e-01 4.049489e-01 4.620239e-01 6.235131e-01 8.465649e-01 1.054881e+00 1.139245e+00 1.094330e+00 1.030146e+00 1.034433e+00 1.054445e+00 9.906852e-07
<GCONST> 6.036913e+01
<MIXTURE> 29 5.036674e-03
<MEAN> 25
 -5.447907e+00 -1.472674e-02 -1.475205e+00 6.544302e+00 5.124616e+00 3.490940e+00 5.481459e+00 3.256435e+00 3.989829e+00 2.365472e+00 2.456776e+00 3.220236e+00 -1.154935e-01 2.177706e-01 5.216520e-01 7.873644e-01 8.165795e-01 7.152335e-01 5.270471e-01 3.942560e-01 4.493637e-01 4.750454e-01 3.576305e-01 1.866065e-01 -1.311384e-05
<VARIANCE> 25
 1.029833e+01 8.287733e+00 1.259881e+01 1.498560e+01 1.534176e+01 1.753186e+01 1.813967e+01 1.990562e+01 1.725498e+01 1.661282e+01 2.256755e+01 1.479056e+01 2.537483e-01 3.339157e-01 4.049489e-01 4.620239e-01 6.235131e-01 8.465649e-01 1.054881e+00 1.139245e+00 1.094330e+00 1.030146e+00 1.034433e+00 1.054445e+00 9.906852e-07
<GCONST> 6.036913e+01
<MIXTURE> 30 8.917812e-03
<MEAN> 25
 -4.495855e+00 -2.207472e-01 6.839773e-01 9.048789e+00 7.728918e+00 7.493931e+00 7.594296e+00 6.866148e+00 6.526950e+00 4.852676e+00 6.882806e+00 3.493578e+00 -2.263562e-02 2.791326e-02 6.121013e-02 8.658771e-02 7.951676e-02 4.508521e-02 1.292661e-02 -3.490415e-03 1.825212e-02 5.305533e-02 6.548959e-02 3.390982e-02 -5.821681e-04
<VARIANCE> 25
 6.880486e+00 9.852478e+00 1.040587e+01 1.381483e+01 1.588214e+01 1.633810e+01 1.902538e+01 1.809284e+01 1.615885e+01 1.847621e+01 2.302006e+01 1.429622e+01 9.819454e-02 2.000543e-01 3.256780e-01 4.798189e-01 6.178231e-01 7.198281e-01 7.687203e-01 8.068314e-01 8.848689e-01 9.817012e-01 9.169853e-01 8.591721e-01 5.174883e-05
<GCONST> 6.070428e+01
<MIXTURE> 31 4.136493e-03
<MEAN> 25
 -3.321811e+00 -5.653154e+00 1.106013e-01 4.851031e+00 3.666314e+00 1.730388e+00 5.306107e+00 6.646045e+00 2.776271e+00 1.164785e+00 6.277932e+00 3.168162e+00 2.552109e-01 4.623715e-01 -2.016203e-01 2.987734e-01 1.106737e-01 4.266530e-01 2.042197e-01 2.263574e-02 4.007540e-01 4.116509e-01 1.128229e-01 1.121822e-01 -1.823386e-02
<VARIANCE> 25
 7.080451e+00 1.509861e+01 1.757363e+01 1.777323e+01 2.492150e+01 2.377929e+01 2.356742e+01 2.531988e+01 2.567402e+01 2.791172e+01 2.357165e+01 1.843525e+01 1.890627e-01 4.975362e-01 6.019099e-01 7.607428e-01 9.667858e-01 1.080659e+00 1.239940e+00 1.397728e+00 1.353272e+00 1.370116e+00 1.237578e+00 1.121712e+00 2.549466e-04
<GCONST> 7.190761e+01
<MIXTURE> 32 4.136493e-03
<MEAN> 25
 -3.321811e+00 -5.653154e+00 1.106013e-01 4.851031e+00 3.666314e+00 1.730388e+00 5.306107e+00 6.646045e+00 2.776271e+00 1.164785e+00 6.277932e+00 3.168162e+00 2.552109e-01 4.623715e-01 -2.016203e-01 2.987734e-01 1.106737e-01 4.266530e-01 2.042197e-01 2.263574e-02 4.007540e-01 4.116509e-01 1.128229e-01 1.121822e-01 -1.823386e-02
<VARIANCE> 25
 7.080451e+00 1.509861e+01 1.757363e+01 1.777323e+01 2.492150e+01 2.377929e+01 2.356742e+01 2.531988e+01 2.567402e+01 2.791172e+01 2.357165e+01 1.843525e+01 1.890627e-01 4.975362e-01 6.019099e-01 7.607428e-01 9.667858e-01 1.080659e+00 1.239940e+00 1.397728e+00 1.353272e+00 1.370116e+00 1.237578e+00 1.121712e+00 2.549466e-04
<GCONST> 7.190761e+01
<MIXTURE> 33 1.508826e-02
<MEAN> 25
 6.213836e+00 -3.909829e+00 -2.290706e+00 -2.688750e+00 -1.793679e+00 -5.188878e+00 -7.168249e+00 1.677622e+00 1.970913e+00 -2.317241e-01 -4.523535e+00 -2.790628e+00 6.271256e-01 -1.156438e+00 -2.485572e+00 -1.846326e+00 1.423880e+00 1.317020e+00 -8.058424e-01 7.465782e-01 8.694491e-01 6.235696e-01 -1.527285e-01 -1.370719e+00 3.899179e-02
<VARIANCE> 25
 1.170047e+01 2.018706e+01 3.051787e+01 3.512105e+01 3.884044e+01 4.507668e+01 4.258030e+01 4.461295e+01 4.048103e+01 4.303886e+01 3.537680e+01 2.883985e+01 1.152446e+00 1.861231e+00 2.466390e+00 2.188998e+00 4.076833e+00 3.506955e+00 4.161541e+00 5.547333e+00 3.939483e+00 4.297291e+00 3.576999e+00 2.587469e+00 1.455094e-03
<GCONST> 9.456685e+01
<MIXTURE> 34 1.588179e-02
<MEAN> 25
 7.438592e+00 -1.674434e-01 1.953239e-01 8.576481e-01 -1.862327e+00 -9.875780e-01 -5.356372e+00 -5.383681e+00 -2.068289e+00 1.145470e+00 1.281452e-01 -4.407747e+00 -7.204705e-02 1.187126e+00 1.616167e+00 1.704165e+00 -3.566923e-03 5.382617e-01 9.938033e-01 -1.413393e+00 -5.796817e-01 4.668286e-02 -1.826093e+00 8.462270e-01 -6.756324e-02
<VARIANCE> 25
 1.006117e+01 2.345528e+01 2.839721e+01 4.070497e+01 3.227127e+01 4.077265e+01 4.363612e+01 4.484822e+01 4.069686e+01 3.384872e+01 6.243882e+01 3.808187e+01 1.048591e+00 1.518888e+00 3.264333e+00 3.949307e+00 4.363235e+00 5.343124e+00 4.054773e+00 5.026519e+00 4.149424e+00 3.812593e+00 7.294491e+00 3.817872e+00 9.216855e-04
<GCONST> 9.651114e+01
<MIXTURE> 35 1.467755e-02
<MEAN> 25
 -2.103187e+00 -4.914276e+00 -1.001478e+01 -1.308258e+00 8.114011e+00 1.458226e+00 1.856732e-01 3.486897e+00 5.127382e-01 4.926827e+00 -3.829108e-01 1.535800e+00 6.973771e-01 -9.678488e-01 -1.706425e+00 -1.431852e+00 3.730653e-01 -7.186317e-01 -6.341278e-01 3.612456e-01 -3.244371e-01 2.656902e-01 2.034039e-01 -1.002182e+00 1.014378e-01
<VARIANCE> 25
 1.602984e+01 2.390765e+01 3.875510e+01 5.873846e+01 4.414592e+01 4.897431e+01 5.658574e+01 3.994060e+01 4.717378e+01 3.492361e+01 3.105500e+01 3.017977e+01 2.889482e+00 2.925383e+00 6.293808e+00 4.889656e+00 4.347630e+00 5.208098e+00 4.107306e+00 4.685708e+00 4.994605e+00 3.804996e+00 5.708535e+00 4.985004e+00 4.326310e-03
<GCONST> 1.017662e+02
<MIXTURE> 36 1.093293e-02
<MEAN> 25
 4.182868e+00 -3.123462e+00 5.029921e+00 2.815113e+00 -7.855028e+00 -1.030183e+01 -6.011040e+00 2.519403e+00 -1.133650e+00 -4.773067e+00 5.161393e+00 -2.188174e+00 2.113172e-01 2.233891e-01 -5.608860e-01 -1.317047e-01 7.147617e-01 6.489012e-02 -1.358850e-01 -3.139986e-01 2.070452e-01 6.742919e-01 -4.805563e-01 -2.552132e-01 -1.334894e-02
<VARIANCE> 25
 8.183436e+00 1.200134e+01 2.172113e+01 1.975816e+01 3.206740e+01 3.251049e+01 3.703157e+01 2.728591e+01 3.030127e+01 2.881703e+01 3.624416e+01 2.740177e+01 5.024900e-01 6.333510e-01 1.307417e+00 9.175780e-01 1.287924e+00 2.666794e+00 1.901610e+00 1.683281e+00 1.721462e+00 1.481752e+00 1.149315e+00 1.452576e+00 7.378391e-04
<GCONST> 7.980808e+01
<MIXTURE> 37 1.246826e-02
<MEAN> 25
 5.480695e-01 7.727358e+00 1.199508e+01 -5.521721e+00 -7.995398e+00 -1.059323e+00 -5.070389e+00 -8.260653e+00 -3.672312e+00 -9.151006e-01 -3.702226e+00 -1.251063e+00 1.652330e-01 6.467167e-01 -1.349612e+00 3.565018e+00 1.978947e+00 -2.901221e-01 1.098972e+00 4.391834e-01 5.318129e-01 -3.273200e-01 5.339507e-01 -9.191142e-02 -9.428120e-02
<VARIANCE> 25
 1.583128e+01 2.605293e+01 3.111673e+01 5.081391e+01 3.393079e+01 3.189141e+01 4.371702e+01 3.541135e+01 3.863459e+01 3.572694e+01 3.766676e+01 3.090749e+01 2.974386e+00 3.393710e+00 3.018945e+00 4.116530e+00 4.600011e+00 3.742394e+00 4.194435e+00 3.791920e+00 3.438556e+00 3.603883e+00 3.942790e+00 2.781830e+00 3.969787e-03
<GCONST> 9.778353e+01
<MIXTURE> 38 1.154525e-02
<MEAN> 25
 -4.266910e+00 7.875439e+00 4.682953e+00 3.102302e+00 5.175976e-01 -4.375862e+00 -2.420409e-01 -1.755026e+00 -1.724561e+00 -3.058847e+00 -2.744171e+00 -1.047211e-01 -4.313381e+00 1.371591e+00 -8.838384e-01 1.599093e+00 2.380038e+00 1.291273e+00 2.375161e+00 6.478006e-01 9.141668e-01 1.107785e-02 1.029983e+00 2.552346e-01 5.203589e-02
<VARIANCE> 25
 2.759524e+01 2.634592e+01 3.288910e+01 2.813882e+01 4.236009e+01 2.919570e+01 3.812531e+01 3.507345e+01 3.116475e+01 2.597123e+01 2.499125e+01 2.517580e+01 2.080910e+00 3.071831e+00 3.882439e+00 3.939642e+00 3.296861e+00 3.912474e+00 3.893198e+00 4.246297e+00 3.691874e+00 4.854176e+00 4.308959e+00 2.477251e+00 1.815338e-03
<GCONST> 9.571278e+01
<MIXTURE> 39 9.501865e-03
<MEAN> 25
 1.318933e+00 2.526575e+00 9.922801e+00 -8.830980e+00 -1.099162e+01 -1.118443e+00 -3.081534e+00 -6.284791e+00 -4.140050e+00 8.974974e-01 -3.963254e+00 -1.967739e+00 -7.236578e-01 1.455243e+00 1.572466e+00 -1.398305e+00 3.207520e-02 1.270677e+00 -1.157448e+00 -1.150063e+00 5.281475e-01 4.211649e-01 -6.348210e-01 1.950450e-01 -2.560515e-03
<VARIANCE> 25
 8.494875e+00 2.874192e+01 3.171047e+01 3.925082e+01 3.727958e+01 4.113832e+01 4.264110e+01 3.358433e+01 4.049812e+01 3.170071e+01 3.617872e+01 3.014457e+01 6.620288e-01 1.558294e+00 1.499789e+00 2.832571e+00 2.352018e+00 2.747521e+00 2.948149e+00 2.827357e+00 2.514411e+00 2.502516e+00 2.364884e+00 2.085257e+00 1.418879e-03
<GCONST> 8.966689e+01
<MIXTURE> 40 1.030800e-02
<MEAN> 25
 -9.282357e+00 2.093266e+00 -1.051040e+00 8.111167e+00 3.697601e+00 5.480176e+00 5.388023e+00 4.316349e+00 4.698351e+00 4.223227e+00 5.551027e+00 1.768603e+00 -1.098868e-01 -2.384126e-01 -2.273221e-02 -2.481290e-01 -1.369819e-01 -1.442572e-01 6.407113e-02 9.435818e-02 2.260516e-02 1.069570e-02 4.933013e-02 3.781047e-02 3.392372e-03
<VARIANCE> 25
 4.242730e+01 2.081078e+01 2.949713e+01 2.734040e+01 2.632634e+01 1.939246e+01 1.997757e+01 1.879527e+01 1.753911e+01 1.844193e+01 1.983513e+01 1.453916e+01 7.546071e-01 7.287064e-01 8.681918e-01 1.096226e+00 1.177562e+00 1.298371e+00 1.306666e+00 1.291311e+00 1.282697e+00 1.233592e+00 1.165137e+00 1.074952e+00 8.589138e-04
<GCONST> 7.695423e+01
<MIXTURE> 41 6.713375e-03
<MEAN> 25
 1.313162e+00 1.783532e+00 1.045391e+01 -6.940450e+00 -1.044022e+01 -3.837799e+00 -2.490226e+00 -5.032764e+00 -4.637187e+00 2.662607e+00 -1.747350e+00 -9.461539e-01 8.060755e-02 -7.592922e-01 1.689558e+00 -3.551986e+00 -2.456448e+00 -1.131684e-01 -5.087454e-01 -3.556995e-01 -8.297194e-01 1.086369e+00 -1.037070e+00 8.293851e-02 8.610272e-02
<VARIANCE> 25
 1.166852e+01 2.955547e+01 3.266917e+01 4.005508e+01 3.887479e+01 4.019225e+01 3.704868e+01 2.983702e+01 3.312309e+01 2.869389e+01 3.183791e+01 2.716722e+01 3.171964e+00 3.301868e+00 3.834048e+00 3.800033e+00 4.894469e+00 5.865201e+00 4.710754e+00 4.547699e+00 3.980766e+00 4.207617e+00 3.896751e+00 3.224366e+00 2.946836e-03
<GCONST> 9.791996e+01
<MIXTURE> 42 1.106211e-02
<MEAN> 25
 -1.303496e+00 4.308393e+00 3.821652e+00 2.970209e+00 4.354707e-01 -5.551287e+00 -1.186284e+00 -2.322116e+00 -2.875490e-01 -1.504076e+00 -2.317549e+00 6.105981e-01 3.892644e+00 -7.604174e-01 1.393955e+00 -7.662787e-02 -2.330766e+00 -1.507638e+00 -2.605426e+00 -6.505965e-01 -1.104424e+00 -5.323087e-01 1.040069e+00 -1.320459e+00 1.673886e-02
<VARIANCE> 25
 3.092894e+01 1.786529e+01 3.918322e+01 2.140227e+01 3.151573e+01 3.854047e+01 3.224097e+01 2.419044e+01 3.512849e+01 2.380300e+01 1.908374e+01 1.821222e+01 3.827796e+00 4.700062e+00 5.113811e+00 4.596195e+00 4.988999e+00 5.667585e+00 4.707115e+00 4.711341e+00 4.652739e+00 4.455148e+00 4.285121e+00 3.807656e+00 4.432544e-03
<GCONST> 9.822734e+01
<MIXTURE> 43 7.108249e-03
<MEAN> 25
 3.145831e+00 -6.274661e+00 -2.226795e+00 -5.160149e+00 -7.351470e+00 -3.375193e+00 4.128541e+00 1.302857e+00 -5.033522e+00 -7.062322e+00 -4.335941e+00 -1.228865e+00 2.359516e-01 2.158579e+00 1.912761e+00 -1.234343e-01 -1.422432e+00 -7.862540e-01 -9.654106e-01 -7.785158e-01 8.314168e-01 1.457576e+00 3.308926e-01 1.868798e-02 -4.504349e-02
<VARIANCE> 25
 9.648505e+00 1.979815e+01 2.733449e+01 3.519561e+01 3.861247e+01 3.673773e+01 3.323883e+01 3.973214e+01 3.986724e+01 3.865547e+01 2.651754e+01 2.952265e+01 6.920373e-01 1.253608e+00 1.563539e+00 2.505789e+00 2.376339e+00 2.390321e+00 2.646399e+00 3.028072e+00 2.616893e+00 2.586601e+00 2.353833e+00 1.927792e+00 9.442011e-04
<GCONST> 8.801601e+01
<MIXTURE> 44 7.328289e-03
<MEAN> 25
 -1.476685e+01 1.534782e+00 3.364391e+00 -2.923563e+00 3.079644e+00 1.747240e+00 -6.836899e-02 2.460060e+00 1.617495e+00 -1.199235e+00 1.135697e+00 2.023916e+00 -1.518524e-01 -1.071092e-02 1.877761e-01 2.986753e-01 -1.766556e-01 2.345616e-01 5.514141e-01 1.950307e-01 3.265569e-01 1.367602e-01 -7.965124e-03 1.561114e-01 3.920657e-03
<VARIANCE> 25
 4.535405e+01 2.917584e+01 3.555444e+01 3.011310e+01 2.930325e+01 2.976428e+01 2.383412e+01 3.275583e+01 2.644518e+01 2.888874e+01 3.207943e+01 1.846008e+01 1.236674e+00 1.530614e+00 1.357383e+00 1.290241e+00 2.214943e+00 1.691466e+00 1.551947e+00 1.778633e+00 1.618679e+00 1.453058e+00 1.414429e+00 1.303585e+00 1.286858e-03
<GCONST> 8.491058e+01
<MIXTURE> 45 1.364932e-02
<MEAN> 25
 -1.195304e+01 4.392962e+00 -2.271054e+00 3.356240e+00 4.258276e+00 2.408100e-02 4.529489e+00 2.300650e+00 3.601590e+00 9.314917e-01 1.944772e+00 3.359090e+00 -2.966747e+00 1.038244e+00 -9.488299e-01 -8.908080e-02 2.571084e-01 -1.085486e-01 5.719316e-01 -2.596155e-01 1.832277e-02 -8.420250e-02 3.723173e-01 -3.786576e-03 1.173580e-01
<VARIANCE> 25
 2.910505e+01 2.981124e+01 2.817741e+01 2.804158e+01 3.044971e+01 2.315166e+01 2.523025e+01 2.450058e+01 2.035869e+01 2.234467e+01 2.717067e+01 1.435824e+01 2.022808e+00 2.989360e+00 3.058569e+00 2.671795e+00 2.124453e+00 2.356546e+00 2.154311e+00 2.330894e+00 1.748639e+00 1.670352e+00 2.145627e+00 1.305365e+00 3.332553e-03
<GCONST> 8.797882e+01
<MIXTURE> 46 9.336259e-03
<MEAN> 25
 -9.430215e+00 2.298084e+00 1.203402e+00 7.531038e+00 5.925901e+00 3.318279e+00 7.045622e+00 4.490563e+00 5.707803e+00 4.629254e+00 4.963883e+00 2.907202e+00 1.061718e+00 -2.437007e-01 5.265674e-02 9.934931e-01 5.917289e-01 9.386582e-01 3.805175e-01 6.786630e-01 4.746901e-01 5.019541e-01 6.332989e-01 5.278731e-01 -1.050921e-01
<VARIANCE> 25
 3.427249e+01 4.366615e+01 3.837158e+01 4.981184e+01 5.061690e+01 4.070952e+01 3.701548e+01 3.522407e+01 3.313730e+01 3.151169e+01 2.883132e+01 2.026952e+01 3.899548e+00 4.128924e+00 3.891131e+00 4.128505e+00 4.172607e+00 3.703037e+00 3.381180e+00 3.122895e+00 2.975024e+00 2.857432e+00 2.316137e+00 1.797869e+00 7.956838e-03
<GCONST> 9.832194e+01
<MIXTURE> 47 7.116147e-03
<MEAN> 25
 7.177690e+00 -7.186172e+00 -7.726424e+00 -6.372813e+00 1.425185e+00 7.992123e-01 -2.294735e+00 1.305188e+00 2.911391e+00 2.479128e-01 -3.860327e+00 -6.804472e+00 -1.644029e-01 -1.216605e+00 -6.894386e-01 -4.244254e-01 6.106443e-01 7.867220e-01 8.882928e-01 1.942898e-01 9.491910e-02 -8.193021e-01 -3.894353e-01 -4.531752e-01 3.010119e-02
<VARIANCE> 25
 1.090330e+01 2.116391e+01 2.060820e+01 3.300180e+01 3.504486e+01 5.195189e+01 4.549265e+01 4.031971e+01 4.271570e+01 4.560273e+01 5.145372e+01 3.430999e+01 5.198454e-01 7.838132e-01 1.086296e+00 1.626209e+00 1.918456e+00 2.189717e+00 2.281154e+00 2.786034e+00 2.214285e+00 2.190078e+00 2.279351e+00 1.961643e+00 5.318809e-04
<GCONST> 8.647580e+01
<MIXTURE> 48 7.116147e-03
<MEAN> 25
 7.177690e+00 -7.186172e+00 -7.726424e+00 -6.372813e+00 1.425185e+00 7.992123e-01 -2.294735e+00 1.305188e+00 2.911391e+00 2.479128e-01 -3.860327e+00 -6.804472e+00 -1.644029e-01 -1.216605e+00 -6.894386e-01 -4.244254e-01 6.106443e-01 7.867220e-01 8.882928e-01 1.942898e-01 9.491910e-02 -8.193021e-01 -3.894353e-01 -4.531752e-01 3.010119e-02
<VARIANCE> 25
 1.090330e+01 2.116391e+01 2.060820e+01 3.300180e+01 3.504486e+01 5.195189e+01 4.549265e+01 4.031971e+01 4.271570e+01 4.560273e+01 5.145372e+01 3.430999e+01 5.198454e-01 7.838132e-01 1.086296e+00 1.626209e+00 1.918456e+00 2.189717e+00 2.281154e+00 2.786034e+00 2.214285e+00 2.190078e+00 2.279351e+00 1.961643e+00 5.318809e-04
<GCONST> 8.647580e+01
<MIXTURE> 49 5.548473e-03
<MEAN> 25
 -5.085290e+00 3.402795e-01 1.892604e-01 8.441142e+00 6.127257e+00 5.629335e+00 6.068970e+00 4.481333e+00 5.032139e+00 3.718428e+00 4.874409e+00 2.849862e+00 3.645366e-01 6.523843e-01 7.023231e-01 3.541414e-01 -1.928774e-01 -6.638103e-01 -1.007555e+00 -1.117564e+00 -9.583094e-01 -6.880643e-01 -4.894684e-01 -2.705918e-01 3.489851e-06
<VARIANCE> 25
 9.562379e+00 1.005133e+01 1.428859e+01 1.585348e+01 1.594890e+01 1.709091e+01 1.936103e+01 1.936961e+01 1.816896e+01 1.788978e+01 2.149154e+01 1.427742e+01 2.799092e-01 2.655562e-01 3.581510e-01 6.093944e-01 8.696935e-01 9.787933e-01 9.893721e-01 1.052863e+00 1.132173e+00 1.228739e+00 1.278832e+00 1.204273e+00 1.443320e-05
<GCONST> 6.435493e+01
<MIXTURE> 50 6.234641e-03
<MEAN> 25
 -4.626073e+00 2.586749e-02 -1.131751e+00 6.012539e+00 4.063060e+00 2.540674e+00 4.026238e+00 2.309665e+00 2.982692e+00 1.397254e+00 1.431918e+00 2.727265e+00 5.742926e-02 1.242031e-01 8.548969e-02 -2.562877e-01 -5.514988e-01 -6.302513e-01 -4.481808e-01 -4.357123e-02 4.251692e-01 7.985430e-01 7.465792e-01 4.589561e-01 -5.720963e-05
<VARIANCE> 25
 9.867803e+00 1.064623e+01 1.473851e+01 1.516377e+01 1.470664e+01 1.851031e+01 1.874771e+01 1.984465e+01 1.790502e+01 1.646121e+01 2.759676e+01 1.479896e+01 1.372132e-01 2.641472e-01 3.689941e-01 5.743377e-01 6.008856e-01 7.141520e-01 9.566870e-01 1.069610e+00 1.116423e+00 8.593258e-01 8.890628e-01 9.435022e-01 1.014778e-06
<GCONST> 5.952472e+01
<MIXTURE> 51 6.234641e-03
<MEAN> 25
 -4.626073e+00 2.586749e-02 -1.131751e+00 6.012539e+00 4.063060e+00 2.540674e+00 4.026238e+00 2.309665e+00 2.982692e+00 1.397254e+00 1.431918e+00 2.727265e+00 5.742926e-02 1.242031e-01 8.548969e-02 -2.562877e-01 -5.514988e-01 -6.302513e-01 -4.481808e-01 -4.357123e-02 4.251692e-01 7.985430e-01 7.465792e-01 4.589561e-01 -5.720963e-05
<VARIANCE> 25
 9.867803e+00 1.064623e+01 1.473851e+01 1.516377e+01 1.470664e+01 1.851031e+01 1.874771e+01 1.984465e+01 1.790502e+01 1.646121e+01 2.759676e+01 1.479896e+01 1.372132e-01 2.641472e-01 3.689941e-01 5.743377e-01 6.008856e-01 7.141520e-01 9.566870e-01 1.069610e+00 1.116423e+00 8.593258e-01 8.890628e-01 9.435022e-01 1.014778e-06
<GCONST> 5.952472e+01
<MIXTURE> 52 6.367945e-03
<MEAN> 25
 9.862712e+00 1.734180e+00 -6.006279e+00 -1.381691e+01 -4.035261e+00 8.091391e+00 -2.756186e+00 -3.165155e+00 -4.949171e+00 -1.718903e+00 4.124469e+00 7.259641e-01 -3.687686e-01 -4.624137e-01 -9.762204e-02 1.116542e+00 1.387811e+00 -4.746503e-01 -6.522250e-01 -9.250282e-01 1.514253e-02 1.239535e+00 4.668977e-01 -5.586801e-01 -1.239571e-02
<VARIANCE> 25
 9.361490e+00 1.944751e+01 2.343312e+01 3.730185e+01 4.295484e+01 3.006205e+01 4.236663e+01 4.717963e+01 4.218945e+01 4.305668e+01 4.314592e+01 2.882141e+01 4.162583e-01 1.348087e+00 1.300445e+00 2.549528e+00 2.198062e+00 2.033158e+00 2.754049e+00 3.203432e+00 2.823469e+00 2.432488e+00 2.394048e+00 2.208279e+00 1.484094e-03
<GCONST> 8.869301e+01
<MIXTURE> 53 6.367945e-03
<MEAN> 25
 9.862712e+00 1.734180e+00 -6.006279e+00 -1.381691e+01 -4.035261e+00 8.091391e+00 -2.756186e+00 -3.165155e+00 -4.949171e+00 -1.718903e+00 4.124469e+00 7.259641e-01 -3.687686e-01 -4.624137e-01 -9.762204e-02 1.116542e+00 1.387811e+00 -4.746503e-01 -6.522250e-01 -9.250282e-01 1.514253e-02 1.239535e+00 4.668977e-01 -5.586801e-01 -1.239571e-02
<VARIANCE> 25
 9.361490e+00 1.944751e+01 2.343312e+01 3.730185e+01 4.295484e+01 3.006205e+01 4.236663e+01 4.717963e+01 4.218945e+01 4.305668e+01 4.314592e+01 2.882141e+01 4.162583e-01 1.348087e+00 1.300445e+00 2.549528e+00 2.198062e+00 2.033158e+00 2.754049e+00 3.203432e+00 2.823469e+00 2.432488e+00 2.394048e+00 2.208279e+00 1.484094e-03
<GCONST> 8.869301e+01
<MIXTURE> 54 7.368620e-03
<MEAN> 25
 -3.634428e+00 4.801118e-02 -6.823320e-01 8.033876e+00 6.481647e+00 4.624225e+00 4.674431e+00 4.600749e+00 4.053982e+00 3.592600e+00 4.452148e+00 2.327122e+00 -2.235811e-03 2.641097e-02 3.408165e-02 4.781672e-02 5.177336e-02 4.754505e-02 3.887352e-02 2.870891e-02 3.096575e-02 2.454982e-02 1.445924e-02 1.372648e-03 -1.191247e-05
<VARIANCE> 25
 9.134313e+00 1.036297e+01 9.294326e+00 1.819335e+01 1.332928e+01 1.353061e+01 1.197282e+01 1.128206e+01 1.134023e+01 1.354714e+01 1.785920e+01 1.253053e+01 4.088077e-02 8.734544e-02 1.540287e-01 2.267447e-01 3.081801e-01 3.972883e-01 4.606577e-01 5.214856e-01 5.418984e-01 5.215446e-01 5.142335e-01 5.166274e-01 9.997540e-07
<GCONST> 4.725289e+01
<MIXTURE> 55 7.368620e-03
<MEAN> 25
 -3.634428e+00 4.801118e-02 -6.823320e-01 8.033876e+00 6.481647e+00 4.624225e+00 4.674431e+00 4.600749e+00 4.053982e+00 3.592600e+00 4.452148e+00 2.327122e+00 -2.235811e-03 2.641097e-02 3.408165e-02 4.781672e-02 5.177336e-02 4.754505e-02 3.887352e-02 2.870891e-02 3.096575e-02 2.454982e-02 1.445924e-02 1.372648e-03 -1.191247e-05
<VARIANCE> 25
 9.134313e+00 1.036297e+01 9.294326e+00 1.819335e+01 1.332928e+01 1.353061e+01 1.197282e+01 1.128206e+01 1.134023e+01 1.354714e+01 1.785920e+01 1.253053e+01 4.088077e-02 8.734544e-02 1.540287e-01 2.267447e-01 3.081801e-01 3.972883e-01 4.606577e-01 5.214856e-01 5.418984e-01 5.215446e-01 5.142335e-01 5.166274e-01 9.997540e-07
<GCONST> 4.725289e+01
<MIXTURE> 56 6.132464e-03
<MEAN> 25
 7.486737e+00 -6.688299e+00 -8.988159e+00 -8.462930e+00 3.881385e+00 3.765843e+00 -2.321651e+00 -1.518717e+00 1.879112e+00 7.122439e-01 -2.255093e+00 -7.185071e+00 -1.185153e-02 2.457179e-02 -9.183060e-02 2.713666e-02 2.482945e-01 5.478877e-02 1.276372e-01 -1.303909e-01 -3.832237e-02 -3.110214e-02 -7.784698e-02 1.292730e-02 -6.701274e-03
<VARIANCE> 25
 9.425499e+00 2.320856e+01 2.115966e+01 4.259713e+01 3.284795e+01 5.168894e+01 6.209660e+01 3.632066e+01 3.855606e+01 3.718493e+01 4.271189e+01 3.090973e+01 2.034991e-01 4.256623e-01 4.493037e-01 7.616362e-01 7.931520e-01 1.137014e+00 9.110335e-01 9.252504e-01 9.063401e-01 9.173167e-01 1.025700e+00 7.790014e-01 2.510476e-04
<GCONST> 7.525889e+01
<MIXTURE> 57 6.132464e-03
<MEAN> 25
 7.486737e+00 -6.688299e+00 -8.988159e+00 -8.462930e+00 3.881385e+00 3.765843e+00 -2.321651e+00 -1.518717e+00 1.879112e+00 7.122439e-01 -2.255093e+00 -7.185071e+00 -1.185153e-02 2.457179e-02 -9.183060e-02 2.713666e-02 2.482945e-01 5.478877e-02 1.276372e-01 -1.303909e-01 -3.832237e-02 -3.110214e-02 -7.784698e-02 1.292730e-02 -6.701274e-03
<VARIANCE> 25
 9.425499e+00 2.320856e+01 2.115966e+01 4.259713e+01 3.284795e+01 5.168894e+01 6.209660e+01 3.632066e+01 3.855606e+01 3.718493e+01 4.271189e+01 3.090973e+01 2.034991e-01 4.256623e-01 4.493037e-01 7.616362e-01 7.931520e-01 1.137014e+00 9.110335e-01 9.252504e-01 9.063401e-01 9.173167e-01 1.025700e+00 7.790014e-01 2.510476e-04
<GCONST> 7.525889e+01
<MIXTURE> 58 6.172147e-03
<MEAN> 25
 2.566867e+00 -2.766685e+00 7.238099e+00 -4.539764e+00 -1.227801e+01 -4.908871e+00 1.276777e+00 9.091318e-01 -2.057320e+00 1.808554e+00 -2.159724e-01 -5.471197e-01 -8.555204e-02 -8.266632e-02 -7.391626e-02 -1.683392e-01 -2.678480e-03 1.655160e-01 3.827786e-01 2.654527e-01 -1.011936e-01 3.694231e-02 -3.889707e-02 -1.658902e-01 -3.258801e-03
<VARIANCE> 25
 6.650705e+00 1.414586e+01 1.834451e+01 2.793693e+01 2.992215e+01 4.477497e+01 3.056606e+01 3.205926e+01 3.014478e+01 2.824978e+01 2.531939e+01 2.002354e+01 3.464274e-01 8.346229e-01 6.867430e-01 9.167337e-01 8.292289e-01 1.196941e+00 1.084938e+00 1.192532e+00 1.190918e+00 1.044688e+00 8.370481e-01 8.546838e-01 7.190885e-04
<GCONST> 7.498620e+01
<MIXTURE> 59 6.172147e-03
<MEAN> 25
 2.566867e+00 -2.766685e+00 7.238099e+00 -4.539764e+00 -1.227801e+01 -4.908871e+00 1.276777e+00 9.091318e-01 -2.057320e+00 1.808554e+00 -2.159724e-01 -5.471197e-01 -8.555204e-02 -8.266632e-02 -7.391626e-02 -1.683392e-01 -2.678480e-03 1.655160e-01 3.827786e-01 2.654527e-01 -1.011936e-01 3.694231e-02 -3.889707e-02 -1.658902e-01 -3.258801e-03
<VARIANCE> 25
 6.650705e+00 1.414586e+01 1.834451e+01 2.793693e+01 2.992215e+01 4.477497e+01 3.056606e+01 3.205926e+01 3.014478e+01 2.824978e+01 2.531939e+01 2.002354e+01 3.464274e-01 8.346229e-01 6.867430e-01 9.167337e-01 8.292289e-01 1.196941e+00 1.084938e+00 1.192532e+00 1.190918e+00 1.044688e+00 8.370481e-01 8.546838e-01 7.190885e-04
<GCONST> 7.498620e+01
<MIXTURE> 60 4.479129e-03
<MEAN> 25
 -4.112394e+00 -7.235075e-01 -6.610584e-01 3.563313e+00 1.666605e+00 2.124753e+00 1.646891e+00 1.568996e+00 2.233661e+00 1.348712e+00 1.649298e+00 1.960954e+00 -4.291264e-02 2.910906e-02 1.333152e-01 1.366684e-01 9.528575e-02 1.003074e-01 1.299016e-01 3.700062e-01 5.703287e-01 6.589458e-01 5.481648e-01 3.113764e-01 -7.591892e-04
<VARIANCE> 25
 7.255823e+00 4.476532e+00 1.131855e+01 1.078611e+01 1.296714e+01 1.596881e+01 1.429314e+01 1.214563e+01 1.197939e+01 1.299387e+01 2.034763e+01 1.148681e+01 8.848868e-02 1.720311e-01 3.284255e-01 5.011079e-01 5.717940e-01 7.109150e-01 8.224241e-01 8.928299e-01 9.177537e-01 8.245080e-01 7.826280e-01 8.777341e-01 2.354748e-05
<GCONST> 5.671475e+01
<MIXTURE> 61 4.479129e-03
<MEAN> 25
 -4.112394e+00 -7.235075e-01 -6.610584e-01 3.563313e+00 1.666605e+00 2.124753e+00 1.646891e+00 1.568996e+00 2.233661e+00 1.348712e+00 1.649298e+00 1.960954e+00 -4.291264e-02 2.910906e-02 1.333152e-01 1.366684e-01 9.528575e-02 1.003074e-01 1.299016e-01 3.700062e-01 5.703287e-01 6.589458e-01 5.481648e-01 3.113764e-01 -7.591892e-04
<VARIANCE> 25
 7.255823e+00 4.476532e+00 1.131855e+01 1.078611e+01 1.296714e+01 1.596881e+01 1.429314e+01 1.214563e+01 1.197939e+01 1.299387e+01 2.034763e+01 1.148681e+01 8.848868e-02 1.720311e-01 3.284255e-01 5.011079e-01 5.717940e-01 7.109150e-01 8.224241e-01 8.928299e-01 9.177537e-01 8.245080e-01 7.826280e-01 8.777341e-01 2.354748e-05
<GCONST> 5.671475e+01
<MIXTURE> 62 3.278034e-03
<MEAN> 25
 -5.081420e+00 1.212639e+00 1.054193e+00 8.774063e+00 6.099720e+00 5.035046e+00 5.516143e+00 4.096043e+00 5.005088e+00 3.865933e+00 4.869179e+00 2.954594e+00 -9.943364e-01 -1.161824e+00 -9.467685e-01 -2.771239e-01 4.166080e-01 1.004724e+00 1.394279e+00 1.558397e+00 1.483117e+00 1.247725e+00 1.055732e+00 7.272570e-01 -1.261187e-03
<VARIANCE> 25
 9.826331e+00 1.002063e+01 1.315204e+01 1.693275e+01 1.745419e+01 1.745409e+01 1.963344e+01 1.964190e+01 1.880879e+01 1.903982e+01 2.289649e+01 1.471216e+01 4.120978e-01 4.334215e-01 5.598887e-01 7.753860e-01 1.048132e+00 1.187075e+00 1.259319e+00 1.277632e+00 1.325114e+00 1.359524e+00 1.411566e+00 1.363901e+00 1.624954e-05
<GCONST> 6.767040e+01
<MIXTURE> 63 4.351215e-03
<MEAN> 25
 -4.202089e+00 -2.592977e+00 -4.168449e+00 2.525130e+00 3.197476e+00 -2.175400e-01 3.275763e+00 1.928034e+00 2.475496e+00 -9.526593e-01 -1.735997e+00 2.520283e+00 -8.674709e-02 3.921587e-01 4.502676e-01 5.304828e-01 2.906061e-01 4.864790e-01 3.645266e-01 1.335823e-01 3.425377e-01 2.041298e-01 1.988718e-01 2.597703e-02 -5.065841e-03
<VARIANCE> 25
 8.133961e+00 1.308530e+01 2.076536e+01 1.545182e+01 1.558775e+01 2.552581e+01 2.264448e+01 2.345111e+01 2.182480e+01 2.018523e+01 2.145402e+01 1.433088e+01 2.512414e-01 5.161488e-01 5.833517e-01 7.518995e-01 8.887022e-01 1.065678e+00 1.201946e+00 1.327111e+00 1.538027e+00 1.854483e+00 1.378184e+00 1.364617e+00 1.690121e-04
<GCONST> 7.100277e+01
<MIXTURE> 64 4.351215e-03
<MEAN> 25
 -4.202089e+00 -2.592977e+00 -4.168449e+00 2.525130e+00 3.197476e+00 -2.175400e-01 3.275763e+00 1.928034e+00 2.475496e+00 -9.526593e-01 -1.735997e+00 2.520283e+00 -8.674709e-02 3.921587e-01 4.502676e-01 5.304828e-01 2.906061e-01 4.864790e-01 3.645266e-01 1.335823e-01 3.425377e-01 2.041298e-01 1.988718e-01 2.597703e-02 -5.065841e-03
<VARIANCE> 25
 8.133961e+00 1.308530e+01 2.076536e+01 1.545182e+01 1.558775e+01 2.552581e+01 2.264448e+01 2.345111e+01 2.182480e+01 2.018523e+01 2.145402e+01 1.433088e+01 2.512414e-01 5.161488e-01 5.833517e-01 7.518995e-01 8.887022e-01 1.065678e+00 1.201946e+00 1.327111e+00 1.538027e+00 1.854483e+00 1.378184e+00 1.364617e+00 1.690121e-04
<GCONST> 7.100277e+01
<MIXTURE> 65 1.721197e-02
<MEAN> 25
 6.643251e+00 1.198002e+00 2.297602e+00 9.416848e-01 -3.603391e+00 -3.513180e+00 -6.502864e+00 -5.929308e+00 -3.453315e+00 -1.287197e+00 -3.297645e+00 -2.633919e+00 1.427845e-01 4.021539e-02 1.513858e-02 1.410254e-01 -2.993785e-01 2.188669e-01 -1.262793e-01 -6.372216e-02 2.003651e-01 7.582548e-02 1.508194e-01 -6.323614e-02 -5.809436e-04
<VARIANCE> 25
 1.017940e+01 1.551387e+01 2.077910e+01 2.687208e+01 3.328095e+01 4.703465e+01 4.731381e+01 4.498213e+01 4.342119e+01 4.451174e+01 7.260597e+01 4.791723e+01 5.439454e-01 7.786590e-01 1.289681e+00 1.479173e+00 1.566458e+00 2.392920e+00 1.965812e+00 2.299854e+00 2.104348e+00 1.979290e+00 3.209144e+00 2.277970e+00 7.397872e-04
<GCONST> 8.689799e+01
<MIXTURE> 66 1.191532e-02
<MEAN> 25
 6.597643e+00 -4.009749e+00 -5.501430e+00 -4.731174e+00 1.247828e+00 -4.952302e+00 -6.693031e+00 1.064746e+00 5.608173e-01 -1.843470e+00 -5.809247e+00 -3.511495e+00 -7.127821e-02 1.632237e+00 2.222078e+00 2.273614e+00 -1.175803e+00 -1.162290e+00 9.272485e-02 -5.391785e-01 -1.153591e-01 -2.169192e-01 -3.009207e-01 1.087349e+00 -6.410555e-02
<VARIANCE> 25
 8.908269e+00 2.204664e+01 2.751325e+01 3.285775e+01 3.737897e+01 5.310576e+01 5.608682e+01 4.577455e+01 5.315491e+01 6.596149e+01 4.022244e+01 3.742537e+01 1.269015e+00 2.401686e+00 2.296436e+00 2.461402e+00 4.236952e+00 4.490750e+00 4.289879e+00 4.805726e+00 4.181946e+00 4.875823e+00 4.084700e+00 3.331057e+00 1.445237e-03
<GCONST> 9.686157e+01
<MIXTURE> 67 1.559142e-02
<MEAN> 25
 7.719488e+00 1.376476e+00 -4.964026e+00 -7.370216e+00 7.201158e-01 3.123747e+00 -2.698324e+00 -5.070113e+00 -5.110782e+00 1.065264e+00 3.393221e+00 -1.245691e+00 -1.260677e+00 1.231960e+00 1.328567e+00 2.740573e+00 1.142782e+00 1.992127e-01 1.346663e+00 2.231845e-01 9.380224e-01 2.368706e-03 -2.081541e+00 8.582340e-01 -1.187861e-01
<VARIANCE> 25
 9.078134e+00 2.515609e+01 2.284741e+01 3.614083e+01 3.458739e+01 3.727020e+01 4.349738e+01 4.626474e+01 5.277330e+01 4.250651e+01 5.797727e+01 4.961782e+01 1.415049e+00 2.490291e+00 2.165879e+00 3.225611e+00 3.319855e+00 3.612390e+00 3.020576e+00 4.625144e+00 4.698807e+00 3.408977e+00 7.284641e+00 4.061956e+00 1.996073e-03
<GCONST> 9.681232e+01
<MIXTURE> 68 1.485092e-02
<MEAN> 25
 -1.797991e+00 -2.036245e+00 -3.571801e+00 1.130207e+00 4.829105e+00 -1.690447e-01 2.283795e+00 1.797130e+00 2.410869e+00 1.579111e+00 2.020859e-01 1.920968e+00 2.709086e+00 4.994663e-01 3.807356e-03 -2.388135e+00 -2.305578e+00 -1.623805e+00 -2.398679e+00 -1.621627e+00 -1.683033e+00 -1.301737e+00 -1.649272e+00 -1.060804e+00 1.008220e-01
<VARIANCE> 25
 2.486517e+01 3.055725e+01 5.664679e+01 4.920331e+01 4.436776e+01 5.410382e+01 4.260679e+01 3.938831e+01 4.313399e+01 4.081245e+01 3.525729e+01 2.535482e+01 1.767105e+00 3.471084e+00 5.760632e+00 5.948925e+00 4.418661e+00 5.463805e+00 5.437581e+00 4.975165e+00 4.656736e+00 5.237320e+00 5.829631e+00 3.350626e+00 5.665734e-03
<GCONST> 1.028134e+02
<MIXTURE> 69 1.204884e-02
<MEAN> 25
 4.648504e+00 -4.166949e+00 -3.486780e+00 -3.561376e+00 -3.481329e+00 -7.767460e+00 -1.131107e+00 2.210048e+00 -3.177373e-01 -4.620010e+00 -5.595498e+00 9.538584e-01 1.670212e+00 -2.211719e+00 -1.334391e+00 -2.213711e+00 -5.361426e-01 -3.889388e-01 -5.072011e-01 6.322976e-01 -6.812208e-01 -1.429639e+00 -2.132640e+00 -1.978420e-01 6.269411e-02
<VARIANCE> 25
 8.817200e+00 2.164281e+01 2.675330e+01 2.599420e+01 4.197230e+01 3.684356e+01 4.842121e+01 3.116627e+01 3.935204e+01 3.877511e+01 3.146530e+01 2.434200e+01 3.499937e+00 2.900885e+00 3.318732e+00 3.704787e+00 5.675784e+00 5.076834e+00 7.112178e+00 5.983748e+00 5.925016e+00 5.841605e+00 4.571411e+00 3.716244e+00 2.432135e-03
<GCONST> 9.867366e+01
<MIXTURE> 70 1.329190e-02
<MEAN> 25
 6.135844e+00 -1.753497e+00 -2.957829e+00 -3.175502e+00 -2.626901e-01 -1.027719e+00 -6.786626e+00 -2.400825e+00 -1.070094e+00 3.190892e+00 2.492009e+00 -5.523585e+00 1.708877e+00 -1.041562e+00 -4.977840e-01 -1.531824e+00 -1.254023e+00 4.959137e-02 -1.045954e+00 -2.370004e-01 -2.598170e-01 2.360509e-03 1.759437e+00 -1.820567e+00 5.879974e-02
<VARIANCE> 25
 8.435774e+00 1.682303e+01 2.227801e+01 3.444460e+01 2.397680e+01 3.820088e+01 3.862730e+01 4.313977e+01 3.596729e+01 2.593102e+01 4.791745e+01 3.557846e+01 2.656513e+00 2.284658e+00 3.382551e+00 4.081297e+00 3.357950e+00 5.965332e+00 7.457897e+00 5.780288e+00 5.715860e+00 3.739188e+00 5.348912e+00 3.635709e+00 1.955738e-03
<GCONST> 9.704486e+01
<MIXTURE> 71 1.406903e-02
<MEAN> 25
 5.750892e+00 4.565708e+00 4.250990e+00 2.931544e+00 -3.050956e+00 -2.631941e+00 -3.138634e+00 -6.019744e+00 -4.046098e+00 -2.328584e+00 -5.303484e+00 -2.782804e+00 -1.456508e+00 -6.970191e-01 -4.187665e-01 -1.585333e+00 9.882519e-01 -2.805591e-01 -1.316353e-01 1.545081e+00 2.343410e-01 -2.304321e-01 8.386930e-01 3.619054e-02 3.975517e-02
<VARIANCE> 25
 1.955266e+01 2.470441e+01 2.140667e+01 3.994859e+01 3.707964e+01 4.040627e+01 4.086881e+01 3.888071e+01 3.807818e+01 3.942149e+01 3.568013e+01 3.410196e+01 1.694482e+00 2.751281e+00 5.720750e+00 5.052479e+00 4.570419e+00 4.806918e+00 4.744496e+00 4.928421e+00 4.020668e+00 4.219161e+00 3.564885e+00 3.109839e+00 1.321872e-03
<GCONST> 9.773229e+01
<MIXTURE> 72 8.134747e-03
<MEAN> 25
 3.791736e+00 -3.683671e+00 5.457428e+00 -2.465973e+00 -1.040320e+01 -9.624948e+00 -2.451621e+00 1.923904e+00 -4.942256e+00 -2.200412e+00 -1.886541e+00 6.170560e-01 9.325740e-01 -7.861633e-01 -2.576772e+00 4.628899e-01 2.136865e+00 -6.545205e-01 -1.317105e+00 1.525440e+00 1.814672e+00 -5.966219e-01 -1.289561e+00 4.027370e-01 -6.130710e-03
<VARIANCE> 25
 1.079035e+01 1.948257e+01 3.286307e+01 3.843344e+01 3.233586e+01 3.339278e+01 4.107403e+01 3.621189e+01 4.371254e+01 4.137329e+01 3.882242e+01 2.852188e+01 4.322424e-01 1.026095e+00 2.023190e+00 1.469733e+00 2.185463e+00 2.357165e+00 3.061920e+00 2.732525e+00 2.604240e+00 2.961253e+00 2.024141e+00 2.129056e+00 5.410815e-04
<GCONST> 8.725752e+01
<MIXTURE> 73 1.213625e-02
<MEAN> 25
 -5.407339e+00 -1.150457e+00 -8.757685e-01 4.136797e+00 3.487074e+00 2.762048e+00 5.713513e+00 3.285945e+00 4.833769e+00 3.176751e+00 3.005538e+00 3.168740e+00 8.783991e-01 -9.349238e-01 -1.284486e+00 -2.749291e+00 -1.248200e+00 -1.451913e+00 -1.051082e+00 -2.641664e-01 -1.090717e+00 -5.943371e-01 -7.760640e-01 -2.416700e-01 1.410241e-01
<VARIANCE> 25
 1.187824e+01 1.300124e+01 1.584495e+01 2.368042e+01 2.343049e+01 2.364140e+01 1.868369e+01 2.052878e+01 1.741105e+01 1.780900e+01 2.879866e+01 1.389025e+01 3.624738e+00 2.741330e+00 6.294888e+00 4.455759e+00 5.444761e+00 4.707683e+00 3.941611e+00 4.051116e+00 3.640348e+00 3.879946e+00 3.732148e+00 2.364008e+00 4.773830e-03
<GCONST> 9.203425e+01
<MIXTURE> 74 1.756491e-02
<MEAN> 25
 3.906881e+00 -1.370486e+00 4.775693e+00 -2.297809e-01 -7.054937e+00 -8.201755e+00 -3.012773e+00 1.084532e+00 -4.020808e+00 -1.914407e+00 -1.050560e+00 -1.657025e-02 1.236301e-01 1.804207e+00 3.468230e-01 1.337736e+00 1.082316e+00 6.748065e-01 3.228805e-01 -1.262229e+00 4.901336e-01 1.094912e-01 -1.037230e+00 4.752182e-01 -7.789751e-02
<VARIANCE> 25
 9.874966e+00 1.758431e+01 2.983511e+01 3.187299e+01 3.534720e+01 4.082309e+01 4.096470e+01 3.950183e+01 4.401031e+01 3.887296e+01 5.054506e+01 3.283351e+01 1.714455e+00 1.700820e+00 3.253996e+00 2.546949e+00 3.151258e+00 3.637743e+00 4.221611e+00 3.485830e+00 3.835712e+00 3.438269e+00 4.945493e+00 3.306541e+00 1.498812e-03
<GCONST> 9.466765e+01
<MIXTURE> 75 9.711651e-03
<MEAN> 25
 2.853296e+00 -1.229126e+00 9.234104e+00 2.158148e+00 -1.027860e+01 -8.092242e+00 -4.740193e+00 -2.694779e-01 -3.319599e+00 -4.906326e+00 4.063087e+00 -8.320069e-02 1.506464e+00 -1.708353e+00 2.665857e-03 -2.277983e-01 -2.162068e+00 -1.208863e+00 -1.507138e+00 1.044616e+00 -4.596445e-01 -5.109369e-01 1.560979e+00 -7.910907e-01 4.931144e-02
<VARIANCE> 25
 9.498221e+00 1.533390e+01 3.724621e+01 2.396868e+01 3.204258e+01 3.289876e+01 2.946860e+01 2.746863e+01 3.595228e+01 2.850689e+01 2.446418e+01 2.111423e+01 2.406608e+00 1.597484e+00 3.720753e+00 2.113783e+00 3.520037e+00 5.654686e+00 3.696099e+00 2.986720e+00 4.037679e+00 2.956876e+00 3.721583e+00 2.479026e+00 1.817385e-03
<GCONST> 9.175169e+01
<MIXTURE> 76 1.052359e-02
<MEAN> 25
 -6.142320e+00 -1.365873e+00 -2.312754e+00 2.232979e+00 2.832689e+00 7.982919e-01 4.792928e+00 2.345109e+00 3.215205e+00 1.109703e+00 -8.512551e-02 2.779298e+00 -1.479573e-01 -5.851601e-01 -4.979956e-01 -7.878670e-01 -2.775488e-01 -1.035923e+00 -5.617402e-01 -3.752625e-01 -5.896208e-01 -6.011451e-01 -1.259055e-01 -2.911072e-01 2.182951e-02
<VARIANCE> 25
 3.705244e+01 2.716694e+01 2.675232e+01 3.178693e+01 2.875504e+01 2.799898e+01 2.750648e+01 2.207929e+01 2.011962e+01 2.503797e+01 2.962831e+01 1.866319e+01 1.000227e+00 8.165130e-01 1.389600e+00 1.017342e+00 1.462975e+00 1.808591e+00 1.693645e+00 1.751341e+00 1.681147e+00 1.584531e+00 1.414756e+00 1.138826e+00 1.161002e-03
<GCONST> 8.214661e+01
<MIXTURE> 77 1.244626e-02
<MEAN> 25
 -4.263241e-01 8.489420e+00 1.237951e+01 -1.145479e+01 -6.950882e+00 9.488557e-01 -9.197289e+00 -7.158548e+00 -3.303102e+00 -1.805282e-01 -4.688124e+00 -1.422363e+00 6.682087e-02 1.332674e-01 7.245685e-02 2.433452e-01 -2.284631e-02 8.373448e-02 -6.731284e-02 -5.910344e-02 8.127338e-02 -5.352081e-02 2.896866e-02 1.141157e-01 -9.715999e-03
<VARIANCE> 25
 1.045040e+01 2.056357e+01 2.774347e+01 4.323702e+01 3.307815e+01 3.344032e+01 3.686690e+01 3.199117e+01 3.534777e+01 3.288509e+01 3.730279e+01 3.497528e+01 3.061401e-01 7.769024e-01 6.413027e-01 1.080401e+00 1.226496e+00 9.837171e-01 1.220229e+00 1.066791e+00 1.052118e+00 1.067726e+00 9.724716e-01 9.231974e-01 5.468129e-04
<GCONST> 7.786562e+01
<MIXTURE> 78 9.702551e-03
<MEAN> 25
 -1.137208e+01 2.696917e+00 -2.200326e+00 3.224402e+00 4.279499e+00 -3.007742e+00 4.222343e+00 2.528021e+00 3.078879e+00 -1.311966e+00 -2.523850e+00 1.573755e+00 2.398935e+00 -7.890589e-01 8.952197e-01 1.872315e-01 2.523881e-01 5.649496e-02 -7.115231e-01 1.305767e-01 -4.427581e-02 1.012983e-02 -2.979799e-01 -4.639052e-01 -6.163904e-02
<VARIANCE> 25
 3.325483e+01 3.402856e+01 2.876644e+01 2.676270e+01 3.230420e+01 2.761325e+01 2.763019e+01 2.500470e+01 2.209171e+01 2.918911e+01 2.533435e+01 2.292328e+01 3.759789e+00 2.387084e+00 2.722429e+00 2.406013e+00 2.508242e+00 2.890946e+00 2.926257e+00 2.639021e+00 2.120795e+00 1.760431e+00 1.762457e+00 2.507892e+00 3.306167e-03
<GCONST> 9.098008e+01
<MIXTURE> 79 1.156824e-02
<MEAN> 25
 2.423279e+00 1.576727e+00 9.191496e+00 -6.598391e+00 -1.206444e+01 -1.815335e+00 -1.919195e+00 -6.474229e+00 -6.574799e+00 3.245996e-01 -3.518901e+00 -3.297173e+00 1.219693e+00 -5.252891e-01 -1.430598e+00 2.352909e+00 3.786019e-01 -1.473320e+00 5.341671e-01 8.880771e-01 -4.347594e-01 -5.432868e-01 3.580612e-01 2.803670e-01 -3.627526e-02
<VARIANCE> 25
 1.422452e+01 2.412445e+01 3.787016e+01 4.984457e+01 3.352504e+01 4.350520e+01 4.288407e+01 3.677384e+01 3.896113e+01 3.979440e+01 4.399211e+01 3.069632e+01 9.469949e-01 2.261002e+00 1.899384e+00 2.087968e+00 2.474631e+00 2.818088e+00 3.198199e+00 3.532376e+00 2.516710e+00 2.735129e+00 2.324930e+00 2.036123e+00 1.235493e-03
<GCONST> 9.182445e+01
<MIXTURE> 80 7.550998e-03
<MEAN> 25
 -1.459362e+01 4.104581e+00 5.517114e-01 2.999928e+00 2.504775e+00 1.299384e+00 6.468289e+00 2.462499e+00 2.769042e+00 2.224164e+00 4.582396e+00 1.168164e+00 4.260250e+00 -6.620229e-02 1.634535e+00 -1.130639e+00 -2.791646e+00 -2.740669e+00 -2.325198e+00 -2.012522e+00 -1.975021e+00 -1.653447e+00 -1.617074e+00 -6.403801e-01 -4.433139e-02
<VARIANCE> 25
 2.048161e+01 2.011922e+01 3.438101e+01 3.478935e+01 2.969423e+01 2.901896e+01 2.789779e+01 2.794718e+01 2.624900e+01 2.920005e+01 2.939469e+01 1.787546e+01 2.430616e+00 2.732693e+00 2.646782e+00 4.023873e+00 3.718419e+00 2.697543e+00 2.956220e+00 3.169703e+00 2.688591e+00 2.725721e+00 2.775685e+00 2.177227e+00 1.483891e-03
<GCONST> 9.145857e+01
<MIXTURE> 81 8.025434e-03
<MEAN> 25
 -1.108113e+00 4.053450e+00 1.015148e+01 -1.473768e+01 -9.059746e+00 -1.434174e+00 -6.760101e+00 -8.390063e+00 -4.110294e+00 -4.164194e-01 -7.584914e+00 -2.210248e+00 1.281498e-01 -5.835326e-01 -3.346864e-03 -5.575296e-01 -4.640427e-01 3.411316e-01 3.206524e-01 1.395330e-01 -1.325040e-01 1.040677e-01 -4.720143e-01 -1.183967e-01 1.124363e-02
<VARIANCE> 25
 1.012837e+01 3.268209e+01 2.648672e+01 3.001035e+01 3.364481e+01 3.043704e+01 4.524615e+01 2.839188e+01 3.816891e+01 3.175858e+01 2.519931e+01 3.117828e+01 7.783158e-01 2.269300e+00 1.542620e+00 2.865105e+00 2.652483e+00 2.126798e+00 3.271368e+00 2.278670e+00 2.362847e+00 2.529183e+00 2.320701e+00 2.081935e+00 1.200014e-03
<GCONST> 8.871509e+01
<MIXTURE> 82 8.213053e-03
<MEAN> 25
 -9.891802e+00 -3.887776e+00 1.664332e+00 -2.934582e+00 3.056132e+00 7.025335e-01 2.042165e+00 9.221908e-01 3.029805e+00 1.747995e+00 1.654764e+00 3.090685e+00 -1.286136e+00 -1.300317e-01 2.437925e-01 -2.607143e+00 -1.105472e+00 -1.253700e+00 -1.024341e+00 -8.474149e-01 -3.328584e-01 -4.715790e-01 -2.946169e-01 -9.315946e-02 1.766777e-01
<VARIANCE> 25
 1.821437e+01 2.468737e+01 3.207729e+01 3.073242e+01 3.286088e+01 3.200770e+01 3.155068e+01 3.268950e+01 3.078319e+01 2.490615e+01 3.096623e+01 1.733957e+01 3.771813e+00 3.011250e+00 3.452178e+00 3.272998e+00 3.542121e+00 3.300087e+00 2.919037e+00 3.020485e+00 2.781603e+00 2.476460e+00 2.461163e+00 1.844241e+00 3.609207e-03
<GCONST> 9.308202e+01
<MIXTURE> 83 1.167529e-02
<MEAN> 25
 -1.971929e+01 5.704258e+00 -2.147746e+00 1.575525e-01 7.511777e+00 -1.390255e+00 5.990970e+00 3.651804e+00 1.869886e+00 1.969546e+00 3.176487e-01 2.703549e+00 -2.247144e-02 -4.808518e-01 -2.982041e-02 -3.906375e-01 -5.197732e-01 -2.164964e-01 -1.845215e-01 -6.363844e-02 1.380386e-02 1.409913e-02 -5.445052e-02 -6.391146e-02 4.284503e-03
<VARIANCE> 25
 9.435855e+00 1.583131e+01 2.796506e+01 2.456731e+01 2.106273e+01 2.282277e+01 2.424942e+01 2.772873e+01 2.562243e+01 2.253847e+01 2.378962e+01 1.407534e+01 1.028565e+00 8.941824e-01 1.227344e+00 1.015641e+00 1.293936e+00 1.298971e+00 1.271572e+00 1.461901e+00 1.415925e+00 1.378726e+00 1.240716e+00 1.006989e+00 8.825921e-04
<GCONST> 7.747920e+01
<MIXTURE> 84 1.066614e-02
<MEAN> 25
 1.106432e+00 8.061391e+00 7.235662e+00 7.360873e+00 2.367751e+00 -5.078533e-01 -1.371129e+00 -4.288147e+00 -3.787337e+00 -2.869075e+00 -3.344865e+00 -1.366285e+00 -1.751716e+00 -1.098320e+00 -1.156543e+00 1.163649e+00 2.061427e+00 1.431838e+00 1.541746e+00 1.325439e+00 1.303833e+00 3.593388e-01 -4.872694e-03 5.336980e-01 -6.919455e-02
<VARIANCE> 25
 2.068801e+01 2.162521e+01 1.950887e+01 2.356005e+01 2.724467e+01 2.700290e+01 2.472650e+01 2.475123e+01 2.296157e+01 2.274748e+01 2.734875e+01 2.269508e+01 1.902108e+00 2.437242e+00 3.513684e+00 3.130339e+00 3.168536e+00 3.024842e+00 3.183989e+00 3.268765e+00 3.481801e+00 3.269822e+00 4.572565e+00 2.682317e+00 3.205120e-03
<GCONST> 9.161776e+01
<MIXTURE> 85 7.591393e-03
<MEAN> 25
 -3.089683e+00 7.869330e+00 5.670658e+00 1.303905e+00 -3.448989e+00 -5.339002e+00 -2.992577e+00 -6.126294e+00 -3.515378e+00 -3.180067e+00 -4.968069e-01 -1.913011e+00 3.949736e+00 2.956753e-01 1.757716e+00 -2.095743e+00 -3.382100e+00 -2.574378e+00 -2.901309e+00 -2.332153e+00 -2.255805e+00 -1.244661e+00 -2.265784e+00 -6.396181e-01 9.042419e-03
<VARIANCE> 25
 4.224842e+01 2.337373e+01 3.659560e+01 3.799258e+01 3.972226e+01 4.097846e+01 3.202478e+01 2.771263e+01 2.659437e+01 2.597232e+01 2.623861e+01 2.048666e+01 2.696078e+00 4.406368e+00 4.030665e+00 5.148698e+00 4.518578e+00 3.865030e+00 3.856416e+00 3.972806e+00 3.826711e+00 4.059982e+00 4.093936e+00 3.538878e+00 5.415228e-03
<GCONST> 9.838237e+01
<MIXTURE> 86 1.273941e-02
<MEAN> 25
 -4.973873e+00 -1.259419e+00 -5.889600e-01 6.241578e+00 4.883299e+00 4.645962e+00 5.345942e+00 4.662042e+00 4.664975e+00 3.819334e+00 4.885711e+00 2.634349e+00 -2.145779e-02 -5.492392e-03 -2.549788e-02 -6.914257e-02 -1.110178e-01 -1.713559e-01 -2.497132e-01 -3.024744e-01 -3.728457e-01 -3.735305e-01 -2.195118e-01 -7.118362e-02 -3.083433e-04
<VARIANCE> 25
 7.602357e+00 5.489080e+00 1.061246e+01 1.207892e+01 1.576005e+01 1.402709e+01 1.309729e+01 1.300356e+01 1.278074e+01 1.426276e+01 1.887783e+01 1.250447e+01 1.047863e-01 1.966779e-01 3.160830e-01 4.717382e-01 6.204996e-01 7.187651e-01 7.482326e-01 7.602807e-01 8.346636e-01 9.963365e-01 8.910299e-01 9.112621e-01 5.597620e-05
<GCONST> 5.839746e+01
<MIXTURE> 87 1.100681e-02
<MEAN> 25
 -2.933828e+00 3.552420e+00 3.481690e+00 5.962748e+00 4.746178e+00 1.459049e+00 1.766130e+00 -8.511074e-01 -1.171015e-01 -8.285810e-01 -2.137646e+00 6.384662e-01 -1.937878e+00 -2.596019e+00 -2.506204e+00 -2.212840e+00 1.863505e-01 -3.129218e-01 3.682723e-01 1.461082e+00 1.073945e+00 1.048245e+00 9.871648e-01 7.222058e-01 9.521734e-02
<VARIANCE> 25
 3.237009e+01 2.847177e+01 2.406810e+01 3.297215e+01 2.726843e+01 2.772661e+01 2.458520e+01 2.335443e+01 2.327978e+01 2.106991e+01 2.798169e+01 2.084451e+01 3.443636e+00 2.442102e+00 4.296995e+00 3.316039e+00 4.402709e+00 4.405895e+00 4.194901e+00 3.460854e+00 3.646168e+00 3.215553e+00 2.919929e+00 2.804628e+00 4.562284e-03
<GCONST> 9.459593e+01
<MIXTURE> 88 1.256585e-02
<MEAN> 25
 -3.789465e+00 -1.001797e+00 -9.442010e-01 3.819417e+00 3.989008e+00 3.477271e+00 5.118124e+00 3.155140e+00 4.113955e+00 1.657535e+00 1.562056e+00 2.967968e+00 2.060376e-01 4.807151e-01 6.053293e-01 5.114370e-01 1.007844e-01 3.200524e-01 -2.727735e-01 -3.126795e-01 1.349676e-01 -2.672308e-01 -1.180213e-01 -2.791804e-01 -5.904633e-03
<VARIANCE> 25
 8.379260e+00 8.374121e+00 1.354371e+01 1.733260e+01 1.618747e+01 2.072601e+01 1.693793e+01 1.563424e+01 1.892583e+01 1.763116e+01 2.196656e+01 1.539827e+01 1.414505e+00 1.745595e+00 2.547445e+00 2.216013e+00 2.371787e+00 2.861217e+00 2.499358e+00 2.745697e+00 3.205092e+00 2.472397e+00 2.612240e+00 2.509379e+00 1.503503e-03
<GCONST> 8.261081e+01
<MIXTURE> 89 9.333527e-03
<MEAN> 25
 5.862918e+00 -6.381230e+00 -3.184494e+00 -2.808579e+00 -1.791425e+00 -5.353423e+00 -6.110667e+00 4.267274e+00 2.965385e+00 -2.027695e+00 -5.336889e+00 -3.472604e+00 -5.766112e-01 8.667698e-02 1.884083e+00 9.438378e-01 -1.698552e+00 -1.703612e+00 8.261509e-01 1.220182e+00 -9.105419e-01 -1.314436e+00 3.976207e-01 1.431785e+00 -3.153727e-03
<VARIANCE> 25
 8.508480e+00 2.593512e+01 2.949456e+01 2.847832e+01 3.302231e+01 3.877857e+01 5.472892e+01 3.900211e+01 3.752303e+01 4.418742e+01 3.717705e+01 2.971140e+01 3.216004e-01 8.128250e-01 1.429279e+00 1.206707e+00 2.009002e+00 1.986798e+00 2.414495e+00 1.893522e+00 2.296491e+00 1.962142e+00 2.160557e+00 1.477294e+00 3.739465e-04
<GCONST> 8.420069e+01
<MIXTURE> 90 7.114505e-03
<MEAN> 25
 2.446320e+00 -9.716211e+00 -4.746060e+00 -3.974122e+00 -3.383008e+00 -1.812273e+00 3.360736e+00 1.184159e+00 -7.524890e+00 -1.021058e+01 -3.433058e+00 -7.370543e-01 -1.637049e-01 9.082437e-01 1.167994e+00 -8.532405e-01 -1.612396e+00 -2.116369e-01 6.455020e-01 -2.086395e-01 -1.691748e-01 7.372840e-01 1.827882e-01 -5.496890e-01 -1.114790e-02
<VARIANCE> 25
 8.502604e+00 1.782873e+01 1.988779e+01 2.802038e+01 3.680799e+01 3.217540e+01 3.852424e+01 3.638858e+01 3.525017e+01 2.772405e+01 2.701315e+01 2.612377e+01 2.240316e-01 6.132624e-01 7.868339e-01 1.042644e+00 1.469988e+00 1.592005e+00 1.779667e+00 1.655887e+00 1.812312e+00 1.677131e+00 1.495009e+00 1.308994e+00 2.149103e-04
<GCONST> 7.814344e+01
<MIXTURE> 91 7.852945e-03
<MEAN> 25
 6.375857e+00 -7.612936e+00 -8.558649e+00 -5.158126e+00 3.936098e+00 -1.625704e-01 -2.156275e+00 7.046773e-01 7.429778e-01 -2.871714e+00 -4.784720e+00 -5.252961e+00 2.563411e-01 9.987342e-01 1.978874e-01 4.478271e-01 -5.805529e-02 -5.257849e-01 -3.761895e-01 -1.250924e-01 -1.052232e-01 4.580102e-01 -1.351217e-01 2.341489e-01 -3.520127e-02
<VARIANCE> 25
 1.007748e+01 2.257906e+01 2.008984e+01 4.040525e+01 3.495790e+01 5.542114e+01 5.450076e+01 3.943536e+01 5.164270e+01 6.419489e+01 4.038969e+01 4.213392e+01 4.454183e-01 8.838903e-01 1.123674e+00 1.380547e+00 2.200217e+00 2.480375e+00 2.366958e+00 2.452070e+00 2.234014e+00 2.199127e+00 2.048213e+00 1.885653e+00 5.942254e-04
<GCONST> 8.733839e+01
<MIXTURE> 92 7.852945e-03
<MEAN> 25
 6.375857e+00 -7.612936e+00 -8.558649e+00 -5.158126e+00 3.936098e+00 -1.625704e-01 -2.156275e+00 7.046773e-01 7.429778e-01 -2.871714e+00 -4.784720e+00 -5.252961e+00 2.563411e-01 9.987342e-01 1.978874e-01 4.478271e-01 -5.805529e-02 -5.257849e-01 -3.761895e-01 -1.250924e-01 -1.052232e-01 4.580102e-01 -1.351217e-01 2.341489e-01 -3.520127e-02
<VARIANCE> 25
 1.007748e+01 2.257906e+01 2.008984e+01 4.040525e+01 3.495790e+01 5.542114e+01 5.450076e+01 3.943536e+01 5.164270e+01 6.419489e+01 4.038969e+01 4.213392e+01 4.454183e-01 8.838903e-01 1.123674e+00 1.380547e+00 2.200217e+00 2.480375e+00 2.366958e+00 2.452070e+00 2.234014e+00 2.199127e+00 2.048213e+00 1.885653e+00 5.942254e-04
<GCONST> 8.733839e+01
<MIXTURE> 93 6.122769e-03
<MEAN> 25
 -6.772732e+00 -9.889334e-01 -2.277232e+00 5.707020e+00 5.836149e+00 4.007736e+00 6.180336e+00 3.703397e+00 4.139386e+00 2.504159e+00 1.644053e+00 3.697915e+00 -5.589085e-02 -1.583922e-01 -2.623752e-01 -3.601813e-01 -3.604425e-01 -2.859047e-01 -2.172890e-01 -1.628089e-01 -1.338197e-01 -1.245391e-01 -9.565754e-02 -3.141877e-02 1.725610e-07
<VARIANCE> 25
 9.022038e+00 5.964478e+00 8.699629e+00 1.154825e+01 1.148179e+01 1.600731e+01 1.511349e+01 1.651856e+01 1.446525e+01 1.425992e+01 1.786910e+01 1.324946e+01 8.284492e-02 1.519502e-01 2.621197e-01 4.123350e-01 5.264065e-01 6.336365e-01 7.697843e-01 8.770134e-01 9.710678e-01 8.903263e-01 8.822585e-01 9.031789e-01 9.901428e-07
<GCONST> 5.378361e+01
<MIXTURE> 94 6.122769e-03
<MEAN> 25
 -6.772732e+00 -9.889334e-01 -2.277232e+00 5.707020e+00 5.836149e+00 4.007736e+00 6.180336e+00 3.703397e+00 4.139386e+00 2.504159e+00 1.644053e+00 3.697915e+00 -5.589085e-02 -1.583922e-01 -2.623752e-01 -3.601813e-01 -3.604425e-01 -2.859047e-01 -2.172890e-01 -1.628089e-01 -1.338197e-01 -1.245391e-01 -9.565754e-02 -3.141877e-02 1.725610e-07
<VARIANCE> 25
 9.022038e+00 5.964478e+00 8.699629e+00 1.154825e+01 1.148179e+01 1.600731e+01 1.511349e+01 1.651856e+01 1.446525e+01 1.425992e+01 1.786910e+01 1.324946e+01 8.284492e-02 1.519502e-01 2.621197e-01 4.123350e-01 5.264065e-01 6.336365e-01 7.697843e-01 8.770134e-01 9.710678e-01 8.903263e-01 8.822585e-01 9.031789e-01 9.901428e-07
<GCONST> 5.378361e+01
<MIXTURE> 95 5.258835e-03
<MEAN> 25
 -5.779757e+00 -8.978001e-01 -1.472309e+00 4.888189e+00 3.960765e+00 3.093547e+00 4.334002e+00 1.850902e+00 2.492437e+00 7.885218e-01 3.335314e-01 2.413608e+00 1.273635e-01 1.221242e-01 1.038493e-01 -5.656422e-02 -3.002621e-01 -6.155101e-01 -1.006061e+00 -1.203775e+00 -1.286036e+00 -1.102393e+00 -5.757896e-01 -2.594513e-01 2.532243e-04
<VARIANCE> 25
 9.803753e+00 6.636179e+00 1.460198e+01 1.184086e+01 1.368696e+01 1.840537e+01 1.695074e+01 1.648193e+01 1.527791e+01 1.615446e+01 2.676653e+01 1.405551e+01 2.023613e-01 2.834790e-01 4.465526e-01 6.038871e-01 8.127626e-01 9.534801e-01 8.993967e-01 9.556538e-01 9.074637e-01 1.142473e+00 1.140972e+00 1.091151e+00 4.297507e-05
<GCONST> 6.350046e+01
<MIXTURE> 96 7.034694e-03
<MEAN> 25
 -5.106974e+00 -6.064945e-01 -1.865378e+00 4.908968e+00 3.539042e+00 1.796547e+00 3.698272e+00 2.195654e+00 2.794160e+00 9.306747e-01 4.078391e-01 2.914640e+00 -4.568020e-02 6.577682e-02 1.888150e-01 4.437913e-01 5.654334e-01 5.602543e-01 2.402068e-01 -1.339138e-01 -4.006612e-01 -6.693192e-01 -5.818127e-01 -3.822479e-01 2.516744e-05
<VARIANCE> 25
 1.017857e+01 9.285359e+00 1.392838e+01 1.392514e+01 1.555089e+01 1.805899e+01 1.860991e+01 2.118621e+01 1.819226e+01 1.563930e+01 2.453373e+01 1.352003e+01 1.141401e-01 2.075952e-01 3.008982e-01 3.912944e-01 4.660087e-01 6.625792e-01 8.062804e-01 9.322338e-01 9.373364e-01 8.172223e-01 8.332608e-01 8.975338e-01 9.611143e-07
<GCONST> 5.707841e+01
<MIXTURE> 97 7.034694e-03
<MEAN> 25
 -5.106974e+00 -6.064945e-01 -1.865378e+00 4.908968e+00 3.539042e+00 1.796547e+00 3.698272e+00 2.195654e+00 2.794160e+00 9.306747e-01 4.078391e-01 2.914640e+00 -4.568020e-02 6.577682e-02 1.888150e-01 4.437913e-01 5.654334e-01 5.602543e-01 2.402068e-01 -1.339138e-01 -4.006612e-01 -6.693192e-01 -5.818127e-01 -3.822479e-01 2.516744e-05
<VARIANCE> 25
 1.017857e+01 9.285359e+00 1.392838e+01 1.392514e+01 1.555089e+01 1.805899e+01 1.860991e+01 2.118621e+01 1.819226e+01 1.563930e+01 2.453373e+01 1.352003e+01 1.141401e-01 2.075952e-01 3.008982e-01 3.912944e-01 4.660087e-01 6.625792e-01 8.062804e-01 9.322338e-01 9.373364e-01 8.172223e-01 8.332608e-01 8.975338e-01 9.611143e-07
<GCONST> 5.707841e+01
<MIXTURE> 98 9.917808e-03
<MEAN> 25
 -1.332310e+00 2.531251e-01 1.009320e+00 3.755256e+00 2.889693e+00 2.838918e+00 2.726757e+00 1.900142e+00 2.028951e+00 6.188992e-01 -8.769197e-01 2.146919e+00 -1.581096e+00 -1.336081e+00 -8.802765e-01 3.876732e-02 2.968782e-01 5.165995e-01 1.349825e+00 1.782441e+00 1.620766e+00 8.241225e-01 6.945292e-01 1.278994e+00 -3.194005e-02
<VARIANCE> 25
 1.133037e+01 1.599700e+01 2.630260e+01 2.613211e+01 3.533305e+01 3.060302e+01 2.723635e+01 2.522265e+01 2.157903e+01 2.770847e+01 2.920268e+01 2.420749e+01 1.391158e+00 1.452490e+00 2.899673e+00 2.149966e+00 2.759162e+00 3.591519e+00 2.296787e+00 2.793065e+00 2.201570e+00 2.583899e+00 3.610451e+00 2.110033e+00 2.320918e-03
<GCONST> 8.854108e+01
<MIXTURE> 99 6.696178e-03
<MEAN> 25
 -6.695829e+00 9.925643e+00 6.071922e+00 3.557050e+00 8.332765e-01 -5.191135e+00 -1.685875e+00 -4.199338e+00 -3.193235e+00 -3.798050e+00 -1.709076e+00 4.961936e-01 5.055610e-01 -6.530237e-01 3.199450e-01 -3.387118e-01 -1.032372e+00 -5.121704e-01 -2.872536e-01 -2.345998e-01 -1.018034e-01 -6.117321e-02 1.769986e-01 1.283939e-01 1.096379e-02
<VARIANCE> 25
 3.853812e+01 2.593905e+01 5.528977e+01 3.006593e+01 3.539117e+01 3.377477e+01 2.703900e+01 2.904477e+01 2.699253e+01 2.711787e+01 2.060066e+01 2.858319e+01 2.242086e+00 1.973747e+00 1.396375e+00 1.761250e+00 2.721834e+00 2.060814e+00 1.657266e+00 1.613397e+00 1.509332e+00 1.516887e+00 1.487126e+00 1.264676e+00 1.619892e-03
<GCONST> 8.712624e+01
<MIXTURE> 100 4.498084e-03
<MEAN> 25
 -1.598340e+00 6.344196e+00 1.027635e+01 -7.461640e+00 -1.078057e+01 -5.074830e+00 -4.941740e+00 -9.968371e+00 -4.717918e+00 -8.547292e-01 -2.733153e+00 -2.708604e+00 2.917682e+00 -1.260369e+00 1.299738e+00 -2.185793e+00 -3.419194e+00 -7.839200e-01 -1.218687e+00 -8.196424e-01 -1.475344e+00 3.466815e-01 -1.655809e+00 -2.860277e-01 2.009912e-03
<VARIANCE> 25
 1.362721e+01 2.105954e+01 2.246376e+01 2.643370e+01 2.303395e+01 2.372575e+01 2.910865e+01 2.170627e+01 2.748006e+01 2.265212e+01 2.241224e+01 2.134130e+01 1.799613e+00 3.953728e+00 2.919696e+00 4.286140e+00 4.184612e+00 4.537072e+00 4.015903e+00 4.339989e+00 4.167854e+00 3.895654e+00 3.912696e+00 3.225914e+00 1.675018e-03
<GCONST> 9.257071e+01
<MIXTURE> 101 6.007792e-03
<MEAN> 25
 7.727654e+00 -3.124575e+00 -5.860514e+00 -6.050668e+00 7.284163e-01 -1.695808e+00 -9.631285e+00 -2.120512e+00 1.449521e+00 2.422674e+00 -1.305935e+00 -5.309125e+00 6.891677e-01 6.099116e-01 -1.333612e+00 -1.638375e+00 9.671792e-01 2.428529e+00 2.677169e-02 -1.606126e+00 -1.098374e+00 1.170854e+00 1.241124e+00 -2.139239e-01 -7.002267e-03
<VARIANCE> 25
 9.200459e+00 1.567130e+01 2.885400e+01 4.295446e+01 3.212053e+01 3.458832e+01 4.032212e+01 3.335920e+01 3.432737e+01 4.010981e+01 5.348726e+01 2.317132e+01 2.648182e-01 6.123261e-01 1.146963e+00 1.423392e+00 1.520170e+00 2.226783e+00 2.271800e+00 1.966787e+00 2.148351e+00 2.137831e+00 1.729718e+00 2.121712e+00 4.159533e-04
<GCONST> 8.303460e+01
<MIXTURE> 102 6.007792e-03
<MEAN> 25
 7.727654e+00 -3.124575e+00 -5.860514e+00 -6.050668e+00 7.284163e-01 -1.695808e+00 -9.631285e+00 -2.120512e+00 1.449521e+00 2.422674e+00 -1.305935e+00 -5.309125e+00 6.891677e-01 6.099116e-01 -1.333612e+00 -1.638375e+00 9.671792e-01 2.428529e+00 2.677169e-02 -1.606126e+00 -1.098374e+00 1.170854e+00 1.241124e+00 -2.139239e-01 -7.002267e-03
<VARIANCE> 25
 9.200459e+00 1.567130e+01 2.885400e+01 4.295446e+01 3.212053e+01 3.458832e+01 4.032212e+01 3.335920e+01 3.432737e+01 4.010981e+01 5.348726e+01 2.317132e+01 2.648182e-01 6.123261e-01 1.146963e+00 1.423392e+00 1.520170e+00 2.226783e+00 2.271800e+00 1.966787e+00 2.148351e+00 2.137831e+00 1.729718e+00 2.121712e+00 4.159533e-04
<GCONST> 8.303460e+01
<MIXTURE> 103 5.694618e-03
<MEAN> 25
 3.300148e+00 -9.266410e+00 -6.248323e+00 -3.417038e+00 -1.300799e+00 -1.559285e+00 2.519771e+00 2.757435e+00 -4.621583e+00 -8.977787e+00 -4.925772e+00 5.520200e-01 -1.530728e-01 -1.440650e+00 -9.861987e-01 3.234861e-01 1.195866e+00 1.040404e+00 1.993044e-01 -2.836607e-01 -8.554683e-01 -9.078188e-01 5.290280e-02 1.541778e-01 2.690076e-02
<VARIANCE> 25
 1.016124e+01 2.095615e+01 2.278188e+01 3.393084e+01 4.674717e+01 3.909784e+01 4.524428e+01 3.740819e+01 4.095206e+01 3.059705e+01 2.971224e+01 2.673290e+01 6.290115e-01 1.277890e+00 1.539934e+00 1.967861e+00 2.842927e+00 2.351279e+00 2.851695e+00 2.524892e+00 2.691353e+00 2.489568e+00 2.259605e+00 2.020569e+00 7.817087e-04
<GCONST> 8.774466e+01
<MIXTURE> 104 5.694618e-03
<MEAN> 25
 3.300148e+00 -9.266410e+00 -6.248323e+00 -3.417038e+00 -1.300799e+00 -1.559285e+00 2.519771e+00 2.757435e+00 -4.621583e+00 -8.977787e+00 -4.925772e+00 5.520200e-01 -1.530728e-01 -1.440650e+00 -9.861987e-01 3.234861e-01 1.195866e+00 1.040404e+00 1.993044e-01 -2.836607e-01 -8.554683e-01 -9.078188e-01 5.290280e-02 1.541778e-01 2.690076e-02
<VARIANCE> 25
 1.016124e+01 2.095615e+01 2.278188e+01 3.393084e+01 4.674717e+01 3.909784e+01 4.524428e+01 3.740819e+01 4.095206e+01 3.059705e+01 2.971224e+01 2.673290e+01 6.290115e-01 1.277890e+00 1.539934e+00 1.967861e+00 2.842927e+00 2.351279e+00 2.851695e+00 2.524892e+00 2.691353e+00 2.489568e+00 2.259605e+00 2.020569e+00 7.817087e-04
<GCONST> 8.774466e+01
<MIXTURE> 105 4.710235e-03
<MEAN> 25
 2.328792e+00 -1.564674e+00 8.522974e+00 -2.200403e+00 -1.076506e+01 -5.163893e+00 -4.462881e+00 -7.776929e-01 -3.550377e+00 -2.829979e+00 2.044503e+00 -1.728093e+00 -1.186880e-02 2.148899e-02 4.010581e-02 -1.626165e-02 -1.661536e-02 -3.074893e-03 5.616985e-02 9.672297e-02 -4.622391e-02 3.990834e-03 4.308699e-02 -6.921105e-02 -1.641273e-03
<VARIANCE> 25
 1.237537e+01 2.635921e+01 4.393894e+01 4.389179e+01 4.200625e+01 5.155260e+01 3.993753e+01 4.025237e+01 3.772008e+01 4.176275e+01 4.548053e+01 3.375892e+01 8.692480e-02 1.803163e-01 3.286778e-01 2.865036e-01 3.545132e-01 4.635701e-01 4.936585e-01 4.970848e-01 5.126514e-01 4.335909e-01 4.077824e-01 4.368601e-01 9.548167e-05
<GCONST> 6.684590e+01
<MIXTURE> 106 4.710235e-03
<MEAN> 25
 2.328792e+00 -1.564674e+00 8.522974e+00 -2.200403e+00 -1.076506e+01 -5.163893e+00 -4.462881e+00 -7.776929e-01 -3.550377e+00 -2.829979e+00 2.044503e+00 -1.728093e+00 -1.186880e-02 2.148899e-02 4.010581e-02 -1.626165e-02 -1.661536e-02 -3.074893e-03 5.616985e-02 9.672297e-02 -4.622391e-02 3.990834e-03 4.308699e-02 -6.921105e-02 -1.641273e-03
<VARIANCE> 25
 1.237537e+01 2.635921e+01 4.393894e+01 4.389179e+01 4.200625e+01 5.155260e+01 3.993753e+01 4.025237e+01 3.772008e+01 4.176275e+01 4.548053e+01 3.375892e+01 8.692480e-02 1.803163e-01 3.286778e-01 2.865036e-01 3.545132e-01 4.635701e-01 4.936585e-01 4.970848e-01 5.126514e-01 4.335909e-01 4.077824e-01 4.368601e-01 9.548167e-05
<GCONST> 6.684590e+01
<MIXTURE> 107 5.452374e-03
<MEAN> 25
 8.488818e+00 -2.278868e+00 -7.796278e+00 -9.257041e+00 1.937180e+00 2.889156e+00 -8.626945e+00 -4.583002e+00 -9.619439e-01 3.343128e+00 9.863800e-01 -5.091578e+00 -6.068481e-01 -7.505729e-01 8.207945e-01 1.759414e+00 2.113467e-01 -1.994902e+00 -8.991459e-01 8.488873e-01 1.762393e+00 3.910615e-02 -1.614526e+00 -8.171722e-01 -1.494502e-03
<VARIANCE> 25
 9.837388e+00 2.008339e+01 2.968470e+01 4.498352e+01 3.486047e+01 3.819089e+01 5.101046e+01 3.536415e+01 4.481991e+01 4.100887e+01 5.300480e+01 3.084132e+01 3.506534e-01 9.563478e-01 1.474230e+00 2.369206e+00 2.241825e+00 2.786113e+00 2.576185e+00 2.503414e+00 2.255747e+00 2.983945e+00 2.090958e+00 2.154842e+00 7.380588e-04
<GCONST> 8.809189e+01
<MIXTURE> 108 5.452374e-03
<MEAN> 25
 8.488818e+00 -2.278868e+00 -7.796278e+00 -9.257041e+00 1.937180e+00 2.889156e+00 -8.626945e+00 -4.583002e+00 -9.619439e-01 3.343128e+00 9.863800e-01 -5.091578e+00 -6.068481e-01 -7.505729e-01 8.207945e-01 1.759414e+00 2.113467e-01 -1.994902e+00 -8.991459e-01 8.488873e-01 1.762393e+00 3.910615e-02 -1.614526e+00 -8.171722e-01 -1.494502e-03
<VARIANCE> 25
 9.837388e+00 2.008339e+01 2.968470e+01 4.498352e+01 3.486047e+01 3.819089e+01 5.101046e+01 3.536415e+01 4.481991e+01 4.100887e+01 5.300480e+01 3.084132e+01 3.506534e-01 9.563478e-01 1.474230e+00 2.369206e+00 2.241825e+00 2.786113e+00 2.576185e+00 2.503414e+00 2.255747e+00 2.983945e+00 2.090958e+00 2.154842e+00 7.380588e-04
<GCONST> 8.809189e+01
<MIXTURE> 109 6.661064e-03
<MEAN> 25
 4.080821e+00 -1.053596e+01 -8.290000e+00 -1.358353e+00 2.749420e+00 -4.915377e-02 -7.659356e-02 1.455840e+00 -2.567163e+00 -8.364160e+00 -5.375450e+00 6.304141e-02 -3.306437e-02 -1.322034e-01 -3.325417e-02 2.498321e-01 1.966953e-01 1.189912e-01 -1.250052e-01 -1.051198e-01 -4.278983e-02 -1.304417e-01 2.197014e-01 1.011779e-02 -3.483399e-03
<VARIANCE> 25
 9.076346e+00 1.831964e+01 2.015978e+01 3.143100e+01 4.076844e+01 3.686709e+01 4.659803e+01 3.435573e+01 4.601159e+01 3.530524e+01 2.967092e+01 2.818818e+01 1.930041e-01 4.229454e-01 5.378466e-01 6.340532e-01 1.229053e+00 9.941788e-01 1.257046e+00 1.092374e+00 1.119752e+00 9.530133e-01 8.773766e-01 8.873121e-01 1.826919e-04
<GCONST> 7.447068e+01
<MIXTURE> 110 6.661064e-03
<MEAN> 25
 4.080821e+00 -1.053596e+01 -8.290000e+00 -1.358353e+00 2.749420e+00 -4.915377e-02 -7.659356e-02 1.455840e+00 -2.567163e+00 -8.364160e+00 -5.375450e+00 6.304141e-02 -3.306437e-02 -1.322034e-01 -3.325417e-02 2.498321e-01 1.966953e-01 1.189912e-01 -1.250052e-01 -1.051198e-01 -4.278983e-02 -1.304417e-01 2.197014e-01 1.011779e-02 -3.483399e-03
<VARIANCE> 25
 9.076346e+00 1.831964e+01 2.015978e+01 3.143100e+01 4.076844e+01 3.686709e+01 4.659803e+01 3.435573e+01 4.601159e+01 3.530524e+01 2.967092e+01 2.818818e+01 1.930041e-01 4.229454e-01 5.378466e-01 6.340532e-01 1.229053e+00 9.941788e-01 1.257046e+00 1.092374e+00 1.119752e+00 9.530133e-01 8.773766e-01 8.873121e-01 1.826919e-04
<GCONST> 7.447068e+01
<MIXTURE> 111 4.337247e-03
<MEAN> 25
 -4.521696e+00 -9.907381e-01 -1.258915e+00 1.672069e+00 8.669872e-01 1.148359e+00 6.678055e-01 4.590739e-01 3.611824e-01 -6.767734e-01 -1.365658e+00 2.122515e+00 -3.051662e-02 -5.540000e-02 -7.998550e-02 -8.528157e-02 -2.951593e-02 1.104581e-02 2.837390e-02 -6.960811e-02 -1.563491e-01 -1.949025e-01 -1.473500e-01 -2.436309e-02 -9.965775e-05
<VARIANCE> 25
 7.042201e+00 4.843027e+00 1.165850e+01 8.854263e+00 1.228126e+01 2.262066e+01 1.533411e+01 1.344313e+01 1.170735e+01 1.338704e+01 1.789077e+01 1.146633e+01 8.270603e-02 1.610593e-01 2.825688e-01 4.150507e-01 5.666776e-01 7.061059e-01 7.779400e-01 9.068307e-01 8.812110e-01 8.904209e-01 8.218499e-01 8.899990e-01 2.264931e-05
<GCONST> 5.646989e+01
<MIXTURE> 112 4.337247e-03
<MEAN> 25
 -4.521696e+00 -9.907381e-01 -1.258915e+00 1.672069e+00 8.669872e-01 1.148359e+00 6.678055e-01 4.590739e-01 3.611824e-01 -6.767734e-01 -1.365658e+00 2.122515e+00 -3.051662e-02 -5.540000e-02 -7.998550e-02 -8.528157e-02 -2.951593e-02 1.104581e-02 2.837390e-02 -6.960811e-02 -1.563491e-01 -1.949025e-01 -1.473500e-01 -2.436309e-02 -9.965775e-05
<VARIANCE> 25
 7.042201e+00 4.843027e+00 1.165850e+01 8.854263e+00 1.228126e+01 2.262066e+01 1.533411e+01 1.344313e+01 1.170735e+01 1.338704e+01 1.789077e+01 1.146633e+01 8.270603e-02 1.610593e-01 2.825688e-01 4.150507e-01 5.666776e-01 7.061059e-01 7.779400e-01 9.068307e-01 8.812110e-01 8.904209e-01 8.218499e-01 8.899990e-01 2.264931e-05
<GCONST> 5.646989e+01
<MIXTURE> 113 5.938666e-03
<MEAN> 25
 9.937624e+00 1.750126e+00 -8.773087e+00 -1.700643e+01 -1.045720e+00 5.670580e+00 -5.236721e+00 -1.456765e+00 -5.682204e+00 -5.018573e-01 2.870675e-01 -1.435422e-01 8.664653e-03 2.142891e-02 -6.076336e-02 -1.144744e-01 1.045372e-01 1.554004e-01 6.184767e-02 3.342308e-02 -6.078253e-02 -5.682615e-02 1.878348e-01 3.343932e-02 -1.290302e-03
<VARIANCE> 25
 9.084792e+00 1.630082e+01 2.962350e+01 3.435001e+01 5.246275e+01 3.373036e+01 3.988577e+01 3.896703e+01 3.717632e+01 4.615006e+01 3.610011e+01 2.894406e+01 1.245638e-01 3.298558e-01 3.145283e-01 6.282811e-01 6.091408e-01 6.536670e-01 7.745068e-01 8.413616e-01 9.565387e-01 9.104578e-01 7.327993e-01 7.120066e-01 1.264149e-04
<GCONST> 7.116902e+01
<MIXTURE> 114 5.938666e-03
<MEAN> 25
 9.937624e+00 1.750126e+00 -8.773087e+00 -1.700643e+01 -1.045720e+00 5.670580e+00 -5.236721e+00 -1.456765e+00 -5.682204e+00 -5.018573e-01 2.870675e-01 -1.435422e-01 8.664653e-03 2.142891e-02 -6.076336e-02 -1.144744e-01 1.045372e-01 1.554004e-01 6.184767e-02 3.342308e-02 -6.078253e-02 -5.682615e-02 1.878348e-01 3.343932e-02 -1.290302e-03
<VARIANCE> 25
 9.084792e+00 1.630082e+01 2.962350e+01 3.435001e+01 5.246275e+01 3.373036e+01 3.988577e+01 3.896703e+01 3.717632e+01 4.615006e+01 3.610011e+01 2.894406e+01 1.245638e-01 3.298558e-01 3.145283e-01 6.282811e-01 6.091408e-01 6.536670e-01 7.745068e-01 8.413616e-01 9.565387e-01 9.104578e-01 7.327993e-01 7.120066e-01 1.264149e-04
<GCONST> 7.116902e+01
<MIXTURE> 115 2.935202e-03
<MEAN> 25
 -4.032820e+00 -7.564208e-01 -3.075025e+00 3.654853e+00 2.405615e+00 -4.042550e-01 2.254686e+00 4.377162e-01 1.403543e+00 -3.017947e-02 -3.929450e-03 2.683022e+00 3.073169e-02 -7.392999e-02 -2.302716e-01 -4.410600e-01 -6.325008e-01 -6.703601e-01 -5.920054e-01 -5.077960e-01 -4.875772e-01 -4.538000e-01 -3.379142e-01 -1.590738e-01 -3.544804e-06
<VARIANCE> 25
 9.226540e+00 9.857019e+00 1.371688e+01 1.266784e+01 1.344795e+01 1.762260e+01 1.711576e+01 2.088467e+01 1.791882e+01 1.729460e+01 1.954068e+01 1.463733e+01 2.031898e-01 3.454761e-01 4.848225e-01 5.612717e-01 6.344097e-01 7.967938e-01 1.006134e+00 1.128604e+00 1.075333e+00 9.994716e-01 1.029100e+00 1.068733e+00 1.016454e-06
<GCONST> 6.020922e+01
<MIXTURE> 116 2.935202e-03
<MEAN> 25
 -4.032820e+00 -7.564208e-01 -3.075025e+00 3.654853e+00 2.405615e+00 -4.042550e-01 2.254686e+00 4.377162e-01 1.403543e+00 -3.017947e-02 -3.929450e-03 2.683022e+00 3.073169e-02 -7.392999e-02 -2.302716e-01 -4.410600e-01 -6.325008e-01 -6.703601e-01 -5.920054e-01 -5.077960e-01 -4.875772e-01 -4.538000e-01 -3.379142e-01 -1.590738e-01 -3.544804e-06
<VARIANCE> 25
 9.226540e+00 9.857019e+00 1.371688e+01 1.266784e+01 1.344795e+01 1.762260e+01 1.711576e+01 2.088467e+01 1.791882e+01 1.729460e+01 1.954068e+01 1.463733e+01 2.031898e-01 3.454761e-01 4.848225e-01 5.612717e-01 6.344097e-01 7.967938e-01 1.006134e+00 1.128604e+00 1.075333e+00 9.994716e-01 1.029100e+00 1.068733e+00 1.016454e-06
<GCONST> 6.020922e+01
<MIXTURE> 117 6.506003e-03
<MEAN> 25
 -4.644122e+00 1.110092e+00 1.059517e+00 9.740211e+00 6.252636e+00 6.260760e+00 6.468398e+00 5.051442e+00 6.382471e+00 4.924076e+00 6.341481e+00 2.712165e+00 -7.435115e-02 -2.342546e-01 -3.588081e-01 -4.228164e-01 -3.704255e-01 -3.026854e-01 -2.868703e-01 -3.297811e-01 -3.874841e-01 -3.658159e-01 -2.621369e-01 -1.155576e-01 -8.375015e-06
<VARIANCE> 25
 7.172095e+00 8.764072e+00 9.800199e+00 1.443633e+01 1.561100e+01 1.532736e+01 1.770172e+01 1.794679e+01 1.637290e+01 1.634952e+01 1.701994e+01 1.472961e+01 2.163811e-01 3.069266e-01 4.255046e-01 6.196918e-01 8.560607e-01 1.053367e+00 1.175591e+00 1.231754e+00 1.231523e+00 1.196948e+00 1.165516e+00 1.111608e+00 9.986993e-07
<GCONST> 6.044481e+01
<MIXTURE> 118 6.506003e-03
<MEAN> 25
 -4.644122e+00 1.110092e+00 1.059517e+00 9.740211e+00 6.252636e+00 6.260760e+00 6.468398e+00 5.051442e+00 6.382471e+00 4.924076e+00 6.341481e+00 2.712165e+00 -7.435115e-02 -2.342546e-01 -3.588081e-01 -4.228164e-01 -3.704255e-01 -3.026854e-01 -2.868703e-01 -3.297811e-01 -3.874841e-01 -3.658159e-01 -2.621369e-01 -1.155576e-01 -8.375015e-06
<VARIANCE> 25
 7.172095e+00 8.764072e+00 9.800199e+00 1.443633e+01 1.561100e+01 1.532736e+01 1.770172e+01 1.794679e+01 1.637290e+01 1.634952e+01 1.701994e+01 1.472961e+01 2.163811e-01 3.069266e-01 4.255046e-01 6.196918e-01 8.560607e-01 1.053367e+00 1.175591e+00 1.231754e+00 1.231523e+00 1.196948e+00 1.165516e+00 1.111608e+00 9.986993e-07
<GCONST> 6.044481e+01
<MIXTURE> 119 4.297961e-03
<MEAN> 25
 -4.960426e+00 -7.499017e+00 2.191978e+00 1.922754e+00 2.289233e+00 1.958748e-01 5.343473e+00 5.989526e+00 1.267295e+00 8.978908e-01 6.280605e+00 1.676246e+00 -6.396313e-02 -6.229873e-02 2.060015e-02 -3.338115e-02 -7.868593e-02 -1.780738e-01 -5.699173e-02 -9.758358e-03 -1.157483e-01 -1.950843e-01 -5.216065e-02 -5.155871e-02 1.834027e-03
<VARIANCE> 25
 8.217570e+00 9.939281e+00 1.659118e+01 2.030265e+01 2.219750e+01 2.309601e+01 2.424833e+01 2.562538e+01 2.435479e+01 2.824686e+01 2.351731e+01 2.013253e+01 1.611985e-01 2.823404e-01 4.626895e-01 6.586682e-01 8.742213e-01 9.701821e-01 1.074751e+00 1.239307e+00 1.276352e+00 1.427059e+00 1.153358e+00 1.121911e+00 2.435288e-04
<GCONST> 6.991568e+01
<MIXTURE> 120 4.297961e-03
<MEAN> 25
 -4.960426e+00 -7.499017e+00 2.191978e+00 1.922754e+00 2.289233e+00 1.958748e-01 5.343473e+00 5.989526e+00 1.267295e+00 8.978908e-01 6.280605e+00 1.676246e+00 -6.396313e-02 -6.229873e-02 2.060015e-02 -3.338115e-02 -7.868593e-02 -1.780738e-01 -5.699173e-02 -9.758358e-03 -1.157483e-01 -1.950843e-01 -5.216065e-02 -5.155871e-02 1.834027e-03
<VARIANCE> 25
 8.217570e+00 9.939281e+00 1.659118e+01 2.030265e+01 2.219750e+01 2.309601e+01 2.424833e+01 2.562538e+01 2.435479e+01 2.824686e+01 2.351731e+01 2.013253e+01 1.611985e-01 2.823404e-01 4.626895e-01 6.586682e-01 8.742213e-01 9.701821e-01 1.074751e+00 1.239307e+00 1.276352e+00 1.427059e+00 1.153358e+00 1.121911e+00 2.435288e-04
<GCONST> 6.991568e+01
<MIXTURE> 121 4.567511e-03
<MEAN> 25
 2.130330e-01 -2.518651e+00 5.159319e+00 -1.286630e+01 -1.262142e+01 -1.660502e+00 9.934809e-01 -5.085035e+00 -4.191341e+00 -4.828105e-01 -5.511316e+00 -4.303839e+00 2.254207e-02 1.351102e-01 -4.238944e-02 7.898493e-02 1.592521e-01 7.655528e-02 -7.701618e-02 -1.807649e-01 -2.724104e-01 -2.545646e-01 -1.144112e-01 -4.619916e-04 -7.448818e-03
<VARIANCE> 25
 7.724196e+00 1.557306e+01 1.724481e+01 2.078629e+01 2.457547e+01 2.917864e+01 2.947799e+01 2.470967e+01 3.522043e+01 2.828162e+01 1.969850e+01 2.116459e+01 1.557369e-01 6.452231e-01 6.218628e-01 7.031514e-01 7.695501e-01 1.148770e+00 1.117887e+00 1.120192e+00 1.220956e+00 1.193843e+00 9.393685e-01 8.709765e-01 2.107497e-04
<GCONST> 7.140937e+01
<MIXTURE> 122 4.567511e-03
<MEAN> 25
 2.130330e-01 -2.518651e+00 5.159319e+00 -1.286630e+01 -1.262142e+01 -1.660502e+00 9.934809e-01 -5.085035e+00 -4.191341e+00 -4.828105e-01 -5.511316e+00 -4.303839e+00 2.254207e-02 1.351102e-01 -4.238944e-02 7.898493e-02 1.592521e-01 7.655528e-02 -7.701618e-02 -1.807649e-01 -2.724104e-01 -2.545646e-01 -1.144112e-01 -4.619916e-04 -7.448818e-03
<VARIANCE> 25
 7.724196e+00 1.557306e+01 1.724481e+01 2.078629e+01 2.457547e+01 2.917864e+01 2.947799e+01 2.470967e+01 3.522043e+01 2.828162e+01 1.969850e+01 2.116459e+01 1.557369e-01 6.452231e-01 6.218628e-01 7.031514e-01 7.695501e-01 1.148770e+00 1.117887e+00 1.120192e+00 1.220956e+00 1.193843e+00 9.393685e-01 8.709765e-01 2.107497e-04
<GCONST> 7.140937e+01
<MIXTURE> 123 4.393044e-03
<MEAN> 25
 -4.250192e+00 6.087393e-01 3.411082e-01 5.968571e+00 5.103576e+00 3.686697e+00 3.509401e+00 6.781599e-01 4.723960e-01 -6.643018e-01 -4.843862e-01 1.084590e+00 -4.222363e-01 -7.405977e-01 -8.324385e-01 -6.170623e-01 -2.331422e-01 1.022378e-01 4.247826e-01 6.372250e-01 8.102054e-01 8.635134e-01 7.226017e-01 5.118824e-01 -3.303370e-03
<VARIANCE> 25
 9.969276e+00 1.076740e+01 1.519021e+01 1.672859e+01 2.111345e+01 2.641848e+01 2.188101e+01 1.912217e+01 1.879061e+01 1.736583e+01 2.371592e+01 1.919872e+01 3.979126e-01 3.505466e-01 5.963598e-01 7.048784e-01 9.701339e-01 1.124754e+00 1.200326e+00 1.156640e+00 1.125422e+00 1.319682e+00 1.146711e+00 1.227239e+00 9.776942e-05
<GCONST> 6.951324e+01
<MIXTURE> 124 4.069876e-03
<MEAN> 25
 -6.502293e+00 -1.269303e+00 -2.630441e+00 4.979190e+00 4.828794e+00 3.442819e+00 5.473453e+00 2.783232e+00 3.226553e+00 1.079833e+00 7.035443e-01 3.104397e+00 -1.830464e-01 -3.225730e-01 -3.572674e-01 -2.182182e-01 1.094540e-01 5.249858e-01 8.387471e-01 8.497796e-01 6.733590e-01 3.786851e-01 7.030907e-02 9.613422e-04 -6.042538e-05
<VARIANCE> 25
 1.070695e+01 6.847828e+00 1.251043e+01 1.227876e+01 1.211547e+01 1.931233e+01 1.506907e+01 1.856643e+01 1.529195e+01 1.679571e+01 2.233481e+01 1.397475e+01 1.137084e-01 1.612296e-01 2.653291e-01 4.097320e-01 6.176404e-01 6.883336e-01 7.954339e-01 8.844501e-01 9.233519e-01 1.058583e+00 9.868201e-01 9.787955e-01 1.914649e-05
<GCONST> 5.931128e+01
<MIXTURE> 125 4.069876e-03
<MEAN> 25
 -6.502293e+00 -1.269303e+00 -2.630441e+00 4.979190e+00 4.828794e+00 3.442819e+00 5.473453e+00 2.783232e+00 3.226553e+00 1.079833e+00 7.035443e-01 3.104397e+00 -1.830464e-01 -3.225730e-01 -3.572674e-01 -2.182182e-01 1.094540e-01 5.249858e-01 8.387471e-01 8.497796e-01 6.733590e-01 3.786851e-01 7.030907e-02 9.613422e-04 -6.042538e-05
<VARIANCE> 25
 1.070695e+01 6.847828e+00 1.251043e+01 1.227876e+01 1.211547e+01 1.931233e+01 1.506907e+01 1.856643e+01 1.529195e+01 1.679571e+01 2.233481e+01 1.397475e+01 1.137084e-01 1.612296e-01 2.653291e-01 4.097320e-01 6.176404e-01 6.883336e-01 7.954339e-01 8.844501e-01 9.233519e-01 1.058583e+00 9.868201e-01 9.787955e-01 1.914649e-05
<GCONST> 5.931128e+01
<MIXTURE> 126 2.402244e-03
<MEAN> 25
 -3.793186e+00 -6.898963e+00 -5.186937e+00 2.315587e+00 4.238639e+00 -3.197661e+00 1.231268e-01 3.580413e+00 3.338521e+00 -2.730340e+00 -1.479975e+00 3.058470e+00 -4.157218e-03 -7.452306e-03 -3.858448e-02 -1.594450e-01 -3.146978e-01 -3.840576e-01 -2.658983e-01 -1.550825e-01 -1.172497e-01 -1.218237e-01 -9.330411e-02 -2.331936e-02 -1.424621e-03
<VARIANCE> 25
 7.414155e+00 1.263251e+01 1.465895e+01 1.503260e+01 2.456163e+01 2.404815e+01 2.288089e+01 2.829291e+01 3.097943e+01 2.638512e+01 2.216340e+01 1.906837e+01 1.713327e-01 3.512027e-01 4.858633e-01 5.646251e-01 7.573462e-01 9.930658e-01 1.121562e+00 1.260370e+00 1.337904e+00 1.330403e+00 1.207158e+00 1.159003e+00 2.107130e-04
<GCONST> 6.989330e+01
<MIXTURE> 127 2.402244e-03
<MEAN> 25
 -3.793186e+00 -6.898963e+00 -5.186937e+00 2.315587e+00 4.238639e+00 -3.197661e+00 1.231268e-01 3.580413e+00 3.338521e+00 -2.730340e+00 -1.479975e+00 3.058470e+00 -4.157218e-03 -7.452306e-03 -3.858448e-02 -1.594450e-01 -3.146978e-01 -3.840576e-01 -2.658983e-01 -1.550825e-01 -1.172497e-01 -1.218237e-01 -9.330411e-02 -2.331936e-02 -1.424621e-03
<VARIANCE> 25
 7.414155e+00 1.263251e+01 1.465895e+01 1.503260e+01 2.456163e+01 2.404815e+01 2.288089e+01 2.829291e+01 3.097943e+01 2.638512e+01 2.216340e+01 1.906837e+01 1.713327e-01 3.512027e-01 4.858633e-01 5.646251e-01 7.573462e-01 9.930658e-01 1.121562e+00 1.260370e+00 1.337904e+00 1.330403e+00 1.207158e+00 1.159003e+00 2.107130e-04
<GCONST> 6.989330e+01
<MIXTURE> 128 3.790457e-03
<MEAN> 25
 -3.932500e+00 1.523131e+00 -3.157440e-01 6.554430e+00 3.607480e+00 1.860376e+00 3.599698e+00 2.419808e+00 3.981357e+00 3.669603e+00 3.711054e+00 3.524451e+00 -3.929542e-01 -1.976965e-01 9.876134e-02 7.235256e-01 1.175529e+00 1.135513e+00 7.253663e-01 1.393703e-01 -4.293046e-01 -7.782140e-01 -7.024652e-01 -3.893345e-01 -3.969943e-05
<VARIANCE> 25
 1.017152e+01 1.173476e+01 1.506300e+01 1.933104e+01 2.001316e+01 2.109096e+01 2.432207e+01 2.513182e+01 2.638350e+01 2.401990e+01 2.753391e+01 1.812698e+01 8.912271e-01 1.141800e+00 1.360312e+00 1.500110e+00 1.596596e+00 1.855302e+00 2.256934e+00 2.335234e+00 2.164191e+00 1.876637e+00 1.737017e+00 1.746413e+00 1.000175e-06
<GCONST> 7.370289e+01
<TRANSP> 3
 0.000000e+00 1.000000e+00 0.000000e+00
 0.000000e+00 9.999990e-01 9.999998e-07
 0.000000e+00 0.000000e+00 0.000000e+00
<ENDHMM>
