~o
<STREAMINFO> 1 25
<VECSIZE> 25<NULLD><MFCC_E_D_N><DIAGC>
~h "jmodel"
<BEGINHMM>
<NUMSTATES> 3
<STATE> 2
<NUMMIXES> 128
<MIXTURE> 1 5.748963e-03
<MEAN> 25
 -2.579075e+00 3.192482e+00 2.308510e+00 8.735494e+00 4.351344e+00 3.430474e+00 4.049390e+00 3.920891e+00 5.845887e+00 5.264345e+00 5.874369e+00 3.102889e+00 -2.001935e+00 -1.632111e+00 -8.599723e-01 1.074530e+00 1.559419e+00 2.232203e+00 2.145794e+00 2.072725e+00 1.684112e+00 1.260320e+00 1.553079e+00 6.095623e-01 -4.685228e-02
<VARIANCE> 25
 1.006168e+01 1.174913e+01 1.490024e+01 1.872171e+01 2.325752e+01 2.220073e+01 2.186589e+01 2.195829e+01 2.101447e+01 2.250179e+01 2.098332e+01 1.718172e+01 1.785625e+00 2.110658e+00 3.020142e+00 3.199481e+00 3.726762e+00 3.345128e+00 3.329170e+00 3.411944e+00 3.541598e+00 3.741780e+00 3.559596e+00 2.829214e+00 3.112272e-03
<GCONST> 8.848719e+01
<MIXTURE> 2 4.549242e-03
<MEAN> 25
 -4.875580e+00 1.311856e+00 9.943612e-01 9.899620e+00 6.692099e+00 7.424563e+00 7.846934e+00 6.957846e+00 8.373212e+00 6.372886e+00 7.624044e+00 3.074829e+00 -6.200883e-02 4.161504e-02 1.425240e-01 2.258836e-01 2.653028e-01 2.813563e-01 2.953732e-01 3.195420e-01 3.497974e-01 3.089467e-01 1.971690e-01 8.003172e-02 1.189170e-06
<VARIANCE> 25
 6.952414e+00 8.902349e+00 1.065098e+01 1.591187e+01 1.723650e+01 1.556294e+01 1.689939e+01 1.848737e+01 1.658636e+01 1.738638e+01 1.811458e+01 1.434028e+01 1.252485e-01 2.266224e-01 3.364636e-01 4.671385e-01 6.492668e-01 8.148686e-01 9.299750e-01 1.003155e+00 1.051694e+00 1.077780e+00 1.075631e+00 1.013949e+00 1.000030e-06
<GCONST> 5.804358e+01
<MIXTURE> 3 4.549242e-03
<MEAN> 25
 -4.875580e+00 1.311856e+00 9.943612e-01 9.899620e+00 6.692099e+00 7.424563e+00 7.846934e+00 6.957846e+00 8.373212e+00 6.372886e+00 7.624044e+00 3.074829e+00 -6.200883e-02 4.161504e-02 1.425240e-01 2.258836e-01 2.653028e-01 2.813563e-01 2.953732e-01 3.195420e-01 3.497974e-01 3.089467e-01 1.971690e-01 8.003172e-02 1.189170e-06
<VARIANCE> 25
 6.952414e+00 8.902349e+00 1.065098e+01 1.591187e+01 1.723650e+01 1.556294e+01 1.689939e+01 1.848737e+01 1.658636e+01 1.738638e+01 1.811458e+01 1.434028e+01 1.252485e-01 2.266224e-01 3.364636e-01 4.671385e-01 6.492668e-01 8.148686e-01 9.299750e-01 1.003155e+00 1.051694e+00 1.077780e+00 1.075631e+00 1.013949e+00 1.000030e-06
<GCONST> 5.804358e+01
<MIXTURE> 4 1.671429e-02
<MEAN> 25
 3.338681e+00 2.151099e+00 -4.345263e+00 4.638206e-01 4.336159e+00 7.953576e-01 7.698101e-01 7.123957e-01 2.362347e+00 1.891316e+00 -2.676035e+00 -7.887707e-01 -3.105851e+00 1.366100e+00 1.479667e+00 2.860869e+00 8.051183e-01 1.459597e-01 1.255845e+00 1.341532e+00 7.568426e-01 -1.963984e-01 5.488756e-01 1.111220e+00 -8.284250e-02
<VARIANCE> 25
 1.812691e+01 2.420643e+01 2.761780e+01 3.235239e+01 3.768633e+01 5.597433e+01 5.600968e+01 4.706171e+01 4.499346e+01 5.071204e+01 4.333707e+01 3.319569e+01 2.387665e+00 4.024197e+00 3.071519e+00 4.364228e+00 5.115847e+00 5.659735e+00 4.958119e+00 4.779600e+00 5.090330e+00 6.508114e+00 6.270961e+00 4.251633e+00 6.185831e-03
<GCONST> 1.024489e+02
<MIXTURE> 5 3.206198e-03
<MEAN> 25
 -3.416624e+00 2.182703e+00 6.107585e-01 9.426710e+00 6.694987e+00 6.315418e+00 7.110744e+00 4.721144e+00 5.495990e+00 3.847183e+00 4.654876e+00 2.608383e+00 -3.246176e-01 7.526086e-01 1.224372e+00 1.032625e+00 3.078095e-01 -1.001226e-01 -8.431023e-02 3.338510e-02 4.582501e-01 6.839075e-01 4.037350e-01 8.759376e-02 -2.811599e-05
<VARIANCE> 25
 1.024824e+01 1.394377e+01 2.347869e+01 2.562161e+01 2.022743e+01 1.941975e+01 2.011567e+01 2.036742e+01 2.141282e+01 2.127890e+01 2.412980e+01 1.636398e+01 1.209673e+00 1.244183e+00 1.357289e+00 1.673092e+00 2.284125e+00 2.375552e+00 2.301637e+00 2.274915e+00 2.316002e+00 2.237670e+00 2.084949e+00 1.873868e+00 1.000368e-06
<GCONST> 7.516624e+01
<MIXTURE> 6 5.475854e-03
<MEAN> 25
 9.276677e+00 -1.385010e+00 -5.199054e+00 -9.958152e+00 -2.330811e+00 6.643523e+00 -5.827244e+00 -5.942797e+00 -4.458356e+00 1.774953e+00 4.674919e+00 -1.329040e+00 4.667337e-01 8.567480e-01 -3.910330e-01 -1.383561e+00 -6.965613e-01 1.187725e+00 1.188864e+00 2.127092e-01 -1.024004e+00 -1.273602e+00 1.343036e-01 1.152451e+00 -7.980268e-03
<VARIANCE> 25
 7.614571e+00 1.764594e+01 2.974977e+01 3.636246e+01 3.014382e+01 2.430019e+01 3.479176e+01 3.234991e+01 3.436685e+01 3.288429e+01 4.967279e+01 2.245837e+01 2.681925e-01 7.405534e-01 7.938141e-01 2.068955e+00 1.557330e+00 1.648564e+00 1.977911e+00 2.080740e+00 2.167253e+00 1.710722e+00 2.037700e+00 1.422367e+00 6.408957e-04
<GCONST> 8.176279e+01
<MIXTURE> 7 5.475854e-03
<MEAN> 25
 9.276677e+00 -1.385010e+00 -5.199054e+00 -9.958152e+00 -2.330811e+00 6.643523e+00 -5.827244e+00 -5.942797e+00 -4.458356e+00 1.774953e+00 4.674919e+00 -1.329040e+00 4.667337e-01 8.567480e-01 -3.910330e-01 -1.383561e+00 -6.965613e-01 1.187725e+00 1.188864e+00 2.127092e-01 -1.024004e+00 -1.273602e+00 1.343036e-01 1.152451e+00 -7.980268e-03
<VARIANCE> 25
 7.614571e+00 1.764594e+01 2.974977e+01 3.636246e+01 3.014382e+01 2.430019e+01 3.479176e+01 3.234991e+01 3.436685e+01 3.288429e+01 4.967279e+01 2.245837e+01 2.681925e-01 7.405534e-01 7.938141e-01 2.068955e+00 1.557330e+00 1.648564e+00 1.977911e+00 2.080740e+00 2.167253e+00 1.710722e+00 2.037700e+00 1.422367e+00 6.408957e-04
<GCONST> 8.176279e+01
<MIXTURE> 8 1.165917e-02
<MEAN> 25
 -4.686874e+00 1.442292e+00 1.265878e+00 9.378295e+00 6.503603e+00 6.236795e+00 6.520098e+00 5.652534e+00 6.684238e+00 5.529957e+00 6.262982e+00 3.189976e+00 -6.294898e-01 -1.476893e+00 -1.013834e+00 -1.622106e+00 -2.541664e-01 -9.805479e-01 -1.829966e-01 -2.589269e-01 -2.883909e-01 -2.366789e-01 -1.621585e-01 7.011195e-02 9.856377e-02
<VARIANCE> 25
 9.212607e+00 9.927092e+00 1.139100e+01 1.708589e+01 1.651155e+01 1.539822e+01 1.783167e+01 1.722688e+01 1.674513e+01 1.743983e+01 2.255464e+01 1.374732e+01 2.701363e+00 2.937130e+00 3.962822e+00 4.218876e+00 3.409308e+00 3.331335e+00 3.065504e+00 3.064575e+00 2.862319e+00 2.791652e+00 2.508830e+00 1.874065e+00 6.564608e-03
<GCONST> 8.657111e+01
<MIXTURE> 9 1.199672e-02
<MEAN> 25
 9.127446e+00 3.278476e+00 -6.089035e+00 -1.030375e+01 -1.990777e+00 4.922422e+00 -2.322404e+00 -2.658059e+00 -5.199166e+00 -8.016651e-01 9.623526e-01 -9.634548e-02 1.469348e+00 -1.867412e-01 -4.276741e-01 -2.689127e+00 -1.633645e+00 8.021052e-01 -1.100507e+00 -2.928415e-01 -2.678767e-01 -5.257057e-01 8.318962e-01 -1.716198e-01 7.410604e-02
<VARIANCE> 25
 1.206871e+01 2.165292e+01 3.213473e+01 5.329139e+01 4.815532e+01 3.053290e+01 4.155849e+01 5.170930e+01 4.044111e+01 4.256627e+01 3.948713e+01 2.642738e+01 2.044610e+00 2.373779e+00 4.382830e+00 4.867712e+00 4.794618e+00 4.021286e+00 4.312040e+00 5.919299e+00 4.959792e+00 4.038384e+00 4.671335e+00 2.718100e+00 2.121506e-03
<GCONST> 9.854735e+01
<MIXTURE> 10 6.596976e-03
<MEAN> 25
 8.202564e-01 7.632962e+00 5.369166e+00 7.144720e+00 1.584301e+00 -2.113386e+00 -5.301587e-01 -1.690568e+00 8.781170e-01 8.543112e-01 8.197469e-01 6.659557e-01 -1.924354e+00 -6.696624e-01 -4.570664e-01 3.022870e+00 2.462030e+00 2.711989e+00 2.374973e+00 2.274834e+00 1.861956e+00 1.541958e+00 2.325372e+00 5.259994e-01 -1.380513e-01
<VARIANCE> 25
 1.951551e+01 2.065603e+01 2.229684e+01 2.902623e+01 3.826509e+01 3.489009e+01 3.521770e+01 3.380758e+01 2.760853e+01 2.902944e+01 2.715237e+01 2.503153e+01 2.231751e+00 3.429964e+00 5.528264e+00 5.178693e+00 5.544471e+00 4.464576e+00 4.695064e+00 4.841953e+00 4.382767e+00 5.019963e+00 4.504279e+00 3.187553e+00 2.697996e-03
<GCONST> 9.746852e+01
<MIXTURE> 11 1.633820e-02
<MEAN> 25
 7.189019e+00 3.350020e+00 3.045992e+00 4.749267e+00 -2.115936e+00 -1.564695e+00 -2.165337e+00 -6.162681e+00 -3.620658e+00 1.109616e+00 -2.038927e+00 -1.358817e+00 -1.222349e-01 5.041107e-01 2.086238e-01 2.598029e-01 5.259371e-01 2.161896e-02 -1.460003e-01 -3.064320e-01 1.944395e-01 1.074857e-01 -5.111811e-01 2.953155e-01 -1.365167e-02
<VARIANCE> 25
 9.219956e+00 3.648767e+01 1.837178e+01 2.419595e+01 3.136664e+01 3.513250e+01 4.249703e+01 3.623848e+01 3.820427e+01 3.189834e+01 3.101718e+01 2.684321e+01 8.395868e-01 1.078844e+00 1.657627e+00 1.905772e+00 1.817880e+00 2.003072e+00 2.452978e+00 2.334074e+00 2.411672e+00 1.836714e+00 2.021642e+00 1.480118e+00 9.688325e-04
<GCONST> 8.577025e+01
<MIXTURE> 12 5.904134e-03
<MEAN> 25
 1.065792e+01 3.132380e+00 -4.064823e+00 -1.552093e+01 -8.491389e+00 8.574874e+00 -1.077968e+00 -1.938574e+00 -2.023868e+00 -4.735678e+00 1.285391e+00 6.856326e-01 7.639235e-02 3.005263e-01 -8.783999e-03 -4.762533e-01 -2.900500e-01 9.919479e-02 3.388473e-01 5.344818e-01 1.760752e-01 -3.389388e-01 -3.647802e-01 8.551198e-02 -5.370795e-03
<VARIANCE> 25
 8.429328e+00 2.430267e+01 2.422445e+01 3.566308e+01 3.969447e+01 2.895738e+01 3.940497e+01 4.595935e+01 4.220941e+01 3.516627e+01 3.863081e+01 2.713921e+01 2.364379e-01 6.504620e-01 7.429650e-01 1.239791e+00 1.122940e+00 1.051024e+00 1.107456e+00 1.424656e+00 1.173380e+00 1.251409e+00 1.245492e+00 9.140208e-01 5.510607e-04
<GCONST> 7.851469e+01
<MIXTURE> 13 5.904134e-03
<MEAN> 25
 1.065792e+01 3.132380e+00 -4.064823e+00 -1.552093e+01 -8.491389e+00 8.574874e+00 -1.077968e+00 -1.938574e+00 -2.023868e+00 -4.735678e+00 1.285391e+00 6.856326e-01 7.639235e-02 3.005263e-01 -8.783999e-03 -4.762533e-01 -2.900500e-01 9.919479e-02 3.388473e-01 5.344818e-01 1.760752e-01 -3.389388e-01 -3.647802e-01 8.551198e-02 -5.370795e-03
<VARIANCE> 25
 8.429328e+00 2.430267e+01 2.422445e+01 3.566308e+01 3.969447e+01 2.895738e+01 3.940497e+01 4.595935e+01 4.220941e+01 3.516627e+01 3.863081e+01 2.713921e+01 2.364379e-01 6.504620e-01 7.429650e-01 1.239791e+00 1.122940e+00 1.051024e+00 1.107456e+00 1.424656e+00 1.173380e+00 1.251409e+00 1.245492e+00 9.140208e-01 5.510607e-04
<GCONST> 7.851469e+01
<MIXTURE> 14 6.488954e-03
<MEAN> 25
 -4.310990e+00 -3.505763e-01 -3.015604e-01 8.869427e+00 7.471640e+00 7.351665e+00 7.809993e+00 7.307889e+00 7.267404e+00 5.196178e+00 6.759179e+00 4.121823e+00 -2.715942e-01 1.967208e-01 3.640772e-01 3.110237e-01 7.801775e-03 6.809746e-02 1.003107e-01 1.713036e-01 2.848251e-01 5.306877e-01 4.998755e-01 7.638595e-02 -9.394303e-03
<VARIANCE> 25
 9.221622e+00 1.391432e+01 1.850793e+01 1.797008e+01 2.106824e+01 1.967619e+01 2.142177e+01 2.058276e+01 2.007510e+01 2.394537e+01 2.275926e+01 1.591930e+01 9.588937e-01 1.693403e+00 1.761213e+00 1.940610e+00 2.230737e+00 2.264331e+00 2.246995e+00 2.246341e+00 2.284271e+00 2.529538e+00 2.212401e+00 1.804508e+00 1.048775e-03
<GCONST> 8.202269e+01
<MIXTURE> 15 2.475190e-03
<MEAN> 25
 -5.415582e+00 -6.270775e-01 -2.067510e-01 7.348151e+00 5.730827e+00 5.708229e+00 6.052042e+00 4.963444e+00 5.168316e+00 4.153408e+00 5.465063e+00 2.545748e+00 -1.201471e-01 -2.864826e-02 7.551646e-02 2.428293e-01 4.908874e-01 7.854137e-01 1.074085e+00 1.180705e+00 1.058195e+00 7.517026e-01 4.208087e-01 1.542682e-01 -6.905074e-05
<VARIANCE> 25
 6.985002e+00 5.682565e+00 9.014165e+00 1.289673e+01 1.407535e+01 1.426749e+01 1.489611e+01 1.493423e+01 1.406019e+01 1.413936e+01 1.549229e+01 1.247975e+01 1.247768e-01 2.056379e-01 3.188585e-01 5.017290e-01 6.980830e-01 7.916056e-01 7.619598e-01 7.897577e-01 9.066216e-01 1.027016e+00 1.068326e+00 1.038166e+00 2.792870e-05
<GCONST> 5.859754e+01
<MIXTURE> 16 2.475190e-03
<MEAN> 25
 -5.415582e+00 -6.270775e-01 -2.067510e-01 7.348151e+00 5.730827e+00 5.708229e+00 6.052042e+00 4.963444e+00 5.168316e+00 4.153408e+00 5.465063e+00 2.545748e+00 -1.201471e-01 -2.864826e-02 7.551646e-02 2.428293e-01 4.908874e-01 7.854137e-01 1.074085e+00 1.180705e+00 1.058195e+00 7.517026e-01 4.208087e-01 1.542682e-01 -6.905074e-05
<VARIANCE> 25
 6.985002e+00 5.682565e+00 9.014165e+00 1.289673e+01 1.407535e+01 1.426749e+01 1.489611e+01 1.493423e+01 1.406019e+01 1.413936e+01 1.549229e+01 1.247975e+01 1.247768e-01 2.056379e-01 3.188585e-01 5.017290e-01 6.980830e-01 7.916056e-01 7.619598e-01 7.897577e-01 9.066216e-01 1.027016e+00 1.068326e+00 1.038166e+00 2.792870e-05
<GCONST> 5.859754e+01
<MIXTURE> 17 9.518312e-03
<MEAN> 25
 3.542923e+00 -8.303288e-01 6.120073e+00 2.396051e+00 -5.588041e+00 -6.070514e+00 -3.264118e+00 -3.272940e-01 -2.511102e+00 -3.087974e+00 1.486928e-01 3.877906e-02 -7.547992e-01 -1.276709e+00 1.301157e+00 -2.026649e+00 -2.270040e+00 -2.713085e-01 1.500601e-01 8.049589e-01 -3.023800e-01 -3.007530e-01 1.112321e+00 2.868427e-01 8.210076e-02
<VARIANCE> 25
 1.724241e+01 2.995696e+01 3.105050e+01 3.731106e+01 4.428835e+01 4.889977e+01 4.472419e+01 3.276019e+01 3.413160e+01 2.608134e+01 3.028163e+01 2.699170e+01 1.848394e+00 2.630355e+00 3.777496e+00 3.110325e+00 4.021348e+00 5.358930e+00 4.799360e+00 4.490375e+00 3.884138e+00 3.991986e+00 3.148895e+00 2.849182e+00 2.005860e-03
<GCONST> 9.662632e+01
<MIXTURE> 18 1.221018e-02
<MEAN> 25
 3.722721e+00 4.428323e+00 5.865086e+00 4.732956e+00 -4.273876e+00 -8.049677e+00 -3.011935e+00 -1.484930e+00 -2.459109e+00 -2.167787e+00 -1.389432e+00 9.427006e-01 -8.631310e-01 2.160492e+00 -1.580124e-01 1.732920e+00 2.864559e+00 1.767445e+00 9.127811e-01 -2.717070e-01 8.330578e-01 3.398624e-01 -8.988617e-01 1.868114e-01 -1.187622e-01
<VARIANCE> 25
 1.459348e+01 2.416816e+01 3.204245e+01 2.259332e+01 3.566113e+01 3.361270e+01 4.635194e+01 3.311900e+01 4.211239e+01 3.064301e+01 3.608006e+01 2.835088e+01 2.297115e+00 2.646505e+00 4.084882e+00 3.941645e+00 3.846638e+00 4.549476e+00 4.442379e+00 3.966152e+00 4.173326e+00 3.930347e+00 5.921000e+00 3.484390e+00 3.666400e-03
<GCONST> 9.744640e+01
<MIXTURE> 19 9.912824e-03
<MEAN> 25
 -8.997182e+00 2.377578e+00 3.776901e-01 1.166565e+00 3.791513e+00 1.707494e+00 3.494843e+00 6.990411e-01 1.556136e+00 1.044283e+00 7.350898e-01 1.928610e+00 2.047947e+00 1.647684e+00 1.961324e+00 7.042046e-01 -9.608094e-01 -1.091969e+00 -1.025076e+00 -1.357003e+00 -1.456792e+00 -1.059682e+00 -7.294788e-01 -8.194373e-01 7.510670e-03
<VARIANCE> 25
 6.031008e+01 2.933568e+01 4.296421e+01 4.777787e+01 3.132303e+01 2.965271e+01 2.804073e+01 2.986390e+01 3.073363e+01 2.542805e+01 2.845228e+01 1.913232e+01 2.377191e+00 2.075930e+00 2.289472e+00 2.182498e+00 2.401906e+00 2.235864e+00 2.507690e+00 2.189290e+00 2.093684e+00 1.901516e+00 2.406753e+00 1.664351e+00 2.766724e-03
<GCONST> 9.104535e+01
<MIXTURE> 20 6.308331e-03
<MEAN> 25
 -1.418132e+01 7.415903e+00 8.434359e-01 6.151542e+00 4.844157e+00 1.637414e+00 5.209512e+00 8.538224e-01 9.220600e-01 7.962298e-01 2.567329e+00 -3.020377e-01 -3.285512e+00 -8.664656e-01 -1.564774e+00 3.324578e-01 1.540914e+00 2.062759e+00 1.978977e+00 2.055376e+00 2.144314e+00 2.039725e+00 1.684272e+00 9.449120e-01 4.732119e-02
<VARIANCE> 25
 1.966018e+01 2.345282e+01 3.097613e+01 3.717587e+01 3.084816e+01 2.788620e+01 2.992627e+01 3.148477e+01 2.795851e+01 2.823669e+01 2.516132e+01 2.091617e+01 2.092561e+00 2.182871e+00 1.910216e+00 2.540896e+00 2.702633e+00 2.313256e+00 2.309920e+00 2.322846e+00 2.235266e+00 2.653042e+00 2.241978e+00 1.867020e+00 1.886082e-03
<GCONST> 8.922217e+01
<MIXTURE> 21 7.928653e-03
<MEAN> 25
 4.001411e+00 -4.507466e+00 5.757707e+00 -1.540366e+00 -1.056678e+01 -8.717589e+00 -2.607904e+00 4.174768e+00 -2.053494e+00 -3.388370e+00 2.491947e-01 3.435326e-01 -7.180066e-01 1.341521e+00 2.584599e+00 -4.300610e-02 -1.544317e+00 3.341321e-01 5.832443e-01 -1.500728e+00 -1.953687e+00 3.149393e-01 1.323309e+00 2.478377e-01 -1.279087e-02
<VARIANCE> 25
 8.888015e+00 1.892701e+01 2.970214e+01 2.835248e+01 2.859660e+01 3.316047e+01 4.290306e+01 3.928157e+01 4.297294e+01 3.172546e+01 3.376295e+01 2.320983e+01 3.761683e-01 9.482004e-01 1.859631e+00 1.288362e+00 2.231549e+00 2.184065e+00 3.648173e+00 2.500698e+00 2.164151e+00 2.590063e+00 2.017760e+00 2.280016e+00 4.276508e-04
<GCONST> 8.510433e+01
<MIXTURE> 22 8.827789e-03
<MEAN> 25
 -1.773844e+01 7.324175e+00 -4.392309e+00 7.115639e+00 4.685815e+00 2.878085e+00 8.268138e+00 1.458020e+00 5.305431e+00 2.749688e+00 5.060579e+00 8.755891e-01 -2.436766e-01 -2.002592e-01 -1.066621e-01 -9.816807e-02 5.148576e-02 1.131368e-01 2.052192e-01 1.114006e-01 2.730561e-01 2.356711e-01 1.372749e-01 1.100542e-01 6.910533e-03
<VARIANCE> 25
 8.458152e+00 1.630953e+01 1.859740e+01 2.557087e+01 2.191481e+01 2.011472e+01 1.848481e+01 1.930150e+01 1.776581e+01 2.432681e+01 2.419758e+01 1.458202e+01 1.127185e+00 1.363463e+00 1.291295e+00 1.581339e+00 1.464164e+00 1.514555e+00 1.433047e+00 1.586970e+00 1.544520e+00 1.544558e+00 1.291875e+00 1.210944e+00 1.787212e-03
<GCONST> 7.869049e+01
<MIXTURE> 23 6.455497e-03
<MEAN> 25
 7.110675e+00 9.483888e-01 3.273170e+00 2.681889e+00 -3.483203e+00 -3.150476e+00 -5.033653e+00 -6.018829e+00 -3.371141e+00 -6.386315e-01 -2.443997e+00 -2.194628e+00 1.062008e-02 1.436009e-01 1.504618e-02 5.529787e-03 -1.304947e-01 3.064357e-02 1.156474e-01 -8.764709e-02 -1.723305e-02 1.063407e-01 -1.145384e-01 2.433748e-01 -5.460422e-03
<VARIANCE> 25
 1.035010e+01 2.786551e+01 2.100710e+01 3.209288e+01 3.463699e+01 4.600636e+01 5.132528e+01 4.531531e+01 4.118850e+01 4.345152e+01 5.215676e+01 3.306059e+01 1.009149e-01 2.462398e-01 3.468796e-01 5.626975e-01 6.511296e-01 7.275327e-01 6.883022e-01 8.051726e-01 7.257091e-01 8.936456e-01 7.125738e-01 8.451532e-01 8.590198e-05
<GCONST> 7.122419e+01
<MIXTURE> 24 6.455497e-03
<MEAN> 25
 7.110675e+00 9.483888e-01 3.273170e+00 2.681889e+00 -3.483203e+00 -3.150476e+00 -5.033653e+00 -6.018829e+00 -3.371141e+00 -6.386315e-01 -2.443997e+00 -2.194628e+00 1.062008e-02 1.436009e-01 1.504618e-02 5.529787e-03 -1.304947e-01 3.064357e-02 1.156474e-01 -8.764709e-02 -1.723305e-02 1.063407e-01 -1.145384e-01 2.433748e-01 -5.460422e-03
<VARIANCE> 25
 1.035010e+01 2.786551e+01 2.100710e+01 3.209288e+01 3.463699e+01 4.600636e+01 5.132528e+01 4.531531e+01 4.118850e+01 4.345152e+01 5.215676e+01 3.306059e+01 1.009149e-01 2.462398e-01 3.468796e-01 5.626975e-01 6.511296e-01 7.275327e-01 6.883022e-01 8.051726e-01 7.257091e-01 8.936456e-01 7.125738e-01 8.451532e-01 8.590198e-05
<GCONST> 7.122419e+01
<MIXTURE> 25 1.118642e-02
<MEAN> 25
 1.390879e-01 2.834130e+00 1.652759e+01 -1.154519e+00 -1.125760e+01 -2.460969e+00 -4.960213e+00 -2.917288e+00 -7.147504e+00 -5.467882e+00 5.120823e+00 -1.789384e+00 -1.004563e-01 3.351280e-01 1.089758e-01 1.124525e-01 1.494979e-01 1.866265e-02 1.649643e-01 -1.009179e-01 -2.144119e-01 1.085792e-01 -1.740875e-02 -1.205649e-01 -9.854183e-03
<VARIANCE> 25
 8.567614e+00 2.594352e+01 2.027022e+01 2.687684e+01 2.951504e+01 4.441061e+01 2.549052e+01 2.803193e+01 2.694851e+01 3.417116e+01 3.241398e+01 2.595337e+01 5.696694e-01 1.484499e+00 1.354015e+00 1.312310e+00 2.175914e+00 2.013074e+00 1.643649e+00 1.596462e+00 1.450116e+00 1.560443e+00 1.321618e+00 1.214972e+00 1.317177e-03
<GCONST> 8.246847e+01
<MIXTURE> 26 7.727677e-03
<MEAN> 25
 2.437509e+00 -5.982266e+00 -1.043485e+01 -1.030804e+00 7.799740e+00 5.432873e+00 3.983911e+00 -2.490093e-01 2.485387e+00 -7.743441e-01 -2.806989e+00 -1.384839e+00 -7.100534e-01 7.559433e-01 3.592534e-01 7.380993e-01 1.359028e-01 2.531355e-01 3.300620e-01 4.076591e-01 2.468898e-01 1.417020e-01 3.225549e-01 5.769779e-01 -5.337132e-02
<VARIANCE> 25
 2.486707e+01 3.492342e+01 2.444358e+01 5.989934e+01 3.701239e+01 3.986215e+01 4.311483e+01 4.167460e+01 3.759376e+01 5.163384e+01 3.819561e+01 4.780028e+01 1.700558e+00 2.081104e+00 1.830201e+00 1.938809e+00 2.244999e+00 2.261192e+00 2.385911e+00 2.693595e+00 2.268357e+00 2.270625e+00 2.145277e+00 2.295580e+00 3.140137e-03
<GCONST> 9.335915e+01
<MIXTURE> 27 7.727677e-03
<MEAN> 25
 2.437509e+00 -5.982266e+00 -1.043485e+01 -1.030804e+00 7.799740e+00 5.432873e+00 3.983911e+00 -2.490093e-01 2.485387e+00 -7.743441e-01 -2.806989e+00 -1.384839e+00 -7.100534e-01 7.559433e-01 3.592534e-01 7.380993e-01 1.359028e-01 2.531355e-01 3.300620e-01 4.076591e-01 2.468898e-01 1.417020e-01 3.225549e-01 5.769779e-01 -5.337132e-02
<VARIANCE> 25
 2.486707e+01 3.492342e+01 2.444358e+01 5.989934e+01 3.701239e+01 3.986215e+01 4.311483e+01 4.167460e+01 3.759376e+01 5.163384e+01 3.819561e+01 4.780028e+01 1.700558e+00 2.081104e+00 1.830201e+00 1.938809e+00 2.244999e+00 2.261192e+00 2.385911e+00 2.693595e+00 2.268357e+00 2.270625e+00 2.145277e+00 2.295580e+00 3.140137e-03
<GCONST> 9.335915e+01
<MIXTURE> 28 5.036674e-03
<MEAN> 25
 -5.413503e+00 1.132595e-01 -1.536552e+00 6.531686e+00 5.152903e+00 3.519729e+00 5.352469e+00 3.058342e+00 3.962603e+00 2.375298e+00 2.464161e+00 3.276080e+00 -1.147750e-01 2.193840e-01 5.225639e-01 7.952612e-01 8.224337e-01 6.926868e-01 4.957643e-01 3.876362e-01 4.530807e-01 4.847793e-01 3.561788e-01 1.759557e-01 -3.338375e-05
<VARIANCE> 25
 1.048732e+01 8.761347e+00 1.202174e+01 1.494870e+01 1.478036e+01 1.742148e+01 1.792106e+01 1.901367e+01 1.694859e+01 1.657558e+01 2.182104e+01 1.497595e+01 2.529406e-01 3.314868e-01 4.046986e-01 4.656179e-01 6.107113e-01 8.376175e-01 1.101942e+00 1.130967e+00 1.114270e+00 1.030426e+00 1.044265e+00 1.066725e+00 1.010484e-06
<GCONST> 6.031141e+01
<MIXTURE> 29 5.036674e-03
<MEAN> 25
 -5.413503e+00 1.132595e-01 -1.536552e+00 6.531686e+00 5.152903e+00 3.519729e+00 5.352469e+00 3.058342e+00 3.962603e+00 2.375298e+00 2.464161e+00 3.276080e+00 -1.147750e-01 2.193840e-01 5.225639e-01 7.952612e-01 8.224337e-01 6.926868e-01 4.957643e-01 3.876362e-01 4.530807e-01 4.847793e-01 3.561788e-01 1.759557e-01 -3.338375e-05
<VARIANCE> 25
 1.048732e+01 8.761347e+00 1.202174e+01 1.494870e+01 1.478036e+01 1.742148e+01 1.792106e+01 1.901367e+01 1.694859e+01 1.657558e+01 2.182104e+01 1.497595e+01 2.529406e-01 3.314868e-01 4.046986e-01 4.656179e-01 6.107113e-01 8.376175e-01 1.101942e+00 1.130967e+00 1.114270e+00 1.030426e+00 1.044265e+00 1.066725e+00 1.010484e-06
<GCONST> 6.031141e+01
<MIXTURE> 30 8.917812e-03
<MEAN> 25
 -4.488571e+00 -1.734230e-01 6.501443e-01 9.059868e+00 7.773308e+00 7.507274e+00 7.569074e+00 6.854710e+00 6.528478e+00 4.886205e+00 6.954148e+00 3.504222e+00 -2.339417e-02 3.019769e-02 5.662259e-02 8.803091e-02 8.371042e-02 4.491559e-02 1.733648e-02 -7.687886e-04 1.923536e-02 5.004366e-02 6.342170e-02 3.613599e-02 -5.421964e-04
<VARIANCE> 25
 6.922023e+00 9.939908e+00 1.038010e+01 1.390493e+01 1.572828e+01 1.636668e+01 1.911218e+01 1.827807e+01 1.624610e+01 1.834213e+01 2.199524e+01 1.431737e+01 9.759570e-02 1.989829e-01 3.239112e-01 4.800878e-01 6.198336e-01 7.219882e-01 7.771204e-01 8.107956e-01 8.745773e-01 9.357777e-01 9.191641e-01 8.600509e-01 5.091024e-05
<GCONST> 6.061704e+01
<MIXTURE> 31 4.136493e-03
<MEAN> 25
 -3.410425e+00 -5.871332e+00 2.305768e-01 5.214567e+00 3.628920e+00 1.421478e+00 5.071071e+00 6.570187e+00 2.737084e+00 8.558813e-01 6.306299e+00 3.266540e+00 2.518015e-01 5.008621e-01 -1.877282e-01 3.001249e-01 8.660931e-02 4.255285e-01 1.476490e-01 -1.045509e-02 3.682368e-01 4.001462e-01 9.642877e-02 1.572326e-01 -1.848947e-02
<VARIANCE> 25
 7.319778e+00 1.704891e+01 1.725079e+01 1.992194e+01 2.469212e+01 2.413965e+01 2.309426e+01 2.422620e+01 2.486263e+01 3.029081e+01 2.040656e+01 1.838783e+01 1.876493e-01 4.840995e-01 5.847738e-01 7.315154e-01 9.746325e-01 1.039426e+00 1.204136e+00 1.347693e+00 1.282590e+00 1.271902e+00 1.192652e+00 1.111251e+00 2.442063e-04
<GCONST> 7.158526e+01
<MIXTURE> 32 4.136493e-03
<MEAN> 25
 -3.410425e+00 -5.871332e+00 2.305768e-01 5.214567e+00 3.628920e+00 1.421478e+00 5.071071e+00 6.570187e+00 2.737084e+00 8.558813e-01 6.306299e+00 3.266540e+00 2.518015e-01 5.008621e-01 -1.877282e-01 3.001249e-01 8.660931e-02 4.255285e-01 1.476490e-01 -1.045509e-02 3.682368e-01 4.001462e-01 9.642877e-02 1.572326e-01 -1.848947e-02
<VARIANCE> 25
 7.319778e+00 1.704891e+01 1.725079e+01 1.992194e+01 2.469212e+01 2.413965e+01 2.309426e+01 2.422620e+01 2.486263e+01 3.029081e+01 2.040656e+01 1.838783e+01 1.876493e-01 4.840995e-01 5.847738e-01 7.315154e-01 9.746325e-01 1.039426e+00 1.204136e+00 1.347693e+00 1.282590e+00 1.271902e+00 1.192652e+00 1.111251e+00 2.442063e-04
<GCONST> 7.158526e+01
<MIXTURE> 33 1.508826e-02
<MEAN> 25
 6.109303e+00 -4.416610e+00 -2.762811e+00 -2.737242e+00 -2.177420e+00 -5.259712e+00 -6.293880e+00 2.200112e+00 2.651459e+00 -1.336230e-01 -4.169911e+00 -3.861744e+00 9.365773e-01 -1.227757e+00 -2.389928e+00 -1.880681e+00 1.445183e+00 1.226276e+00 -7.770374e-01 5.147376e-01 1.138003e+00 5.111658e-01 -2.541528e-01 -1.769368e+00 3.873566e-02
<VARIANCE> 25
 9.632961e+00 1.892496e+01 2.708006e+01 3.164900e+01 3.537430e+01 3.845218e+01 4.156173e+01 4.166981e+01 3.525643e+01 3.783868e+01 3.143389e+01 3.094313e+01 1.436937e+00 1.675759e+00 1.993250e+00 1.908465e+00 3.617034e+00 3.096750e+00 3.680891e+00 4.863989e+00 3.330017e+00 4.008070e+00 2.899180e+00 3.355626e+00 1.271064e-03
<GCONST> 9.236880e+01
<MIXTURE> 34 1.588179e-02
<MEAN> 25
 8.252939e+00 -1.343794e+00 3.212716e-01 1.426875e+00 -2.580931e+00 -1.737409e+00 -6.266116e+00 -4.513278e+00 -2.499997e+00 8.557991e-01 -1.139317e+00 -4.273935e+00 9.659994e-02 1.131953e+00 1.459847e+00 2.041346e+00 2.818648e-01 3.665128e-01 7.888113e-01 -1.924971e+00 -9.288026e-01 4.634713e-01 -9.916505e-01 3.932722e-01 -6.100035e-02
<VARIANCE> 25
 8.313154e+00 3.587959e+01 2.555071e+01 4.267852e+01 3.564979e+01 4.463739e+01 4.619843e+01 4.844321e+01 4.585190e+01 3.793960e+01 4.994802e+01 3.028684e+01 1.177282e+00 1.909939e+00 3.668999e+00 3.841724e+00 5.096900e+00 6.078316e+00 4.621045e+00 5.769989e+00 4.567450e+00 4.347260e+00 4.931203e+00 3.355942e+00 1.027937e-03
<GCONST> 9.759544e+01
<MIXTURE> 35 1.467755e-02
<MEAN> 25
 -2.242443e+00 -4.951822e+00 -9.835592e+00 2.400944e-01 9.361489e+00 6.427407e-01 1.790765e+00 2.494653e+00 1.481760e+00 4.234694e+00 -6.130632e-02 1.919655e+00 5.393533e-01 -1.184417e+00 -1.298336e+00 -1.327650e+00 3.166153e-01 -7.984686e-01 -6.681239e-01 -4.300736e-02 -1.697736e-01 1.268446e-01 -5.176712e-01 -5.160310e-01 1.055838e-01
<VARIANCE> 25
 1.906227e+01 3.012407e+01 4.293233e+01 5.975548e+01 4.332426e+01 5.651602e+01 4.952021e+01 4.234866e+01 4.858437e+01 3.982257e+01 3.612938e+01 3.065063e+01 3.606553e+00 3.627365e+00 6.816838e+00 5.481975e+00 5.298196e+00 5.393922e+00 4.788857e+00 4.758767e+00 4.887247e+00 4.542862e+00 4.392595e+00 3.765290e+00 5.170374e-03
<GCONST> 1.034911e+02
<MIXTURE> 36 1.093293e-02
<MEAN> 25
 3.741219e+00 -5.287282e+00 6.673599e+00 1.277251e+00 -9.812718e+00 -9.922108e+00 -4.876899e+00 4.626120e+00 -3.727648e+00 -3.550988e+00 6.479617e+00 -1.893828e+00 3.774094e-01 1.969923e-01 -1.084012e+00 4.333076e-01 6.464661e-01 1.440672e-01 -3.331490e-01 1.654874e-01 6.501994e-01 7.356437e-01 -5.590540e-01 -1.527660e-01 -2.447487e-02
<VARIANCE> 25
 8.343148e+00 1.780984e+01 1.687427e+01 2.309097e+01 2.253122e+01 2.057015e+01 3.463152e+01 3.425040e+01 3.155923e+01 2.220199e+01 3.699243e+01 2.113585e+01 3.104883e-01 6.406552e-01 1.207028e+00 1.021921e+00 1.476419e+00 1.289301e+00 1.693792e+00 2.062239e+00 1.895154e+00 1.594696e+00 1.157297e+00 1.475348e+00 8.796924e-04
<GCONST> 7.843875e+01
<MIXTURE> 37 1.246826e-02
<MEAN> 25
 5.452806e-01 7.773989e+00 1.205255e+01 -5.550620e+00 -8.027424e+00 -1.052958e+00 -5.081021e+00 -8.322530e+00 -3.707861e+00 -9.079587e-01 -3.673330e+00 -1.289627e+00 1.821899e-01 6.471809e-01 -1.353391e+00 3.582082e+00 1.987629e+00 -2.994669e-01 1.091919e+00 4.360043e-01 5.285596e-01 -3.232068e-01 5.357913e-01 -9.685579e-02 -9.493665e-02
<VARIANCE> 25
 1.593038e+01 2.597384e+01 3.088595e+01 5.103202e+01 3.395750e+01 3.200119e+01 4.397761e+01 3.504811e+01 3.862014e+01 3.595629e+01 3.776429e+01 3.089885e+01 2.956838e+00 3.416154e+00 3.018508e+00 4.096785e+00 4.616823e+00 3.757563e+00 4.209157e+00 3.809253e+00 3.449647e+00 3.620772e+00 3.877026e+00 2.792176e+00 3.926604e-03
<GCONST> 9.778710e+01
<MIXTURE> 38 1.154525e-02
<MEAN> 25
 -4.549447e+00 8.747067e+00 4.069025e+00 3.212634e+00 1.040479e+00 -4.865602e+00 -3.986661e-01 -2.340565e+00 -2.581098e+00 -3.057793e+00 -1.645674e+00 -5.226808e-01 -4.527446e+00 1.254274e+00 -2.805055e-01 1.450246e+00 2.499662e+00 1.293299e+00 1.974419e+00 9.364114e-01 6.976937e-01 4.363617e-01 9.531205e-01 3.548312e-01 4.937695e-02
<VARIANCE> 25
 3.067719e+01 3.016927e+01 4.343311e+01 3.193270e+01 4.888335e+01 3.664315e+01 3.602011e+01 4.385322e+01 3.531961e+01 3.191307e+01 2.432891e+01 2.858475e+01 2.300634e+00 3.782186e+00 3.776616e+00 5.093088e+00 4.253839e+00 5.027563e+00 4.699025e+00 4.771308e+00 4.434381e+00 5.575027e+00 4.272426e+00 3.309668e+00 2.004595e-03
<GCONST> 9.937703e+01
<MIXTURE> 39 9.501865e-03
<MEAN> 25
 1.345718e+00 2.611726e+00 1.018188e+01 -9.188407e+00 -1.126229e+01 -9.895624e-01 -2.954427e+00 -6.560325e+00 -4.501370e+00 8.880427e-01 -3.667834e+00 -2.278978e+00 -7.265524e-01 1.521264e+00 1.624603e+00 -1.384261e+00 8.181995e-02 1.217508e+00 -1.204013e+00 -1.255380e+00 4.280519e-01 4.447612e-01 -5.055749e-01 1.227702e-01 1.315169e-03
<VARIANCE> 25
 8.895691e+00 3.010233e+01 3.192579e+01 3.845316e+01 3.738324e+01 4.261755e+01 4.435481e+01 3.360716e+01 3.955407e+01 3.319484e+01 3.616083e+01 2.949542e+01 6.913478e-01 1.544740e+00 1.509907e+00 2.931063e+00 2.416748e+00 2.826378e+00 3.050615e+00 2.746520e+00 2.429021e+00 2.612006e+00 2.119102e+00 2.066687e+00 1.182673e-03
<GCONST> 8.966749e+01
<MIXTURE> 40 1.030800e-02
<MEAN> 25
 -9.170215e+00 2.211929e+00 -1.159994e+00 7.917251e+00 3.724057e+00 5.516136e+00 5.232178e+00 4.050786e+00 4.692087e+00 4.150010e+00 5.355099e+00 1.850736e+00 -1.259216e-01 -2.374265e-01 -2.768589e-02 -2.316298e-01 -7.874797e-02 -1.071319e-01 7.752238e-02 6.282777e-02 -2.186643e-02 2.526271e-02 1.064109e-01 2.928481e-02 4.448924e-03
<VARIANCE> 25
 4.176393e+01 2.035330e+01 2.891750e+01 2.873507e+01 2.582097e+01 1.950319e+01 1.891057e+01 1.918779e+01 1.698317e+01 1.860907e+01 2.161163e+01 1.498596e+01 7.716804e-01 7.221843e-01 8.463745e-01 1.079955e+00 1.126453e+00 1.232519e+00 1.311722e+00 1.280399e+00 1.233876e+00 1.224418e+00 1.265326e+00 1.079293e+00 8.566519e-04
<GCONST> 7.690065e+01
<MIXTURE> 41 6.713375e-03
<MEAN> 25
 1.304972e+00 1.779925e+00 1.047198e+01 -6.952842e+00 -1.046312e+01 -3.852138e+00 -2.480586e+00 -5.038172e+00 -4.652502e+00 2.659815e+00 -1.744631e+00 -9.514418e-01 7.861585e-02 -7.615342e-01 1.696432e+00 -3.556496e+00 -2.460048e+00 -1.137247e-01 -5.068356e-01 -3.557194e-01 -8.263037e-01 1.085224e+00 -1.043721e+00 8.046453e-02 8.628526e-02
<VARIANCE> 25
 1.170826e+01 2.966341e+01 3.260173e+01 4.008111e+01 3.873060e+01 4.016597e+01 3.714273e+01 2.989329e+01 3.308765e+01 2.875920e+01 3.187247e+01 2.717474e+01 3.180146e+00 3.310354e+00 3.821887e+00 3.799269e+00 4.899998e+00 5.872129e+00 4.713014e+00 4.555411e+00 3.975084e+00 4.220639e+00 3.839633e+00 3.231321e+00 2.927605e-03
<GCONST> 9.791697e+01
<MIXTURE> 42 1.106211e-02
<MEAN> 25
 -2.284632e+00 3.775830e+00 3.035840e+00 2.426724e+00 4.710376e-01 -4.554400e+00 2.068344e-01 -1.428779e+00 -1.552150e+00 -1.707220e+00 -2.578450e+00 1.113262e+00 3.650268e+00 -5.427465e-01 1.560605e+00 -1.144474e-01 -2.565614e+00 -1.201249e+00 -2.049099e+00 -6.672786e-01 -1.087901e+00 -4.598866e-01 1.297251e+00 -1.223217e+00 2.102879e-02
<VARIANCE> 25
 2.846765e+01 1.895788e+01 5.024103e+01 2.268338e+01 3.293074e+01 3.941288e+01 3.248601e+01 2.337425e+01 2.619742e+01 2.402087e+01 2.004896e+01 1.764499e+01 3.844977e+00 4.388822e+00 5.067352e+00 4.352508e+00 3.872595e+00 5.693976e+00 4.340822e+00 4.330911e+00 4.663098e+00 4.852346e+00 5.665153e+00 3.109442e+00 4.399144e-03
<GCONST> 9.789869e+01
<MIXTURE> 43 7.108249e-03
<MEAN> 25
 3.165499e+00 -6.302830e+00 -2.246980e+00 -5.185389e+00 -7.398934e+00 -3.405777e+00 4.139503e+00 1.315190e+00 -5.057477e+00 -7.086253e+00 -4.318834e+00 -1.248026e+00 2.376392e-01 2.164876e+00 1.912166e+00 -1.329851e-01 -1.428379e+00 -7.937151e-01 -9.697246e-01 -7.801874e-01 8.216239e-01 1.468446e+00 3.419666e-01 2.161258e-02 -4.510807e-02
<VARIANCE> 25
 9.597589e+00 1.975228e+01 2.735516e+01 3.520672e+01 3.839267e+01 3.663205e+01 3.326643e+01 3.981412e+01 3.970610e+01 3.871074e+01 2.656360e+01 2.954549e+01 6.902213e-01 1.249081e+00 1.574459e+00 2.489750e+00 2.378609e+00 2.382990e+00 2.653188e+00 3.027156e+00 2.605340e+00 2.576316e+00 2.331105e+00 1.919432e+00 9.430624e-04
<GCONST> 8.797443e+01
<MIXTURE> 44 7.328289e-03
<MEAN> 25
 -1.551147e+01 2.546401e+00 2.829696e+00 -3.333858e+00 4.223048e+00 2.043164e+00 5.765520e-01 2.681188e+00 1.630375e+00 -1.519399e+00 8.624794e-01 1.833703e+00 -3.157617e-01 3.021661e-01 1.616634e-01 2.749635e-01 -1.118874e-01 1.641836e-01 4.061114e-01 -2.295318e-01 4.094547e-01 2.870572e-01 9.969062e-02 1.135021e-01 7.020439e-03
<VARIANCE> 25
 3.725615e+01 2.893614e+01 3.401960e+01 2.793321e+01 2.932498e+01 2.623751e+01 2.310390e+01 3.186913e+01 2.449962e+01 2.724990e+01 2.769900e+01 1.735383e+01 1.292474e+00 1.878362e+00 1.184780e+00 1.274006e+00 1.974418e+00 1.421468e+00 1.381552e+00 2.108626e+00 1.510013e+00 1.488197e+00 1.201676e+00 1.315470e+00 1.241675e-03
<GCONST> 8.368896e+01
<MIXTURE> 45 1.364932e-02
<MEAN> 25
 -1.166906e+01 3.608513e+00 -2.632167e+00 2.078824e+00 5.880971e+00 6.424959e-01 4.316814e+00 4.270907e+00 2.543497e+00 -4.942264e-01 8.838496e-02 1.725308e+00 -3.187332e+00 8.782058e-01 -1.351854e-01 -2.434973e-01 2.282038e-01 -1.025540e-01 4.899540e-01 -1.683974e-01 -3.068611e-01 -8.999256e-01 2.623267e-01 4.396694e-01 1.049149e-01
<VARIANCE> 25
 2.726317e+01 2.548185e+01 3.185351e+01 3.093949e+01 3.789750e+01 2.060885e+01 2.262092e+01 2.966116e+01 1.981726e+01 3.037787e+01 2.589351e+01 1.953420e+01 2.276818e+00 2.523937e+00 2.154195e+00 3.061157e+00 2.232296e+00 1.921983e+00 1.562015e+00 3.292695e+00 1.959622e+00 3.417075e+00 1.517493e+00 2.280006e+00 3.139353e-03
<GCONST> 8.928726e+01
<MIXTURE> 46 9.336259e-03
<MEAN> 25
 -9.156154e+00 2.358839e+00 1.128428e+00 7.416941e+00 5.619281e+00 3.232583e+00 7.003676e+00 4.603507e+00 5.921539e+00 4.495826e+00 4.577446e+00 3.058245e+00 1.034692e+00 -8.389664e-02 2.461529e-02 9.116218e-01 5.806331e-01 9.748831e-01 3.432158e-01 5.575771e-01 4.566822e-01 5.478048e-01 5.435143e-01 5.410721e-01 -1.043146e-01
<VARIANCE> 25
 3.475499e+01 4.220461e+01 3.745729e+01 4.808223e+01 5.138090e+01 3.960810e+01 3.542251e+01 3.483874e+01 3.307130e+01 3.077316e+01 3.181609e+01 2.013332e+01 3.786252e+00 4.716494e+00 3.710291e+00 4.156399e+00 4.027288e+00 3.624316e+00 3.270106e+00 3.285038e+00 2.895267e+00 2.879504e+00 2.438213e+00 1.737443e+00 7.672430e-03
<GCONST> 9.822533e+01
<MIXTURE> 47 7.116147e-03
<MEAN> 25
 7.203109e+00 -7.345291e+00 -7.672177e+00 -6.441442e+00 1.450249e+00 6.458970e-01 -2.205016e+00 1.175632e+00 3.151890e+00 2.305500e-02 -3.943273e+00 -7.051061e+00 -1.225527e-01 -1.226547e+00 -7.096776e-01 -4.684749e-01 7.016164e-01 8.367363e-01 8.193946e-01 2.625289e-01 1.324514e-01 -8.687766e-01 -4.123979e-01 -5.551051e-01 2.858546e-02
<VARIANCE> 25
 1.037761e+01 2.015765e+01 2.054363e+01 3.210561e+01 3.438913e+01 5.188872e+01 4.449430e+01 3.878461e+01 4.215809e+01 4.445572e+01 4.772215e+01 3.545571e+01 5.621634e-01 7.422761e-01 1.079425e+00 1.608677e+00 1.977886e+00 2.135550e+00 2.224469e+00 2.384785e+00 2.063128e+00 2.099328e+00 2.160954e+00 2.043130e+00 5.654057e-04
<GCONST> 8.595171e+01
<MIXTURE> 48 7.116147e-03
<MEAN> 25
 7.203109e+00 -7.345291e+00 -7.672177e+00 -6.441442e+00 1.450249e+00 6.458970e-01 -2.205016e+00 1.175632e+00 3.151890e+00 2.305500e-02 -3.943273e+00 -7.051061e+00 -1.225527e-01 -1.226547e+00 -7.096776e-01 -4.684749e-01 7.016164e-01 8.367363e-01 8.193946e-01 2.625289e-01 1.324514e-01 -8.687766e-01 -4.123979e-01 -5.551051e-01 2.858546e-02
<VARIANCE> 25
 1.037761e+01 2.015765e+01 2.054363e+01 3.210561e+01 3.438913e+01 5.188872e+01 4.449430e+01 3.878461e+01 4.215809e+01 4.445572e+01 4.772215e+01 3.545571e+01 5.621634e-01 7.422761e-01 1.079425e+00 1.608677e+00 1.977886e+00 2.135550e+00 2.224469e+00 2.384785e+00 2.063128e+00 2.099328e+00 2.160954e+00 2.043130e+00 5.654057e-04
<GCONST> 8.595171e+01
<MIXTURE> 49 5.548473e-03
<MEAN> 25
 -5.086068e+00 3.639689e-01 1.739872e-01 8.452071e+00 6.142796e+00 5.620945e+00 6.058269e+00 4.478795e+00 5.019477e+00 3.717134e+00 4.912785e+00 2.871869e+00 3.655905e-01 6.550466e-01 7.005771e-01 3.516828e-01 -1.944804e-01 -6.665424e-01 -1.007853e+00 -1.124815e+00 -9.610593e-01 -6.806358e-01 -4.909721e-01 -2.737342e-01 -1.820219e-05
<VARIANCE> 25
 9.581377e+00 1.006038e+01 1.423401e+01 1.584623e+01 1.588128e+01 1.710376e+01 1.945791e+01 1.944060e+01 1.821876e+01 1.793551e+01 2.084378e+01 1.430810e+01 2.799600e-01 2.631895e-01 3.609638e-01 6.119661e-01 8.703076e-01 9.769611e-01 9.914733e-01 1.056816e+00 1.146969e+00 1.217349e+00 1.280354e+00 1.209138e+00 1.432117e-05
<GCONST> 6.434461e+01
<MIXTURE> 50 6.234641e-03
<MEAN> 25
 -4.331062e+00 6.476399e-01 -1.185897e+00 5.830715e+00 4.067736e+00 2.564347e+00 3.827953e+00 1.954585e+00 2.907576e+00 1.182745e+00 1.069753e+00 3.145986e+00 4.535770e-02 1.676597e-01 7.307216e-02 -1.905551e-01 -4.998471e-01 -5.892382e-01 -4.473256e-01 -5.485790e-02 4.737801e-01 7.822681e-01 6.745473e-01 4.088208e-01 -1.664434e-04
<VARIANCE> 25
 1.032980e+01 1.232278e+01 1.360559e+01 1.542241e+01 1.440934e+01 1.719838e+01 1.735899e+01 1.807467e+01 1.712847e+01 1.650204e+01 2.836635e+01 1.507465e+01 1.327774e-01 2.167587e-01 3.425024e-01 5.725553e-01 6.225373e-01 6.750774e-01 9.191695e-01 1.014383e+00 1.003318e+00 8.379266e-01 8.746667e-01 1.034402e+00 1.088639e-06
<GCONST> 5.898521e+01
<MIXTURE> 51 6.234641e-03
<MEAN> 25
 -4.331062e+00 6.476399e-01 -1.185897e+00 5.830715e+00 4.067736e+00 2.564347e+00 3.827953e+00 1.954585e+00 2.907576e+00 1.182745e+00 1.069753e+00 3.145986e+00 4.535770e-02 1.676597e-01 7.307216e-02 -1.905551e-01 -4.998471e-01 -5.892382e-01 -4.473256e-01 -5.485790e-02 4.737801e-01 7.822681e-01 6.745473e-01 4.088208e-01 -1.664434e-04
<VARIANCE> 25
 1.032980e+01 1.232278e+01 1.360559e+01 1.542241e+01 1.440934e+01 1.719838e+01 1.735899e+01 1.807467e+01 1.712847e+01 1.650204e+01 2.836635e+01 1.507465e+01 1.327774e-01 2.167587e-01 3.425024e-01 5.725553e-01 6.225373e-01 6.750774e-01 9.191695e-01 1.014383e+00 1.003318e+00 8.379266e-01 8.746667e-01 1.034402e+00 1.088639e-06
<GCONST> 5.898521e+01
<MIXTURE> 52 6.367945e-03
<MEAN> 25
 9.856220e+00 1.052316e+00 -5.865210e+00 -1.405841e+01 -4.003411e+00 8.965920e+00 -2.586455e+00 -2.978617e+00 -4.315261e+00 -1.361910e+00 3.391341e+00 4.767278e-01 -3.695053e-01 -4.405888e-01 -2.122585e-01 1.007270e+00 1.395702e+00 -3.366828e-01 -4.510137e-01 -6.611649e-01 1.490290e-01 1.302351e+00 5.910845e-01 -6.100926e-01 -1.193584e-02
<VARIANCE> 25
 8.426384e+00 2.379162e+01 2.277340e+01 3.466973e+01 4.060477e+01 2.806499e+01 4.063040e+01 4.386300e+01 3.734342e+01 4.343145e+01 3.748205e+01 2.708724e+01 3.942981e-01 1.362569e+00 1.297435e+00 2.608748e+00 2.094589e+00 2.133669e+00 2.722033e+00 2.462178e+00 2.681123e+00 2.377571e+00 2.919829e+00 2.253588e+00 1.478960e-03
<GCONST> 8.797491e+01
<MIXTURE> 53 6.367945e-03
<MEAN> 25
 9.856220e+00 1.052316e+00 -5.865210e+00 -1.405841e+01 -4.003411e+00 8.965920e+00 -2.586455e+00 -2.978617e+00 -4.315261e+00 -1.361910e+00 3.391341e+00 4.767278e-01 -3.695053e-01 -4.405888e-01 -2.122585e-01 1.007270e+00 1.395702e+00 -3.366828e-01 -4.510137e-01 -6.611649e-01 1.490290e-01 1.302351e+00 5.910845e-01 -6.100926e-01 -1.193584e-02
<VARIANCE> 25
 8.426384e+00 2.379162e+01 2.277340e+01 3.466973e+01 4.060477e+01 2.806499e+01 4.063040e+01 4.386300e+01 3.734342e+01 4.343145e+01 3.748205e+01 2.708724e+01 3.942981e-01 1.362569e+00 1.297435e+00 2.608748e+00 2.094589e+00 2.133669e+00 2.722033e+00 2.462178e+00 2.681123e+00 2.377571e+00 2.919829e+00 2.253588e+00 1.478960e-03
<GCONST> 8.797491e+01
<MIXTURE> 54 7.368620e-03
<MEAN> 25
 -3.618860e+00 1.048616e-01 -6.787555e-01 7.976949e+00 6.450653e+00 4.630046e+00 4.675117e+00 4.587962e+00 4.047194e+00 3.527494e+00 4.313978e+00 2.346026e+00 -2.287359e-03 2.835332e-02 3.290637e-02 4.741805e-02 5.030013e-02 4.592971e-02 3.159558e-02 2.938959e-02 3.714344e-02 2.823714e-02 2.019030e-02 3.033414e-03 -2.596205e-05
<VARIANCE> 25
 9.076667e+00 1.057177e+01 9.256251e+00 1.844840e+01 1.334818e+01 1.340988e+01 1.191836e+01 1.121526e+01 1.126838e+01 1.389869e+01 1.969309e+01 1.249670e+01 4.054319e-02 8.709554e-02 1.529043e-01 2.309070e-01 3.133558e-01 3.949776e-01 4.656956e-01 5.179521e-01 5.418626e-01 5.180089e-01 5.159447e-01 5.169584e-01 1.014633e-06
<GCONST> 4.739907e+01
<MIXTURE> 55 7.368620e-03
<MEAN> 25
 -3.618860e+00 1.048616e-01 -6.787555e-01 7.976949e+00 6.450653e+00 4.630046e+00 4.675117e+00 4.587962e+00 4.047194e+00 3.527494e+00 4.313978e+00 2.346026e+00 -2.287359e-03 2.835332e-02 3.290637e-02 4.741805e-02 5.030013e-02 4.592971e-02 3.159558e-02 2.938959e-02 3.714344e-02 2.823714e-02 2.019030e-02 3.033414e-03 -2.596205e-05
<VARIANCE> 25
 9.076667e+00 1.057177e+01 9.256251e+00 1.844840e+01 1.334818e+01 1.340988e+01 1.191836e+01 1.121526e+01 1.126838e+01 1.389869e+01 1.969309e+01 1.249670e+01 4.054319e-02 8.709554e-02 1.529043e-01 2.309070e-01 3.133558e-01 3.949776e-01 4.656956e-01 5.179521e-01 5.418626e-01 5.180089e-01 5.159447e-01 5.169584e-01 1.014633e-06
<GCONST> 4.739907e+01
<MIXTURE> 56 6.132464e-03
<MEAN> 25
 7.475647e+00 -6.882678e+00 -9.033948e+00 -8.625895e+00 3.843800e+00 3.802232e+00 -2.038321e+00 -1.225013e+00 2.081129e+00 6.632154e-01 -2.337289e+00 -7.506103e+00 2.766769e-02 6.416021e-02 -1.440675e-01 4.382805e-02 3.480158e-01 1.383128e-01 1.261987e-01 -2.214705e-01 -2.242983e-02 -1.734131e-02 -9.422865e-02 3.802487e-02 -7.504688e-03
<VARIANCE> 25
 8.838899e+00 2.187112e+01 1.914428e+01 3.883324e+01 3.114607e+01 4.963647e+01 5.811443e+01 3.572513e+01 3.735531e+01 3.556223e+01 3.871901e+01 3.196250e+01 2.164894e-01 4.449877e-01 4.675916e-01 7.586458e-01 8.592405e-01 1.178482e+00 8.498208e-01 9.515386e-01 8.742740e-01 8.897992e-01 9.920822e-01 8.082185e-01 2.319450e-04
<GCONST> 7.469968e+01
<MIXTURE> 57 6.132464e-03
<MEAN> 25
 7.475647e+00 -6.882678e+00 -9.033948e+00 -8.625895e+00 3.843800e+00 3.802232e+00 -2.038321e+00 -1.225013e+00 2.081129e+00 6.632154e-01 -2.337289e+00 -7.506103e+00 2.766769e-02 6.416021e-02 -1.440675e-01 4.382805e-02 3.480158e-01 1.383128e-01 1.261987e-01 -2.214705e-01 -2.242983e-02 -1.734131e-02 -9.422865e-02 3.802487e-02 -7.504688e-03
<VARIANCE> 25
 8.838899e+00 2.187112e+01 1.914428e+01 3.883324e+01 3.114607e+01 4.963647e+01 5.811443e+01 3.572513e+01 3.735531e+01 3.556223e+01 3.871901e+01 3.196250e+01 2.164894e-01 4.449877e-01 4.675916e-01 7.586458e-01 8.592405e-01 1.178482e+00 8.498208e-01 9.515386e-01 8.742740e-01 8.897992e-01 9.920822e-01 8.082185e-01 2.319450e-04
<GCONST> 7.469968e+01
<MIXTURE> 58 6.172147e-03
<MEAN> 25
 2.295528e+00 -4.006086e+00 7.672056e+00 -4.937400e+00 -1.295710e+01 -6.730532e+00 1.156371e+00 1.583286e+00 -3.437290e+00 1.132213e+00 2.559613e+00 -1.227741e+00 2.402281e-02 -1.873843e-01 -1.740032e-01 -9.678844e-02 -6.506741e-02 2.516884e-01 3.820275e-01 4.788030e-01 -2.058632e-02 1.748341e-01 -2.324876e-01 -1.165635e-01 -2.645409e-03
<VARIANCE> 25
 7.038091e+00 1.619072e+01 1.782599e+01 2.334116e+01 2.088453e+01 4.560571e+01 2.911304e+01 3.481019e+01 3.206562e+01 2.897562e+01 4.001219e+01 1.765943e+01 2.754801e-01 7.463933e-01 7.292418e-01 9.641353e-01 7.589456e-01 1.060590e+00 9.766177e-01 1.544223e+00 9.925429e-01 1.109633e+00 9.601026e-01 8.055083e-01 6.851171e-04
<GCONST> 7.470189e+01
<MIXTURE> 59 6.172147e-03
<MEAN> 25
 2.295528e+00 -4.006086e+00 7.672056e+00 -4.937400e+00 -1.295710e+01 -6.730532e+00 1.156371e+00 1.583286e+00 -3.437290e+00 1.132213e+00 2.559613e+00 -1.227741e+00 2.402281e-02 -1.873843e-01 -1.740032e-01 -9.678844e-02 -6.506741e-02 2.516884e-01 3.820275e-01 4.788030e-01 -2.058632e-02 1.748341e-01 -2.324876e-01 -1.165635e-01 -2.645409e-03
<VARIANCE> 25
 7.038091e+00 1.619072e+01 1.782599e+01 2.334116e+01 2.088453e+01 4.560571e+01 2.911304e+01 3.481019e+01 3.206562e+01 2.897562e+01 4.001219e+01 1.765943e+01 2.754801e-01 7.463933e-01 7.292418e-01 9.641353e-01 7.589456e-01 1.060590e+00 9.766177e-01 1.544223e+00 9.925429e-01 1.109633e+00 9.601026e-01 8.055083e-01 6.851171e-04
<GCONST> 7.470189e+01
<MIXTURE> 60 4.479129e-03
<MEAN> 25
 -4.212258e+00 -3.225790e-01 -1.048200e+00 3.555433e+00 1.788231e+00 2.268547e+00 1.710533e+00 1.545313e+00 2.442894e+00 1.337709e+00 1.612852e+00 2.045386e+00 -2.882977e-02 3.947289e-02 8.146556e-02 9.628364e-02 1.573240e-01 1.086200e-01 1.213203e-01 3.233071e-01 5.840830e-01 6.680248e-01 5.482268e-01 3.135906e-01 -5.529213e-04
<VARIANCE> 25
 6.594389e+00 5.844091e+00 9.783272e+00 1.088544e+01 1.325757e+01 1.643531e+01 1.323976e+01 1.149738e+01 1.360623e+01 1.267873e+01 2.337845e+01 1.188821e+01 8.700625e-02 1.645038e-01 2.785976e-01 4.460236e-01 5.763117e-01 6.926991e-01 9.018223e-01 8.572280e-01 9.155049e-01 8.205309e-01 8.030390e-01 8.195513e-01 2.408146e-05
<GCONST> 5.660771e+01
<MIXTURE> 61 4.479129e-03
<MEAN> 25
 -4.212258e+00 -3.225790e-01 -1.048200e+00 3.555433e+00 1.788231e+00 2.268547e+00 1.710533e+00 1.545313e+00 2.442894e+00 1.337709e+00 1.612852e+00 2.045386e+00 -2.882977e-02 3.947289e-02 8.146556e-02 9.628364e-02 1.573240e-01 1.086200e-01 1.213203e-01 3.233071e-01 5.840830e-01 6.680248e-01 5.482268e-01 3.135906e-01 -5.529213e-04
<VARIANCE> 25
 6.594389e+00 5.844091e+00 9.783272e+00 1.088544e+01 1.325757e+01 1.643531e+01 1.323976e+01 1.149738e+01 1.360623e+01 1.267873e+01 2.337845e+01 1.188821e+01 8.700625e-02 1.645038e-01 2.785976e-01 4.460236e-01 5.763117e-01 6.926991e-01 9.018223e-01 8.572280e-01 9.155049e-01 8.205309e-01 8.030390e-01 8.195513e-01 2.408146e-05
<GCONST> 5.660771e+01
<MIXTURE> 62 3.278034e-03
<MEAN> 25
 -5.089499e+00 1.243384e+00 1.025577e+00 8.816421e+00 6.129957e+00 5.051303e+00 5.499022e+00 4.030684e+00 4.986600e+00 3.915360e+00 4.957160e+00 2.951717e+00 -1.003201e+00 -1.166393e+00 -9.529979e-01 -2.771568e-01 4.278501e-01 1.005180e+00 1.384829e+00 1.551658e+00 1.477977e+00 1.242941e+00 1.067018e+00 7.256799e-01 -1.263130e-03
<VARIANCE> 25
 9.873048e+00 9.963336e+00 1.311025e+01 1.673610e+01 1.740866e+01 1.751986e+01 1.969872e+01 1.912533e+01 1.885190e+01 1.873352e+01 2.172684e+01 1.479116e+01 4.015919e-01 4.320292e-01 5.540382e-01 7.793206e-01 1.034662e+00 1.191751e+00 1.252116e+00 1.279144e+00 1.330316e+00 1.363791e+00 1.399537e+00 1.371101e+00 1.633451e-05
<GCONST> 6.753229e+01
<MIXTURE> 63 4.351215e-03
<MEAN> 25
 -3.846024e+00 -1.185786e+00 -3.945472e+00 2.975988e+00 3.317034e+00 3.318630e-01 2.799215e+00 1.295579e+00 2.841382e+00 -6.125973e-01 -2.320764e+00 3.104302e+00 -7.769654e-02 3.006197e-01 4.133363e-01 4.699894e-01 5.090249e-01 5.076299e-01 4.950818e-01 1.243665e-01 2.860658e-02 1.867922e-01 7.882916e-02 5.909374e-02 -6.610170e-03
<VARIANCE> 25
 8.668849e+00 1.913762e+01 1.746702e+01 1.418317e+01 1.916891e+01 2.798888e+01 2.065764e+01 2.267447e+01 2.371987e+01 2.031381e+01 2.894936e+01 1.712095e+01 3.042808e-01 4.207634e-01 5.592303e-01 6.849188e-01 8.610099e-01 1.081111e+00 1.474728e+00 1.302340e+00 1.330990e+00 1.593613e+00 1.452495e+00 1.150825e+00 1.897481e-04
<GCONST> 7.165027e+01
<MIXTURE> 64 4.351215e-03
<MEAN> 25
 -3.846024e+00 -1.185786e+00 -3.945472e+00 2.975988e+00 3.317034e+00 3.318630e-01 2.799215e+00 1.295579e+00 2.841382e+00 -6.125973e-01 -2.320764e+00 3.104302e+00 -7.769654e-02 3.006197e-01 4.133363e-01 4.699894e-01 5.090249e-01 5.076299e-01 4.950818e-01 1.243665e-01 2.860658e-02 1.867922e-01 7.882916e-02 5.909374e-02 -6.610170e-03
<VARIANCE> 25
 8.668849e+00 1.913762e+01 1.746702e+01 1.418317e+01 1.916891e+01 2.798888e+01 2.065764e+01 2.267447e+01 2.371987e+01 2.031381e+01 2.894936e+01 1.712095e+01 3.042808e-01 4.207634e-01 5.592303e-01 6.849188e-01 8.610099e-01 1.081111e+00 1.474728e+00 1.302340e+00 1.330990e+00 1.593613e+00 1.452495e+00 1.150825e+00 1.897481e-04
<GCONST> 7.165027e+01
<MIXTURE> 65 1.721197e-02
<MEAN> 25
 7.597428e+00 1.465830e+00 2.028229e+00 6.969358e-01 -4.455814e+00 -3.364147e+00 -5.405001e+00 -6.746651e+00 -3.786715e+00 -1.455461e+00 -4.587090e+00 -1.489254e+00 1.967848e-01 1.516831e-01 -7.096260e-03 -1.129938e-02 -1.911505e-01 2.359196e-01 -2.103278e-01 -1.141446e-01 2.471179e-01 -9.387530e-02 -2.023669e-01 -1.219232e-01 -3.013132e-03
<VARIANCE> 25
 9.698452e+00 2.572281e+01 2.318064e+01 3.246997e+01 3.665589e+01 5.669585e+01 5.298070e+01 5.138823e+01 4.962544e+01 5.417281e+01 5.382928e+01 4.543425e+01 5.123823e-01 8.960354e-01 1.537947e+00 1.974127e+00 1.984764e+00 2.089639e+00 2.234413e+00 2.699215e+00 2.268927e+00 2.533058e+00 2.369622e+00 1.933934e+00 4.557502e-04
<GCONST> 8.846628e+01
<MIXTURE> 66 1.191532e-02
<MEAN> 25
 6.678904e+00 -4.021529e+00 -5.679924e+00 -4.843944e+00 1.325812e+00 -4.894876e+00 -6.774618e+00 1.180935e+00 7.405648e-01 -1.935816e+00 -6.045706e+00 -3.527699e+00 -8.462879e-02 1.680109e+00 2.212106e+00 2.313532e+00 -1.236658e+00 -1.226693e+00 6.755023e-02 -5.043448e-01 -1.483604e-01 -1.768329e-01 -2.201814e-01 1.075074e+00 -6.378321e-02
<VARIANCE> 25
 8.781362e+00 2.244286e+01 2.702505e+01 3.267572e+01 3.800591e+01 5.469761e+01 5.625842e+01 4.479352e+01 5.350888e+01 6.629266e+01 3.697271e+01 3.622821e+01 1.361953e+00 2.421050e+00 2.353889e+00 2.439526e+00 4.160010e+00 4.301112e+00 4.300517e+00 4.901918e+00 4.212696e+00 4.932049e+00 3.898010e+00 3.305992e+00 1.445280e-03
<GCONST> 9.678381e+01
<MIXTURE> 67 1.559142e-02
<MEAN> 25
 8.415512e+00 1.720783e+00 -6.098851e+00 -7.439725e+00 1.209951e+00 4.161446e+00 -2.774405e+00 -3.921294e+00 -3.315114e+00 1.991367e+00 1.636396e+00 -5.441986e-01 -1.180344e+00 1.795242e+00 8.481258e-01 2.779627e+00 1.213117e+00 -6.920289e-01 1.442259e+00 5.207782e-01 6.892243e-01 3.406616e-01 -1.059694e+00 8.314500e-01 -1.178202e-01
<VARIANCE> 25
 9.362517e+00 3.206548e+01 2.288303e+01 4.283388e+01 3.642476e+01 4.188381e+01 4.801208e+01 5.152021e+01 5.516286e+01 4.600345e+01 5.522105e+01 4.941579e+01 1.760503e+00 2.562557e+00 2.547414e+00 3.803736e+00 3.543816e+00 3.640957e+00 3.532579e+00 4.345912e+00 4.718418e+00 4.048844e+00 5.319060e+00 3.373875e+00 2.546523e-03
<GCONST> 9.836397e+01
<MIXTURE> 68 1.485092e-02
<MEAN> 25
 -2.079725e+00 -2.095881e+00 -4.011008e+00 1.308776e+00 5.082698e+00 -5.177674e-01 2.253664e+00 1.733696e+00 1.787524e+00 1.363353e+00 2.084695e-01 1.780165e+00 2.773166e+00 4.514617e-01 8.445161e-02 -2.518435e+00 -2.358850e+00 -1.520713e+00 -2.291314e+00 -1.687354e+00 -1.637131e+00 -1.336602e+00 -1.716142e+00 -1.120368e+00 1.009759e-01
<VARIANCE> 25
 2.488156e+01 3.115696e+01 5.672874e+01 5.023540e+01 4.535024e+01 5.338618e+01 4.304171e+01 4.050799e+01 3.952990e+01 4.336831e+01 3.672846e+01 2.559035e+01 1.863901e+00 3.822238e+00 5.714027e+00 5.733387e+00 4.511860e+00 5.571540e+00 5.654909e+00 4.940669e+00 4.884875e+00 5.454896e+00 6.100540e+00 3.354704e+00 5.916230e-03
<GCONST> 1.032818e+02
<MIXTURE> 69 1.204884e-02
<MEAN> 25
 4.639358e+00 -4.238927e+00 -3.567588e+00 -3.600796e+00 -3.519106e+00 -7.842375e+00 -1.101625e+00 2.228399e+00 -3.099883e-01 -4.672041e+00 -5.646860e+00 9.154332e-01 1.689469e+00 -2.233120e+00 -1.334365e+00 -2.234978e+00 -5.200325e-01 -3.440505e-01 -4.820029e-01 6.122983e-01 -6.147295e-01 -1.432660e+00 -2.181313e+00 -2.212843e-01 6.248445e-02
<VARIANCE> 25
 8.975845e+00 2.163599e+01 2.659287e+01 2.579214e+01 4.234985e+01 3.544605e+01 4.863221e+01 3.136290e+01 3.956695e+01 3.808711e+01 3.098674e+01 2.465436e+01 3.532598e+00 2.896144e+00 3.318180e+00 3.675893e+00 5.732798e+00 4.968513e+00 7.057513e+00 6.027420e+00 5.936319e+00 5.897701e+00 4.369450e+00 3.914392e+00 2.423456e-03
<GCONST> 9.864555e+01
<MIXTURE> 70 1.329190e-02
<MEAN> 25
 7.027709e+00 -1.253553e+00 -3.594620e+00 -3.020275e+00 1.128532e-01 -1.324811e-01 -7.342252e+00 -4.665525e+00 2.121602e-01 3.414906e+00 1.531579e+00 -4.057420e+00 1.880465e+00 -1.265199e+00 -4.500561e-01 -2.093554e+00 -1.343544e+00 7.230080e-01 -1.734577e+00 -1.789223e-01 -1.339158e-02 -6.177062e-02 1.507957e+00 -1.449026e+00 6.414712e-02
<VARIANCE> 25
 8.639742e+00 2.164404e+01 2.396772e+01 4.063641e+01 2.809994e+01 3.796449e+01 4.544531e+01 3.755420e+01 3.632717e+01 2.726815e+01 4.791208e+01 2.472376e+01 3.116238e+00 2.532156e+00 3.915647e+00 5.100620e+00 4.324111e+00 6.116782e+00 5.691251e+00 6.748259e+00 5.343589e+00 5.166680e+00 6.690113e+00 3.818927e+00 2.083913e-03
<GCONST> 9.881824e+01
<MIXTURE> 71 1.406903e-02
<MEAN> 25
 6.302443e+00 5.159927e+00 3.968822e+00 3.020072e+00 -3.076370e+00 -3.217750e+00 -3.841544e+00 -6.816498e+00 -4.350912e+00 -2.065767e+00 -4.800663e+00 -2.895281e+00 -1.452896e+00 -7.762487e-01 -1.798649e-01 -1.625258e+00 1.070685e+00 -2.756128e-01 -1.536528e-01 1.530738e+00 2.903428e-01 -2.973161e-01 7.824875e-01 3.403785e-02 4.229801e-02
<VARIANCE> 25
 1.777045e+01 2.502672e+01 2.385943e+01 4.244283e+01 4.015395e+01 3.954515e+01 4.328192e+01 4.023749e+01 3.793719e+01 4.466958e+01 3.824709e+01 3.450799e+01 1.876971e+00 2.964852e+00 5.032917e+00 4.898650e+00 4.450789e+00 4.712353e+00 5.278033e+00 5.061912e+00 4.059910e+00 4.060342e+00 3.595418e+00 3.430994e+00 1.380866e-03
<GCONST> 9.839783e+01
<MIXTURE> 72 8.134747e-03
<MEAN> 25
 3.664549e+00 -3.917768e+00 5.561615e+00 -2.400868e+00 -1.045056e+01 -9.712400e+00 -2.451178e+00 2.154279e+00 -5.143642e+00 -2.164185e+00 -1.221573e+00 4.031869e-01 9.114959e-01 -7.723730e-01 -2.538209e+00 5.013275e-01 2.065540e+00 -6.018617e-01 -1.270620e+00 1.543973e+00 1.782752e+00 -5.816470e-01 -1.254494e+00 3.545797e-01 -6.519625e-03
<VARIANCE> 25
 1.080932e+01 2.024693e+01 3.197622e+01 3.716290e+01 3.115078e+01 3.237600e+01 3.951287e+01 3.651017e+01 4.323247e+01 3.994973e+01 4.817289e+01 2.861301e+01 4.266477e-01 9.983476e-01 1.983832e+00 1.454037e+00 2.239329e+00 2.333496e+00 3.019261e+00 2.665785e+00 2.566329e+00 2.902495e+00 1.981620e+00 2.142125e+00 5.395562e-04
<GCONST> 8.716295e+01
<MIXTURE> 73 1.213625e-02
<MEAN> 25
 -5.413417e+00 -4.516904e-01 -1.153714e+00 4.550764e+00 4.065586e+00 2.483567e+00 5.691110e+00 3.472663e+00 4.474586e+00 3.184711e+00 3.340726e+00 3.080505e+00 6.973377e-01 -1.249589e+00 -7.103534e-01 -2.211514e+00 -1.285723e+00 -1.804096e+00 -8.677147e-01 -3.512808e-01 -9.723693e-01 -8.522820e-01 -8.250613e-01 -3.351185e-01 1.490070e-01
<VARIANCE> 25
 1.224874e+01 1.468969e+01 1.472015e+01 2.225773e+01 2.204788e+01 2.363301e+01 1.930224e+01 1.849234e+01 1.717263e+01 1.812270e+01 2.925507e+01 1.507175e+01 3.941808e+00 3.487498e+00 5.955976e+00 6.434861e+00 5.638957e+00 4.367318e+00 3.999001e+00 4.121745e+00 3.717616e+00 4.343007e+00 4.084533e+00 2.668471e+00 4.254690e-03
<GCONST> 9.287794e+01
<MIXTURE> 74 1.756491e-02
<MEAN> 25
 3.717272e+00 -2.866187e+00 3.475069e+00 -5.227272e-02 -8.579641e+00 -8.505002e+00 -1.231384e+00 3.813327e+00 -2.098811e+00 -3.049175e-01 1.951609e+00 5.329258e-01 6.889413e-02 1.894589e+00 -3.533597e-01 1.342390e+00 1.280537e+00 9.192954e-01 3.938080e-02 -1.315111e+00 8.358922e-01 5.369033e-01 -8.243842e-01 4.515903e-01 -8.273648e-02
<VARIANCE> 25
 9.205510e+00 2.286483e+01 2.716073e+01 2.851944e+01 3.034101e+01 2.984120e+01 6.081199e+01 5.232315e+01 4.525889e+01 3.921683e+01 4.630292e+01 4.171988e+01 1.709134e+00 1.939685e+00 2.868919e+00 1.838056e+00 2.925336e+00 3.054487e+00 4.122765e+00 4.351815e+00 3.677401e+00 3.469860e+00 3.600034e+00 3.383885e+00 1.233142e-03
<GCONST> 9.415640e+01
<MIXTURE> 75 9.711651e-03
<MEAN> 25
 1.662445e+00 -1.558881e+00 1.128949e+01 1.141252e+00 -1.057724e+01 -7.895062e+00 -4.237093e+00 -1.057042e+00 -5.611531e+00 -4.726461e+00 5.249135e+00 -3.618450e-01 1.481236e+00 -1.741066e+00 5.294598e-01 -2.758588e-01 -2.241826e+00 -9.777752e-01 -1.481771e+00 6.588573e-01 -3.556430e-01 -4.727079e-01 1.825367e+00 -9.831740e-01 4.955010e-02
<VARIANCE> 25
 1.224803e+01 1.550962e+01 2.754572e+01 2.341976e+01 2.680162e+01 2.707535e+01 2.874190e+01 2.597048e+01 3.215209e+01 2.573459e+01 3.221980e+01 1.841598e+01 2.084850e+00 1.592540e+00 4.060704e+00 2.043168e+00 3.225207e+00 4.235308e+00 3.257812e+00 3.240072e+00 3.862927e+00 2.905229e+00 4.636012e+00 2.395072e+00 1.570914e-03
<GCONST> 9.062577e+01
<MIXTURE> 76 1.052359e-02
<MEAN> 25
 -6.387216e+00 -1.191342e+00 -2.555078e+00 4.301542e+00 3.901616e+00 2.052311e+00 4.213170e+00 1.956250e+00 2.501832e+00 -1.586450e-01 8.804464e-01 2.649027e+00 -7.999629e-02 -6.333605e-01 -1.256371e-01 -5.343400e-01 -5.299101e-01 -8.659434e-01 -5.423592e-01 -2.742543e-01 -4.313930e-01 -4.506497e-01 -8.372813e-02 -2.679619e-01 2.446364e-02
<VARIANCE> 25
 3.336813e+01 3.237998e+01 3.008331e+01 2.829975e+01 2.609975e+01 2.969890e+01 2.309921e+01 2.999393e+01 2.160116e+01 2.756988e+01 2.659522e+01 1.734736e+01 1.110758e+00 1.184383e+00 1.357063e+00 1.650474e+00 1.514592e+00 1.555863e+00 1.700232e+00 1.687699e+00 1.565518e+00 1.498522e+00 1.671956e+00 1.431605e+00 1.206776e-03
<GCONST> 8.339400e+01
<MIXTURE> 77 1.244626e-02
<MEAN> 25
 -4.670206e-01 8.583880e+00 1.244595e+01 -1.159573e+01 -6.992024e+00 9.588995e-01 -9.265980e+00 -7.231049e+00 -3.365200e+00 -1.969803e-01 -4.667829e+00 -1.475177e+00 6.770885e-02 1.370791e-01 7.333425e-02 2.500340e-01 -2.179393e-02 7.859094e-02 -6.403491e-02 -6.264306e-02 8.224109e-02 -4.383604e-02 2.639994e-02 1.169128e-01 -9.914898e-03
<VARIANCE> 25
 1.042816e+01 2.004291e+01 2.765919e+01 4.189391e+01 3.329306e+01 3.375853e+01 3.679446e+01 3.176952e+01 3.529392e+01 3.317513e+01 3.763034e+01 3.497203e+01 2.985841e-01 7.773325e-01 6.450484e-01 1.084938e+00 1.236853e+00 9.852666e-01 1.225379e+00 1.073195e+00 1.042558e+00 1.066128e+00 9.711838e-01 9.223893e-01 5.395407e-04
<GCONST> 7.780572e+01
<MIXTURE> 78 9.702551e-03
<MEAN> 25
 -1.105436e+01 4.018634e+00 -3.001004e+00 2.678732e+00 4.750455e+00 -9.473367e-01 4.312150e+00 1.407687e+00 3.028084e+00 -1.213785e+00 -2.326575e+00 1.608463e+00 2.505698e+00 -6.863504e-01 5.045447e-02 4.099308e-01 -2.550959e-01 -1.650499e-01 -2.998890e-01 -1.184233e-01 -1.721210e-01 4.554810e-01 -4.603130e-01 -3.242190e-01 -7.246672e-02
<VARIANCE> 25
 3.424549e+01 3.987774e+01 3.210312e+01 2.495330e+01 2.992287e+01 2.951714e+01 2.453764e+01 2.507744e+01 2.332583e+01 2.454088e+01 2.508046e+01 2.017043e+01 3.818831e+00 3.041864e+00 2.546885e+00 2.369797e+00 2.224995e+00 2.770130e+00 2.367547e+00 2.452099e+00 2.084206e+00 2.104575e+00 2.605431e+00 2.184283e+00 4.975858e-03
<GCONST> 9.137600e+01
<MIXTURE> 79 1.156824e-02
<MEAN> 25
 2.429702e+00 1.561343e+00 9.178760e+00 -6.598424e+00 -1.208088e+01 -1.840904e+00 -1.904310e+00 -6.427872e+00 -6.557636e+00 3.334861e-01 -3.491989e+00 -3.293281e+00 1.217856e+00 -5.227189e-01 -1.435800e+00 2.350915e+00 3.762836e-01 -1.468350e+00 5.404511e-01 8.894039e-01 -4.279479e-01 -5.308675e-01 3.608737e-01 2.894840e-01 -3.638231e-02
<VARIANCE> 25
 1.422205e+01 2.416133e+01 3.784937e+01 4.964391e+01 3.326236e+01 4.352070e+01 4.275957e+01 3.732742e+01 3.900509e+01 3.970613e+01 4.407269e+01 3.058463e+01 9.451685e-01 2.258876e+00 1.890105e+00 2.083924e+00 2.469290e+00 2.814914e+00 3.195237e+00 3.523524e+00 2.526880e+00 2.766600e+00 2.312696e+00 2.050691e+00 1.230851e-03
<GCONST> 9.181997e+01
<MIXTURE> 80 7.550998e-03
<MEAN> 25
 -1.460744e+01 3.985151e+00 6.866034e-01 2.865918e+00 2.451202e+00 1.410134e+00 6.396171e+00 2.495797e+00 2.719939e+00 2.370866e+00 4.848845e+00 1.185788e+00 4.286056e+00 -1.640817e-02 1.637306e+00 -1.135037e+00 -2.888558e+00 -2.776433e+00 -2.322619e+00 -2.020828e+00 -1.974868e+00 -1.684111e+00 -1.650269e+00 -6.025844e-01 -4.426121e-02
<VARIANCE> 25
 2.095660e+01 1.986923e+01 3.444946e+01 3.469715e+01 3.017963e+01 2.920115e+01 2.827898e+01 2.854590e+01 2.673927e+01 2.881671e+01 2.688233e+01 1.810380e+01 2.356830e+00 2.666028e+00 2.673681e+00 4.119948e+00 3.394814e+00 2.707276e+00 3.025342e+00 3.203942e+00 2.748330e+00 2.704117e+00 2.784308e+00 2.145085e+00 1.514079e-03
<GCONST> 9.140118e+01
<MIXTURE> 81 8.025434e-03
<MEAN> 25
 -1.116519e+00 4.064884e+00 1.017866e+01 -1.480195e+01 -9.079443e+00 -1.420772e+00 -6.766946e+00 -8.426436e+00 -4.152278e+00 -4.157819e-01 -7.574030e+00 -2.246485e+00 1.340525e-01 -5.869786e-01 -2.853672e-03 -5.568131e-01 -4.643171e-01 3.352427e-01 3.197604e-01 1.371846e-01 -1.403430e-01 1.061065e-01 -4.696066e-01 -1.252958e-01 1.151145e-02
<VARIANCE> 25
 1.016806e+01 3.282794e+01 2.645443e+01 2.929248e+01 3.370765e+01 3.052933e+01 4.543987e+01 2.824903e+01 3.798770e+01 3.188566e+01 2.529877e+01 3.104688e+01 7.721065e-01 2.277288e+00 1.545865e+00 2.872742e+00 2.663150e+00 2.125856e+00 3.280521e+00 2.287771e+00 2.355069e+00 2.539836e+00 2.298363e+00 2.078209e+00 1.183180e-03
<GCONST> 8.868703e+01
<MIXTURE> 82 8.213053e-03
<MEAN> 25
 -9.420852e+00 -4.053879e+00 1.581036e+00 -3.077014e+00 2.972957e+00 1.028651e+00 2.046697e+00 1.107267e+00 2.839208e+00 1.669389e+00 9.081596e-01 3.295675e+00 -1.362851e+00 -1.631530e-01 5.196857e-01 -2.503258e+00 -1.246096e+00 -1.366428e+00 -7.372230e-01 -6.696155e-01 -5.651054e-01 -6.184673e-01 -4.367311e-02 -4.546969e-02 1.693446e-01
<VARIANCE> 25
 1.831446e+01 2.263757e+01 2.935732e+01 2.914078e+01 3.054663e+01 2.976863e+01 2.828678e+01 3.004602e+01 2.750026e+01 2.319014e+01 3.214418e+01 1.691655e+01 3.463758e+00 2.853274e+00 3.340531e+00 2.980204e+00 3.410026e+00 3.104667e+00 3.148327e+00 2.962374e+00 3.059752e+00 2.383236e+00 2.796942e+00 1.716419e+00 3.578968e-03
<GCONST> 9.214451e+01
<MIXTURE> 83 1.167529e-02
<MEAN> 25
 -1.977449e+01 6.210326e+00 -1.625453e+00 -1.009304e+00 8.103338e+00 -8.711993e-01 5.134913e+00 3.014782e+00 1.647869e+00 1.272183e+00 9.913328e-02 2.375521e+00 -7.079237e-02 -6.145873e-02 -1.262467e-02 -1.531089e-01 -4.191199e-01 -7.422131e-02 -1.199393e-01 -4.346397e-01 1.555715e-01 1.138609e-01 3.071850e-03 -1.328163e-01 3.102849e-03
<VARIANCE> 25
 8.228627e+00 1.638447e+01 2.583177e+01 2.193176e+01 1.868570e+01 2.116228e+01 1.946885e+01 2.282954e+01 1.857130e+01 2.287515e+01 2.137112e+01 1.358153e+01 1.069840e+00 1.526294e+00 1.043296e+00 1.265948e+00 1.265959e+00 1.122664e+00 1.100348e+00 1.736052e+00 1.419072e+00 1.436671e+00 1.047114e+00 1.012777e+00 9.383339e-04
<GCONST> 7.655669e+01
<MIXTURE> 84 1.066614e-02
<MEAN> 25
 1.073016e+00 8.861233e+00 6.729364e+00 7.705655e+00 2.687313e+00 -8.585228e-01 -1.725742e+00 -4.516213e+00 -3.780355e+00 -2.947055e+00 -3.223458e+00 -7.756895e-01 -1.734630e+00 -9.840621e-01 -1.057720e+00 1.170657e+00 2.221980e+00 1.641866e+00 1.560535e+00 1.235337e+00 1.208893e+00 3.731710e-01 7.318754e-02 4.460505e-01 -7.135934e-02
<VARIANCE> 25
 2.210972e+01 1.688539e+01 2.215450e+01 2.271799e+01 2.684404e+01 2.590555e+01 2.642502e+01 2.424929e+01 2.438161e+01 2.352639e+01 2.777548e+01 2.897349e+01 1.957715e+00 2.779313e+00 3.742887e+00 3.137538e+00 2.996819e+00 3.309481e+00 3.601478e+00 3.155070e+00 3.250512e+00 2.993483e+00 4.417436e+00 2.569569e+00 3.244322e-03
<GCONST> 9.199593e+01
<MIXTURE> 85 7.591393e-03
<MEAN> 25
 -3.100301e+00 7.883770e+00 5.713679e+00 1.289737e+00 -3.474465e+00 -5.301550e+00 -2.955883e+00 -6.107033e+00 -3.552450e+00 -3.179312e+00 -4.878562e-01 -1.897302e+00 3.939216e+00 3.248743e-01 1.750790e+00 -2.084639e+00 -3.406700e+00 -2.582869e+00 -2.876756e+00 -2.335677e+00 -2.247919e+00 -1.260905e+00 -2.291716e+00 -6.160275e-01 9.410757e-03
<VARIANCE> 25
 4.240562e+01 2.339725e+01 3.644334e+01 3.810680e+01 3.975003e+01 4.127319e+01 3.225527e+01 2.788621e+01 2.661824e+01 2.605948e+01 2.624911e+01 2.051660e+01 2.702828e+00 4.319066e+00 4.062058e+00 5.179964e+00 4.413208e+00 3.869846e+00 3.870905e+00 3.984280e+00 3.841710e+00 4.033197e+00 3.981412e+00 3.479526e+00 5.452118e-03
<GCONST> 9.835320e+01
<MIXTURE> 86 1.273941e-02
<MEAN> 25
 -4.971027e+00 -1.185284e+00 -7.926099e-01 6.318962e+00 5.011273e+00 4.672937e+00 5.313612e+00 4.557510e+00 4.660750e+00 3.908876e+00 5.294170e+00 2.711512e+00 -8.494706e-03 -9.653429e-03 -3.926654e-02 -6.586463e-02 -1.165505e-01 -1.855957e-01 -2.681310e-01 -3.301214e-01 -3.522131e-01 -3.161383e-01 -2.269688e-01 -1.044695e-01 -5.298823e-04
<VARIANCE> 25
 7.869316e+00 5.755892e+00 9.953060e+00 1.233691e+01 1.585271e+01 1.428986e+01 1.349444e+01 1.306517e+01 1.314891e+01 1.420927e+01 1.479994e+01 1.277040e+01 1.011828e-01 1.927291e-01 3.181943e-01 4.826754e-01 6.352031e-01 7.323593e-01 7.438063e-01 7.626878e-01 8.291339e-01 8.862765e-01 9.134314e-01 9.012764e-01 5.354009e-05
<GCONST> 5.815705e+01
<MIXTURE> 87 1.100681e-02
<MEAN> 25
 -3.000574e+00 4.523492e+00 2.208051e+00 6.429170e+00 5.859380e+00 1.413238e+00 1.426989e+00 -1.238937e+00 -1.370005e-01 -6.255580e-01 -2.043163e+00 4.898477e-01 -1.947256e+00 -2.963403e+00 -1.821047e+00 -2.119881e+00 -2.827139e-01 -2.327014e-01 6.519005e-01 1.294870e+00 1.133937e+00 7.527115e-01 1.000943e+00 1.070453e+00 9.366176e-02
<VARIANCE> 25
 3.549632e+01 2.629020e+01 3.147604e+01 3.022607e+01 2.591698e+01 2.826380e+01 3.083433e+01 2.329920e+01 2.277763e+01 2.078772e+01 2.756685e+01 2.078781e+01 4.257062e+00 2.431056e+00 3.876011e+00 3.138733e+00 4.381337e+00 4.152627e+00 3.468562e+00 3.228292e+00 3.241386e+00 3.132797e+00 3.022623e+00 2.482630e+00 4.841677e-03
<GCONST> 9.448332e+01
<MIXTURE> 88 1.256585e-02
<MEAN> 25
 -3.710941e+00 1.086131e+00 -6.604236e-01 4.726167e+00 3.242482e+00 3.613497e+00 4.533764e+00 3.086630e+00 4.811031e+00 2.438240e+00 3.125281e-01 3.965763e+00 6.479576e-02 3.123939e-01 2.221812e-01 3.169987e-01 4.214730e-01 5.964709e-01 1.293360e-01 -4.271776e-01 -7.127414e-01 -4.829182e-01 -4.384710e-01 -3.470502e-01 -1.051812e-02
<VARIANCE> 25
 6.663341e+00 1.202060e+01 1.135436e+01 1.259213e+01 1.988304e+01 1.959531e+01 1.432954e+01 1.656293e+01 1.953573e+01 1.877758e+01 2.953910e+01 1.287148e+01 1.044571e+00 2.797578e+00 1.406186e+00 2.028765e+00 1.959945e+00 2.610988e+00 2.048382e+00 2.367669e+00 2.115488e+00 2.879930e+00 3.084832e+00 2.189398e+00 1.870462e-03
<GCONST> 8.134100e+01
<MIXTURE> 89 9.333527e-03
<MEAN> 25
 6.077898e+00 -6.826541e+00 -3.552280e+00 -3.160231e+00 -1.609701e+00 -5.595025e+00 -6.128312e+00 4.092590e+00 3.468492e+00 -2.810265e+00 -6.011393e+00 -3.287955e+00 -5.707010e-01 1.564498e-01 1.988045e+00 9.010581e-01 -1.869285e+00 -1.648161e+00 8.843627e-01 1.262577e+00 -7.888553e-01 -1.313328e+00 4.028232e-01 1.535966e+00 -4.888671e-03
<VARIANCE> 25
 8.973716e+00 2.670546e+01 3.106980e+01 3.020885e+01 3.605567e+01 4.161179e+01 5.961255e+01 4.212294e+01 3.906645e+01 4.236992e+01 3.604620e+01 3.235025e+01 3.534275e-01 8.405622e-01 1.475208e+00 1.315546e+00 1.915656e+00 2.124222e+00 2.573232e+00 2.041671e+00 2.245567e+00 2.133410e+00 2.329260e+00 1.469181e+00 3.662200e-04
<GCONST> 8.528185e+01
<MIXTURE> 90 7.114505e-03
<MEAN> 25
 2.449713e+00 -9.722536e+00 -4.752387e+00 -3.977309e+00 -3.383288e+00 -1.813069e+00 3.362639e+00 1.179474e+00 -7.531763e+00 -1.021427e+01 -3.428001e+00 -7.397105e-01 -1.635251e-01 9.089025e-01 1.168314e+00 -8.539785e-01 -1.613047e+00 -2.118927e-01 6.448541e-01 -2.097592e-01 -1.688175e-01 7.368161e-01 1.826924e-01 -5.497268e-01 -1.114598e-02
<VARIANCE> 25
 8.495527e+00 1.778750e+01 1.982703e+01 2.802135e+01 3.683050e+01 3.218360e+01 3.855319e+01 3.640816e+01 3.521087e+01 2.771503e+01 2.701330e+01 2.612994e+01 2.237816e-01 6.126839e-01 7.874095e-01 1.043210e+00 1.469847e+00 1.591479e+00 1.779881e+00 1.654436e+00 1.809831e+00 1.678978e+00 1.495265e+00 1.308785e+00 2.149681e-04
<GCONST> 7.813626e+01
<MIXTURE> 91 7.852945e-03
<MEAN> 25
 6.431449e+00 -7.441795e+00 -8.812148e+00 -5.223275e+00 4.016603e+00 1.442464e-01 -1.836155e+00 6.113128e-01 1.293417e+00 -2.664825e+00 -4.611379e+00 -5.820396e+00 2.505338e-01 1.131832e+00 8.920799e-02 4.461747e-01 1.599665e-02 -3.780289e-01 -2.821389e-01 -1.353467e-01 -9.237689e-02 4.822823e-01 -1.350448e-01 3.626584e-01 -3.623988e-02
<VARIANCE> 25
 9.165277e+00 2.177241e+01 1.906247e+01 3.695483e+01 3.194577e+01 5.092692e+01 5.086581e+01 3.638231e+01 4.940793e+01 5.885876e+01 3.568546e+01 4.162961e+01 4.178075e-01 9.764854e-01 1.126900e+00 1.270653e+00 2.061606e+00 2.464392e+00 2.249931e+00 2.226077e+00 2.039943e+00 2.016237e+00 1.845984e+00 1.888861e+00 5.757962e-04
<GCONST> 8.589935e+01
<MIXTURE> 92 7.852945e-03
<MEAN> 25
 6.431449e+00 -7.441795e+00 -8.812148e+00 -5.223275e+00 4.016603e+00 1.442464e-01 -1.836155e+00 6.113128e-01 1.293417e+00 -2.664825e+00 -4.611379e+00 -5.820396e+00 2.505338e-01 1.131832e+00 8.920799e-02 4.461747e-01 1.599665e-02 -3.780289e-01 -2.821389e-01 -1.353467e-01 -9.237689e-02 4.822823e-01 -1.350448e-01 3.626584e-01 -3.623988e-02
<VARIANCE> 25
 9.165277e+00 2.177241e+01 1.906247e+01 3.695483e+01 3.194577e+01 5.092692e+01 5.086581e+01 3.638231e+01 4.940793e+01 5.885876e+01 3.568546e+01 4.162961e+01 4.178075e-01 9.764854e-01 1.126900e+00 1.270653e+00 2.061606e+00 2.464392e+00 2.249931e+00 2.226077e+00 2.039943e+00 2.016237e+00 1.845984e+00 1.888861e+00 5.757962e-04
<GCONST> 8.589935e+01
<MIXTURE> 93 6.122769e-03
<MEAN> 25
 -6.789152e+00 -9.116526e-01 -2.363633e+00 5.792197e+00 5.901030e+00 3.936821e+00 6.132265e+00 3.596076e+00 4.101911e+00 2.480821e+00 1.733812e+00 3.703572e+00 -6.139675e-02 -1.526373e-01 -2.569716e-01 -3.372965e-01 -3.406475e-01 -2.871840e-01 -2.161524e-01 -1.716344e-01 -1.634056e-01 -1.444990e-01 -1.033954e-01 -3.614974e-02 -1.612539e-05
<VARIANCE> 25
 9.197105e+00 6.284278e+00 8.314869e+00 1.134212e+01 1.144186e+01 1.588226e+01 1.519673e+01 1.633781e+01 1.471354e+01 1.453906e+01 1.754379e+01 1.342546e+01 8.218271e-02 1.526055e-01 2.617801e-01 3.819900e-01 5.012608e-01 6.383879e-01 7.737659e-01 8.839194e-01 9.128361e-01 8.750141e-01 8.854839e-01 9.213457e-01 1.012845e-06
<GCONST> 5.366331e+01
<MIXTURE> 94 6.122769e-03
<MEAN> 25
 -6.789152e+00 -9.116526e-01 -2.363633e+00 5.792197e+00 5.901030e+00 3.936821e+00 6.132265e+00 3.596076e+00 4.101911e+00 2.480821e+00 1.733812e+00 3.703572e+00 -6.139675e-02 -1.526373e-01 -2.569716e-01 -3.372965e-01 -3.406475e-01 -2.871840e-01 -2.161524e-01 -1.716344e-01 -1.634056e-01 -1.444990e-01 -1.033954e-01 -3.614974e-02 -1.612539e-05
<VARIANCE> 25
 9.197105e+00 6.284278e+00 8.314869e+00 1.134212e+01 1.144186e+01 1.588226e+01 1.519673e+01 1.633781e+01 1.471354e+01 1.453906e+01 1.754379e+01 1.342546e+01 8.218271e-02 1.526055e-01 2.617801e-01 3.819900e-01 5.012608e-01 6.383879e-01 7.737659e-01 8.839194e-01 9.128361e-01 8.750141e-01 8.854839e-01 9.213457e-01 1.012845e-06
<GCONST> 5.366331e+01
<MIXTURE> 95 5.258835e-03
<MEAN> 25
 -5.718042e+00 -4.252594e-01 -1.793605e+00 4.979752e+00 4.137073e+00 2.941671e+00 3.996730e+00 1.518806e+00 2.224588e+00 8.685588e-01 7.557846e-01 2.832197e+00 1.423018e-01 1.468023e-01 5.453673e-02 -1.106285e-01 -3.301710e-01 -6.498852e-01 -1.018935e+00 -1.333513e+00 -1.346492e+00 -9.657286e-01 -5.921891e-01 -3.423548e-01 -1.620747e-04
<VARIANCE> 25
 9.988506e+00 7.788291e+00 1.224574e+01 1.246960e+01 1.350138e+01 1.770086e+01 1.762196e+01 1.649980e+01 1.470649e+01 1.464395e+01 2.229262e+01 1.472317e+01 1.996707e-01 2.785920e-01 4.502101e-01 6.123949e-01 8.270466e-01 9.467537e-01 8.896869e-01 9.898520e-01 1.151830e+00 1.042587e+00 1.178955e+00 1.122354e+00 4.046118e-05
<GCONST> 6.344307e+01
<MIXTURE> 96 7.034694e-03
<MEAN> 25
 -5.008323e+00 1.512425e-01 -2.003940e+00 4.980618e+00 3.596399e+00 1.915734e+00 3.169427e+00 1.533805e+00 2.782659e+00 1.070862e+00 2.784752e-01 3.210095e+00 -1.781340e-02 8.292335e-02 2.227026e-01 4.866269e-01 5.799661e-01 4.941857e-01 2.277699e-01 -1.810001e-01 -4.851183e-01 -5.923497e-01 -6.477950e-01 -3.764420e-01 -4.210378e-06
<VARIANCE> 25
 1.097988e+01 1.149229e+01 1.200980e+01 1.351082e+01 1.405808e+01 1.769610e+01 1.741221e+01 1.798416e+01 1.710297e+01 1.548316e+01 2.304733e+01 1.463848e+01 1.116153e-01 1.974852e-01 3.073321e-01 4.872348e-01 4.567140e-01 5.942055e-01 8.371136e-01 1.138472e+00 1.108673e+00 8.539086e-01 9.012708e-01 8.934250e-01 9.774914e-07
<GCONST> 5.736164e+01
<MIXTURE> 97 7.034694e-03
<MEAN> 25
 -5.008323e+00 1.512425e-01 -2.003940e+00 4.980618e+00 3.596399e+00 1.915734e+00 3.169427e+00 1.533805e+00 2.782659e+00 1.070862e+00 2.784752e-01 3.210095e+00 -1.781340e-02 8.292335e-02 2.227026e-01 4.866269e-01 5.799661e-01 4.941857e-01 2.277699e-01 -1.810001e-01 -4.851183e-01 -5.923497e-01 -6.477950e-01 -3.764420e-01 -4.210378e-06
<VARIANCE> 25
 1.097988e+01 1.149229e+01 1.200980e+01 1.351082e+01 1.405808e+01 1.769610e+01 1.741221e+01 1.798416e+01 1.710297e+01 1.548316e+01 2.304733e+01 1.463848e+01 1.116153e-01 1.974852e-01 3.073321e-01 4.872348e-01 4.567140e-01 5.942055e-01 8.371136e-01 1.138472e+00 1.108673e+00 8.539086e-01 9.012708e-01 8.934250e-01 9.774914e-07
<GCONST> 5.736164e+01
<MIXTURE> 98 9.917808e-03
<MEAN> 25
 -1.039856e+00 1.456993e+00 -3.911957e-01 4.253780e+00 3.655796e+00 2.567622e+00 2.933352e+00 1.456150e+00 1.761120e+00 1.211391e+00 2.248913e-01 1.363215e+00 -1.816688e+00 -1.622738e+00 -8.516740e-01 1.331173e-01 5.868010e-01 8.609250e-01 1.048539e+00 1.368361e+00 1.690535e+00 1.089366e+00 1.132862e+00 8.818397e-01 -3.143667e-02
<VARIANCE> 25
 1.541048e+01 2.056878e+01 3.002458e+01 3.026133e+01 3.976281e+01 3.486728e+01 2.992984e+01 2.681541e+01 2.515050e+01 2.805497e+01 2.737543e+01 2.222233e+01 1.328655e+00 1.594512e+00 2.367175e+00 2.216692e+00 2.703195e+00 2.730080e+00 3.085141e+00 2.564963e+00 2.460776e+00 2.763069e+00 3.070572e+00 2.029395e+00 2.329674e-03
<GCONST> 8.956988e+01
<MIXTURE> 99 6.696178e-03
<MEAN> 25
 -5.975062e+00 9.781516e+00 6.237245e+00 3.402615e+00 1.045786e+00 -4.833401e+00 -1.199296e+00 -4.028537e+00 -3.547113e+00 -3.561573e+00 -1.715987e+00 3.105915e-01 6.920981e-01 -6.845332e-01 2.818696e-01 -3.548194e-01 -1.112800e+00 -6.224695e-01 -3.337293e-01 -2.591029e-01 -1.327546e-01 -2.726552e-02 2.200146e-01 1.525271e-01 1.324872e-02
<VARIANCE> 25
 3.852660e+01 2.445963e+01 4.923489e+01 2.979749e+01 3.430740e+01 3.614962e+01 2.920299e+01 2.834039e+01 2.620730e+01 2.712670e+01 2.127144e+01 2.813520e+01 2.327868e+00 2.054345e+00 1.466538e+00 1.649689e+00 2.573757e+00 2.136206e+00 1.622282e+00 1.597417e+00 1.586436e+00 1.531926e+00 1.334442e+00 1.305938e+00 1.840231e-03
<GCONST> 8.713947e+01
<MIXTURE> 100 4.498084e-03
<MEAN> 25
 -1.598883e+00 6.344802e+00 1.027701e+01 -7.462717e+00 -1.078203e+01 -5.075305e+00 -4.941638e+00 -9.968804e+00 -4.718276e+00 -8.551927e-01 -2.733261e+00 -2.708246e+00 2.917885e+00 -1.260450e+00 1.299672e+00 -2.185930e+00 -3.419486e+00 -7.841328e-01 -1.218781e+00 -8.197848e-01 -1.475490e+00 3.466827e-01 -1.655581e+00 -2.862512e-01 2.015943e-03
<VARIANCE> 25
 1.362660e+01 2.105915e+01 2.246167e+01 2.642732e+01 2.301854e+01 2.372162e+01 2.911149e+01 2.170710e+01 2.748243e+01 2.265229e+01 2.241160e+01 2.134112e+01 1.799139e+00 3.953753e+00 2.919983e+00 4.286331e+00 4.184416e+00 4.537260e+00 4.015465e+00 4.340356e+00 4.167892e+00 3.896079e+00 3.910661e+00 3.225027e+00 1.674867e-03
<GCONST> 9.256877e+01
<MIXTURE> 101 6.007792e-03
<MEAN> 25
 8.102151e+00 -3.550888e+00 -6.163268e+00 -6.981606e+00 7.050081e-01 -9.897131e-01 -1.033490e+01 -2.038425e+00 1.472941e+00 2.652496e+00 -2.391224e+00 -5.033196e+00 6.514546e-01 6.289559e-01 -1.458888e+00 -1.601385e+00 1.022909e+00 2.292904e+00 2.052336e-01 -1.419940e+00 -1.017571e+00 1.046216e+00 1.391806e+00 -4.183206e-01 -4.416666e-03
<VARIANCE> 25
 9.050295e+00 1.647090e+01 3.010201e+01 4.256755e+01 3.617093e+01 3.757754e+01 3.820587e+01 3.550187e+01 3.789505e+01 4.307118e+01 5.066182e+01 2.459080e+01 3.070480e-01 6.749926e-01 1.143762e+00 1.525034e+00 1.673309e+00 2.060457e+00 2.034541e+00 2.001206e+00 2.363808e+00 2.204413e+00 1.804659e+00 1.898982e+00 3.436246e-04
<GCONST> 8.359022e+01
<MIXTURE> 102 6.007792e-03
<MEAN> 25
 8.102151e+00 -3.550888e+00 -6.163268e+00 -6.981606e+00 7.050081e-01 -9.897131e-01 -1.033490e+01 -2.038425e+00 1.472941e+00 2.652496e+00 -2.391224e+00 -5.033196e+00 6.514546e-01 6.289559e-01 -1.458888e+00 -1.601385e+00 1.022909e+00 2.292904e+00 2.052336e-01 -1.419940e+00 -1.017571e+00 1.046216e+00 1.391806e+00 -4.183206e-01 -4.416666e-03
<VARIANCE> 25
 9.050295e+00 1.647090e+01 3.010201e+01 4.256755e+01 3.617093e+01 3.757754e+01 3.820587e+01 3.550187e+01 3.789505e+01 4.307118e+01 5.066182e+01 2.459080e+01 3.070480e-01 6.749926e-01 1.143762e+00 1.525034e+00 1.673309e+00 2.060457e+00 2.034541e+00 2.001206e+00 2.363808e+00 2.204413e+00 1.804659e+00 1.898982e+00 3.436246e-04
<GCONST> 8.359022e+01
<MIXTURE> 103 5.694618e-03
<MEAN> 25
 3.365189e+00 -9.471130e+00 -6.128000e+00 -3.086746e+00 -1.332571e+00 -1.966786e+00 2.438077e+00 2.512799e+00 -4.609596e+00 -9.252865e+00 -5.062885e+00 3.629612e-01 -1.572059e-01 -1.488001e+00 -9.801775e-01 3.745879e-01 1.213463e+00 1.020501e+00 1.594147e-01 -2.662818e-01 -7.812436e-01 -9.471447e-01 -3.577921e-02 1.191958e-01 2.691722e-02
<VARIANCE> 25
 1.035784e+01 2.041477e+01 2.292032e+01 3.172491e+01 4.801083e+01 3.502031e+01 4.637897e+01 3.668075e+01 4.210482e+01 2.932459e+01 3.005845e+01 2.641143e+01 6.435995e-01 1.251858e+00 1.537514e+00 1.940128e+00 2.925408e+00 2.409644e+00 2.888431e+00 2.575751e+00 2.562210e+00 2.525051e+00 2.101410e+00 2.016355e+00 8.080869e-04
<GCONST> 8.757887e+01
<MIXTURE> 104 5.694618e-03
<MEAN> 25
 3.365189e+00 -9.471130e+00 -6.128000e+00 -3.086746e+00 -1.332571e+00 -1.966786e+00 2.438077e+00 2.512799e+00 -4.609596e+00 -9.252865e+00 -5.062885e+00 3.629612e-01 -1.572059e-01 -1.488001e+00 -9.801775e-01 3.745879e-01 1.213463e+00 1.020501e+00 1.594147e-01 -2.662818e-01 -7.812436e-01 -9.471447e-01 -3.577921e-02 1.191958e-01 2.691722e-02
<VARIANCE> 25
 1.035784e+01 2.041477e+01 2.292032e+01 3.172491e+01 4.801083e+01 3.502031e+01 4.637897e+01 3.668075e+01 4.210482e+01 2.932459e+01 3.005845e+01 2.641143e+01 6.435995e-01 1.251858e+00 1.537514e+00 1.940128e+00 2.925408e+00 2.409644e+00 2.888431e+00 2.575751e+00 2.562210e+00 2.525051e+00 2.101410e+00 2.016355e+00 8.080869e-04
<GCONST> 8.757887e+01
<MIXTURE> 105 4.710235e-03
<MEAN> 25
 2.107209e+00 -2.615638e+00 8.830641e+00 -2.603099e+00 -1.048923e+01 -6.357116e+00 -3.940806e+00 1.120911e-01 -4.137366e+00 -3.480652e+00 3.625977e+00 -1.720877e+00 3.715894e-02 -4.979793e-02 -1.101645e-02 -9.623286e-02 -7.285634e-02 2.609989e-02 6.686756e-02 2.490931e-01 -8.033297e-02 1.502785e-01 -1.414428e-01 1.658211e-02 -1.565466e-03
<VARIANCE> 25
 1.134564e+01 2.829110e+01 3.514022e+01 3.571037e+01 3.856049e+01 4.910696e+01 3.898262e+01 4.289626e+01 3.284745e+01 3.414721e+01 5.337440e+01 2.567635e+01 7.977041e-02 1.829296e-01 2.954710e-01 2.625263e-01 3.470920e-01 3.691645e-01 4.006715e-01 5.569589e-01 4.148890e-01 5.718890e-01 5.403377e-01 3.694427e-01 1.038477e-04
<GCONST> 6.550581e+01
<MIXTURE> 106 4.710235e-03
<MEAN> 25
 2.107209e+00 -2.615638e+00 8.830641e+00 -2.603099e+00 -1.048923e+01 -6.357116e+00 -3.940806e+00 1.120911e-01 -4.137366e+00 -3.480652e+00 3.625977e+00 -1.720877e+00 3.715894e-02 -4.979793e-02 -1.101645e-02 -9.623286e-02 -7.285634e-02 2.609989e-02 6.686756e-02 2.490931e-01 -8.033297e-02 1.502785e-01 -1.414428e-01 1.658211e-02 -1.565466e-03
<VARIANCE> 25
 1.134564e+01 2.829110e+01 3.514022e+01 3.571037e+01 3.856049e+01 4.910696e+01 3.898262e+01 4.289626e+01 3.284745e+01 3.414721e+01 5.337440e+01 2.567635e+01 7.977041e-02 1.829296e-01 2.954710e-01 2.625263e-01 3.470920e-01 3.691645e-01 4.006715e-01 5.569589e-01 4.148890e-01 5.718890e-01 5.403377e-01 3.694427e-01 1.038477e-04
<GCONST> 6.550581e+01
<MIXTURE> 107 5.452374e-03
<MEAN> 25
 8.536283e+00 -2.508273e+00 -7.797776e+00 -9.574903e+00 2.008912e+00 3.461428e+00 -8.019186e+00 -4.604337e+00 -9.394088e-01 3.657231e+00 1.152301e+00 -4.993775e+00 -6.056997e-01 -6.420629e-01 7.926748e-01 1.817793e+00 2.943762e-01 -2.002545e+00 -8.103763e-01 7.878001e-01 1.772155e+00 1.019790e-01 -1.716387e+00 -8.408473e-01 -5.241598e-03
<VARIANCE> 25
 8.921115e+00 2.118487e+01 2.699161e+01 4.132875e+01 3.329454e+01 3.927839e+01 5.195729e+01 3.379915e+01 4.251162e+01 3.956199e+01 4.946693e+01 3.046039e+01 3.435215e-01 1.102035e+00 1.412209e+00 2.295104e+00 2.201821e+00 2.626459e+00 2.609566e+00 2.430361e+00 2.140543e+00 2.854677e+00 1.925300e+00 2.057411e+00 8.492682e-04
<GCONST> 8.752018e+01
<MIXTURE> 108 5.452374e-03
<MEAN> 25
 8.536283e+00 -2.508273e+00 -7.797776e+00 -9.574903e+00 2.008912e+00 3.461428e+00 -8.019186e+00 -4.604337e+00 -9.394088e-01 3.657231e+00 1.152301e+00 -4.993775e+00 -6.056997e-01 -6.420629e-01 7.926748e-01 1.817793e+00 2.943762e-01 -2.002545e+00 -8.103763e-01 7.878001e-01 1.772155e+00 1.019790e-01 -1.716387e+00 -8.408473e-01 -5.241598e-03
<VARIANCE> 25
 8.921115e+00 2.118487e+01 2.699161e+01 4.132875e+01 3.329454e+01 3.927839e+01 5.195729e+01 3.379915e+01 4.251162e+01 3.956199e+01 4.946693e+01 3.046039e+01 3.435215e-01 1.102035e+00 1.412209e+00 2.295104e+00 2.201821e+00 2.626459e+00 2.609566e+00 2.430361e+00 2.140543e+00 2.854677e+00 1.925300e+00 2.057411e+00 8.492682e-04
<GCONST> 8.752018e+01
<MIXTURE> 109 6.661064e-03
<MEAN> 25
 4.084091e+00 -1.054659e+01 -8.297245e+00 -1.361823e+00 2.752136e+00 -4.853205e-02 -7.861421e-02 1.455818e+00 -2.565069e+00 -8.364923e+00 -5.374570e+00 5.082959e-02 -3.259053e-02 -1.317276e-01 -3.367706e-02 2.500424e-01 1.971070e-01 1.197279e-01 -1.243058e-01 -1.064151e-01 -4.029537e-02 -1.306708e-01 2.182507e-01 1.301781e-02 -3.525844e-03
<VARIANCE> 25
 9.078419e+00 1.820295e+01 2.006774e+01 3.143088e+01 4.076851e+01 3.675863e+01 4.664580e+01 3.434727e+01 4.605826e+01 3.529567e+01 2.964378e+01 2.831147e+01 1.931718e-01 4.226611e-01 5.386410e-01 6.348554e-01 1.232672e+00 9.950815e-01 1.257234e+00 1.093498e+00 1.115750e+00 9.516712e-01 8.771855e-01 8.854191e-01 1.818360e-04
<GCONST> 7.445787e+01
<MIXTURE> 110 6.661064e-03
<MEAN> 25
 4.084091e+00 -1.054659e+01 -8.297245e+00 -1.361823e+00 2.752136e+00 -4.853205e-02 -7.861421e-02 1.455818e+00 -2.565069e+00 -8.364923e+00 -5.374570e+00 5.082959e-02 -3.259053e-02 -1.317276e-01 -3.367706e-02 2.500424e-01 1.971070e-01 1.197279e-01 -1.243058e-01 -1.064151e-01 -4.029537e-02 -1.306708e-01 2.182507e-01 1.301781e-02 -3.525844e-03
<VARIANCE> 25
 9.078419e+00 1.820295e+01 2.006774e+01 3.143088e+01 4.076851e+01 3.675863e+01 4.664580e+01 3.434727e+01 4.605826e+01 3.529567e+01 2.964378e+01 2.831147e+01 1.931718e-01 4.226611e-01 5.386410e-01 6.348554e-01 1.232672e+00 9.950815e-01 1.257234e+00 1.093498e+00 1.115750e+00 9.516712e-01 8.771855e-01 8.854191e-01 1.818360e-04
<GCONST> 7.445787e+01
<MIXTURE> 111 4.337247e-03
<MEAN> 25
 -4.077424e+00 2.856149e-02 -1.326568e+00 1.777095e+00 9.881837e-01 1.285730e+00 5.543340e-01 -1.415138e-01 4.248059e-01 -4.717201e-01 -1.885817e+00 2.304199e+00 -2.767655e-02 -3.442328e-02 -1.444379e-01 -1.345922e-01 -6.816426e-02 -8.846049e-03 -1.125144e-03 -1.014421e-01 -1.443156e-01 -2.073531e-01 -1.408628e-01 -4.050918e-02 -9.092787e-04
<VARIANCE> 25
 6.802891e+00 8.596455e+00 1.035682e+01 8.497120e+00 1.225555e+01 2.145475e+01 1.350702e+01 1.318157e+01 1.121873e+01 1.078916e+01 1.934963e+01 1.151402e+01 7.886881e-02 1.649239e-01 3.005866e-01 4.173211e-01 5.199704e-01 6.197179e-01 7.457357e-01 7.724520e-01 8.471889e-01 7.967152e-01 9.059870e-01 7.730809e-01 2.218377e-05
<GCONST> 5.588177e+01
<MIXTURE> 112 4.337247e-03
<MEAN> 25
 -4.077424e+00 2.856149e-02 -1.326568e+00 1.777095e+00 9.881837e-01 1.285730e+00 5.543340e-01 -1.415138e-01 4.248059e-01 -4.717201e-01 -1.885817e+00 2.304199e+00 -2.767655e-02 -3.442328e-02 -1.444379e-01 -1.345922e-01 -6.816426e-02 -8.846049e-03 -1.125144e-03 -1.014421e-01 -1.443156e-01 -2.073531e-01 -1.408628e-01 -4.050918e-02 -9.092787e-04
<VARIANCE> 25
 6.802891e+00 8.596455e+00 1.035682e+01 8.497120e+00 1.225555e+01 2.145475e+01 1.350702e+01 1.318157e+01 1.121873e+01 1.078916e+01 1.934963e+01 1.151402e+01 7.886881e-02 1.649239e-01 3.005866e-01 4.173211e-01 5.199704e-01 6.197179e-01 7.457357e-01 7.724520e-01 8.471889e-01 7.967152e-01 9.059870e-01 7.730809e-01 2.218377e-05
<GCONST> 5.588177e+01
<MIXTURE> 113 5.938666e-03
<MEAN> 25
 9.962898e+00 1.647732e+00 -8.614679e+00 -1.693503e+01 -1.105690e+00 5.706517e+00 -5.235866e+00 -1.458926e+00 -5.698658e+00 -5.150728e-01 2.183789e-01 -1.728965e-01 4.210438e-03 1.437062e-02 -8.208678e-02 -1.419642e-01 1.060868e-01 1.691895e-01 7.073285e-02 5.132960e-02 -4.721675e-02 -3.161504e-02 1.943089e-01 3.699535e-02 -1.218322e-03
<VARIANCE> 25
 8.732501e+00 1.673927e+01 3.071995e+01 3.432056e+01 5.211792e+01 3.343773e+01 3.915734e+01 3.852459e+01 3.672781e+01 4.570588e+01 3.648729e+01 2.801749e+01 1.207995e-01 3.159247e-01 3.412263e-01 6.710004e-01 6.107326e-01 6.630512e-01 7.759420e-01 8.619766e-01 9.531269e-01 9.269482e-01 7.431149e-01 7.062836e-01 1.247398e-04
<GCONST> 7.122595e+01
<MIXTURE> 114 5.938666e-03
<MEAN> 25
 9.962898e+00 1.647732e+00 -8.614679e+00 -1.693503e+01 -1.105690e+00 5.706517e+00 -5.235866e+00 -1.458926e+00 -5.698658e+00 -5.150728e-01 2.183789e-01 -1.728965e-01 4.210438e-03 1.437062e-02 -8.208678e-02 -1.419642e-01 1.060868e-01 1.691895e-01 7.073285e-02 5.132960e-02 -4.721675e-02 -3.161504e-02 1.943089e-01 3.699535e-02 -1.218322e-03
<VARIANCE> 25
 8.732501e+00 1.673927e+01 3.071995e+01 3.432056e+01 5.211792e+01 3.343773e+01 3.915734e+01 3.852459e+01 3.672781e+01 4.570588e+01 3.648729e+01 2.801749e+01 1.207995e-01 3.159247e-01 3.412263e-01 6.710004e-01 6.107326e-01 6.630512e-01 7.759420e-01 8.619766e-01 9.531269e-01 9.269482e-01 7.431149e-01 7.062836e-01 1.247398e-04
<GCONST> 7.122595e+01
<MIXTURE> 115 2.935202e-03
<MEAN> 25
 -4.017838e+00 -7.003497e-01 -3.068955e+00 3.663863e+00 2.419784e+00 -3.807356e-01 2.244695e+00 4.130598e-01 1.399882e+00 -2.195670e-02 -2.652690e-02 2.712800e+00 3.140865e-02 -7.051078e-02 -2.305694e-01 -4.385546e-01 -6.296665e-01 -6.651418e-01 -5.901242e-01 -5.126125e-01 -4.879974e-01 -4.497536e-01 -3.383881e-01 -1.668833e-01 -1.102240e-05
<VARIANCE> 25
 9.229635e+00 1.011456e+01 1.361059e+01 1.267869e+01 1.342646e+01 1.767704e+01 1.706181e+01 2.069821e+01 1.783414e+01 1.709779e+01 1.957644e+01 1.468732e+01 2.021995e-01 3.432683e-01 4.816258e-01 5.619956e-01 6.388301e-01 7.979403e-01 1.002400e+00 1.136590e+00 1.096007e+00 9.957056e-01 1.024298e+00 1.066394e+00 1.019066e-06
<GCONST> 6.021288e+01
<MIXTURE> 116 2.935202e-03
<MEAN> 25
 -4.017838e+00 -7.003497e-01 -3.068955e+00 3.663863e+00 2.419784e+00 -3.807356e-01 2.244695e+00 4.130598e-01 1.399882e+00 -2.195670e-02 -2.652690e-02 2.712800e+00 3.140865e-02 -7.051078e-02 -2.305694e-01 -4.385546e-01 -6.296665e-01 -6.651418e-01 -5.901242e-01 -5.126125e-01 -4.879974e-01 -4.497536e-01 -3.383881e-01 -1.668833e-01 -1.102240e-05
<VARIANCE> 25
 9.229635e+00 1.011456e+01 1.361059e+01 1.267869e+01 1.342646e+01 1.767704e+01 1.706181e+01 2.069821e+01 1.783414e+01 1.709779e+01 1.957644e+01 1.468732e+01 2.021995e-01 3.432683e-01 4.816258e-01 5.619956e-01 6.388301e-01 7.979403e-01 1.002400e+00 1.136590e+00 1.096007e+00 9.957056e-01 1.024298e+00 1.066394e+00 1.019066e-06
<GCONST> 6.021288e+01
<MIXTURE> 117 6.506003e-03
<MEAN> 25
 -4.643913e+00 1.122163e+00 1.055791e+00 9.755852e+00 6.258027e+00 6.256135e+00 6.459883e+00 5.039515e+00 6.380371e+00 4.923753e+00 6.352750e+00 2.712901e+00 -7.491442e-02 -2.337712e-01 -3.583276e-01 -4.202368e-01 -3.670247e-01 -3.020461e-01 -2.873277e-01 -3.328132e-01 -3.936188e-01 -3.688368e-01 -2.624859e-01 -1.171430e-01 -8.947581e-06
<VARIANCE> 25
 7.181057e+00 8.762613e+00 9.801540e+00 1.430140e+01 1.560908e+01 1.533368e+01 1.773332e+01 1.796731e+01 1.641384e+01 1.638423e+01 1.692700e+01 1.475771e+01 2.164146e-01 3.073241e-01 4.256971e-01 6.166968e-01 8.543838e-01 1.055282e+00 1.176467e+00 1.236247e+00 1.229966e+00 1.193991e+00 1.166419e+00 1.114101e+00 1.001383e-06
<GCONST> 6.044416e+01
<MIXTURE> 118 6.506003e-03
<MEAN> 25
 -4.643913e+00 1.122163e+00 1.055791e+00 9.755852e+00 6.258027e+00 6.256135e+00 6.459883e+00 5.039515e+00 6.380371e+00 4.923753e+00 6.352750e+00 2.712901e+00 -7.491442e-02 -2.337712e-01 -3.583276e-01 -4.202368e-01 -3.670247e-01 -3.020461e-01 -2.873277e-01 -3.328132e-01 -3.936188e-01 -3.688368e-01 -2.624859e-01 -1.171430e-01 -8.947581e-06
<VARIANCE> 25
 7.181057e+00 8.762613e+00 9.801540e+00 1.430140e+01 1.560908e+01 1.533368e+01 1.773332e+01 1.796731e+01 1.641384e+01 1.638423e+01 1.692700e+01 1.475771e+01 2.164146e-01 3.073241e-01 4.256971e-01 6.166968e-01 8.543838e-01 1.055282e+00 1.176467e+00 1.236247e+00 1.229966e+00 1.193991e+00 1.166419e+00 1.114101e+00 1.001383e-06
<GCONST> 6.044416e+01
<MIXTURE> 119 4.297961e-03
<MEAN> 25
 -4.981058e+00 -7.655456e+00 2.241933e+00 2.074630e+00 2.244342e+00 1.867950e-01 5.254468e+00 5.935924e+00 1.168391e+00 9.186616e-01 6.587338e+00 1.582700e+00 -4.805832e-02 -7.458287e-02 3.873559e-02 -5.527247e-02 -1.303103e-01 -1.776413e-01 -7.224073e-02 -1.492854e-02 -9.078095e-02 -1.089411e-01 -5.450594e-02 -5.307312e-02 1.028955e-03
<VARIANCE> 25
 8.478598e+00 9.847896e+00 1.649593e+01 2.072977e+01 2.277912e+01 2.317651e+01 2.494320e+01 2.636091e+01 2.491724e+01 2.836933e+01 2.043460e+01 2.034057e+01 1.603036e-01 2.884430e-01 4.580180e-01 6.323370e-01 8.023639e-01 1.001407e+00 1.096111e+00 1.271732e+00 1.279251e+00 1.242447e+00 1.187270e+00 1.111473e+00 2.335123e-04
<GCONST> 6.973325e+01
<MIXTURE> 120 4.297961e-03
<MEAN> 25
 -4.981058e+00 -7.655456e+00 2.241933e+00 2.074630e+00 2.244342e+00 1.867950e-01 5.254468e+00 5.935924e+00 1.168391e+00 9.186616e-01 6.587338e+00 1.582700e+00 -4.805832e-02 -7.458287e-02 3.873559e-02 -5.527247e-02 -1.303103e-01 -1.776413e-01 -7.224073e-02 -1.492854e-02 -9.078095e-02 -1.089411e-01 -5.450594e-02 -5.307312e-02 1.028955e-03
<VARIANCE> 25
 8.478598e+00 9.847896e+00 1.649593e+01 2.072977e+01 2.277912e+01 2.317651e+01 2.494320e+01 2.636091e+01 2.491724e+01 2.836933e+01 2.043460e+01 2.034057e+01 1.603036e-01 2.884430e-01 4.580180e-01 6.323370e-01 8.023639e-01 1.001407e+00 1.096111e+00 1.271732e+00 1.279251e+00 1.242447e+00 1.187270e+00 1.111473e+00 2.335123e-04
<GCONST> 6.973325e+01
<MIXTURE> 121 4.567511e-03
<MEAN> 25
 2.116522e-01 -2.525274e+00 5.152161e+00 -1.289983e+01 -1.264308e+01 -1.661311e+00 9.964186e-01 -5.108119e+00 -4.200529e+00 -4.906289e-01 -5.507195e+00 -4.311000e+00 2.430257e-02 1.326662e-01 -4.198357e-02 7.856628e-02 1.580994e-01 7.874111e-02 -7.914731e-02 -1.822567e-01 -2.681831e-01 -2.580401e-01 -1.147747e-01 1.202769e-03 -7.426153e-03
<VARIANCE> 25
 7.763227e+00 1.560491e+01 1.726961e+01 2.037186e+01 2.442376e+01 2.926536e+01 2.953628e+01 2.457061e+01 3.527204e+01 2.832516e+01 1.973928e+01 2.118148e+01 1.550429e-01 6.429657e-01 6.232177e-01 7.066357e-01 7.706909e-01 1.149558e+00 1.117709e+00 1.122242e+00 1.217056e+00 1.193144e+00 9.416896e-01 8.716271e-01 2.108356e-04
<GCONST> 7.139954e+01
<MIXTURE> 122 4.567511e-03
<MEAN> 25
 2.116522e-01 -2.525274e+00 5.152161e+00 -1.289983e+01 -1.264308e+01 -1.661311e+00 9.964186e-01 -5.108119e+00 -4.200529e+00 -4.906289e-01 -5.507195e+00 -4.311000e+00 2.430257e-02 1.326662e-01 -4.198357e-02 7.856628e-02 1.580994e-01 7.874111e-02 -7.914731e-02 -1.822567e-01 -2.681831e-01 -2.580401e-01 -1.147747e-01 1.202769e-03 -7.426153e-03
<VARIANCE> 25
 7.763227e+00 1.560491e+01 1.726961e+01 2.037186e+01 2.442376e+01 2.926536e+01 2.953628e+01 2.457061e+01 3.527204e+01 2.832516e+01 1.973928e+01 2.118148e+01 1.550429e-01 6.429657e-01 6.232177e-01 7.066357e-01 7.706909e-01 1.149558e+00 1.117709e+00 1.122242e+00 1.217056e+00 1.193144e+00 9.416896e-01 8.716271e-01 2.108356e-04
<GCONST> 7.139954e+01
<MIXTURE> 123 4.393044e-03
<MEAN> 25
 -3.488108e+00 2.680480e+00 -2.676841e-03 4.978794e+00 4.351425e+00 3.638079e+00 2.864681e+00 -5.679947e-01 1.882518e+00 -1.533100e-02 -4.072881e+00 1.968303e+00 -4.508950e-01 -6.425801e-01 -8.647870e-01 -7.376229e-01 -1.796015e-01 -2.085869e-02 3.168670e-01 3.873962e-01 5.630110e-01 5.969335e-01 6.519220e-01 3.169780e-01 -3.640370e-03
<VARIANCE> 25
 7.520880e+00 9.078598e+00 1.061410e+01 1.271800e+01 1.481358e+01 2.095044e+01 2.167753e+01 1.493846e+01 1.502143e+01 1.264088e+01 3.117073e+01 1.435137e+01 2.731315e-01 2.484352e-01 3.839662e-01 5.339306e-01 9.179550e-01 1.066259e+00 1.410522e+00 8.218759e-01 1.086312e+00 9.230024e-01 9.530104e-01 9.325209e-01 8.980642e-05
<GCONST> 6.436150e+01
<MIXTURE> 124 4.069876e-03
<MEAN> 25
 -6.321610e+00 -7.958007e-01 -2.787468e+00 4.885911e+00 4.993398e+00 3.512010e+00 5.227856e+00 2.409742e+00 3.410328e+00 1.327056e+00 4.350160e-01 3.099898e+00 -1.979167e-01 -3.140832e-01 -3.449328e-01 -2.267504e-01 1.696866e-01 5.006041e-01 8.036212e-01 8.390912e-01 6.526107e-01 2.994782e-01 1.060064e-01 -9.377756e-04 7.584992e-05
<VARIANCE> 25
 1.105641e+01 8.701734e+00 1.079150e+01 1.233345e+01 1.217785e+01 1.921138e+01 1.508429e+01 1.671834e+01 1.551597e+01 1.533827e+01 2.469772e+01 1.365968e+01 1.093133e-01 1.641872e-01 2.728917e-01 4.058480e-01 5.929881e-01 6.808707e-01 7.851424e-01 7.716444e-01 8.783346e-01 9.543219e-01 9.689680e-01 9.426975e-01 1.879033e-05
<GCONST> 5.890516e+01
<MIXTURE> 125 4.069876e-03
<MEAN> 25
 -6.321610e+00 -7.958007e-01 -2.787468e+00 4.885911e+00 4.993398e+00 3.512010e+00 5.227856e+00 2.409742e+00 3.410328e+00 1.327056e+00 4.350160e-01 3.099898e+00 -1.979167e-01 -3.140832e-01 -3.449328e-01 -2.267504e-01 1.696866e-01 5.006041e-01 8.036212e-01 8.390912e-01 6.526107e-01 2.994782e-01 1.060064e-01 -9.377756e-04 7.584992e-05
<VARIANCE> 25
 1.105641e+01 8.701734e+00 1.079150e+01 1.233345e+01 1.217785e+01 1.921138e+01 1.508429e+01 1.671834e+01 1.551597e+01 1.533827e+01 2.469772e+01 1.365968e+01 1.093133e-01 1.641872e-01 2.728917e-01 4.058480e-01 5.929881e-01 6.808707e-01 7.851424e-01 7.716444e-01 8.783346e-01 9.543219e-01 9.689680e-01 9.426975e-01 1.879033e-05
<GCONST> 5.890516e+01
<MIXTURE> 126 2.402244e-03
<MEAN> 25
 -3.790542e+00 -6.933810e+00 -5.271466e+00 2.328447e+00 4.273050e+00 -3.238142e+00 7.158604e-02 3.551879e+00 3.340263e+00 -2.698842e+00 -1.431874e+00 3.058256e+00 -2.041770e-03 -5.849277e-03 -3.598421e-02 -1.583233e-01 -3.187426e-01 -3.884214e-01 -2.740459e-01 -1.576136e-01 -1.127829e-01 -1.147020e-01 -9.792834e-02 -2.960692e-02 -1.493522e-03
<VARIANCE> 25
 7.427648e+00 1.271542e+01 1.390506e+01 1.519495e+01 2.464784e+01 2.368381e+01 2.271523e+01 2.838888e+01 3.124681e+01 2.624011e+01 2.179753e+01 1.916800e+01 1.705589e-01 3.523773e-01 4.829401e-01 5.666244e-01 7.535340e-01 9.950838e-01 1.121116e+00 1.260774e+00 1.327984e+00 1.310341e+00 1.212801e+00 1.146548e+00 2.108601e-04
<GCONST> 6.980074e+01
<MIXTURE> 127 2.402244e-03
<MEAN> 25
 -3.790542e+00 -6.933810e+00 -5.271466e+00 2.328447e+00 4.273050e+00 -3.238142e+00 7.158604e-02 3.551879e+00 3.340263e+00 -2.698842e+00 -1.431874e+00 3.058256e+00 -2.041770e-03 -5.849277e-03 -3.598421e-02 -1.583233e-01 -3.187426e-01 -3.884214e-01 -2.740459e-01 -1.576136e-01 -1.127829e-01 -1.147020e-01 -9.792834e-02 -2.960692e-02 -1.493522e-03
<VARIANCE> 25
 7.427648e+00 1.271542e+01 1.390506e+01 1.519495e+01 2.464784e+01 2.368381e+01 2.271523e+01 2.838888e+01 3.124681e+01 2.624011e+01 2.179753e+01 1.916800e+01 1.705589e-01 3.523773e-01 4.829401e-01 5.666244e-01 7.535340e-01 9.950838e-01 1.121116e+00 1.260774e+00 1.327984e+00 1.310341e+00 1.212801e+00 1.146548e+00 2.108601e-04
<GCONST> 6.980074e+01
<MIXTURE> 128 3.790457e-03
<MEAN> 25
 -3.942157e+00 1.595394e+00 -3.124444e-01 6.575649e+00 3.607202e+00 1.910772e+00 3.532560e+00 2.325518e+00 3.940537e+00 3.658829e+00 3.615360e+00 3.586705e+00 -3.881609e-01 -1.916062e-01 9.374624e-02 7.136102e-01 1.181310e+00 1.130228e+00 7.001073e-01 9.386207e-02 -4.765132e-01 -7.831264e-01 -6.885223e-01 -4.077090e-01 -2.253634e-05
<VARIANCE> 25
 1.009946e+01 1.170222e+01 1.481487e+01 1.909235e+01 1.975855e+01 2.104343e+01 2.406358e+01 2.442236e+01 2.609440e+01 2.362876e+01 2.788458e+01 1.818586e+01 8.826972e-01 1.130697e+00 1.348327e+00 1.502743e+00 1.556703e+00 1.837027e+00 2.239241e+00 2.404505e+00 2.250672e+00 1.836504e+00 1.736883e+00 1.737963e+00 1.009303e-06
<GCONST> 7.357944e+01
<TRANSP> 3
 0.000000e+00 1.000000e+00 0.000000e+00
 0.000000e+00 9.999990e-01 9.999998e-07
 0.000000e+00 0.000000e+00 0.000000e+00
<ENDHMM>
