~o
<STREAMINFO> 1 25
<VECSIZE> 25<NULLD><MFCC_E_D_N><DIAGC>
~h "jmodel"
<BEGINHMM>
<NUMSTATES> 3
<STATE> 2
<NUMMIXES> 128
<MIXTURE> 1 5.748963e-03
<MEAN> 25
 -2.583778e+00 3.181344e+00 2.312315e+00 8.753905e+00 4.371086e+00 3.448904e+00 4.061109e+00 3.933893e+00 5.832128e+00 5.253295e+00 5.883397e+00 3.080343e+00 -2.004073e+00 -1.634529e+00 -8.642089e-01 1.076025e+00 1.560773e+00 2.232426e+00 2.154409e+00 2.084386e+00 1.693359e+00 1.269735e+00 1.567005e+00 6.130174e-01 -4.692597e-02
<VARIANCE> 25
 1.006235e+01 1.175852e+01 1.494152e+01 1.868632e+01 2.319313e+01 2.215009e+01 2.190238e+01 2.198285e+01 2.100181e+01 2.253510e+01 2.095474e+01 1.708128e+01 1.790561e+00 2.111789e+00 3.025709e+00 3.209223e+00 3.738944e+00 3.356150e+00 3.318329e+00 3.381773e+00 3.521090e+00 3.726597e+00 3.516621e+00 2.834198e+00 3.121212e-03
<GCONST> 8.846552e+01
<MIXTURE> 2 4.549242e-03
<MEAN> 25
 -4.873507e+00 1.313666e+00 9.962904e-01 9.896354e+00 6.689233e+00 7.424359e+00 7.843940e+00 6.951997e+00 8.368255e+00 6.366437e+00 7.614947e+00 3.075333e+00 -6.188677e-02 4.190888e-02 1.424262e-01 2.256174e-01 2.649555e-01 2.820443e-01 2.957412e-01 3.202271e-01 3.511364e-01 3.104950e-01 1.960073e-01 7.907833e-02 1.487309e-06
<VARIANCE> 25
 6.951175e+00 8.899372e+00 1.064679e+01 1.591433e+01 1.723192e+01 1.555151e+01 1.689643e+01 1.850981e+01 1.660344e+01 1.743608e+01 1.819512e+01 1.432747e+01 1.251847e-01 2.265460e-01 3.362328e-01 4.668032e-01 6.489885e-01 8.150830e-01 9.293361e-01 1.002805e+00 1.053611e+00 1.079886e+00 1.076735e+00 1.015184e+00 1.000187e-06
<GCONST> 5.805300e+01
<MIXTURE> 3 4.549242e-03
<MEAN> 25
 -4.873507e+00 1.313666e+00 9.962904e-01 9.896354e+00 6.689233e+00 7.424359e+00 7.843940e+00 6.951997e+00 8.368255e+00 6.366437e+00 7.614947e+00 3.075333e+00 -6.188677e-02 4.190888e-02 1.424262e-01 2.256174e-01 2.649555e-01 2.820443e-01 2.957412e-01 3.202271e-01 3.511364e-01 3.104950e-01 1.960073e-01 7.907833e-02 1.487309e-06
<VARIANCE> 25
 6.951175e+00 8.899372e+00 1.064679e+01 1.591433e+01 1.723192e+01 1.555151e+01 1.689643e+01 1.850981e+01 1.660344e+01 1.743608e+01 1.819512e+01 1.432747e+01 1.251847e-01 2.265460e-01 3.362328e-01 4.668032e-01 6.489885e-01 8.150830e-01 9.293361e-01 1.002805e+00 1.053611e+00 1.079886e+00 1.076735e+00 1.015184e+00 1.000187e-06
<GCONST> 5.805300e+01
<MIXTURE> 4 1.671429e-02
<MEAN> 25
 3.467601e+00 2.612218e+00 -3.805814e+00 7.795577e-01 4.202629e+00 -1.384966e-01 3.889203e-02 -4.626397e-02 1.464797e+00 1.215435e+00 -1.903111e+00 1.058812e-01 -2.736664e+00 1.183382e+00 1.759625e+00 3.044441e+00 9.104235e-01 4.830747e-01 1.503593e+00 9.894379e-01 9.758031e-01 4.053531e-01 1.150819e+00 9.388944e-01 -1.030568e-01
<VARIANCE> 25
 2.065773e+01 2.929314e+01 2.873738e+01 3.961575e+01 4.501643e+01 6.730886e+01 6.372955e+01 5.242557e+01 5.640087e+01 6.152275e+01 4.943963e+01 3.512062e+01 2.338606e+00 4.965118e+00 3.648027e+00 4.890316e+00 4.990261e+00 6.237182e+00 5.966414e+00 5.560786e+00 5.843713e+00 6.283000e+00 6.300301e+00 4.430987e+00 5.982943e-03
<GCONST> 1.052185e+02
<MIXTURE> 5 3.206198e-03
<MEAN> 25
 -3.414919e+00 2.186774e+00 6.193190e-01 9.423597e+00 6.688243e+00 6.321201e+00 7.103043e+00 4.710827e+00 5.485984e+00 3.828415e+00 4.637051e+00 2.609837e+00 -3.233066e-01 7.521339e-01 1.221957e+00 1.029849e+00 3.065074e-01 -9.584741e-02 -8.097564e-02 3.648344e-02 4.634098e-01 6.884910e-01 3.984243e-01 8.323166e-02 -2.814142e-05
<VARIANCE> 25
 1.022414e+01 1.391546e+01 2.345041e+01 2.555668e+01 2.019400e+01 1.938151e+01 2.009051e+01 2.036075e+01 2.139676e+01 2.136584e+01 2.420009e+01 1.631890e+01 1.207417e+00 1.241169e+00 1.356407e+00 1.671792e+00 2.279041e+00 2.376605e+00 2.298085e+00 2.272207e+00 2.319725e+00 2.240178e+00 2.090659e+00 1.877175e+00 9.973126e-07
<GCONST> 7.515031e+01
<MIXTURE> 6 5.475854e-03
<MEAN> 25
 9.653854e+00 -3.308142e-01 -6.607482e+00 -1.119324e+01 -2.187179e+00 6.753448e+00 -5.986366e+00 -5.243415e+00 -3.889421e+00 1.666162e+00 4.978615e+00 -1.443202e+00 4.898716e-01 8.975913e-01 -3.458924e-01 -1.434029e+00 -6.246710e-01 1.289999e+00 1.508153e+00 2.565569e-01 -1.195830e+00 -1.202473e+00 2.850162e-01 1.240253e+00 -8.296972e-03
<VARIANCE> 25
 8.953689e+00 1.719094e+01 2.392144e+01 3.966409e+01 3.640453e+01 3.015097e+01 4.375386e+01 3.755794e+01 4.301704e+01 4.026655e+01 4.756433e+01 2.991371e+01 3.074709e-01 8.445817e-01 9.468502e-01 2.036255e+00 1.631343e+00 2.017561e+00 1.937657e+00 2.019871e+00 2.385581e+00 1.980410e+00 2.332815e+00 1.441636e+00 6.122497e-04
<GCONST> 8.419273e+01
<MIXTURE> 7 5.475854e-03
<MEAN> 25
 9.653854e+00 -3.308142e-01 -6.607482e+00 -1.119324e+01 -2.187179e+00 6.753448e+00 -5.986366e+00 -5.243415e+00 -3.889421e+00 1.666162e+00 4.978615e+00 -1.443202e+00 4.898716e-01 8.975913e-01 -3.458924e-01 -1.434029e+00 -6.246710e-01 1.289999e+00 1.508153e+00 2.565569e-01 -1.195830e+00 -1.202473e+00 2.850162e-01 1.240253e+00 -8.296972e-03
<VARIANCE> 25
 8.953689e+00 1.719094e+01 2.392144e+01 3.966409e+01 3.640453e+01 3.015097e+01 4.375386e+01 3.755794e+01 4.301704e+01 4.026655e+01 4.756433e+01 2.991371e+01 3.074709e-01 8.445817e-01 9.468502e-01 2.036255e+00 1.631343e+00 2.017561e+00 1.937657e+00 2.019871e+00 2.385581e+00 1.980410e+00 2.332815e+00 1.441636e+00 6.122497e-04
<GCONST> 8.419273e+01
<MIXTURE> 8 1.165917e-02
<MEAN> 25
 -4.717453e+00 1.376273e+00 1.301769e+00 9.462801e+00 6.536740e+00 6.233513e+00 6.446290e+00 5.642719e+00 6.600283e+00 5.561324e+00 6.434318e+00 3.128973e+00 -6.079383e-01 -1.425725e+00 -1.079215e+00 -1.729676e+00 -2.453342e-01 -9.415852e-01 -2.017461e-01 -2.864903e-01 -2.712559e-01 -2.001133e-01 -1.496166e-01 9.172939e-02 9.863573e-02
<VARIANCE> 25
 9.255532e+00 9.793182e+00 1.152541e+01 1.644963e+01 1.652004e+01 1.555694e+01 1.799701e+01 1.742677e+01 1.717377e+01 1.755056e+01 1.992090e+01 1.396039e+01 2.763236e+00 2.789804e+00 3.871547e+00 3.729770e+00 3.426303e+00 3.278081e+00 3.127259e+00 3.046141e+00 2.877453e+00 2.699048e+00 2.693898e+00 1.923886e+00 6.602797e-03
<GCONST> 8.639248e+01
<MIXTURE> 9 1.199672e-02
<MEAN> 25
 8.292242e+00 3.127162e+00 -6.359549e+00 -1.116200e+01 -1.727097e+00 5.700615e+00 -3.246529e+00 -2.573947e+00 -7.394320e+00 -7.601857e-01 4.443896e+00 -2.241820e+00 1.465118e+00 7.232657e-02 -1.967518e-01 -2.819795e+00 -1.833706e+00 6.081389e-01 -1.289476e+00 -3.458510e-01 -5.374079e-01 -8.715643e-01 1.328226e+00 -6.532573e-01 8.100000e-02
<VARIANCE> 25
 1.288810e+01 1.876252e+01 3.102454e+01 4.393296e+01 4.364713e+01 2.898691e+01 3.900604e+01 4.154588e+01 4.808036e+01 3.545857e+01 7.693202e+01 4.311652e+01 1.783008e+00 2.167469e+00 5.049230e+00 4.087832e+00 4.130194e+00 3.591362e+00 3.845574e+00 5.157994e+00 5.105648e+00 3.965457e+00 5.291762e+00 3.261945e+00 2.217277e-03
<GCONST> 9.854253e+01
<MIXTURE> 10 6.596976e-03
<MEAN> 25
 8.207688e-01 7.633805e+00 5.375770e+00 7.148825e+00 1.587353e+00 -2.114696e+00 -5.180814e-01 -1.685472e+00 8.742435e-01 8.599187e-01 8.388499e-01 6.576724e-01 -1.924663e+00 -6.732330e-01 -4.586672e-01 3.028071e+00 2.463093e+00 2.710401e+00 2.373855e+00 2.277552e+00 1.861629e+00 1.545183e+00 2.335387e+00 5.248015e-01 -1.381391e-01
<VARIANCE> 25
 1.954168e+01 2.068873e+01 2.230323e+01 2.905987e+01 3.831183e+01 3.494205e+01 3.514343e+01 3.383902e+01 2.761119e+01 2.904755e+01 2.695744e+01 2.501367e+01 2.235767e+00 3.426070e+00 5.535339e+00 5.169418e+00 5.552348e+00 4.469313e+00 4.699495e+00 4.844707e+00 4.388278e+00 5.020844e+00 4.445180e+00 3.191031e+00 2.696789e-03
<GCONST> 9.746021e+01
<MIXTURE> 11 1.633820e-02
<MEAN> 25
 7.672227e+00 3.399396e+00 3.587391e+00 5.047823e+00 -3.196881e+00 -1.441470e+00 -2.332307e+00 -7.211180e+00 -2.641754e+00 6.398721e-01 -3.098830e+00 -9.537705e-01 -3.190407e-01 6.039506e-01 2.918626e-01 2.368567e-01 3.869931e-01 1.547338e-01 1.084753e-01 -3.360154e-01 -9.856853e-02 -1.513068e-01 -5.969680e-02 2.143198e-01 -1.974702e-02
<VARIANCE> 25
 9.775465e+00 2.511611e+01 1.826427e+01 3.033797e+01 3.337801e+01 3.624298e+01 4.004343e+01 4.904964e+01 3.990691e+01 3.155592e+01 3.131413e+01 2.964944e+01 8.626816e-01 1.118470e+00 1.671761e+00 1.943189e+00 1.838141e+00 2.989316e+00 1.872827e+00 3.160080e+00 1.939280e+00 1.732881e+00 1.816878e+00 1.528073e+00 8.425019e-04
<GCONST> 8.619881e+01
<MIXTURE> 12 5.904134e-03
<MEAN> 25
 1.056204e+01 3.784621e+00 -4.386102e+00 -1.621005e+01 -8.613083e+00 8.650763e+00 -1.228927e+00 -1.944031e+00 -2.318156e+00 -5.026640e+00 2.782196e+00 2.064220e-01 9.700071e-02 3.036198e-01 9.682213e-02 -3.705512e-01 -3.505346e-01 1.118134e-02 2.674393e-01 4.603988e-01 1.309600e-01 -4.280134e-01 -3.921162e-01 9.718614e-02 -5.011476e-03
<VARIANCE> 25
 9.448289e+00 2.017663e+01 2.270091e+01 3.464685e+01 4.048817e+01 2.969184e+01 4.255611e+01 4.698072e+01 5.018386e+01 3.629422e+01 5.917372e+01 3.356949e+01 2.558434e-01 6.626114e-01 6.657246e-01 1.124676e+00 1.179485e+00 1.018476e+00 1.156287e+00 1.332823e+00 1.191946e+00 1.217901e+00 1.177332e+00 9.610738e-01 5.967544e-04
<GCONST> 7.928282e+01
<MIXTURE> 13 5.904134e-03
<MEAN> 25
 1.056204e+01 3.784621e+00 -4.386102e+00 -1.621005e+01 -8.613083e+00 8.650763e+00 -1.228927e+00 -1.944031e+00 -2.318156e+00 -5.026640e+00 2.782196e+00 2.064220e-01 9.700071e-02 3.036198e-01 9.682213e-02 -3.705512e-01 -3.505346e-01 1.118134e-02 2.674393e-01 4.603988e-01 1.309600e-01 -4.280134e-01 -3.921162e-01 9.718614e-02 -5.011476e-03
<VARIANCE> 25
 9.448289e+00 2.017663e+01 2.270091e+01 3.464685e+01 4.048817e+01 2.969184e+01 4.255611e+01 4.698072e+01 5.018386e+01 3.629422e+01 5.917372e+01 3.356949e+01 2.558434e-01 6.626114e-01 6.657246e-01 1.124676e+00 1.179485e+00 1.018476e+00 1.156287e+00 1.332823e+00 1.191946e+00 1.217901e+00 1.177332e+00 9.610738e-01 5.967544e-04
<GCONST> 7.928282e+01
<MIXTURE> 14 6.488954e-03
<MEAN> 25
 -4.303510e+00 -3.701884e-01 -2.926143e-01 8.820193e+00 7.485924e+00 7.425619e+00 7.821872e+00 7.259932e+00 7.248337e+00 5.150318e+00 6.613661e+00 4.049862e+00 -2.855152e-01 2.112564e-01 3.792182e-01 3.079115e-01 4.453115e-03 3.901273e-02 7.104652e-02 1.545371e-01 2.944341e-01 5.378571e-01 5.313063e-01 4.962201e-02 -8.692302e-03
<VARIANCE> 25
 9.164533e+00 1.369431e+01 1.832446e+01 1.791864e+01 2.061042e+01 1.934808e+01 2.119417e+01 2.050736e+01 1.979292e+01 2.389523e+01 2.433403e+01 1.593425e+01 9.508750e-01 1.632659e+00 1.755976e+00 1.903832e+00 2.207584e+00 2.247600e+00 2.262735e+00 2.251050e+00 2.262439e+00 2.480596e+00 2.191997e+00 1.820800e+00 1.037522e-03
<GCONST> 8.187015e+01
<MIXTURE> 15 2.475190e-03
<MEAN> 25
 -5.382771e+00 -6.003141e-01 -1.633178e-01 7.340136e+00 5.699654e+00 5.699229e+00 6.038407e+00 4.939106e+00 5.127053e+00 4.079566e+00 5.389529e+00 2.553291e+00 -1.196465e-01 -2.421002e-02 7.785149e-02 2.384492e-01 4.822729e-01 7.825924e-01 1.069942e+00 1.176870e+00 1.059628e+00 7.651512e-01 4.050873e-01 1.478120e-01 -4.473100e-05
<VARIANCE> 25
 7.009384e+00 5.699065e+00 9.032745e+00 1.274852e+01 1.396464e+01 1.420145e+01 1.481116e+01 1.492242e+01 1.405214e+01 1.454882e+01 1.582637e+01 1.238445e+01 1.242238e-01 2.062161e-01 3.190084e-01 4.991876e-01 6.967432e-01 7.919572e-01 7.588919e-01 7.869275e-01 9.108815e-01 1.031883e+00 1.082296e+00 1.048932e+00 2.816561e-05
<GCONST> 5.864287e+01
<MIXTURE> 16 2.475190e-03
<MEAN> 25
 -5.382771e+00 -6.003141e-01 -1.633178e-01 7.340136e+00 5.699654e+00 5.699229e+00 6.038407e+00 4.939106e+00 5.127053e+00 4.079566e+00 5.389529e+00 2.553291e+00 -1.196465e-01 -2.421002e-02 7.785149e-02 2.384492e-01 4.822729e-01 7.825924e-01 1.069942e+00 1.176870e+00 1.059628e+00 7.651512e-01 4.050873e-01 1.478120e-01 -4.473100e-05
<VARIANCE> 25
 7.009384e+00 5.699065e+00 9.032745e+00 1.274852e+01 1.396464e+01 1.420145e+01 1.481116e+01 1.492242e+01 1.405214e+01 1.454882e+01 1.582637e+01 1.238445e+01 1.242238e-01 2.062161e-01 3.190084e-01 4.991876e-01 6.967432e-01 7.919572e-01 7.588919e-01 7.869275e-01 9.108815e-01 1.031883e+00 1.082296e+00 1.048932e+00 2.816561e-05
<GCONST> 5.864287e+01
<MIXTURE> 17 9.518312e-03
<MEAN> 25
 3.639521e+00 -1.161370e+00 6.263665e+00 1.899496e+00 -6.007047e+00 -7.196265e+00 -3.685226e+00 -6.207378e-03 -2.747420e+00 -3.397497e+00 1.360960e+00 -1.838750e-01 -6.120650e-01 -1.243023e+00 1.409408e+00 -2.015740e+00 -2.229370e+00 -5.263196e-01 1.307759e-02 7.748010e-01 -3.601898e-01 -1.699807e-01 1.085940e+00 1.706548e-01 8.550827e-02
<VARIANCE> 25
 1.494136e+01 3.163061e+01 2.862840e+01 3.706836e+01 4.001268e+01 5.070761e+01 4.050767e+01 3.070208e+01 3.160846e+01 2.440943e+01 3.645618e+01 2.557048e+01 1.827281e+00 2.422106e+00 3.930524e+00 2.823821e+00 3.793152e+00 6.078774e+00 4.887808e+00 4.194597e+00 3.668162e+00 3.678674e+00 2.844993e+00 2.872065e+00 2.047179e-03
<GCONST> 9.586381e+01
<MIXTURE> 18 1.221018e-02
<MEAN> 25
 3.933809e+00 4.531557e+00 6.658627e+00 4.693940e+00 -4.656810e+00 -8.330466e+00 -1.732180e+00 -1.079862e+00 -3.319151e+00 -2.413556e+00 -9.322331e-01 6.144018e-01 -7.496097e-01 2.153413e+00 -2.100092e-01 2.006994e+00 3.077140e+00 1.480810e+00 7.905331e-01 -2.412355e-01 6.507828e-01 5.238528e-01 -3.177225e-01 -3.464209e-02 -1.234273e-01
<VARIANCE> 25
 1.607277e+01 2.557798e+01 3.286309e+01 2.600537e+01 3.990023e+01 3.360543e+01 3.810118e+01 3.536537e+01 3.884376e+01 3.422315e+01 3.245548e+01 3.063485e+01 2.543299e+00 2.995280e+00 4.690732e+00 4.029933e+00 4.122268e+00 4.611230e+00 4.601283e+00 4.448203e+00 4.494433e+00 4.261900e+00 4.584123e+00 3.636210e+00 4.069079e-03
<GCONST> 9.841327e+01
<MIXTURE> 19 9.912824e-03
<MEAN> 25
 -1.011044e+01 1.816276e+00 3.282708e-01 1.108626e+00 3.960753e+00 1.648288e+00 3.490950e+00 1.104986e+00 2.090388e+00 1.087357e+00 1.126052e+00 1.993610e+00 2.067790e+00 1.733935e+00 2.137779e+00 7.438523e-01 -1.052761e+00 -1.025238e+00 -1.047209e+00 -1.411633e+00 -1.482047e+00 -1.144988e+00 -8.185548e-01 -8.083836e-01 1.734168e-03
<VARIANCE> 25
 5.294470e+01 2.989458e+01 4.764420e+01 5.294030e+01 3.350100e+01 3.294913e+01 3.150177e+01 2.946212e+01 2.859195e+01 2.762328e+01 3.008743e+01 1.962130e+01 2.529395e+00 2.242536e+00 2.219904e+00 2.326187e+00 2.536098e+00 2.218606e+00 2.449183e+00 2.378182e+00 2.109404e+00 2.092453e+00 2.287035e+00 1.762551e+00 2.425402e-03
<GCONST> 9.176285e+01
<MIXTURE> 20 6.308331e-03
<MEAN> 25
 -1.416992e+01 7.444617e+00 7.047366e-01 6.125197e+00 4.698582e+00 1.632210e+00 5.160999e+00 7.920883e-01 8.758454e-01 7.090986e-01 2.636042e+00 -2.833197e-01 -3.248798e+00 -8.453742e-01 -1.559443e+00 3.258228e-01 1.526900e+00 1.997501e+00 1.947580e+00 2.026096e+00 2.110223e+00 2.023828e+00 1.683057e+00 9.464247e-01 4.793788e-02
<VARIANCE> 25
 1.927805e+01 2.299782e+01 3.123868e+01 3.661104e+01 3.127686e+01 2.748097e+01 2.942206e+01 3.102289e+01 2.748734e+01 2.800032e+01 2.493978e+01 2.050035e+01 2.108593e+00 2.156169e+00 1.873554e+00 2.500741e+00 2.673982e+00 2.455665e+00 2.312621e+00 2.316422e+00 2.243091e+00 2.607119e+00 2.196585e+00 1.837861e+00 1.862554e-03
<GCONST> 8.903393e+01
<MIXTURE> 21 7.928653e-03
<MEAN> 25
 3.938895e+00 -3.685583e+00 5.135940e+00 -1.331235e+00 -1.023473e+01 -8.803947e+00 -2.405033e+00 4.023122e+00 -1.515097e+00 -2.773197e+00 1.017690e-01 9.739827e-01 -6.689858e-01 1.405464e+00 2.406794e+00 1.322291e-02 -1.421214e+00 4.805780e-01 6.653321e-01 -1.475434e+00 -1.732038e+00 3.152911e-01 1.404675e+00 3.665612e-01 -1.532768e-02
<VARIANCE> 25
 7.934816e+00 2.184723e+01 2.972375e+01 2.576965e+01 2.668620e+01 2.975605e+01 3.930317e+01 3.506071e+01 4.016080e+01 3.083165e+01 3.012017e+01 2.361809e+01 3.528975e-01 8.701354e-01 1.881900e+00 1.191900e+00 2.076709e+00 2.084326e+00 3.277366e+00 2.258118e+00 2.271313e+00 2.332033e+00 1.860073e+00 2.125496e+00 4.271400e-04
<GCONST> 8.371487e+01
<MIXTURE> 22 8.827789e-03
<MEAN> 25
 -1.743293e+01 7.462241e+00 -4.851318e+00 7.517593e+00 3.965807e+00 2.650023e+00 7.932062e+00 9.437501e-01 4.377866e+00 1.953520e+00 6.406596e+00 1.053912e+00 -3.919401e-01 -3.685631e-01 1.150498e-02 -8.070038e-02 3.580857e-01 -1.590999e-01 4.530457e-01 3.966731e-01 1.006415e-01 2.421354e-01 3.099131e-01 2.692710e-01 1.768211e-02
<VARIANCE> 25
 7.518332e+00 1.325827e+01 1.516093e+01 2.201079e+01 2.220870e+01 1.720595e+01 1.692293e+01 1.641257e+01 1.759630e+01 2.114332e+01 1.738965e+01 1.397468e+01 1.045802e+00 1.277230e+00 1.672442e+00 1.279608e+00 1.646518e+00 1.421600e+00 1.455103e+00 1.406874e+00 1.493288e+00 1.316638e+00 1.246444e+00 9.901440e-01 1.757087e-03
<GCONST> 7.650330e+01
<MIXTURE> 23 6.455497e-03
<MEAN> 25
 7.827295e+00 1.725986e+00 3.363206e+00 2.882036e+00 -4.539722e+00 -2.498816e+00 -4.121378e+00 -7.200089e+00 -2.553499e+00 -2.517464e-01 -4.261065e+00 -1.169103e+00 1.457437e-02 2.231321e-01 -1.013778e-02 -6.603302e-02 1.196711e-03 1.351800e-01 3.231602e-03 -2.905770e-01 7.216053e-02 1.559167e-01 1.245892e-01 -7.511751e-02 -5.083273e-03
<VARIANCE> 25
 9.841975e+00 2.250539e+01 2.177892e+01 3.661885e+01 3.302777e+01 5.139110e+01 4.988748e+01 5.829902e+01 4.621615e+01 4.272380e+01 4.233010e+01 3.808398e+01 1.083924e-01 2.797092e-01 3.468421e-01 5.502461e-01 6.173041e-01 6.748180e-01 6.722193e-01 1.171793e+00 7.828761e-01 8.741501e-01 7.905441e-01 7.111174e-01 8.214465e-05
<GCONST> 7.178551e+01
<MIXTURE> 24 6.455497e-03
<MEAN> 25
 7.827295e+00 1.725986e+00 3.363206e+00 2.882036e+00 -4.539722e+00 -2.498816e+00 -4.121378e+00 -7.200089e+00 -2.553499e+00 -2.517464e-01 -4.261065e+00 -1.169103e+00 1.457437e-02 2.231321e-01 -1.013778e-02 -6.603302e-02 1.196711e-03 1.351800e-01 3.231602e-03 -2.905770e-01 7.216053e-02 1.559167e-01 1.245892e-01 -7.511751e-02 -5.083273e-03
<VARIANCE> 25
 9.841975e+00 2.250539e+01 2.177892e+01 3.661885e+01 3.302777e+01 5.139110e+01 4.988748e+01 5.829902e+01 4.621615e+01 4.272380e+01 4.233010e+01 3.808398e+01 1.083924e-01 2.797092e-01 3.468421e-01 5.502461e-01 6.173041e-01 6.748180e-01 6.722193e-01 1.171793e+00 7.828761e-01 8.741501e-01 7.905441e-01 7.111174e-01 8.214465e-05
<GCONST> 7.178551e+01
<MIXTURE> 25 1.118642e-02
<MEAN> 25
 2.975109e-01 3.478941e+00 1.677488e+01 -1.037653e+00 -1.132954e+01 -1.769917e+00 -4.991009e+00 -2.942910e+00 -6.934149e+00 -5.444391e+00 4.104554e+00 -1.636701e+00 -1.357648e-01 4.398345e-01 1.696851e-01 1.511642e-01 2.164485e-01 1.100766e-01 1.932363e-01 -1.693414e-01 -2.480731e-01 7.480447e-02 -7.246444e-02 -1.068972e-01 -1.291805e-02
<VARIANCE> 25
 8.844160e+00 2.227043e+01 2.102606e+01 2.867556e+01 3.159775e+01 4.115379e+01 2.736316e+01 3.000524e+01 2.840208e+01 3.659885e+01 2.096724e+01 2.765633e+01 5.959703e-01 1.446914e+00 1.404339e+00 1.383131e+00 2.274847e+00 2.038946e+00 1.747481e+00 1.630446e+00 1.535350e+00 1.648854e+00 1.348861e+00 1.298008e+00 1.282941e-03
<GCONST> 8.274952e+01
<MIXTURE> 26 7.727677e-03
<MEAN> 25
 2.287455e+00 -6.157804e+00 -1.028547e+01 -9.064756e-01 7.668205e+00 5.209459e+00 3.660560e+00 -3.965656e-01 2.577750e+00 -6.389795e-01 -3.173866e+00 -1.081355e+00 -6.705834e-01 6.317733e-01 3.813064e-01 7.456236e-01 2.095809e-01 2.781275e-01 3.184633e-01 3.182292e-01 3.013658e-01 6.805180e-02 3.210726e-01 4.478148e-01 -5.319710e-02
<VARIANCE> 25
 2.424113e+01 3.398821e+01 2.516581e+01 6.070155e+01 3.919423e+01 4.206194e+01 4.687666e+01 4.212648e+01 4.005149e+01 5.397526e+01 3.964836e+01 4.458424e+01 1.582613e+00 1.864285e+00 1.877243e+00 1.951983e+00 2.353876e+00 2.476738e+00 2.419081e+00 2.628783e+00 2.361824e+00 2.278135e+00 2.218086e+00 1.923068e+00 3.218355e-03
<GCONST> 9.353242e+01
<MIXTURE> 27 7.727677e-03
<MEAN> 25
 2.287455e+00 -6.157804e+00 -1.028547e+01 -9.064756e-01 7.668205e+00 5.209459e+00 3.660560e+00 -3.965656e-01 2.577750e+00 -6.389795e-01 -3.173866e+00 -1.081355e+00 -6.705834e-01 6.317733e-01 3.813064e-01 7.456236e-01 2.095809e-01 2.781275e-01 3.184633e-01 3.182292e-01 3.013658e-01 6.805180e-02 3.210726e-01 4.478148e-01 -5.319710e-02
<VARIANCE> 25
 2.424113e+01 3.398821e+01 2.516581e+01 6.070155e+01 3.919423e+01 4.206194e+01 4.687666e+01 4.212648e+01 4.005149e+01 5.397526e+01 3.964836e+01 4.458424e+01 1.582613e+00 1.864285e+00 1.877243e+00 1.951983e+00 2.353876e+00 2.476738e+00 2.419081e+00 2.628783e+00 2.361824e+00 2.278135e+00 2.218086e+00 1.923068e+00 3.218355e-03
<GCONST> 9.353242e+01
<MIXTURE> 28 5.036674e-03
<MEAN> 25
 -5.317476e+00 1.737780e-01 -1.369463e+00 6.602355e+00 5.178878e+00 3.682548e+00 5.330523e+00 3.000963e+00 3.842110e+00 2.169833e+00 2.356372e+00 3.259873e+00 -1.072777e-01 2.300996e-01 5.100959e-01 7.486144e-01 7.941476e-01 7.196218e-01 5.233763e-01 4.188352e-01 5.115118e-01 5.481108e-01 3.042592e-01 1.286858e-01 -1.285970e-05
<VARIANCE> 25
 1.033786e+01 8.546465e+00 1.250566e+01 1.431215e+01 1.415654e+01 1.762964e+01 1.754255e+01 1.855791e+01 1.666984e+01 1.717182e+01 2.140162e+01 1.439702e+01 2.489163e-01 3.238563e-01 3.966514e-01 4.751286e-01 6.216891e-01 8.300878e-01 1.026286e+00 1.111481e+00 1.172117e+00 1.102114e+00 1.103740e+00 1.125728e+00 9.711517e-07
<GCONST> 6.021971e+01
<MIXTURE> 29 5.036674e-03
<MEAN> 25
 -5.317476e+00 1.737780e-01 -1.369463e+00 6.602355e+00 5.178878e+00 3.682548e+00 5.330523e+00 3.000963e+00 3.842110e+00 2.169833e+00 2.356372e+00 3.259873e+00 -1.072777e-01 2.300996e-01 5.100959e-01 7.486144e-01 7.941476e-01 7.196218e-01 5.233763e-01 4.188352e-01 5.115118e-01 5.481108e-01 3.042592e-01 1.286858e-01 -1.285970e-05
<VARIANCE> 25
 1.033786e+01 8.546465e+00 1.250566e+01 1.431215e+01 1.415654e+01 1.762964e+01 1.754255e+01 1.855791e+01 1.666984e+01 1.717182e+01 2.140162e+01 1.439702e+01 2.489163e-01 3.238563e-01 3.966514e-01 4.751286e-01 6.216891e-01 8.300878e-01 1.026286e+00 1.111481e+00 1.172117e+00 1.102114e+00 1.103740e+00 1.125728e+00 9.711517e-07
<GCONST> 6.021971e+01
<MIXTURE> 30 8.917812e-03
<MEAN> 25
 -4.414196e+00 -2.259831e-02 7.251274e-01 8.784025e+00 7.680665e+00 7.512433e+00 7.501528e+00 6.619995e+00 6.328114e+00 4.687787e+00 6.374673e+00 3.514617e+00 -5.583479e-02 5.084434e-02 7.359977e-02 8.380193e-02 8.324658e-02 5.667136e-02 1.104163e-02 3.474765e-02 -1.718630e-02 1.171367e-02 1.166941e-01 -3.192565e-02 -3.037429e-05
<VARIANCE> 25
 6.630150e+00 9.943610e+00 9.876732e+00 1.407558e+01 1.527315e+01 1.541675e+01 1.812437e+01 1.815788e+01 1.580587e+01 1.805759e+01 2.519849e+01 1.368474e+01 1.131911e-01 1.927219e-01 3.189409e-01 4.597588e-01 5.887089e-01 6.881763e-01 7.340804e-01 8.311143e-01 9.285183e-01 9.427307e-01 9.694318e-01 9.017874e-01 5.766796e-05
<GCONST> 6.065401e+01
<MIXTURE> 31 4.136493e-03
<MEAN> 25
 -3.290397e+00 -5.650087e+00 6.694095e-02 4.865528e+00 3.666814e+00 1.681254e+00 5.217632e+00 6.619142e+00 2.748555e+00 1.248693e+00 6.500135e+00 3.163462e+00 2.502152e-01 4.727251e-01 -2.097908e-01 3.082772e-01 1.241254e-01 4.273627e-01 1.925924e-01 1.561828e-02 3.781995e-01 3.813664e-01 1.044621e-01 1.121810e-01 -1.837972e-02
<VARIANCE> 25
 7.171242e+00 1.556947e+01 1.742446e+01 1.797849e+01 2.533623e+01 2.385584e+01 2.376621e+01 2.545509e+01 2.591128e+01 2.802751e+01 2.050487e+01 1.865869e+01 1.923385e-01 4.926921e-01 6.009058e-01 7.645277e-01 9.695687e-01 1.093741e+00 1.217925e+00 1.386472e+00 1.340550e+00 1.316461e+00 1.246168e+00 1.132446e+00 2.556476e-04
<GCONST> 7.184285e+01
<MIXTURE> 32 4.136493e-03
<MEAN> 25
 -3.290397e+00 -5.650087e+00 6.694095e-02 4.865528e+00 3.666814e+00 1.681254e+00 5.217632e+00 6.619142e+00 2.748555e+00 1.248693e+00 6.500135e+00 3.163462e+00 2.502152e-01 4.727251e-01 -2.097908e-01 3.082772e-01 1.241254e-01 4.273627e-01 1.925924e-01 1.561828e-02 3.781995e-01 3.813664e-01 1.044621e-01 1.121810e-01 -1.837972e-02
<VARIANCE> 25
 7.171242e+00 1.556947e+01 1.742446e+01 1.797849e+01 2.533623e+01 2.385584e+01 2.376621e+01 2.545509e+01 2.591128e+01 2.802751e+01 2.050487e+01 1.865869e+01 1.923385e-01 4.926921e-01 6.009058e-01 7.645277e-01 9.695687e-01 1.093741e+00 1.217925e+00 1.386472e+00 1.340550e+00 1.316461e+00 1.246168e+00 1.132446e+00 2.556476e-04
<GCONST> 7.184285e+01
<MIXTURE> 33 1.508826e-02
<MEAN> 25
 6.445748e+00 -4.311657e+00 -2.516410e+00 -2.988984e+00 -1.840139e+00 -5.689989e+00 -7.741683e+00 1.977726e+00 2.374083e+00 6.287422e-01 -4.252756e+00 -3.661990e+00 5.262926e-01 -1.449623e+00 -2.490580e+00 -2.120062e+00 1.328828e+00 1.050099e+00 -7.474262e-01 1.127530e+00 1.036536e+00 5.896206e-01 -1.503870e-01 -1.680555e+00 4.651904e-02
<VARIANCE> 25
 8.928514e+00 2.034263e+01 2.656210e+01 3.355938e+01 3.591266e+01 3.908397e+01 3.957841e+01 4.254937e+01 3.585692e+01 4.656176e+01 3.217193e+01 2.857500e+01 1.138147e+00 2.224427e+00 1.960011e+00 2.354099e+00 3.851915e+00 3.968868e+00 3.895773e+00 6.647600e+00 3.334512e+00 3.898370e+00 3.143410e+00 3.072356e+00 1.818306e-03
<GCONST> 9.382338e+01
<MIXTURE> 34 1.588179e-02
<MEAN> 25
 8.739073e+00 -7.970800e-01 -2.060269e-03 1.794039e+00 -2.742407e+00 -2.289757e+00 -5.324657e+00 -4.553622e+00 -1.621933e+00 1.025211e+00 -3.103058e+00 -2.896336e+00 4.530727e-03 1.347795e+00 1.463090e+00 2.245658e+00 5.556582e-02 4.049412e-01 5.360169e-01 -1.936839e+00 -5.879278e-01 9.049284e-02 -7.298750e-01 5.301851e-01 -6.333259e-02
<VARIANCE> 25
 6.762560e+00 3.030888e+01 2.700695e+01 5.055864e+01 3.546146e+01 4.739862e+01 4.951128e+01 5.032361e+01 4.614424e+01 4.033723e+01 4.369136e+01 3.109210e+01 1.096335e+00 1.675999e+00 3.674953e+00 3.501927e+00 4.770944e+00 6.423870e+00 4.886255e+00 5.754000e+00 4.728092e+00 4.348435e+00 4.447783e+00 3.645587e+00 1.041888e-03
<GCONST> 9.734451e+01
<MIXTURE> 35 1.467755e-02
<MEAN> 25
 -2.147157e+00 -5.212256e+00 -9.913162e+00 2.127318e-01 9.640136e+00 8.226282e-01 1.601824e+00 2.535678e+00 1.450681e+00 4.517254e+00 9.757861e-02 1.867500e+00 5.608912e-01 -1.118200e+00 -1.428514e+00 -1.396437e+00 3.855153e-01 -8.057820e-01 -7.016593e-01 -1.384817e-01 -1.847574e-01 1.559453e-01 -6.073315e-01 -5.032487e-01 1.078502e-01
<VARIANCE> 25
 1.948630e+01 2.952400e+01 4.376332e+01 6.199321e+01 4.237885e+01 5.716669e+01 5.065852e+01 4.330528e+01 5.009607e+01 3.882177e+01 3.674360e+01 3.086195e+01 3.462678e+00 3.546475e+00 6.780526e+00 5.554996e+00 5.232427e+00 5.609056e+00 4.928767e+00 4.726195e+00 5.105723e+00 4.511297e+00 4.284024e+00 3.795345e+00 5.268157e-03
<GCONST> 1.036438e+02
<MIXTURE> 36 1.093293e-02
<MEAN> 25
 4.505616e+00 -4.230515e+00 6.204416e+00 1.210900e-01 -9.629590e+00 -9.944527e+00 -5.171604e+00 4.795925e+00 -3.089239e+00 -3.440177e+00 3.303060e+00 -2.411662e-01 3.061590e-01 6.517192e-02 -7.915823e-01 1.739089e-01 7.710924e-01 2.614899e-01 -4.410929e-01 7.451136e-02 1.868044e-01 7.813884e-01 -5.928771e-01 -1.464349e-01 -1.936301e-02
<VARIANCE> 25
 8.042927e+00 2.523647e+01 1.937868e+01 3.211108e+01 2.188078e+01 2.672397e+01 3.285556e+01 3.628294e+01 4.077978e+01 2.717881e+01 2.683026e+01 2.781887e+01 3.964133e-01 6.314530e-01 1.123867e+00 1.122486e+00 1.546611e+00 1.225628e+00 1.673175e+00 1.764430e+00 2.664581e+00 1.445100e+00 1.467158e+00 1.173164e+00 6.379284e-04
<GCONST> 7.987721e+01
<MIXTURE> 37 1.246826e-02
<MEAN> 25
 5.459998e-01 7.773117e+00 1.205263e+01 -5.553694e+00 -8.027694e+00 -1.050540e+00 -5.077924e+00 -8.321373e+00 -3.711457e+00 -9.088039e-01 -3.667835e+00 -1.290233e+00 1.820645e-01 6.467518e-01 -1.353267e+00 3.582561e+00 1.986706e+00 -3.012856e-01 1.091017e+00 4.348518e-01 5.285616e-01 -3.228515e-01 5.360225e-01 -9.680691e-02 -9.493233e-02
<VARIANCE> 25
 1.593034e+01 2.598028e+01 3.088739e+01 5.100731e+01 3.395290e+01 3.201654e+01 4.397775e+01 3.505783e+01 3.860308e+01 3.596055e+01 3.774680e+01 3.088723e+01 2.957322e+00 3.415011e+00 3.018852e+00 4.094003e+00 4.620085e+00 3.753935e+00 4.207249e+00 3.812253e+00 3.448673e+00 3.621213e+00 3.874309e+00 2.792984e+00 3.926693e-03
<GCONST> 9.778514e+01
<MIXTURE> 38 1.154525e-02
<MEAN> 25
 -4.485597e+00 8.969588e+00 4.589922e+00 3.238203e+00 8.525370e-01 -5.191824e+00 -5.971455e-01 -2.745751e+00 -2.849440e+00 -3.117573e+00 -1.483430e+00 -5.457784e-01 -4.514184e+00 1.253562e+00 -3.135242e-01 1.454593e+00 2.555700e+00 1.386764e+00 2.045619e+00 9.503902e-01 7.811056e-01 6.357895e-01 1.006463e+00 3.232029e-01 4.867147e-02
<VARIANCE> 25
 3.138055e+01 2.952056e+01 3.900544e+01 3.296781e+01 4.879702e+01 3.594020e+01 3.634106e+01 4.157603e+01 3.483304e+01 3.253476e+01 2.427745e+01 2.867869e+01 2.357475e+00 3.935129e+00 3.903171e+00 5.152827e+00 4.267143e+00 5.026439e+00 4.789851e+00 4.639939e+00 4.448624e+00 4.936155e+00 4.383728e+00 3.262664e+00 2.050275e-03
<GCONST> 9.926156e+01
<MIXTURE> 39 9.501865e-03
<MEAN> 25
 1.333706e+00 2.668952e+00 1.004922e+01 -9.180676e+00 -1.119248e+01 -1.016251e+00 -2.975306e+00 -6.570244e+00 -4.539482e+00 8.072847e-01 -3.592417e+00 -2.154898e+00 -7.394941e-01 1.494104e+00 1.606545e+00 -1.376408e+00 6.105990e-02 1.172178e+00 -1.201733e+00 -1.263929e+00 4.311221e-01 4.481137e-01 -5.006540e-01 1.438724e-01 1.117853e-03
<VARIANCE> 25
 8.797964e+00 2.988292e+01 3.287690e+01 3.791305e+01 3.730269e+01 4.220774e+01 4.385204e+01 3.311864e+01 3.897489e+01 3.299552e+01 3.617368e+01 3.028211e+01 6.900642e-01 1.580109e+00 1.515469e+00 2.897894e+00 2.403473e+00 2.966363e+00 3.012451e+00 2.715842e+00 2.400119e+00 2.583260e+00 2.098029e+00 2.065033e+00 1.172293e-03
<GCONST> 8.962183e+01
<MIXTURE> 40 1.030800e-02
<MEAN> 25
 -8.910774e+00 2.228888e+00 -1.014288e+00 7.907277e+00 3.918211e+00 5.538984e+00 5.276617e+00 4.111468e+00 4.591922e+00 4.204152e+00 5.079361e+00 1.646223e+00 -1.410669e-01 -2.034715e-01 -7.128319e-03 -2.268456e-01 -8.246675e-02 -1.298068e-01 7.739051e-02 1.065594e-01 -5.109465e-02 2.979453e-02 1.143792e-01 -2.091055e-02 4.114687e-03
<VARIANCE> 25
 4.300686e+01 1.978286e+01 2.820262e+01 2.670341e+01 2.533894e+01 1.866179e+01 1.937333e+01 1.778909e+01 1.664476e+01 1.801627e+01 2.372653e+01 1.419382e+01 7.341657e-01 7.129470e-01 8.455257e-01 1.048481e+00 1.102112e+00 1.207156e+00 1.252907e+00 1.239959e+00 1.225631e+00 1.210925e+00 1.176240e+00 1.082271e+00 8.344241e-04
<GCONST> 7.634706e+01
<MIXTURE> 41 6.713375e-03
<MEAN> 25
 1.314276e+00 1.781202e+00 1.046118e+01 -6.950463e+00 -1.046422e+01 -3.875020e+00 -2.493814e+00 -5.032762e+00 -4.654820e+00 2.652064e+00 -1.726807e+00 -9.485699e-01 7.991819e-02 -7.617905e-01 1.697713e+00 -3.553036e+00 -2.459350e+00 -1.221678e-01 -5.095518e-01 -3.557658e-01 -8.274554e-01 1.086295e+00 -1.042747e+00 8.139586e-02 8.631708e-02
<VARIANCE> 25
 1.169463e+01 2.966314e+01 3.266236e+01 4.004168e+01 3.863450e+01 4.025298e+01 3.710828e+01 2.989604e+01 3.302067e+01 2.878438e+01 3.197500e+01 2.716138e+01 3.179738e+00 3.305344e+00 3.824244e+00 3.804607e+00 4.895522e+00 5.898421e+00 4.710859e+00 4.551444e+00 3.968903e+00 4.211645e+00 3.831130e+00 3.223627e+00 2.930351e-03
<GCONST> 9.791232e+01
<MIXTURE> 42 1.106211e-02
<MEAN> 25
 -1.916494e+00 4.326719e+00 4.551310e+00 2.840367e+00 2.155332e-01 -6.225366e+00 -8.898812e-01 -1.630699e+00 -1.515895e+00 -1.170141e+00 -2.115426e+00 1.168080e+00 4.181277e+00 -4.011298e-01 1.446349e+00 1.591574e-01 -2.918904e+00 -1.243063e+00 -2.281595e+00 -7.524014e-01 -7.733314e-01 -6.452907e-01 4.672685e-01 -1.023204e+00 1.201804e-02
<VARIANCE> 25
 3.591130e+01 2.173879e+01 4.507087e+01 2.526789e+01 3.899717e+01 3.968360e+01 3.669448e+01 2.765468e+01 2.772767e+01 2.656242e+01 2.020737e+01 1.763532e+01 3.479287e+00 4.737983e+00 6.072979e+00 4.639546e+00 4.505631e+00 6.066250e+00 4.904005e+00 5.171779e+00 4.821767e+00 4.854079e+00 4.301087e+00 3.346973e+00 4.505659e-03
<GCONST> 9.948927e+01
<MIXTURE> 43 7.108249e-03
<MEAN> 25
 3.169648e+00 -6.262226e+00 -2.267775e+00 -5.189750e+00 -7.410094e+00 -3.498113e+00 4.045901e+00 1.325215e+00 -5.030619e+00 -7.037444e+00 -4.346298e+00 -1.195325e+00 2.342929e-01 2.166020e+00 1.897995e+00 -1.233325e-01 -1.407486e+00 -7.732687e-01 -9.506388e-01 -7.910257e-01 8.355507e-01 1.463097e+00 3.385110e-01 4.167052e-02 -4.564502e-02
<VARIANCE> 25
 9.503901e+00 1.973879e+01 2.709339e+01 3.489408e+01 3.802580e+01 3.710074e+01 3.374194e+01 3.939951e+01 3.934778e+01 3.856353e+01 2.634486e+01 2.949743e+01 6.859244e-01 1.240294e+00 1.576233e+00 2.473478e+00 2.397428e+00 2.403623e+00 2.657110e+00 3.006866e+00 2.599911e+00 2.552994e+00 2.313954e+00 1.936282e+00 9.639374e-04
<GCONST> 8.793405e+01
<MIXTURE> 44 7.328289e-03
<MEAN> 25
 -1.523373e+01 1.656125e+00 3.408559e+00 -3.166790e+00 3.231203e+00 2.042516e+00 2.038652e-02 2.307358e+00 1.492961e+00 -8.184715e-01 1.854280e+00 1.968927e+00 -1.832259e-01 -2.795525e-03 1.487357e-01 3.053882e-01 -8.339123e-02 1.856394e-01 4.778016e-01 1.023476e-01 2.512077e-01 1.463557e-01 7.017558e-02 9.531102e-02 5.292004e-03
<VARIANCE> 25
 4.263041e+01 2.784480e+01 3.567193e+01 3.016713e+01 2.992043e+01 2.982512e+01 2.478284e+01 3.181023e+01 2.762601e+01 2.719254e+01 2.744992e+01 1.918623e+01 1.227718e+00 1.516475e+00 1.384580e+00 1.319244e+00 2.185499e+00 1.669122e+00 1.496261e+00 1.624545e+00 1.556971e+00 1.504066e+00 1.396678e+00 1.210687e+00 1.338307e-03
<GCONST> 8.452553e+01
<MIXTURE> 45 1.364932e-02
<MEAN> 25
 -1.180321e+01 4.228020e+00 -1.514683e+00 3.707482e+00 4.587126e+00 1.677790e+00 4.835702e+00 1.386707e+00 2.635808e+00 -3.394007e-01 2.662883e+00 1.569974e+00 -2.712476e+00 8.147956e-01 -6.884909e-01 -2.526125e-01 -8.574857e-02 -3.853244e-01 2.096139e-01 -3.243747e-03 -2.949877e-01 3.889951e-02 5.775262e-01 2.813864e-02 1.112116e-01
<VARIANCE> 25
 2.794330e+01 2.554515e+01 2.494698e+01 2.892130e+01 2.953311e+01 3.185697e+01 2.420029e+01 2.615475e+01 2.134456e+01 3.405948e+01 2.254245e+01 1.449708e+01 1.982348e+00 2.589144e+00 2.279244e+00 2.411636e+00 2.309953e+00 2.381479e+00 2.078106e+00 1.844922e+00 1.911432e+00 2.521288e+00 1.824940e+00 1.623588e+00 3.237404e-03
<GCONST> 8.808871e+01
<MIXTURE> 46 9.336259e-03
<MEAN> 25
 -9.464670e+00 2.298219e+00 1.212720e+00 7.549531e+00 5.929319e+00 3.319157e+00 7.059894e+00 4.487478e+00 5.666759e+00 4.641620e+00 5.042818e+00 2.930728e+00 1.066371e+00 -2.423703e-01 3.973337e-02 9.960992e-01 5.997819e-01 9.409269e-01 3.860043e-01 6.648298e-01 4.733042e-01 5.136142e-01 6.221869e-01 5.164244e-01 -1.055154e-01
<VARIANCE> 25
 3.414316e+01 4.368624e+01 3.847405e+01 4.978204e+01 5.062333e+01 4.076663e+01 3.702333e+01 3.532420e+01 3.338907e+01 3.140431e+01 2.824470e+01 2.017230e+01 3.904908e+00 4.136837e+00 3.888274e+00 4.137345e+00 4.159299e+00 3.687932e+00 3.372634e+00 3.137332e+00 2.976783e+00 2.867106e+00 2.386996e+00 1.788456e+00 7.929552e-03
<GCONST> 9.832898e+01
<MIXTURE> 47 7.116147e-03
<MEAN> 25
 7.156719e+00 -7.663951e+00 -7.743536e+00 -6.838083e+00 1.291619e+00 3.213349e-01 -2.824139e+00 1.683197e+00 3.061524e+00 5.434617e-01 -3.782022e+00 -7.374750e+00 -1.807984e-01 -1.231139e+00 -7.432466e-01 -5.393335e-01 5.843126e-01 7.661622e-01 9.356810e-01 2.658584e-01 9.659526e-02 -9.331630e-01 -2.717931e-01 -6.411915e-01 3.046219e-02
<VARIANCE> 25
 1.020221e+01 2.036969e+01 1.917698e+01 3.241720e+01 3.390434e+01 5.167143e+01 4.390123e+01 3.990899e+01 4.007747e+01 4.504414e+01 4.750911e+01 3.644569e+01 4.814525e-01 7.640283e-01 1.074457e+00 1.719541e+00 1.838733e+00 2.058154e+00 2.176468e+00 2.314449e+00 2.033707e+00 2.010267e+00 2.443352e+00 2.255822e+00 5.533075e-04
<GCONST> 8.578513e+01
<MIXTURE> 48 7.116147e-03
<MEAN> 25
 7.156719e+00 -7.663951e+00 -7.743536e+00 -6.838083e+00 1.291619e+00 3.213349e-01 -2.824139e+00 1.683197e+00 3.061524e+00 5.434617e-01 -3.782022e+00 -7.374750e+00 -1.807984e-01 -1.231139e+00 -7.432466e-01 -5.393335e-01 5.843126e-01 7.661622e-01 9.356810e-01 2.658584e-01 9.659526e-02 -9.331630e-01 -2.717931e-01 -6.411915e-01 3.046219e-02
<VARIANCE> 25
 1.020221e+01 2.036969e+01 1.917698e+01 3.241720e+01 3.390434e+01 5.167143e+01 4.390123e+01 3.990899e+01 4.007747e+01 4.504414e+01 4.750911e+01 3.644569e+01 4.814525e-01 7.640283e-01 1.074457e+00 1.719541e+00 1.838733e+00 2.058154e+00 2.176468e+00 2.314449e+00 2.033707e+00 2.010267e+00 2.443352e+00 2.255822e+00 5.533075e-04
<GCONST> 8.578513e+01
<MIXTURE> 49 5.548473e-03
<MEAN> 25
 -5.069410e+00 3.888697e-01 1.901575e-01 8.395803e+00 6.157190e+00 5.616045e+00 6.057277e+00 4.467664e+00 5.022305e+00 3.667607e+00 4.806367e+00 2.843456e+00 3.644677e-01 6.536869e-01 6.926152e-01 3.519039e-01 -1.902580e-01 -6.684426e-01 -1.013576e+00 -1.126484e+00 -9.604525e-01 -6.659767e-01 -4.795875e-01 -2.729279e-01 -3.005388e-05
<VARIANCE> 25
 9.544959e+00 1.004805e+01 1.415760e+01 1.603968e+01 1.579343e+01 1.699391e+01 1.929558e+01 1.929869e+01 1.805607e+01 1.813118e+01 2.209751e+01 1.423152e+01 2.793123e-01 2.613279e-01 3.681438e-01 6.073309e-01 8.654403e-01 9.657026e-01 9.935821e-01 1.060102e+00 1.126876e+00 1.240599e+00 1.292483e+00 1.203223e+00 1.469057e-05
<GCONST> 6.439548e+01
<MIXTURE> 50 6.234641e-03
<MEAN> 25
 -4.402853e+00 3.726880e-01 -1.087706e+00 5.922764e+00 4.108058e+00 2.317328e+00 3.531683e+00 1.436166e+00 2.467760e+00 1.100752e+00 1.228916e+00 2.844234e+00 5.675811e-02 1.561590e-01 9.579029e-02 -1.664250e-01 -5.041326e-01 -5.664759e-01 -4.777244e-01 -1.104263e-01 3.870068e-01 7.809914e-01 7.593029e-01 5.039079e-01 -5.882128e-05
<VARIANCE> 25
 9.700524e+00 1.059581e+01 1.362409e+01 1.412275e+01 1.395301e+01 1.860855e+01 1.775934e+01 1.945595e+01 1.774063e+01 1.666068e+01 2.511484e+01 1.450018e+01 1.331162e-01 2.222982e-01 3.400685e-01 4.661751e-01 6.166054e-01 6.906220e-01 9.090810e-01 1.184569e+00 1.096855e+00 8.277729e-01 9.032434e-01 1.020178e+00 1.037452e-06
<GCONST> 5.873130e+01
<MIXTURE> 51 6.234641e-03
<MEAN> 25
 -4.402853e+00 3.726880e-01 -1.087706e+00 5.922764e+00 4.108058e+00 2.317328e+00 3.531683e+00 1.436166e+00 2.467760e+00 1.100752e+00 1.228916e+00 2.844234e+00 5.675811e-02 1.561590e-01 9.579029e-02 -1.664250e-01 -5.041326e-01 -5.664759e-01 -4.777244e-01 -1.104263e-01 3.870068e-01 7.809914e-01 7.593029e-01 5.039079e-01 -5.882128e-05
<VARIANCE> 25
 9.700524e+00 1.059581e+01 1.362409e+01 1.412275e+01 1.395301e+01 1.860855e+01 1.775934e+01 1.945595e+01 1.774063e+01 1.666068e+01 2.511484e+01 1.450018e+01 1.331162e-01 2.222982e-01 3.400685e-01 4.661751e-01 6.166054e-01 6.906220e-01 9.090810e-01 1.184569e+00 1.096855e+00 8.277729e-01 9.032434e-01 1.020178e+00 1.037452e-06
<GCONST> 5.873130e+01
<MIXTURE> 52 6.367945e-03
<MEAN> 25
 1.006995e+01 2.103648e+00 -6.108237e+00 -1.436301e+01 -4.249365e+00 8.509278e+00 -2.949790e+00 -3.037314e+00 -4.691290e+00 -2.245400e+00 3.729202e+00 4.821156e-01 -3.645899e-01 -4.433585e-01 -8.452839e-02 1.148848e+00 1.340883e+00 -4.604713e-01 -5.791521e-01 -6.311532e-01 4.756305e-02 1.238362e+00 3.078661e-01 -4.721389e-01 -1.476562e-02
<VARIANCE> 25
 9.235438e+00 2.017254e+01 2.513023e+01 3.815829e+01 4.477765e+01 3.009065e+01 4.739649e+01 4.788290e+01 4.571033e+01 4.558221e+01 4.562631e+01 3.257415e+01 4.678549e-01 1.510731e+00 1.295045e+00 2.701812e+00 2.290167e+00 2.169075e+00 2.945253e+00 2.780988e+00 2.942151e+00 2.612981e+00 2.740907e+00 2.461999e+00 1.551533e-03
<GCONST> 9.001095e+01
<MIXTURE> 53 6.367945e-03
<MEAN> 25
 1.006995e+01 2.103648e+00 -6.108237e+00 -1.436301e+01 -4.249365e+00 8.509278e+00 -2.949790e+00 -3.037314e+00 -4.691290e+00 -2.245400e+00 3.729202e+00 4.821156e-01 -3.645899e-01 -4.433585e-01 -8.452839e-02 1.148848e+00 1.340883e+00 -4.604713e-01 -5.791521e-01 -6.311532e-01 4.756305e-02 1.238362e+00 3.078661e-01 -4.721389e-01 -1.476562e-02
<VARIANCE> 25
 9.235438e+00 2.017254e+01 2.513023e+01 3.815829e+01 4.477765e+01 3.009065e+01 4.739649e+01 4.788290e+01 4.571033e+01 4.558221e+01 4.562631e+01 3.257415e+01 4.678549e-01 1.510731e+00 1.295045e+00 2.701812e+00 2.290167e+00 2.169075e+00 2.945253e+00 2.780988e+00 2.942151e+00 2.612981e+00 2.740907e+00 2.461999e+00 1.551533e-03
<GCONST> 9.001095e+01
<MIXTURE> 54 7.368620e-03
<MEAN> 25
 -3.567993e+00 1.699219e-01 -5.785754e-01 7.850541e+00 6.372226e+00 4.665367e+00 4.751225e+00 4.413393e+00 3.891615e+00 3.415349e+00 4.171091e+00 2.369107e+00 -4.378260e-03 2.735686e-02 2.778403e-02 4.941133e-02 3.656926e-02 4.869812e-02 4.344831e-02 3.779081e-02 6.893062e-02 5.655678e-02 7.643104e-03 -2.594496e-03 -1.218386e-05
<VARIANCE> 25
 8.810940e+00 1.024173e+01 9.164479e+00 1.813091e+01 1.309767e+01 1.297595e+01 1.190189e+01 1.149315e+01 1.208495e+01 1.462476e+01 1.888801e+01 1.205085e+01 4.003809e-02 8.389267e-02 1.506406e-01 2.244247e-01 3.102627e-01 3.846444e-01 4.448323e-01 5.286326e-01 6.238760e-01 5.301210e-01 5.002986e-01 5.320099e-01 1.061638e-06
<GCONST> 4.737635e+01
<MIXTURE> 55 7.368620e-03
<MEAN> 25
 -3.567993e+00 1.699219e-01 -5.785754e-01 7.850541e+00 6.372226e+00 4.665367e+00 4.751225e+00 4.413393e+00 3.891615e+00 3.415349e+00 4.171091e+00 2.369107e+00 -4.378260e-03 2.735686e-02 2.778403e-02 4.941133e-02 3.656926e-02 4.869812e-02 4.344831e-02 3.779081e-02 6.893062e-02 5.655678e-02 7.643104e-03 -2.594496e-03 -1.218386e-05
<VARIANCE> 25
 8.810940e+00 1.024173e+01 9.164479e+00 1.813091e+01 1.309767e+01 1.297595e+01 1.190189e+01 1.149315e+01 1.208495e+01 1.462476e+01 1.888801e+01 1.205085e+01 4.003809e-02 8.389267e-02 1.506406e-01 2.244247e-01 3.102627e-01 3.846444e-01 4.448323e-01 5.286326e-01 6.238760e-01 5.301210e-01 5.002986e-01 5.320099e-01 1.061638e-06
<GCONST> 4.737635e+01
<MIXTURE> 56 6.132464e-03
<MEAN> 25
 7.228069e+00 -6.904289e+00 -9.152707e+00 -8.870297e+00 3.495077e+00 2.930125e+00 -2.542079e+00 -1.037327e+00 2.108562e+00 1.063031e+00 -1.855057e+00 -8.089197e+00 1.072519e-02 1.008832e-01 -8.343539e-02 1.042947e-02 2.548198e-01 7.260201e-02 1.633018e-01 -2.441472e-01 -5.294359e-02 -8.067865e-02 2.804329e-02 1.099786e-02 -8.533609e-03
<VARIANCE> 25
 9.104891e+00 2.269720e+01 1.813555e+01 3.972874e+01 3.135161e+01 5.318699e+01 5.606067e+01 3.512757e+01 3.505702e+01 3.496848e+01 4.230236e+01 3.810485e+01 2.170558e-01 4.369167e-01 4.618188e-01 7.700562e-01 7.314507e-01 1.010000e+00 8.678620e-01 9.470571e-01 8.506624e-01 8.848890e-01 1.069331e+00 8.765262e-01 2.443445e-04
<GCONST> 7.480492e+01
<MIXTURE> 57 6.132464e-03
<MEAN> 25
 7.228069e+00 -6.904289e+00 -9.152707e+00 -8.870297e+00 3.495077e+00 2.930125e+00 -2.542079e+00 -1.037327e+00 2.108562e+00 1.063031e+00 -1.855057e+00 -8.089197e+00 1.072519e-02 1.008832e-01 -8.343539e-02 1.042947e-02 2.548198e-01 7.260201e-02 1.633018e-01 -2.441472e-01 -5.294359e-02 -8.067865e-02 2.804329e-02 1.099786e-02 -8.533609e-03
<VARIANCE> 25
 9.104891e+00 2.269720e+01 1.813555e+01 3.972874e+01 3.135161e+01 5.318699e+01 5.606067e+01 3.512757e+01 3.505702e+01 3.496848e+01 4.230236e+01 3.810485e+01 2.170558e-01 4.369167e-01 4.618188e-01 7.700562e-01 7.314507e-01 1.010000e+00 8.678620e-01 9.470571e-01 8.506624e-01 8.848890e-01 1.069331e+00 8.765262e-01 2.443445e-04
<GCONST> 7.480492e+01
<MIXTURE> 58 6.172147e-03
<MEAN> 25
 2.907293e+00 -3.639287e+00 6.854985e+00 -5.010278e+00 -1.261944e+01 -6.887933e+00 1.118358e+00 1.708548e+00 -2.809991e+00 1.600289e+00 1.177868e+00 -8.260530e-01 3.370723e-03 -1.777194e-01 -9.439486e-02 -1.283472e-01 -1.592227e-02 2.646214e-01 3.641103e-01 2.885436e-01 -6.623950e-02 9.634393e-02 -2.036742e-01 -1.001387e-01 -2.793022e-03
<VARIANCE> 25
 7.497913e+00 1.884129e+01 1.977155e+01 2.534478e+01 2.332247e+01 4.903753e+01 2.990847e+01 3.562397e+01 3.076094e+01 2.991808e+01 2.706326e+01 2.063416e+01 2.939141e-01 8.317420e-01 6.930405e-01 9.801864e-01 7.868671e-01 1.077488e+00 1.017779e+00 1.287574e+00 1.095234e+00 1.075017e+00 1.000535e+00 8.098813e-01 7.813271e-04
<GCONST> 7.538581e+01
<MIXTURE> 59 6.172147e-03
<MEAN> 25
 2.907293e+00 -3.639287e+00 6.854985e+00 -5.010278e+00 -1.261944e+01 -6.887933e+00 1.118358e+00 1.708548e+00 -2.809991e+00 1.600289e+00 1.177868e+00 -8.260530e-01 3.370723e-03 -1.777194e-01 -9.439486e-02 -1.283472e-01 -1.592227e-02 2.646214e-01 3.641103e-01 2.885436e-01 -6.623950e-02 9.634393e-02 -2.036742e-01 -1.001387e-01 -2.793022e-03
<VARIANCE> 25
 7.497913e+00 1.884129e+01 1.977155e+01 2.534478e+01 2.332247e+01 4.903753e+01 2.990847e+01 3.562397e+01 3.076094e+01 2.991808e+01 2.706326e+01 2.063416e+01 2.939141e-01 8.317420e-01 6.930405e-01 9.801864e-01 7.868671e-01 1.077488e+00 1.017779e+00 1.287574e+00 1.095234e+00 1.075017e+00 1.000535e+00 8.098813e-01 7.813271e-04
<GCONST> 7.538581e+01
<MIXTURE> 60 4.479129e-03
<MEAN> 25
 -3.567708e+00 3.504695e-02 -1.360543e-01 3.724567e+00 2.150582e+00 2.945198e+00 2.155194e+00 1.133556e+00 2.355812e+00 6.122963e-01 6.774727e-01 2.286475e+00 -4.067443e-02 6.579485e-02 9.893669e-02 9.076531e-02 1.052684e-01 1.104935e-01 2.823239e-01 3.813774e-01 5.014346e-01 7.261994e-01 4.487540e-01 3.203308e-01 -1.121815e-05
<VARIANCE> 25
 5.567687e+00 4.378118e+00 8.789005e+00 9.001831e+00 1.152338e+01 1.540707e+01 1.413726e+01 1.159141e+01 1.152193e+01 1.455012e+01 1.725141e+01 1.077991e+01 7.620528e-02 1.510232e-01 2.717305e-01 3.400672e-01 5.829892e-01 6.157821e-01 8.133427e-01 8.319139e-01 8.245656e-01 8.530974e-01 7.581297e-01 9.791892e-01 3.215267e-05
<GCONST> 5.488114e+01
<MIXTURE> 61 4.479129e-03
<MEAN> 25
 -3.567708e+00 3.504695e-02 -1.360543e-01 3.724567e+00 2.150582e+00 2.945198e+00 2.155194e+00 1.133556e+00 2.355812e+00 6.122963e-01 6.774727e-01 2.286475e+00 -4.067443e-02 6.579485e-02 9.893669e-02 9.076531e-02 1.052684e-01 1.104935e-01 2.823239e-01 3.813774e-01 5.014346e-01 7.261994e-01 4.487540e-01 3.203308e-01 -1.121815e-05
<VARIANCE> 25
 5.567687e+00 4.378118e+00 8.789005e+00 9.001831e+00 1.152338e+01 1.540707e+01 1.413726e+01 1.159141e+01 1.152193e+01 1.455012e+01 1.725141e+01 1.077991e+01 7.620528e-02 1.510232e-01 2.717305e-01 3.400672e-01 5.829892e-01 6.157821e-01 8.133427e-01 8.319139e-01 8.245656e-01 8.530974e-01 7.581297e-01 9.791892e-01 3.215267e-05
<GCONST> 5.488114e+01
<MIXTURE> 62 3.278034e-03
<MEAN> 25
 -5.080620e+00 1.238942e+00 1.039049e+00 8.806537e+00 6.137637e+00 5.078512e+00 5.503570e+00 4.023476e+00 4.964114e+00 3.885929e+00 4.894150e+00 2.984131e+00 -1.000340e+00 -1.163280e+00 -9.561142e-01 -2.817266e-01 4.274157e-01 1.005360e+00 1.386779e+00 1.551730e+00 1.469098e+00 1.238163e+00 1.057827e+00 7.300741e-01 -1.246249e-03
<VARIANCE> 25
 9.829329e+00 9.899837e+00 1.306118e+01 1.665675e+01 1.731532e+01 1.754353e+01 1.958320e+01 1.901289e+01 1.882248e+01 1.877576e+01 2.226678e+01 1.488581e+01 4.007035e-01 4.313478e-01 5.524301e-01 7.785905e-01 1.028712e+00 1.185160e+00 1.245500e+00 1.271659e+00 1.336864e+00 1.360434e+00 1.405462e+00 1.366089e+00 1.628237e-05
<GCONST> 6.749844e+01
<MIXTURE> 63 4.351215e-03
<MEAN> 25
 -3.203474e+00 -8.203354e-01 -3.167905e+00 2.266661e+00 2.961813e+00 6.125616e-01 2.172367e+00 7.444412e-01 2.631084e+00 -7.498925e-02 -2.159168e+00 2.048518e+00 -2.648312e-01 2.339780e-01 4.917690e-01 5.532935e-01 4.604156e-01 5.284967e-01 6.301966e-01 2.652412e-01 5.517447e-02 -1.257357e-02 2.912086e-02 4.628684e-02 -5.554881e-03
<VARIANCE> 25
 8.744040e+00 1.295113e+01 1.571980e+01 1.227044e+01 1.618181e+01 2.220733e+01 2.221772e+01 1.950006e+01 1.992112e+01 2.212947e+01 1.963330e+01 1.444917e+01 2.744540e-01 3.281209e-01 4.881356e-01 5.772787e-01 8.536918e-01 1.171063e+00 1.253857e+00 1.145743e+00 1.256205e+00 1.527492e+00 1.184852e+00 1.007720e+00 1.742161e-04
<GCONST> 6.849267e+01
<MIXTURE> 64 4.351215e-03
<MEAN> 25
 -3.203474e+00 -8.203354e-01 -3.167905e+00 2.266661e+00 2.961813e+00 6.125616e-01 2.172367e+00 7.444412e-01 2.631084e+00 -7.498925e-02 -2.159168e+00 2.048518e+00 -2.648312e-01 2.339780e-01 4.917690e-01 5.532935e-01 4.604156e-01 5.284967e-01 6.301966e-01 2.652412e-01 5.517447e-02 -1.257357e-02 2.912086e-02 4.628684e-02 -5.554881e-03
<VARIANCE> 25
 8.744040e+00 1.295113e+01 1.571980e+01 1.227044e+01 1.618181e+01 2.220733e+01 2.221772e+01 1.950006e+01 1.992112e+01 2.212947e+01 1.963330e+01 1.444917e+01 2.744540e-01 3.281209e-01 4.881356e-01 5.772787e-01 8.536918e-01 1.171063e+00 1.253857e+00 1.145743e+00 1.256205e+00 1.527492e+00 1.184852e+00 1.007720e+00 1.742161e-04
<GCONST> 6.849267e+01
<MIXTURE> 65 1.721197e-02
<MEAN> 25
 7.885504e+00 1.808334e+00 2.166784e+00 1.052547e+00 -5.248398e+00 -3.915385e+00 -5.593163e+00 -7.043249e+00 -3.288370e+00 -1.820894e+00 -5.452000e+00 -1.217018e+00 1.318706e-01 1.752133e-01 4.873867e-02 9.657625e-02 -1.224691e-01 3.422209e-01 -1.666547e-01 -2.506233e-01 2.146008e-01 -5.960637e-03 1.974249e-02 -1.465157e-01 -6.026574e-03
<VARIANCE> 25
 1.009232e+01 1.922282e+01 2.451426e+01 3.613059e+01 3.534457e+01 5.647900e+01 5.347437e+01 5.991354e+01 5.340340e+01 5.545615e+01 5.201232e+01 5.076627e+01 5.377702e-01 9.247453e-01 1.584866e+00 1.735488e+00 1.919006e+00 2.368559e+00 2.159354e+00 3.173533e+00 2.317676e+00 2.372330e+00 2.266122e+00 2.010764e+00 4.134170e-04
<GCONST> 8.872643e+01
<MIXTURE> 66 1.191532e-02
<MEAN> 25
 6.626256e+00 -3.942832e+00 -6.154449e+00 -5.264048e+00 1.000343e+00 -4.712216e+00 -6.678898e+00 7.301804e-01 1.606392e+00 -6.613652e-01 -5.827240e+00 -3.649335e+00 -1.246517e-01 1.577877e+00 1.905179e+00 2.195719e+00 -9.747498e-01 -9.129937e-01 1.164937e-01 -5.696554e-01 5.802156e-02 -1.111092e-01 -5.149559e-01 1.191182e+00 -6.785368e-02
<VARIANCE> 25
 8.135177e+00 2.020016e+01 2.500855e+01 3.161051e+01 3.283460e+01 4.661444e+01 4.792936e+01 3.932650e+01 5.412446e+01 6.471124e+01 3.613440e+01 3.331021e+01 1.212623e+00 2.117630e+00 2.544717e+00 2.144653e+00 4.051826e+00 4.538317e+00 3.703458e+00 4.253494e+00 4.057847e+00 4.336721e+00 4.118490e+00 3.264143e+00 1.465018e-03
<GCONST> 9.510006e+01
<MIXTURE> 67 1.559142e-02
<MEAN> 25
 8.628948e+00 2.828863e+00 -5.527968e+00 -9.080132e+00 1.693764e-01 3.267391e+00 -4.471571e+00 -1.898779e+00 -5.234333e+00 2.558170e-01 2.603975e+00 -2.674925e+00 -9.498713e-01 1.527007e+00 7.126075e-01 2.866143e+00 1.180425e+00 -5.067567e-01 1.475949e+00 -5.460456e-02 7.480746e-01 3.571332e-01 -1.650945e+00 1.629954e+00 -1.270389e-01
<VARIANCE> 25
 8.695547e+00 3.797456e+01 2.416701e+01 4.339833e+01 3.710088e+01 4.207212e+01 5.009382e+01 3.640498e+01 6.416864e+01 4.896295e+01 7.234917e+01 4.435836e+01 1.791520e+00 2.658023e+00 2.518369e+00 3.482450e+00 3.414313e+00 3.558988e+00 3.875039e+00 3.752183e+00 4.468450e+00 3.424596e+00 6.513093e+00 4.224057e+00 2.290496e-03
<GCONST> 9.856006e+01
<MIXTURE> 68 1.485092e-02
<MEAN> 25
 -1.872324e+00 -2.528323e+00 -3.981028e+00 1.045724e+00 4.431684e+00 -4.702633e-01 1.757948e+00 1.750314e+00 1.583106e+00 5.371113e-01 1.540174e+00 1.889218e+00 2.620453e+00 3.269474e-01 7.786661e-02 -2.419011e+00 -2.409757e+00 -1.872378e+00 -2.476242e+00 -1.635940e+00 -1.753600e+00 -1.392082e+00 -1.210594e+00 -1.124223e+00 1.084975e-01
<VARIANCE> 25
 2.308723e+01 3.038991e+01 5.271891e+01 4.609436e+01 4.573557e+01 4.933387e+01 4.061235e+01 3.739806e+01 3.580820e+01 4.726766e+01 3.925442e+01 2.405245e+01 1.847057e+00 3.473995e+00 6.147037e+00 5.575546e+00 4.084723e+00 6.287566e+00 5.065046e+00 4.489980e+00 4.630563e+00 4.821662e+00 7.798107e+00 3.159239e+00 5.655037e-03
<GCONST> 1.025256e+02
<MIXTURE> 69 1.204884e-02
<MEAN> 25
 4.794460e+00 -4.314575e+00 -3.107303e+00 -3.287570e+00 -3.704146e+00 -8.360769e+00 -1.143008e+00 2.439156e+00 -7.073275e-01 -4.058486e+00 -5.102519e+00 8.605323e-01 1.839808e+00 -2.226066e+00 -1.256685e+00 -2.116454e+00 -7.071481e-01 -6.607435e-01 -5.428658e-01 6.406529e-01 -7.234350e-01 -1.190803e+00 -2.094477e+00 -9.615254e-02 6.578218e-02
<VARIANCE> 25
 8.479188e+00 2.062571e+01 2.652665e+01 2.481166e+01 3.951232e+01 3.495176e+01 4.495009e+01 2.935678e+01 3.764663e+01 3.934780e+01 3.170317e+01 2.272209e+01 3.562889e+00 2.676735e+00 3.122091e+00 3.563990e+00 5.592003e+00 5.532641e+00 6.591959e+00 5.618028e+00 5.513220e+00 6.044616e+00 4.112479e+00 3.497226e+00 2.331250e-03
<GCONST> 9.771597e+01
<MIXTURE> 70 1.329190e-02
<MEAN> 25
 7.029359e+00 -1.926545e+00 -4.433776e+00 -4.454583e+00 -1.202971e-01 -3.271193e-02 -7.607519e+00 -3.477152e+00 -6.901323e-01 3.140869e+00 1.326339e+00 -5.233577e+00 1.802830e+00 -1.132948e+00 -9.360994e-01 -2.485314e+00 -1.455667e+00 9.046275e-01 -1.500665e+00 9.330714e-02 2.557641e-02 -5.420579e-02 1.138423e+00 -1.777278e+00 6.881018e-02
<VARIANCE> 25
 9.722631e+00 2.163898e+01 2.762356e+01 4.517088e+01 3.163029e+01 4.854964e+01 4.443780e+01 4.043095e+01 5.797104e+01 2.999554e+01 5.962149e+01 2.838853e+01 3.366368e+00 3.353504e+00 5.026262e+00 4.615263e+00 4.772772e+00 6.146141e+00 6.078515e+00 8.449379e+00 6.619860e+00 4.926450e+00 6.675766e+00 4.203923e+00 2.649134e-03
<GCONST> 1.019215e+02
<MIXTURE> 71 1.406903e-02
<MEAN> 25
 6.454785e+00 4.736526e+00 4.152536e+00 3.213092e+00 -3.504215e+00 -2.631023e+00 -3.634293e+00 -7.475938e+00 -4.047661e+00 -1.832512e+00 -4.693850e+00 -2.550265e+00 -1.473291e+00 -7.482460e-01 -6.172072e-01 -1.892072e+00 1.062842e+00 -5.399432e-01 -2.640144e-01 2.221830e+00 2.585650e-01 -6.009313e-02 7.282906e-01 -2.578667e-01 4.144235e-02
<VARIANCE> 25
 1.662400e+01 2.290006e+01 2.056855e+01 3.857112e+01 3.602044e+01 3.832174e+01 3.670316e+01 4.156340e+01 3.553693e+01 4.077341e+01 3.252528e+01 3.201890e+01 1.544589e+00 2.762253e+00 5.178547e+00 4.279970e+00 4.030414e+00 4.769801e+00 4.630835e+00 7.086241e+00 3.706554e+00 3.572709e+00 3.116766e+00 3.842987e+00 1.362947e-03
<GCONST> 9.681701e+01
<MIXTURE> 72 8.134747e-03
<MEAN> 25
 3.792813e+00 -3.701516e+00 5.450120e+00 -2.481656e+00 -1.039192e+01 -9.647041e+00 -2.451048e+00 1.963285e+00 -4.943186e+00 -2.191829e+00 -1.845830e+00 6.095125e-01 9.281823e-01 -7.832772e-01 -2.562887e+00 4.621249e-01 2.126718e+00 -6.452989e-01 -1.310622e+00 1.518337e+00 1.798969e+00 -5.831090e-01 -1.288245e+00 4.018692e-01 -6.204242e-03
<VARIANCE> 25
 1.074809e+01 1.962728e+01 3.274368e+01 3.831993e+01 3.213976e+01 3.330172e+01 4.081563e+01 3.634873e+01 4.358759e+01 4.120293e+01 3.897490e+01 2.852684e+01 4.337166e-01 1.023124e+00 2.040139e+00 1.464706e+00 2.194653e+00 2.355829e+00 3.051886e+00 2.736886e+00 2.649524e+00 2.972677e+00 2.020550e+00 2.118630e+00 5.414357e-04
<GCONST> 8.726260e+01
<MIXTURE> 73 1.213625e-02
<MEAN> 25
 -5.164448e+00 -5.191178e-01 -8.840084e-01 4.369154e+00 4.211165e+00 2.659175e+00 5.012823e+00 3.567665e+00 3.854501e+00 2.767078e+00 3.663633e+00 2.380652e+00 1.085990e+00 -1.144306e+00 -1.070609e+00 -2.484794e+00 -1.397981e+00 -1.663609e+00 -1.227814e+00 -4.485909e-01 -1.100636e+00 -7.317148e-01 -2.093366e-01 -2.116413e-01 1.432096e-01
<VARIANCE> 25
 1.205077e+01 1.284964e+01 1.390554e+01 1.988404e+01 2.052857e+01 2.142466e+01 1.748576e+01 1.714098e+01 1.637860e+01 1.798961e+01 2.325420e+01 1.740955e+01 4.041227e+00 2.569689e+00 5.432258e+00 4.444573e+00 5.060584e+00 4.343638e+00 3.920765e+00 3.693064e+00 4.044211e+00 4.365868e+00 6.872316e+00 2.837393e+00 4.041068e-03
<GCONST> 9.170760e+01
<MIXTURE> 74 1.756491e-02
<MEAN> 25
 4.604138e+00 -2.708248e+00 3.525563e+00 -1.027427e+00 -8.768703e+00 -9.500251e+00 -2.459424e+00 2.503709e+00 -4.360805e+00 -1.948208e+00 -1.781611e+00 1.893639e-01 1.360777e-01 2.008498e+00 -2.603759e-01 1.539743e+00 9.732667e-01 6.221226e-01 4.589155e-02 -1.673987e+00 9.815028e-01 1.278055e-01 -7.856131e-01 5.187092e-01 -8.579145e-02
<VARIANCE> 25
 9.257874e+00 1.972492e+01 3.149020e+01 3.113054e+01 2.822975e+01 3.057126e+01 3.568441e+01 4.011195e+01 3.967841e+01 3.469376e+01 3.488025e+01 2.607993e+01 1.490915e+00 1.462131e+00 3.286996e+00 2.075422e+00 2.796264e+00 2.966252e+00 3.461288e+00 3.354731e+00 4.002718e+00 2.920851e+00 3.323424e+00 2.720047e+00 1.507106e-03
<GCONST> 9.153938e+01
<MIXTURE> 75 9.711651e-03
<MEAN> 25
 2.829068e+00 -1.852465e+00 9.941055e+00 1.155347e+00 -1.078406e+01 -9.032147e+00 -5.027630e+00 1.307410e-02 -4.364148e+00 -4.212247e+00 4.278055e+00 -2.172698e-01 1.688955e+00 -1.738469e+00 4.916057e-01 -4.176427e-01 -2.216966e+00 -1.092120e+00 -1.408932e+00 9.617805e-01 -3.049167e-01 -1.503199e-01 9.677473e-01 -7.081490e-01 5.117846e-02
<VARIANCE> 25
 9.749398e+00 1.896829e+01 3.048734e+01 2.433666e+01 2.567958e+01 3.353807e+01 2.886045e+01 2.683044e+01 2.743364e+01 2.842549e+01 2.507796e+01 1.871208e+01 2.505139e+00 1.586267e+00 4.367404e+00 2.138298e+00 3.365341e+00 5.046162e+00 3.683293e+00 2.847137e+00 3.336060e+00 2.988465e+00 2.805096e+00 2.396769e+00 1.856578e-03
<GCONST> 9.070908e+01
<MIXTURE> 76 1.052359e-02
<MEAN> 25
 -6.399208e+00 -7.910573e-01 -2.234422e+00 3.923251e+00 4.118673e+00 2.530609e+00 4.306808e+00 1.611934e+00 2.381560e+00 2.230874e-01 8.716418e-01 2.081735e+00 -9.341412e-02 -4.984897e-01 -4.023352e-01 -8.082859e-01 -6.424541e-01 -7.999912e-01 -5.526977e-01 -3.452042e-01 -5.085978e-01 -4.110868e-01 -1.494257e-02 -2.005056e-01 2.165790e-02
<VARIANCE> 25
 3.323597e+01 2.700157e+01 2.791273e+01 2.380580e+01 2.661053e+01 3.011669e+01 2.486818e+01 2.573746e+01 2.308624e+01 2.627202e+01 2.880250e+01 1.841854e+01 1.154045e+00 1.156219e+00 1.413355e+00 1.259427e+00 1.277031e+00 1.591376e+00 1.704525e+00 1.495576e+00 1.623039e+00 1.701820e+00 2.209769e+00 1.297493e+00 1.282719e-03
<GCONST> 8.299549e+01
<MIXTURE> 77 1.244626e-02
<MEAN> 25
 -4.577929e-01 8.567534e+00 1.237815e+01 -1.157123e+01 -6.996067e+00 9.249271e-01 -9.243879e+00 -7.221600e+00 -3.359147e+00 -1.959352e-01 -4.608471e+00 -1.428298e+00 6.051746e-02 1.346388e-01 7.422746e-02 2.460833e-01 -2.179409e-02 7.060490e-02 -7.082908e-02 -7.013895e-02 8.558201e-02 -3.873887e-02 2.764751e-02 1.215656e-01 -9.917410e-03
<VARIANCE> 25
 1.038368e+01 1.998857e+01 2.835519e+01 4.174403e+01 3.301942e+01 3.372871e+01 3.667332e+01 3.167514e+01 3.542510e+01 3.317707e+01 3.764658e+01 3.517825e+01 3.063085e-01 7.746834e-01 6.413278e-01 1.083788e+00 1.244036e+00 1.004594e+00 1.226099e+00 1.082527e+00 1.039782e+00 1.069127e+00 9.676221e-01 9.248372e-01 5.365738e-04
<GCONST> 7.785803e+01
<MIXTURE> 78 9.702551e-03
<MEAN> 25
 -1.092459e+01 5.208945e-01 -1.181290e-01 2.380254e+00 3.978330e+00 -1.889181e+00 4.450793e+00 2.706172e+00 1.166742e+00 -5.725471e-01 1.090561e+00 3.075917e+00 2.540730e+00 -4.168580e-01 1.645964e-01 3.834685e-01 -1.323361e-01 9.164184e-02 -3.987337e-01 -2.749849e-01 3.664525e-01 5.515347e-01 -1.082707e+00 -6.275738e-01 -6.455786e-02
<VARIANCE> 25
 3.451537e+01 2.644335e+01 3.250430e+01 2.521758e+01 3.204020e+01 3.191484e+01 3.408134e+01 3.009805e+01 2.827167e+01 2.931916e+01 3.145033e+01 1.820718e+01 4.040349e+00 2.472850e+00 3.127277e+00 2.888609e+00 2.301413e+00 3.101185e+00 3.248496e+00 3.175003e+00 2.017388e+00 2.355297e+00 3.196948e+00 1.727499e+00 3.884296e-03
<GCONST> 9.292383e+01
<MIXTURE> 79 1.156824e-02
<MEAN> 25
 2.422706e+00 1.578420e+00 9.196289e+00 -6.613377e+00 -1.208075e+01 -1.818790e+00 -1.916365e+00 -6.476664e+00 -6.582939e+00 3.242786e-01 -3.516110e+00 -3.298174e+00 1.221940e+00 -5.257712e-01 -1.433343e+00 2.355122e+00 3.804324e-01 -1.473935e+00 5.350868e-01 8.877168e-01 -4.359764e-01 -5.428334e-01 3.578216e-01 2.804090e-01 -3.633990e-02
<VARIANCE> 25
 1.424461e+01 2.416385e+01 3.789347e+01 4.980035e+01 3.337446e+01 4.356098e+01 4.289236e+01 3.682911e+01 3.898296e+01 3.983204e+01 4.400657e+01 3.070908e+01 9.441276e-01 2.263578e+00 1.895486e+00 2.086272e+00 2.474602e+00 2.817360e+00 3.198886e+00 3.536936e+00 2.517179e+00 2.736463e+00 2.319932e+00 2.032286e+00 1.232707e-03
<GCONST> 9.181881e+01
<MIXTURE> 80 7.550998e-03
<MEAN> 25
 -1.455893e+01 3.821720e+00 4.807036e-01 2.965142e+00 2.529121e+00 9.788154e-01 6.622381e+00 2.486786e+00 2.139354e+00 1.820205e+00 5.148578e+00 1.236159e+00 4.151294e+00 -2.913493e-01 1.742669e+00 -1.226003e+00 -2.721359e+00 -2.626160e+00 -2.087759e+00 -1.787418e+00 -1.944232e+00 -1.473989e+00 -1.634747e+00 -5.867701e-01 -4.563303e-02
<VARIANCE> 25
 2.033483e+01 1.892584e+01 3.193854e+01 3.160411e+01 2.801146e+01 2.809284e+01 2.604198e+01 2.622565e+01 2.693959e+01 2.875938e+01 2.525131e+01 1.664636e+01 2.351149e+00 3.070334e+00 2.606708e+00 3.828678e+00 3.289155e+00 2.632406e+00 3.468755e+00 3.329244e+00 2.658837e+00 2.832647e+00 2.517209e+00 1.957828e+00 1.429812e-03
<GCONST> 9.065136e+01
<MIXTURE> 81 8.025434e-03
<MEAN> 25
 -1.115917e+00 4.072583e+00 1.015988e+01 -1.479202e+01 -9.073339e+00 -1.425978e+00 -6.763944e+00 -8.425062e+00 -4.155648e+00 -4.219566e-01 -7.556292e+00 -2.229137e+00 1.309984e-01 -5.870839e-01 -2.351632e-03 -5.569123e-01 -4.652798e-01 3.300870e-01 3.163035e-01 1.328359e-01 -1.392808e-01 1.080537e-01 -4.688254e-01 -1.223854e-01 1.148168e-02
<VARIANCE> 25
 1.013724e+01 3.275998e+01 2.662105e+01 2.929523e+01 3.367308e+01 3.047379e+01 4.537061e+01 2.820416e+01 3.793335e+01 3.184893e+01 2.544232e+01 3.116465e+01 7.753265e-01 2.273173e+00 1.543171e+00 2.867498e+00 2.659215e+00 2.136159e+00 3.281529e+00 2.292639e+00 2.351875e+00 2.535648e+00 2.294717e+00 2.079256e+00 1.181738e-03
<GCONST> 8.868846e+01
<MIXTURE> 82 8.213053e-03
<MEAN> 25
 -9.889115e+00 -3.892599e+00 1.597683e+00 -2.943990e+00 3.082560e+00 6.841723e-01 1.992418e+00 9.295263e-01 2.958380e+00 1.657927e+00 1.792359e+00 3.082406e+00 -1.295797e+00 -1.271023e-01 2.881790e-01 -2.585125e+00 -1.117846e+00 -1.283716e+00 -1.025180e+00 -8.641338e-01 -3.292969e-01 -4.934396e-01 -2.806663e-01 -9.391216e-02 1.779347e-01
<VARIANCE> 25
 1.857364e+01 2.487976e+01 3.232413e+01 3.076649e+01 3.288432e+01 3.215042e+01 3.162619e+01 3.270773e+01 3.066411e+01 2.554977e+01 3.094140e+01 1.739631e+01 3.773794e+00 3.033111e+00 3.301439e+00 3.284401e+00 3.552033e+00 3.313960e+00 2.940808e+00 2.994787e+00 2.789001e+00 2.504636e+00 2.575917e+00 1.866438e+00 3.435031e-03
<GCONST> 9.314482e+01
<MIXTURE> 83 1.167529e-02
<MEAN> 25
 -2.003542e+01 5.507101e+00 -1.796049e+00 -3.993051e-01 7.818875e+00 -1.233233e+00 5.460042e+00 3.038094e+00 1.189882e+00 2.184072e+00 7.336175e-01 2.879760e+00 -2.726582e-02 -4.503370e-01 4.834344e-03 -3.647600e-01 -4.949943e-01 -1.268140e-01 -1.327310e-01 -9.865642e-02 -4.118234e-02 -3.825285e-02 -2.954978e-02 -3.425713e-02 4.461499e-03
<VARIANCE> 25
 8.835373e+00 1.644319e+01 2.851620e+01 2.250574e+01 2.137190e+01 2.406127e+01 2.200700e+01 2.337669e+01 2.041762e+01 2.223502e+01 2.324304e+01 1.448185e+01 1.061805e+00 9.362205e-01 1.241907e+00 1.065914e+00 1.364029e+00 1.290751e+00 1.284451e+00 1.387596e+00 1.348939e+00 1.310487e+00 1.221003e+00 1.070799e+00 8.960183e-04
<GCONST> 7.705096e+01
<MIXTURE> 84 1.066614e-02
<MEAN> 25
 1.173587e+00 9.010345e+00 7.235895e+00 7.979828e+00 2.832958e+00 -9.047460e-01 -1.520878e+00 -4.478440e+00 -4.115463e+00 -2.908795e+00 -2.413127e+00 -1.587086e+00 -1.782561e+00 -1.183388e+00 -1.205878e+00 1.288581e+00 2.249493e+00 1.502794e+00 1.453542e+00 1.283899e+00 1.169484e+00 4.042749e-01 4.089133e-01 4.247934e-01 -7.173238e-02
<VARIANCE> 25
 2.348800e+01 1.833586e+01 2.162486e+01 2.417273e+01 2.913834e+01 2.834062e+01 2.792591e+01 2.650595e+01 2.528946e+01 2.522662e+01 2.357276e+01 2.461695e+01 2.118131e+00 2.540490e+00 3.844830e+00 3.296082e+00 3.282854e+00 3.379864e+00 3.286243e+00 3.421135e+00 3.479413e+00 3.251163e+00 3.617884e+00 2.806389e+00 3.521520e-03
<GCONST> 9.255986e+01
<MIXTURE> 85 7.591393e-03
<MEAN> 25
 -3.106050e+00 7.881948e+00 5.720721e+00 1.285322e+00 -3.493984e+00 -5.328918e+00 -2.977425e+00 -6.112457e+00 -3.542193e+00 -3.181611e+00 -4.742352e-01 -1.897223e+00 3.943073e+00 3.227595e-01 1.754792e+00 -2.089678e+00 -3.412900e+00 -2.584835e+00 -2.885791e+00 -2.338017e+00 -2.247097e+00 -1.261302e+00 -2.301430e+00 -6.154470e-01 9.285291e-03
<VARIANCE> 25
 4.247070e+01 2.350468e+01 3.645400e+01 3.818239e+01 3.971781e+01 4.119609e+01 3.217864e+01 2.794648e+01 2.661722e+01 2.610259e+01 2.622953e+01 2.055334e+01 2.705007e+00 4.325050e+00 4.058433e+00 5.179902e+00 4.406252e+00 3.881307e+00 3.849582e+00 3.993957e+00 3.849636e+00 4.043420e+00 3.941000e+00 3.483500e+00 5.449660e-03
<GCONST> 9.835599e+01
<MIXTURE> 86 1.273941e-02
<MEAN> 25
 -4.555646e+00 -7.807591e-01 -4.702659e-01 5.986897e+00 4.903757e+00 4.903047e+00 5.346862e+00 3.908823e+00 4.438908e+00 3.826343e+00 4.154561e+00 3.021915e+00 -5.644877e-02 4.586225e-02 -4.710424e-02 -5.865913e-02 -7.197043e-02 -7.329778e-02 -1.902420e-01 -2.524920e-01 -2.818328e-01 -4.230914e-01 -1.627074e-01 -1.664247e-01 -7.931404e-05
<VARIANCE> 25
 7.333286e+00 5.905812e+00 9.298851e+00 1.112492e+01 1.445805e+01 1.407276e+01 1.225240e+01 1.360257e+01 1.154012e+01 1.380635e+01 1.821743e+01 1.242968e+01 1.136760e-01 1.792152e-01 2.845519e-01 4.506137e-01 5.753908e-01 6.946373e-01 6.670793e-01 8.463151e-01 8.490000e-01 9.793933e-01 9.431036e-01 8.703455e-01 6.839795e-05
<GCONST> 5.787082e+01
<MIXTURE> 87 1.100681e-02
<MEAN> 25
 -3.378164e+00 4.539127e+00 3.465584e+00 6.899454e+00 5.501758e+00 1.012564e+00 1.731802e+00 -8.983504e-01 -5.455423e-01 -8.391879e-01 -8.933481e-01 -2.450864e-02 -2.030205e+00 -2.711944e+00 -2.089761e+00 -2.207980e+00 -6.457847e-02 -1.937621e-01 5.238149e-01 1.250958e+00 1.279994e+00 9.579655e-01 1.052707e+00 9.711401e-01 1.024854e-01
<VARIANCE> 25
 3.707980e+01 2.846288e+01 2.731863e+01 3.267881e+01 2.778109e+01 3.089574e+01 2.726298e+01 2.649125e+01 2.513843e+01 2.399943e+01 2.444662e+01 2.251356e+01 4.043033e+00 2.741353e+00 3.788957e+00 3.555948e+00 4.620437e+00 4.158003e+00 4.198951e+00 3.849113e+00 3.796352e+00 3.412133e+00 3.525991e+00 2.708923e+00 4.873019e-03
<GCONST> 9.599167e+01
<MIXTURE> 88 1.256585e-02
<MEAN> 25
 -3.766865e+00 -4.378548e-01 -4.214506e-01 4.976293e+00 4.377717e+00 4.904483e+00 4.829808e+00 1.892516e+00 3.630778e+00 1.232669e+00 3.397254e-02 2.272189e+00 1.295258e-02 3.078782e-01 1.241968e-01 4.211028e-01 1.258779e-01 2.574058e-01 7.098968e-02 -4.639311e-01 -5.537700e-02 -3.505726e-01 -7.493549e-02 -3.681968e-01 -3.773388e-03
<VARIANCE> 25
 7.053595e+00 7.601723e+00 1.163640e+01 1.180940e+01 1.445595e+01 1.830366e+01 1.701186e+01 1.775077e+01 1.650594e+01 1.857772e+01 2.611675e+01 1.509766e+01 1.456327e+00 1.524742e+00 1.816004e+00 1.614583e+00 1.817474e+00 2.338372e+00 2.431624e+00 1.973451e+00 2.020471e+00 3.111922e+00 3.916173e+00 1.608540e+00 1.873106e-03
<GCONST> 8.013078e+01
<MIXTURE> 89 9.333527e-03
<MEAN> 25
 6.055814e+00 -6.782258e+00 -3.582859e+00 -3.170640e+00 -1.596149e+00 -5.571713e+00 -6.106901e+00 4.053704e+00 3.500044e+00 -2.729313e+00 -6.031514e+00 -3.303409e+00 -5.738517e-01 1.613170e-01 1.984115e+00 9.024388e-01 -1.850314e+00 -1.630978e+00 8.786113e-01 1.252808e+00 -7.873074e-01 -1.319128e+00 4.017790e-01 1.526859e+00 -5.012674e-03
<VARIANCE> 25
 9.013566e+00 2.686279e+01 3.096375e+01 2.998715e+01 3.592152e+01 4.152074e+01 5.927230e+01 4.211736e+01 3.895227e+01 4.287302e+01 3.556114e+01 3.222903e+01 3.528211e-01 8.385609e-01 1.467053e+00 1.309930e+00 1.953300e+00 2.159711e+00 2.561541e+00 2.045484e+00 2.251336e+00 2.122107e+00 2.314756e+00 1.472252e+00 3.697213e-04
<GCONST> 8.528319e+01
<MIXTURE> 90 7.114505e-03
<MEAN> 25
 2.448416e+00 -9.724018e+00 -4.754994e+00 -3.978296e+00 -3.383854e+00 -1.813794e+00 3.366235e+00 1.181460e+00 -7.532712e+00 -1.021691e+01 -3.429841e+00 -7.391084e-01 -1.636529e-01 9.091040e-01 1.168844e+00 -8.539464e-01 -1.613036e+00 -2.119051e-01 6.448557e-01 -2.100074e-01 -1.688478e-01 7.371356e-01 1.830235e-01 -5.501019e-01 -1.114984e-02
<VARIANCE> 25
 8.492302e+00 1.778444e+01 1.981220e+01 2.802093e+01 3.683952e+01 3.217744e+01 3.852336e+01 3.640550e+01 3.521743e+01 2.769764e+01 2.700316e+01 2.613757e+01 2.237451e-01 6.127579e-01 7.866808e-01 1.042871e+00 1.470082e+00 1.591706e+00 1.780377e+00 1.654622e+00 1.810340e+00 1.678371e+00 1.495482e+00 1.308664e+00 2.149977e-04
<GCONST> 7.813314e+01
<MIXTURE> 91 7.852945e-03
<MEAN> 25
 6.192721e+00 -7.116708e+00 -8.580858e+00 -5.414424e+00 3.267275e+00 -8.335111e-01 -2.654216e+00 5.415798e-01 1.793038e+00 -1.629857e+00 -4.450769e+00 -5.713993e+00 2.211821e-01 1.015513e+00 2.885065e-01 5.789832e-01 4.939364e-02 -3.533128e-01 -3.249529e-01 -1.819244e-01 -6.496937e-02 3.730277e-01 -2.033023e-01 4.019172e-01 -3.732725e-02
<VARIANCE> 25
 8.937102e+00 2.282069e+01 1.773942e+01 3.864860e+01 3.269078e+01 5.069593e+01 4.733339e+01 3.497578e+01 5.240297e+01 6.363105e+01 4.058927e+01 4.438250e+01 5.378187e-01 7.782316e-01 1.049778e+00 1.300879e+00 2.059882e+00 2.445507e+00 2.133200e+00 2.242301e+00 2.222786e+00 2.060195e+00 1.883353e+00 2.022866e+00 5.601352e-04
<GCONST> 8.622280e+01
<MIXTURE> 92 7.852945e-03
<MEAN> 25
 6.192721e+00 -7.116708e+00 -8.580858e+00 -5.414424e+00 3.267275e+00 -8.335111e-01 -2.654216e+00 5.415798e-01 1.793038e+00 -1.629857e+00 -4.450769e+00 -5.713993e+00 2.211821e-01 1.015513e+00 2.885065e-01 5.789832e-01 4.939364e-02 -3.533128e-01 -3.249529e-01 -1.819244e-01 -6.496937e-02 3.730277e-01 -2.033023e-01 4.019172e-01 -3.732725e-02
<VARIANCE> 25
 8.937102e+00 2.282069e+01 1.773942e+01 3.864860e+01 3.269078e+01 5.069593e+01 4.733339e+01 3.497578e+01 5.240297e+01 6.363105e+01 4.058927e+01 4.438250e+01 5.378187e-01 7.782316e-01 1.049778e+00 1.300879e+00 2.059882e+00 2.445507e+00 2.133200e+00 2.242301e+00 2.222786e+00 2.060195e+00 1.883353e+00 2.022866e+00 5.601352e-04
<GCONST> 8.622280e+01
<MIXTURE> 93 6.122769e-03
<MEAN> 25
 -6.768140e+00 -9.200248e-01 -2.355740e+00 5.765311e+00 5.881603e+00 3.945446e+00 6.102834e+00 3.567085e+00 4.090118e+00 2.482956e+00 1.746052e+00 3.702349e+00 -6.129892e-02 -1.516065e-01 -2.579394e-01 -3.302951e-01 -3.290758e-01 -2.798460e-01 -2.131605e-01 -1.751064e-01 -1.668025e-01 -1.411249e-01 -1.016334e-01 -3.174737e-02 -8.484406e-06
<VARIANCE> 25
 9.233930e+00 6.116817e+00 8.303257e+00 1.134860e+01 1.146517e+01 1.584831e+01 1.519266e+01 1.638310e+01 1.477864e+01 1.460817e+01 1.706155e+01 1.331825e+01 8.216348e-02 1.523054e-01 2.615624e-01 3.780198e-01 4.976384e-01 6.379404e-01 7.745965e-01 8.911793e-01 9.278064e-01 8.800148e-01 8.846980e-01 9.156408e-01 1.029571e-06
<GCONST> 5.363419e+01
<MIXTURE> 94 6.122769e-03
<MEAN> 25
 -6.768140e+00 -9.200248e-01 -2.355740e+00 5.765311e+00 5.881603e+00 3.945446e+00 6.102834e+00 3.567085e+00 4.090118e+00 2.482956e+00 1.746052e+00 3.702349e+00 -6.129892e-02 -1.516065e-01 -2.579394e-01 -3.302951e-01 -3.290758e-01 -2.798460e-01 -2.131605e-01 -1.751064e-01 -1.668025e-01 -1.411249e-01 -1.016334e-01 -3.174737e-02 -8.484406e-06
<VARIANCE> 25
 9.233930e+00 6.116817e+00 8.303257e+00 1.134860e+01 1.146517e+01 1.584831e+01 1.519266e+01 1.638310e+01 1.477864e+01 1.460817e+01 1.706155e+01 1.331825e+01 8.216348e-02 1.523054e-01 2.615624e-01 3.780198e-01 4.976384e-01 6.379404e-01 7.745965e-01 8.911793e-01 9.278064e-01 8.800148e-01 8.846980e-01 9.156408e-01 1.029571e-06
<GCONST> 5.363419e+01
<MIXTURE> 95 5.258835e-03
<MEAN> 25
 -5.118191e+00 7.917746e-01 -6.836149e-01 3.650599e+00 3.938792e+00 2.998659e+00 3.586014e+00 1.077754e+00 2.689021e+00 6.571918e-01 -6.468179e-01 2.417123e+00 1.396059e-01 1.848648e-01 -3.974624e-02 -1.316705e-01 -2.210646e-01 -5.900259e-01 -9.975850e-01 -1.383695e+00 -1.406749e+00 -9.826210e-01 -4.976506e-01 -4.630971e-01 -1.620009e-03
<VARIANCE> 25
 9.828108e+00 7.373814e+00 1.188467e+01 1.078232e+01 1.187602e+01 1.361373e+01 1.530359e+01 1.380991e+01 1.174444e+01 1.347109e+01 2.324851e+01 1.245885e+01 1.656994e-01 2.891923e-01 4.476214e-01 5.217870e-01 6.440310e-01 6.916193e-01 9.575269e-01 8.634967e-01 8.372285e-01 1.441281e+00 1.429708e+00 1.108191e+00 5.970161e-05
<GCONST> 6.168542e+01
<MIXTURE> 96 7.034694e-03
<MEAN> 25
 -4.939426e+00 -2.274633e-01 -1.956003e+00 5.095587e+00 3.976156e+00 2.032514e+00 3.486155e+00 1.822026e+00 2.450042e+00 6.419739e-01 6.226189e-01 2.983757e+00 -9.678664e-03 9.615695e-02 1.911353e-01 4.224986e-01 5.709811e-01 4.793485e-01 1.978923e-01 -1.047003e-01 -4.278859e-01 -5.858234e-01 -6.068570e-01 -4.183985e-01 8.609842e-05
<VARIANCE> 25
 1.044656e+01 9.516438e+00 1.277673e+01 1.320348e+01 1.396665e+01 1.923300e+01 1.800324e+01 1.784163e+01 1.738023e+01 1.653159e+01 2.186466e+01 1.375640e+01 1.194962e-01 2.100756e-01 2.990257e-01 3.850145e-01 4.799421e-01 6.450100e-01 8.411251e-01 9.557665e-01 9.760954e-01 8.800586e-01 8.585563e-01 9.347927e-01 1.178730e-06
<GCONST> 5.714641e+01
<MIXTURE> 97 7.034694e-03
<MEAN> 25
 -4.939426e+00 -2.274633e-01 -1.956003e+00 5.095587e+00 3.976156e+00 2.032514e+00 3.486155e+00 1.822026e+00 2.450042e+00 6.419739e-01 6.226189e-01 2.983757e+00 -9.678664e-03 9.615695e-02 1.911353e-01 4.224986e-01 5.709811e-01 4.793485e-01 1.978923e-01 -1.047003e-01 -4.278859e-01 -5.858234e-01 -6.068570e-01 -4.183985e-01 8.609842e-05
<VARIANCE> 25
 1.044656e+01 9.516438e+00 1.277673e+01 1.320348e+01 1.396665e+01 1.923300e+01 1.800324e+01 1.784163e+01 1.738023e+01 1.653159e+01 2.186466e+01 1.375640e+01 1.194962e-01 2.100756e-01 2.990257e-01 3.850145e-01 4.799421e-01 6.450100e-01 8.411251e-01 9.557665e-01 9.760954e-01 8.800586e-01 8.585563e-01 9.347927e-01 1.178730e-06
<GCONST> 5.714641e+01
<MIXTURE> 98 9.917808e-03
<MEAN> 25
 -1.471734e+00 1.020767e+00 -1.426211e-01 4.523872e+00 3.667257e+00 2.650791e+00 3.122961e+00 1.578245e+00 1.633246e+00 9.452249e-01 5.877405e-01 9.061939e-01 -1.750454e+00 -1.488684e+00 -1.000065e+00 1.409690e-01 6.004235e-01 7.849966e-01 1.236872e+00 1.418077e+00 1.665714e+00 1.103371e+00 1.360958e+00 9.728754e-01 -3.369090e-02
<VARIANCE> 25
 1.403552e+01 1.962566e+01 3.092577e+01 3.227109e+01 4.206733e+01 3.585442e+01 3.171585e+01 2.882896e+01 2.729699e+01 2.974037e+01 2.704922e+01 2.394390e+01 1.488234e+00 1.471809e+00 2.322814e+00 2.394151e+00 2.867563e+00 2.901879e+00 2.832404e+00 2.766747e+00 2.575382e+00 3.001768e+00 2.864571e+00 2.101018e+00 2.417146e-03
<GCONST> 9.027309e+01
<MIXTURE> 99 6.696178e-03
<MEAN> 25
 -5.888661e+00 9.740747e+00 6.150994e+00 2.632823e+00 5.303437e-01 -4.935806e+00 -1.794714e+00 -4.353990e+00 -3.689488e+00 -3.771347e+00 -1.298427e+00 8.309186e-01 3.846759e-01 -7.022744e-01 3.014714e-01 -3.988933e-01 -1.150628e+00 -6.775336e-01 -4.171055e-01 -3.967245e-01 -5.315073e-02 1.262598e-02 1.980783e-01 2.815187e-01 9.062583e-03
<VARIANCE> 25
 3.666918e+01 2.377537e+01 4.714105e+01 3.745357e+01 3.560753e+01 3.470384e+01 2.654772e+01 2.785960e+01 2.550378e+01 2.575154e+01 2.017953e+01 2.944224e+01 2.348932e+00 1.756822e+00 1.352993e+00 1.634169e+00 2.449245e+00 2.200006e+00 1.564134e+00 1.745429e+00 1.496706e+00 1.517763e+00 1.329946e+00 1.297888e+00 1.539471e-03
<GCONST> 8.658327e+01
<MIXTURE> 100 4.498084e-03
<MEAN> 25
 -1.598863e+00 6.344778e+00 1.027668e+01 -7.462722e+00 -1.078186e+01 -5.075214e+00 -4.941569e+00 -9.968741e+00 -4.718278e+00 -8.552294e-01 -2.733113e+00 -2.707998e+00 2.917794e+00 -1.260435e+00 1.299627e+00 -2.185900e+00 -3.419417e+00 -7.841586e-01 -1.218799e+00 -8.198042e-01 -1.475415e+00 3.467166e-01 -1.655583e+00 -2.862024e-01 2.015128e-03
<VARIANCE> 25
 1.362650e+01 2.105907e+01 2.246444e+01 2.642665e+01 2.301901e+01 2.372122e+01 2.911198e+01 2.170666e+01 2.748150e+01 2.265177e+01 2.241182e+01 2.134306e+01 1.799571e+00 3.953657e+00 2.919906e+00 4.286231e+00 4.184465e+00 4.537149e+00 4.015381e+00 4.340283e+00 4.167882e+00 3.895959e+00 3.910320e+00 3.224995e+00 1.674796e-03
<GCONST> 9.256883e+01
<MIXTURE> 101 6.007792e-03
<MEAN> 25
 8.089079e+00 -3.505092e+00 -6.319262e+00 -6.878686e+00 8.436244e-01 -1.269518e+00 -1.058041e+01 -2.041270e+00 1.626171e+00 2.716953e+00 -2.373199e+00 -5.171427e+00 6.721277e-01 6.497614e-01 -1.455929e+00 -1.609654e+00 1.030601e+00 2.313971e+00 1.999212e-01 -1.459103e+00 -1.063094e+00 1.031892e+00 1.374251e+00 -4.187674e-01 -4.793862e-03
<VARIANCE> 25
 9.271674e+00 1.680532e+01 2.980096e+01 4.276936e+01 3.615200e+01 3.578844e+01 3.698068e+01 3.629466e+01 3.778854e+01 4.389298e+01 5.175975e+01 2.455492e+01 2.939508e-01 6.687409e-01 1.170735e+00 1.549334e+00 1.685261e+00 2.101466e+00 2.085807e+00 1.989259e+00 2.344895e+00 2.222593e+00 1.782494e+00 1.937488e+00 3.445580e-04
<GCONST> 8.364793e+01
<MIXTURE> 102 6.007792e-03
<MEAN> 25
 8.089079e+00 -3.505092e+00 -6.319262e+00 -6.878686e+00 8.436244e-01 -1.269518e+00 -1.058041e+01 -2.041270e+00 1.626171e+00 2.716953e+00 -2.373199e+00 -5.171427e+00 6.721277e-01 6.497614e-01 -1.455929e+00 -1.609654e+00 1.030601e+00 2.313971e+00 1.999212e-01 -1.459103e+00 -1.063094e+00 1.031892e+00 1.374251e+00 -4.187674e-01 -4.793862e-03
<VARIANCE> 25
 9.271674e+00 1.680532e+01 2.980096e+01 4.276936e+01 3.615200e+01 3.578844e+01 3.698068e+01 3.629466e+01 3.778854e+01 4.389298e+01 5.175975e+01 2.455492e+01 2.939508e-01 6.687409e-01 1.170735e+00 1.549334e+00 1.685261e+00 2.101466e+00 2.085807e+00 1.989259e+00 2.344895e+00 2.222593e+00 1.782494e+00 1.937488e+00 3.445580e-04
<GCONST> 8.364793e+01
<MIXTURE> 103 5.694618e-03
<MEAN> 25
 3.367349e+00 -9.479197e+00 -6.130942e+00 -3.088718e+00 -1.332493e+00 -1.972123e+00 2.439267e+00 2.516039e+00 -4.612467e+00 -9.255635e+00 -5.062366e+00 3.631869e-01 -1.575421e-01 -1.488712e+00 -9.807094e-01 3.754973e-01 1.213514e+00 1.020299e+00 1.591361e-01 -2.672990e-01 -7.810333e-01 -9.464261e-01 -3.546191e-02 1.201760e-01 2.693765e-02
<VARIANCE> 25
 1.034160e+01 2.032978e+01 2.291559e+01 3.168628e+01 4.804927e+01 3.504351e+01 4.639980e+01 3.668698e+01 4.211557e+01 2.935221e+01 3.005963e+01 2.640351e+01 6.439116e-01 1.251796e+00 1.537565e+00 1.939798e+00 2.926822e+00 2.410080e+00 2.890378e+00 2.576891e+00 2.562919e+00 2.523906e+00 2.097646e+00 2.016295e+00 8.077091e-04
<GCONST> 8.757432e+01
<MIXTURE> 104 5.694618e-03
<MEAN> 25
 3.367349e+00 -9.479197e+00 -6.130942e+00 -3.088718e+00 -1.332493e+00 -1.972123e+00 2.439267e+00 2.516039e+00 -4.612467e+00 -9.255635e+00 -5.062366e+00 3.631869e-01 -1.575421e-01 -1.488712e+00 -9.807094e-01 3.754973e-01 1.213514e+00 1.020299e+00 1.591361e-01 -2.672990e-01 -7.810333e-01 -9.464261e-01 -3.546191e-02 1.201760e-01 2.693765e-02
<VARIANCE> 25
 1.034160e+01 2.032978e+01 2.291559e+01 3.168628e+01 4.804927e+01 3.504351e+01 4.639980e+01 3.668698e+01 4.211557e+01 2.935221e+01 3.005963e+01 2.640351e+01 6.439116e-01 1.251796e+00 1.537565e+00 1.939798e+00 2.926822e+00 2.410080e+00 2.890378e+00 2.576891e+00 2.562919e+00 2.523906e+00 2.097646e+00 2.016295e+00 8.077091e-04
<GCONST> 8.757432e+01
<MIXTURE> 105 4.710235e-03
<MEAN> 25
 2.432344e+00 -2.449623e+00 8.530219e+00 -2.968764e+00 -1.099041e+01 -6.650933e+00 -4.057818e+00 2.589900e-01 -3.872363e+00 -3.035832e+00 2.856380e+00 -1.628336e+00 -2.610009e-03 7.714682e-03 -3.610392e-04 -1.074055e-01 -2.814391e-02 9.401661e-02 1.574313e-01 2.060795e-01 -2.927628e-02 1.671134e-03 -3.830231e-02 -1.013217e-01 -1.254281e-03
<VARIANCE> 25
 1.175431e+01 2.966416e+01 3.708224e+01 3.821659e+01 3.315727e+01 5.617312e+01 3.487696e+01 4.107929e+01 3.368862e+01 3.983536e+01 5.059711e+01 2.912573e+01 7.860947e-02 1.625851e-01 3.028668e-01 3.164907e-01 3.584189e-01 4.011357e-01 6.057477e-01 6.364638e-01 4.565716e-01 4.081895e-01 4.229394e-01 3.909793e-01 8.997637e-05
<GCONST> 6.595895e+01
<MIXTURE> 106 4.710235e-03
<MEAN> 25
 2.432344e+00 -2.449623e+00 8.530219e+00 -2.968764e+00 -1.099041e+01 -6.650933e+00 -4.057818e+00 2.589900e-01 -3.872363e+00 -3.035832e+00 2.856380e+00 -1.628336e+00 -2.610009e-03 7.714682e-03 -3.610392e-04 -1.074055e-01 -2.814391e-02 9.401661e-02 1.574313e-01 2.060795e-01 -2.927628e-02 1.671134e-03 -3.830231e-02 -1.013217e-01 -1.254281e-03
<VARIANCE> 25
 1.175431e+01 2.966416e+01 3.708224e+01 3.821659e+01 3.315727e+01 5.617312e+01 3.487696e+01 4.107929e+01 3.368862e+01 3.983536e+01 5.059711e+01 2.912573e+01 7.860947e-02 1.625851e-01 3.028668e-01 3.164907e-01 3.584189e-01 4.011357e-01 6.057477e-01 6.364638e-01 4.565716e-01 4.081895e-01 4.229394e-01 3.909793e-01 8.997637e-05
<GCONST> 6.595895e+01
<MIXTURE> 107 5.452374e-03
<MEAN> 25
 8.619529e+00 -2.309115e+00 -8.052335e+00 -9.539471e+00 1.945775e+00 2.923843e+00 -8.620102e+00 -4.548532e+00 -8.172473e-01 3.412529e+00 8.071937e-01 -5.067324e+00 -6.142884e-01 -7.599730e-01 8.340266e-01 1.772688e+00 2.210214e-01 -2.007560e+00 -9.131929e-01 8.449253e-01 1.771116e+00 4.715993e-02 -1.650637e+00 -8.127251e-01 -2.155970e-03
<VARIANCE> 25
 9.275102e+00 2.040562e+01 2.826216e+01 4.265650e+01 3.563010e+01 3.851008e+01 5.098082e+01 3.606934e+01 4.656448e+01 4.169345e+01 5.153421e+01 3.023079e+01 3.578035e-01 9.759856e-01 1.455076e+00 2.400717e+00 2.279109e+00 2.816124e+00 2.612148e+00 2.533739e+00 2.290270e+00 3.014280e+00 1.947108e+00 2.205232e+00 7.220447e-04
<GCONST> 8.805162e+01
<MIXTURE> 108 5.452374e-03
<MEAN> 25
 8.619529e+00 -2.309115e+00 -8.052335e+00 -9.539471e+00 1.945775e+00 2.923843e+00 -8.620102e+00 -4.548532e+00 -8.172473e-01 3.412529e+00 8.071937e-01 -5.067324e+00 -6.142884e-01 -7.599730e-01 8.340266e-01 1.772688e+00 2.210214e-01 -2.007560e+00 -9.131929e-01 8.449253e-01 1.771116e+00 4.715993e-02 -1.650637e+00 -8.127251e-01 -2.155970e-03
<VARIANCE> 25
 9.275102e+00 2.040562e+01 2.826216e+01 4.265650e+01 3.563010e+01 3.851008e+01 5.098082e+01 3.606934e+01 4.656448e+01 4.169345e+01 5.153421e+01 3.023079e+01 3.578035e-01 9.759856e-01 1.455076e+00 2.400717e+00 2.279109e+00 2.816124e+00 2.612148e+00 2.533739e+00 2.290270e+00 3.014280e+00 1.947108e+00 2.205232e+00 7.220447e-04
<GCONST> 8.805162e+01
<MIXTURE> 109 6.661064e-03
<MEAN> 25
 4.084066e+00 -1.053090e+01 -8.272945e+00 -1.351842e+00 2.733402e+00 -8.070252e-02 -7.260276e-02 1.467220e+00 -2.564544e+00 -8.322288e+00 -5.381432e+00 5.794808e-02 -3.357189e-02 -1.308124e-01 -3.376154e-02 2.537627e-01 1.987936e-01 1.216080e-01 -1.230978e-01 -1.072805e-01 -3.876854e-02 -1.306368e-01 2.173543e-01 1.118348e-02 -3.559958e-03
<VARIANCE> 25
 9.081520e+00 1.831635e+01 2.019362e+01 3.131001e+01 4.083645e+01 3.715840e+01 4.646643e+01 3.436126e+01 4.595052e+01 3.579263e+01 2.948905e+01 2.809102e+01 1.928591e-01 4.219368e-01 5.380637e-01 6.359280e-01 1.228786e+00 9.931441e-01 1.254932e+00 1.090964e+00 1.117828e+00 9.504053e-01 8.756115e-01 8.828215e-01 1.823106e-04
<GCONST> 7.446086e+01
<MIXTURE> 110 6.661064e-03
<MEAN> 25
 4.084066e+00 -1.053090e+01 -8.272945e+00 -1.351842e+00 2.733402e+00 -8.070252e-02 -7.260276e-02 1.467220e+00 -2.564544e+00 -8.322288e+00 -5.381432e+00 5.794808e-02 -3.357189e-02 -1.308124e-01 -3.376154e-02 2.537627e-01 1.987936e-01 1.216080e-01 -1.230978e-01 -1.072805e-01 -3.876854e-02 -1.306368e-01 2.173543e-01 1.118348e-02 -3.559958e-03
<VARIANCE> 25
 9.081520e+00 1.831635e+01 2.019362e+01 3.131001e+01 4.083645e+01 3.715840e+01 4.646643e+01 3.436126e+01 4.595052e+01 3.579263e+01 2.948905e+01 2.809102e+01 1.928591e-01 4.219368e-01 5.380637e-01 6.359280e-01 1.228786e+00 9.931441e-01 1.254932e+00 1.090964e+00 1.117828e+00 9.504053e-01 8.756115e-01 8.828215e-01 1.823106e-04
<GCONST> 7.446086e+01
<MIXTURE> 111 4.337247e-03
<MEAN> 25
 -3.643666e+00 1.802475e-01 -8.576044e-01 1.776270e+00 1.687342e+00 1.784160e+00 6.752125e-01 -5.107169e-01 4.229483e-01 -6.565250e-01 -1.973815e+00 2.388204e+00 -6.223522e-02 -5.296794e-02 -1.352947e-01 -8.642744e-02 5.376841e-02 1.564659e-01 1.806750e-02 3.422341e-02 -2.779134e-01 -3.749775e-01 -1.263775e-01 -2.811965e-02 -1.481306e-03
<VARIANCE> 25
 5.216420e+00 4.988062e+00 8.490766e+00 7.721546e+00 1.078812e+01 2.066374e+01 1.233840e+01 1.036726e+01 1.211489e+01 1.203361e+01 1.380989e+01 1.136459e+01 7.545985e-02 1.275860e-01 2.739522e-01 3.824109e-01 5.052177e-01 6.738110e-01 8.348909e-01 9.085018e-01 8.248978e-01 9.467587e-01 7.939787e-01 8.763761e-01 2.841516e-05
<GCONST> 5.435340e+01
<MIXTURE> 112 4.337247e-03
<MEAN> 25
 -3.643666e+00 1.802475e-01 -8.576044e-01 1.776270e+00 1.687342e+00 1.784160e+00 6.752125e-01 -5.107169e-01 4.229483e-01 -6.565250e-01 -1.973815e+00 2.388204e+00 -6.223522e-02 -5.296794e-02 -1.352947e-01 -8.642744e-02 5.376841e-02 1.564659e-01 1.806750e-02 3.422341e-02 -2.779134e-01 -3.749775e-01 -1.263775e-01 -2.811965e-02 -1.481306e-03
<VARIANCE> 25
 5.216420e+00 4.988062e+00 8.490766e+00 7.721546e+00 1.078812e+01 2.066374e+01 1.233840e+01 1.036726e+01 1.211489e+01 1.203361e+01 1.380989e+01 1.136459e+01 7.545985e-02 1.275860e-01 2.739522e-01 3.824109e-01 5.052177e-01 6.738110e-01 8.348909e-01 9.085018e-01 8.248978e-01 9.467587e-01 7.939787e-01 8.763761e-01 2.841516e-05
<GCONST> 5.435340e+01
<MIXTURE> 113 5.938666e-03
<MEAN> 25
 9.975413e+00 1.757192e+00 -8.776772e+00 -1.705042e+01 -1.037976e+00 5.661397e+00 -5.283180e+00 -1.466704e+00 -5.702570e+00 -4.987504e-01 3.159856e-01 -2.049569e-01 5.301734e-03 1.416677e-02 -5.914508e-02 -1.136495e-01 1.033689e-01 1.502174e-01 5.883193e-02 3.651778e-02 -5.702577e-02 -5.219461e-02 1.792724e-01 3.591886e-02 -1.392773e-03
<VARIANCE> 25
 8.878524e+00 1.638623e+01 2.968909e+01 3.418925e+01 5.272659e+01 3.385258e+01 3.969161e+01 3.911766e+01 3.742356e+01 4.641442e+01 3.671605e+01 2.851050e+01 1.221116e-01 3.205425e-01 3.161487e-01 6.310833e-01 6.138180e-01 6.534577e-01 7.763725e-01 8.449814e-01 9.588099e-01 9.060013e-01 7.243178e-01 7.138016e-01 1.252108e-04
<GCONST> 7.112444e+01
<MIXTURE> 114 5.938666e-03
<MEAN> 25
 9.975413e+00 1.757192e+00 -8.776772e+00 -1.705042e+01 -1.037976e+00 5.661397e+00 -5.283180e+00 -1.466704e+00 -5.702570e+00 -4.987504e-01 3.159856e-01 -2.049569e-01 5.301734e-03 1.416677e-02 -5.914508e-02 -1.136495e-01 1.033689e-01 1.502174e-01 5.883193e-02 3.651778e-02 -5.702577e-02 -5.219461e-02 1.792724e-01 3.591886e-02 -1.392773e-03
<VARIANCE> 25
 8.878524e+00 1.638623e+01 2.968909e+01 3.418925e+01 5.272659e+01 3.385258e+01 3.969161e+01 3.911766e+01 3.742356e+01 4.641442e+01 3.671605e+01 2.851050e+01 1.221116e-01 3.205425e-01 3.161487e-01 6.310833e-01 6.138180e-01 6.534577e-01 7.763725e-01 8.449814e-01 9.588099e-01 9.060013e-01 7.243178e-01 7.138016e-01 1.252108e-04
<GCONST> 7.112444e+01
<MIXTURE> 115 2.935202e-03
<MEAN> 25
 -3.978218e+00 -6.202412e-01 -2.982844e+00 3.643275e+00 2.457946e+00 -3.779339e-01 2.249577e+00 3.003553e-01 1.274030e+00 -1.342216e-02 -2.336091e-01 2.570611e+00 3.608354e-02 -7.409021e-02 -2.276749e-01 -4.200269e-01 -6.423481e-01 -6.651347e-01 -6.154516e-01 -5.504616e-01 -4.991259e-01 -4.155575e-01 -2.904288e-01 -1.282057e-01 -4.235530e-05
<VARIANCE> 25
 9.005707e+00 9.994076e+00 1.355494e+01 1.230599e+01 1.311449e+01 1.730812e+01 1.676275e+01 2.047748e+01 1.784172e+01 1.664260e+01 2.059527e+01 1.486812e+01 1.984209e-01 3.344791e-01 4.699782e-01 5.546051e-01 6.249387e-01 7.725089e-01 1.002566e+00 1.144567e+00 1.046706e+00 1.005254e+00 1.075679e+00 1.080972e+00 1.036747e-06
<GCONST> 6.001932e+01
<MIXTURE> 116 2.935202e-03
<MEAN> 25
 -3.978218e+00 -6.202412e-01 -2.982844e+00 3.643275e+00 2.457946e+00 -3.779339e-01 2.249577e+00 3.003553e-01 1.274030e+00 -1.342216e-02 -2.336091e-01 2.570611e+00 3.608354e-02 -7.409021e-02 -2.276749e-01 -4.200269e-01 -6.423481e-01 -6.651347e-01 -6.154516e-01 -5.504616e-01 -4.991259e-01 -4.155575e-01 -2.904288e-01 -1.282057e-01 -4.235530e-05
<VARIANCE> 25
 9.005707e+00 9.994076e+00 1.355494e+01 1.230599e+01 1.311449e+01 1.730812e+01 1.676275e+01 2.047748e+01 1.784172e+01 1.664260e+01 2.059527e+01 1.486812e+01 1.984209e-01 3.344791e-01 4.699782e-01 5.546051e-01 6.249387e-01 7.725089e-01 1.002566e+00 1.144567e+00 1.046706e+00 1.005254e+00 1.075679e+00 1.080972e+00 1.036747e-06
<GCONST> 6.001932e+01
<MIXTURE> 117 6.506003e-03
<MEAN> 25
 -4.642797e+00 1.119410e+00 1.056152e+00 9.754020e+00 6.258551e+00 6.256526e+00 6.460940e+00 5.040954e+00 6.382590e+00 4.926427e+00 6.358738e+00 2.710783e+00 -7.494789e-02 -2.338623e-01 -3.583071e-01 -4.199229e-01 -3.672945e-01 -3.024262e-01 -2.868288e-01 -3.313636e-01 -3.917434e-01 -3.682449e-01 -2.629060e-01 -1.154597e-01 -9.549334e-06
<VARIANCE> 25
 7.185546e+00 8.750701e+00 9.805957e+00 1.432303e+01 1.561139e+01 1.533890e+01 1.772127e+01 1.796193e+01 1.640752e+01 1.638182e+01 1.682038e+01 1.474585e+01 2.164748e-01 3.073968e-01 4.259333e-01 6.167439e-01 8.532015e-01 1.055052e+00 1.177280e+00 1.233335e+00 1.224742e+00 1.195349e+00 1.166728e+00 1.113990e+00 1.002909e-06
<GCONST> 6.043368e+01
<MIXTURE> 118 6.506003e-03
<MEAN> 25
 -4.642797e+00 1.119410e+00 1.056152e+00 9.754020e+00 6.258551e+00 6.256526e+00 6.460940e+00 5.040954e+00 6.382590e+00 4.926427e+00 6.358738e+00 2.710783e+00 -7.494789e-02 -2.338623e-01 -3.583071e-01 -4.199229e-01 -3.672945e-01 -3.024262e-01 -2.868288e-01 -3.313636e-01 -3.917434e-01 -3.682449e-01 -2.629060e-01 -1.154597e-01 -9.549334e-06
<VARIANCE> 25
 7.185546e+00 8.750701e+00 9.805957e+00 1.432303e+01 1.561139e+01 1.533890e+01 1.772127e+01 1.796193e+01 1.640752e+01 1.638182e+01 1.682038e+01 1.474585e+01 2.164748e-01 3.073968e-01 4.259333e-01 6.167439e-01 8.532015e-01 1.055052e+00 1.177280e+00 1.233335e+00 1.224742e+00 1.195349e+00 1.166728e+00 1.113990e+00 1.002909e-06
<GCONST> 6.043368e+01
<MIXTURE> 119 4.297961e-03
<MEAN> 25
 -4.972529e+00 -7.625702e+00 2.230094e+00 2.016271e+00 2.238559e+00 2.096731e-01 5.272942e+00 5.935272e+00 1.169420e+00 9.688259e-01 6.605840e+00 1.571925e+00 -5.036087e-02 -7.914409e-02 3.742561e-02 -5.722954e-02 -1.262336e-01 -1.793945e-01 -6.926823e-02 -1.404023e-02 -9.155166e-02 -1.121843e-01 -5.530642e-02 -5.860266e-02 1.106512e-03
<VARIANCE> 25
 8.505712e+00 9.888440e+00 1.655441e+01 2.016865e+01 2.285395e+01 2.322697e+01 2.499914e+01 2.648617e+01 2.502712e+01 2.805936e+01 2.046671e+01 2.039861e+01 1.605606e-01 2.824143e-01 4.594901e-01 6.325303e-01 8.031030e-01 1.004522e+00 1.099457e+00 1.277228e+00 1.285499e+00 1.245673e+00 1.192437e+00 1.112550e+00 2.316106e-04
<GCONST> 6.972688e+01
<MIXTURE> 120 4.297961e-03
<MEAN> 25
 -4.972529e+00 -7.625702e+00 2.230094e+00 2.016271e+00 2.238559e+00 2.096731e-01 5.272942e+00 5.935272e+00 1.169420e+00 9.688259e-01 6.605840e+00 1.571925e+00 -5.036087e-02 -7.914409e-02 3.742561e-02 -5.722954e-02 -1.262336e-01 -1.793945e-01 -6.926823e-02 -1.404023e-02 -9.155166e-02 -1.121843e-01 -5.530642e-02 -5.860266e-02 1.106512e-03
<VARIANCE> 25
 8.505712e+00 9.888440e+00 1.655441e+01 2.016865e+01 2.285395e+01 2.322697e+01 2.499914e+01 2.648617e+01 2.502712e+01 2.805936e+01 2.046671e+01 2.039861e+01 1.605606e-01 2.824143e-01 4.594901e-01 6.325303e-01 8.031030e-01 1.004522e+00 1.099457e+00 1.277228e+00 1.285499e+00 1.245673e+00 1.192437e+00 1.112550e+00 2.316106e-04
<GCONST> 6.972688e+01
<MIXTURE> 121 4.567511e-03
<MEAN> 25
 2.090290e-01 -2.519393e+00 5.150314e+00 -1.289626e+01 -1.264508e+01 -1.666622e+00 9.984890e-01 -5.105063e+00 -4.197947e+00 -4.886397e-01 -5.503755e+00 -4.306517e+00 2.369381e-02 1.323549e-01 -4.148268e-02 7.929590e-02 1.585715e-01 7.888237e-02 -7.981803e-02 -1.835536e-01 -2.683254e-01 -2.581509e-01 -1.142663e-01 1.142274e-03 -7.442355e-03
<VARIANCE> 25
 7.732193e+00 1.562994e+01 1.727808e+01 2.041808e+01 2.440788e+01 2.923786e+01 2.952129e+01 2.457364e+01 3.527180e+01 2.832512e+01 1.976371e+01 2.124107e+01 1.551917e-01 6.427039e-01 6.226774e-01 7.046748e-01 7.704315e-01 1.149638e+00 1.117667e+00 1.120348e+00 1.216987e+00 1.192734e+00 9.412487e-01 8.715712e-01 2.108113e-04
<GCONST> 7.139584e+01
<MIXTURE> 122 4.567511e-03
<MEAN> 25
 2.090290e-01 -2.519393e+00 5.150314e+00 -1.289626e+01 -1.264508e+01 -1.666622e+00 9.984890e-01 -5.105063e+00 -4.197947e+00 -4.886397e-01 -5.503755e+00 -4.306517e+00 2.369381e-02 1.323549e-01 -4.148268e-02 7.929590e-02 1.585715e-01 7.888237e-02 -7.981803e-02 -1.835536e-01 -2.683254e-01 -2.581509e-01 -1.142663e-01 1.142274e-03 -7.442355e-03
<VARIANCE> 25
 7.732193e+00 1.562994e+01 1.727808e+01 2.041808e+01 2.440788e+01 2.923786e+01 2.952129e+01 2.457364e+01 3.527180e+01 2.832512e+01 1.976371e+01 2.124107e+01 1.551917e-01 6.427039e-01 6.226774e-01 7.046748e-01 7.704315e-01 1.149638e+00 1.117667e+00 1.120348e+00 1.216987e+00 1.192734e+00 9.412487e-01 8.715712e-01 2.108113e-04
<GCONST> 7.139584e+01
<MIXTURE> 123 4.393044e-03
<MEAN> 25
 -3.969066e+00 1.020183e+00 4.047380e-01 5.646350e+00 4.959352e+00 3.832914e+00 3.457494e+00 1.227895e-02 6.320568e-01 -5.471416e-01 -1.063573e+00 8.824019e-01 -3.931703e-01 -7.069305e-01 -8.036264e-01 -5.717375e-01 -2.212192e-01 5.632892e-02 4.016638e-01 5.881686e-01 6.132231e-01 6.775293e-01 5.948732e-01 6.086102e-01 -2.736127e-03
<VARIANCE> 25
 8.920086e+00 8.650777e+00 1.359902e+01 1.552049e+01 1.914573e+01 2.516597e+01 2.020977e+01 1.786736e+01 1.709837e+01 1.653311e+01 2.327604e+01 2.033552e+01 4.024500e-01 3.445877e-01 5.010192e-01 6.687974e-01 9.123934e-01 1.056003e+00 1.080410e+00 1.134385e+00 1.133345e+00 1.139004e+00 1.305355e+00 1.196235e+00 1.245675e-04
<GCONST> 6.832346e+01
<MIXTURE> 124 4.069876e-03
<MEAN> 25
 -6.004616e+00 -9.391512e-01 -2.354962e+00 4.688210e+00 4.928158e+00 3.958740e+00 5.358033e+00 2.491444e+00 2.970089e+00 7.794357e-01 5.856777e-02 3.511287e+00 -1.929232e-01 -3.060391e-01 -3.825638e-01 -2.443519e-01 1.105511e-01 5.041636e-01 8.668479e-01 8.775917e-01 6.628700e-01 3.632990e-01 4.636715e-02 2.015611e-02 2.926561e-04
<VARIANCE> 25
 1.063675e+01 6.653434e+00 1.133054e+01 1.240587e+01 1.083778e+01 1.866000e+01 1.379706e+01 1.553967e+01 1.405019e+01 1.614748e+01 2.184749e+01 1.443852e+01 1.006723e-01 1.608964e-01 2.731883e-01 3.800738e-01 5.738475e-01 6.650985e-01 7.379386e-01 7.467736e-01 8.562072e-01 9.271972e-01 9.007745e-01 9.894885e-01 1.853402e-05
<GCONST> 5.781893e+01
<MIXTURE> 125 4.069876e-03
<MEAN> 25
 -6.004616e+00 -9.391512e-01 -2.354962e+00 4.688210e+00 4.928158e+00 3.958740e+00 5.358033e+00 2.491444e+00 2.970089e+00 7.794357e-01 5.856777e-02 3.511287e+00 -1.929232e-01 -3.060391e-01 -3.825638e-01 -2.443519e-01 1.105511e-01 5.041636e-01 8.668479e-01 8.775917e-01 6.628700e-01 3.632990e-01 4.636715e-02 2.015611e-02 2.926561e-04
<VARIANCE> 25
 1.063675e+01 6.653434e+00 1.133054e+01 1.240587e+01 1.083778e+01 1.866000e+01 1.379706e+01 1.553967e+01 1.405019e+01 1.614748e+01 2.184749e+01 1.443852e+01 1.006723e-01 1.608964e-01 2.731883e-01 3.800738e-01 5.738475e-01 6.650985e-01 7.379386e-01 7.467736e-01 8.562072e-01 9.271972e-01 9.007745e-01 9.894885e-01 1.853402e-05
<GCONST> 5.781893e+01
<MIXTURE> 126 2.402244e-03
<MEAN> 25
 -3.687750e+00 -6.753244e+00 -5.251864e+00 2.279112e+00 4.239841e+00 -3.184757e+00 6.740215e-02 3.468279e+00 3.408440e+00 -2.468058e+00 -1.509522e+00 2.992336e+00 -1.059548e-02 -5.808819e-03 -3.463970e-02 -1.750073e-01 -3.375635e-01 -4.031979e-01 -2.671635e-01 -1.623738e-01 -1.188555e-01 -1.049133e-01 -8.940719e-02 -4.320173e-02 -1.736985e-03
<VARIANCE> 25
 7.788890e+00 1.378886e+01 1.366118e+01 1.487366e+01 2.421467e+01 2.359616e+01 2.243182e+01 2.817743e+01 3.094455e+01 2.840930e+01 2.169895e+01 1.901376e+01 1.732753e-01 3.458150e-01 4.738769e-01 5.708427e-01 7.556071e-01 9.950426e-01 1.104235e+00 1.244857e+00 1.310000e+00 1.303783e+00 1.195908e+00 1.134751e+00 2.104750e-04
<GCONST> 6.982130e+01
<MIXTURE> 127 2.402244e-03
<MEAN> 25
 -3.687750e+00 -6.753244e+00 -5.251864e+00 2.279112e+00 4.239841e+00 -3.184757e+00 6.740215e-02 3.468279e+00 3.408440e+00 -2.468058e+00 -1.509522e+00 2.992336e+00 -1.059548e-02 -5.808819e-03 -3.463970e-02 -1.750073e-01 -3.375635e-01 -4.031979e-01 -2.671635e-01 -1.623738e-01 -1.188555e-01 -1.049133e-01 -8.940719e-02 -4.320173e-02 -1.736985e-03
<VARIANCE> 25
 7.788890e+00 1.378886e+01 1.366118e+01 1.487366e+01 2.421467e+01 2.359616e+01 2.243182e+01 2.817743e+01 3.094455e+01 2.840930e+01 2.169895e+01 1.901376e+01 1.732753e-01 3.458150e-01 4.738769e-01 5.708427e-01 7.556071e-01 9.950426e-01 1.104235e+00 1.244857e+00 1.310000e+00 1.303783e+00 1.195908e+00 1.134751e+00 2.104750e-04
<GCONST> 6.982130e+01
<MIXTURE> 128 3.790457e-03
<MEAN> 25
 -3.927970e+00 1.548173e+00 -3.302322e-01 6.574992e+00 3.621145e+00 1.874137e+00 3.577411e+00 2.365286e+00 3.957758e+00 3.683153e+00 3.750929e+00 3.525806e+00 -3.947579e-01 -1.955094e-01 9.863999e-02 7.247824e-01 1.181518e+00 1.136205e+00 7.182695e-01 1.333166e-01 -4.328307e-01 -7.808458e-01 -7.042040e-01 -3.964094e-01 -3.615826e-05
<VARIANCE> 25
 1.019264e+01 1.168225e+01 1.499103e+01 1.927851e+01 1.999214e+01 2.122018e+01 2.424892e+01 2.462045e+01 2.635465e+01 2.393065e+01 2.687612e+01 1.816653e+01 8.909989e-01 1.144519e+00 1.362551e+00 1.500210e+00 1.580171e+00 1.858221e+00 2.243409e+00 2.321583e+00 2.160947e+00 1.876389e+00 1.741485e+00 1.747842e+00 1.001181e-06
<GCONST> 7.363359e+01
<TRANSP> 3
 0.000000e+00 1.000000e+00 0.000000e+00
 0.000000e+00 9.999990e-01 9.999998e-07
 0.000000e+00 0.000000e+00 0.000000e+00
<ENDHMM>
