~o
<STREAMINFO> 1 25
<VECSIZE> 25<NULLD><MFCC_E_D_N><DIAGC>
~h "jmodel"
<BEGINHMM>
<NUMSTATES> 3
<STATE> 2
<NUMMIXES> 128
<MIXTURE> 1 5.748963e-03
<MEAN> 25
 -2.581771e+00 3.178599e+00 2.311543e+00 8.747690e+00 4.365091e+00 3.447566e+00 4.061846e+00 3.932554e+00 5.826752e+00 5.235218e+00 5.862961e+00 3.081412e+00 -2.005314e+00 -1.634173e+00 -8.620586e-01 1.078203e+00 1.559949e+00 2.230087e+00 2.153222e+00 2.082360e+00 1.693252e+00 1.267111e+00 1.563265e+00 6.132434e-01 -4.691434e-02
<VARIANCE> 25
 1.005758e+01 1.175353e+01 1.492883e+01 1.869076e+01 2.318823e+01 2.212612e+01 2.186381e+01 2.197313e+01 2.098973e+01 2.270308e+01 2.120098e+01 1.705972e+01 1.787789e+00 2.110345e+00 3.026104e+00 3.209183e+00 3.736283e+00 3.355589e+00 3.315214e+00 3.381347e+00 3.517610e+00 3.726730e+00 3.524088e+00 2.830309e+00 3.117671e-03
<GCONST> 8.847237e+01
<MIXTURE> 2 4.549242e-03
<MEAN> 25
 -4.871801e+00 1.311727e+00 9.929306e-01 9.889525e+00 6.691353e+00 7.423446e+00 7.840784e+00 6.951946e+00 8.373044e+00 6.355115e+00 7.597459e+00 3.080060e+00 -6.226493e-02 4.143894e-02 1.419650e-01 2.259189e-01 2.665771e-01 2.781781e-01 2.936696e-01 3.216871e-01 3.517283e-01 3.081563e-01 1.951763e-01 8.053318e-02 2.047132e-06
<VARIANCE> 25
 6.944509e+00 8.883306e+00 1.064369e+01 1.592219e+01 1.722081e+01 1.553900e+01 1.688115e+01 1.846194e+01 1.654884e+01 1.748920e+01 1.838708e+01 1.432460e+01 1.250712e-01 2.263291e-01 3.363017e-01 4.662822e-01 6.493095e-01 8.187485e-01 9.292314e-01 1.004893e+00 1.052479e+00 1.076490e+00 1.075690e+00 1.012079e+00 1.000417e-06
<GCONST> 5.805169e+01
<MIXTURE> 3 4.549242e-03
<MEAN> 25
 -4.871801e+00 1.311727e+00 9.929306e-01 9.889525e+00 6.691353e+00 7.423446e+00 7.840784e+00 6.951946e+00 8.373044e+00 6.355115e+00 7.597459e+00 3.080060e+00 -6.226493e-02 4.143894e-02 1.419650e-01 2.259189e-01 2.665771e-01 2.781781e-01 2.936696e-01 3.216871e-01 3.517283e-01 3.081563e-01 1.951763e-01 8.053318e-02 2.047132e-06
<VARIANCE> 25
 6.944509e+00 8.883306e+00 1.064369e+01 1.592219e+01 1.722081e+01 1.553900e+01 1.688115e+01 1.846194e+01 1.654884e+01 1.748920e+01 1.838708e+01 1.432460e+01 1.250712e-01 2.263291e-01 3.363017e-01 4.662822e-01 6.493095e-01 8.187485e-01 9.292314e-01 1.004893e+00 1.052479e+00 1.076490e+00 1.075690e+00 1.012079e+00 1.000417e-06
<GCONST> 5.805169e+01
<MIXTURE> 4 1.671429e-02
<MEAN> 25
 3.185250e+00 2.641371e+00 -3.672467e+00 7.663170e-01 4.013939e+00 3.573063e-01 4.435666e-01 -8.855721e-01 1.408491e+00 9.235513e-01 -2.356488e+00 3.960270e-01 -2.756996e+00 1.010214e+00 1.808425e+00 3.097392e+00 8.190086e-01 2.462368e-01 1.611863e+00 1.209810e+00 9.995337e-01 4.065665e-02 5.583782e-01 9.023718e-01 -1.041970e-01
<VARIANCE> 25
 1.916903e+01 2.690885e+01 2.617168e+01 3.692546e+01 4.089177e+01 6.181646e+01 5.880772e+01 5.337440e+01 4.840462e+01 5.513430e+01 4.681215e+01 3.235580e+01 2.183661e+00 4.683892e+00 3.269860e+00 4.327418e+00 4.554215e+00 5.805761e+00 5.392956e+00 5.284708e+00 5.184671e+00 6.633874e+00 8.193539e+00 3.974796e+00 5.428868e-03
<GCONST> 1.035701e+02
<MIXTURE> 5 3.206198e-03
<MEAN> 25
 -3.229172e+00 2.159199e+00 5.712218e-01 9.145669e+00 6.645886e+00 6.365676e+00 7.095034e+00 4.504997e+00 5.296812e+00 3.738924e+00 4.361462e+00 2.902088e+00 -2.242101e-01 8.580912e-01 1.289125e+00 9.848026e-01 1.630509e-01 -2.011825e-01 -7.611120e-02 1.098654e-01 5.244595e-01 7.010911e-01 2.857919e-01 -2.815391e-02 -4.749096e-05
<VARIANCE> 25
 1.057444e+01 1.335733e+01 2.250203e+01 2.615058e+01 1.939685e+01 1.862527e+01 1.924941e+01 2.048185e+01 2.140888e+01 2.063538e+01 2.488658e+01 1.770137e+01 1.381065e+00 1.437933e+00 1.405020e+00 1.648792e+00 2.631667e+00 2.488402e+00 2.205245e+00 2.301210e+00 2.321510e+00 2.147640e+00 2.288366e+00 2.078622e+00 9.706470e-07
<GCONST> 7.567085e+01
<MIXTURE> 6 5.475854e-03
<MEAN> 25
 9.244105e+00 -7.711759e-01 -6.847914e+00 -1.157141e+01 -1.838996e+00 6.284930e+00 -5.616714e+00 -5.742580e+00 -3.526011e+00 3.096774e+00 6.648312e+00 -2.109799e+00 4.006607e-01 6.534222e-01 -4.422083e-01 -1.623696e+00 -5.937183e-01 1.384205e+00 1.528083e+00 3.108498e-01 -9.020401e-01 -1.259045e+00 4.323182e-01 9.012185e-01 -2.783669e-03
<VARIANCE> 25
 9.023911e+00 1.537033e+01 2.070690e+01 3.688060e+01 3.201208e+01 2.893088e+01 3.950263e+01 3.520673e+01 3.562957e+01 4.292951e+01 5.673097e+01 3.152172e+01 3.052305e-01 1.018564e+00 8.880838e-01 1.871066e+00 1.452332e+00 1.753734e+00 1.764914e+00 1.917997e+00 2.734080e+00 1.872593e+00 2.400764e+00 1.832163e+00 6.649451e-04
<GCONST> 8.370018e+01
<MIXTURE> 7 5.475854e-03
<MEAN> 25
 9.244105e+00 -7.711759e-01 -6.847914e+00 -1.157141e+01 -1.838996e+00 6.284930e+00 -5.616714e+00 -5.742580e+00 -3.526011e+00 3.096774e+00 6.648312e+00 -2.109799e+00 4.006607e-01 6.534222e-01 -4.422083e-01 -1.623696e+00 -5.937183e-01 1.384205e+00 1.528083e+00 3.108498e-01 -9.020401e-01 -1.259045e+00 4.323182e-01 9.012185e-01 -2.783669e-03
<VARIANCE> 25
 9.023911e+00 1.537033e+01 2.070690e+01 3.688060e+01 3.201208e+01 2.893088e+01 3.950263e+01 3.520673e+01 3.562957e+01 4.292951e+01 5.673097e+01 3.152172e+01 3.052305e-01 1.018564e+00 8.880838e-01 1.871066e+00 1.452332e+00 1.753734e+00 1.764914e+00 1.917997e+00 2.734080e+00 1.872593e+00 2.400764e+00 1.832163e+00 6.649451e-04
<GCONST> 8.370018e+01
<MIXTURE> 8 1.165917e-02
<MEAN> 25
 -4.714634e+00 1.320080e+00 1.332215e+00 9.508459e+00 6.420152e+00 6.074431e+00 6.404562e+00 5.679337e+00 6.736178e+00 5.447955e+00 6.367806e+00 3.120972e+00 -5.902837e-01 -1.405134e+00 -1.120816e+00 -1.751058e+00 -2.382278e-01 -8.920714e-01 -1.890678e-01 -3.402258e-01 -2.768169e-01 -1.360592e-01 -1.456100e-01 1.178252e-01 9.762720e-02
<VARIANCE> 25
 9.151096e+00 9.718078e+00 1.140104e+01 1.580050e+01 1.722965e+01 1.666813e+01 1.792911e+01 1.714800e+01 1.689939e+01 1.834030e+01 2.011285e+01 1.373882e+01 2.764828e+00 2.767962e+00 3.915771e+00 3.696977e+00 3.375274e+00 3.376086e+00 3.062135e+00 3.123546e+00 2.827181e+00 2.653409e+00 2.576231e+00 1.919353e+00 6.588023e-03
<GCONST> 8.636477e+01
<MIXTURE> 9 1.199672e-02
<MEAN> 25
 8.455570e+00 4.151019e+00 -5.680307e+00 -1.192147e+01 -4.269607e+00 3.438821e+00 -2.102789e+00 8.673204e-01 -5.363161e+00 -2.065324e+00 5.657327e-01 -1.569134e+00 1.525754e+00 2.618184e-01 -1.038826e-01 -2.322077e+00 -1.043727e+00 7.456462e-01 -1.072004e+00 -6.453312e-01 -1.523123e+00 -4.404108e-01 1.498196e+00 -4.604081e-01 7.662907e-02
<VARIANCE> 25
 1.045286e+01 1.776311e+01 3.410819e+01 4.291789e+01 4.054944e+01 2.915537e+01 2.719544e+01 5.412657e+01 3.990224e+01 3.576527e+01 3.380864e+01 2.795882e+01 1.900758e+00 2.616441e+00 5.171542e+00 3.804085e+00 4.540773e+00 3.523903e+00 2.817822e+00 5.976002e+00 4.871065e+00 3.866594e+00 4.699681e+00 2.473020e+00 1.543306e-03
<GCONST> 9.603863e+01
<MIXTURE> 10 6.596976e-03
<MEAN> 25
 8.218058e-01 7.626540e+00 5.374453e+00 7.146090e+00 1.578616e+00 -2.117249e+00 -5.196999e-01 -1.681874e+00 8.796915e-01 8.519760e-01 8.253262e-01 6.639010e-01 -1.924534e+00 -6.717373e-01 -4.562120e-01 3.023845e+00 2.459282e+00 2.707031e+00 2.371572e+00 2.274899e+00 1.861516e+00 1.540870e+00 2.327084e+00 5.219414e-01 -1.379747e-01
<VARIANCE> 25
 1.950846e+01 2.067986e+01 2.228755e+01 2.903829e+01 3.828292e+01 3.491296e+01 3.511271e+01 3.380835e+01 2.757801e+01 2.903041e+01 2.700505e+01 2.499834e+01 2.231803e+00 3.423392e+00 5.528333e+00 5.171784e+00 5.549971e+00 4.469408e+00 4.693878e+00 4.840429e+00 4.380893e+00 5.022121e+00 4.473268e+00 3.192806e+00 2.706484e-03
<GCONST> 9.745577e+01
<MIXTURE> 11 1.633820e-02
<MEAN> 25
 6.854895e+00 4.353977e+00 3.666069e+00 4.902995e+00 -3.242124e+00 -2.609041e+00 -2.709213e+00 -5.138238e+00 -2.139715e+00 1.856300e-01 -2.715922e+00 -1.522761e+00 -4.179304e-01 5.088412e-01 2.451271e-01 4.206557e-01 4.070603e-01 4.759635e-02 6.352843e-01 7.801307e-02 1.254352e-01 -2.429311e-01 -3.054679e-01 -6.371323e-03 -2.011533e-02
<VARIANCE> 25
 1.151839e+01 1.993877e+01 1.640550e+01 2.699618e+01 3.064164e+01 3.313334e+01 4.185873e+01 3.981774e+01 4.275605e+01 2.816947e+01 3.063141e+01 2.770993e+01 9.597171e-01 1.159002e+00 1.499572e+00 1.933283e+00 2.210377e+00 2.248780e+00 2.408588e+00 2.499331e+00 2.199598e+00 1.861155e+00 1.875640e+00 1.696851e+00 8.313032e-04
<GCONST> 8.570008e+01
<MIXTURE> 12 5.904134e-03
<MEAN> 25
 1.072774e+01 3.671896e+00 -4.540165e+00 -1.603294e+01 -8.619148e+00 8.635368e+00 -9.020455e-01 -1.939764e+00 -1.732662e+00 -4.801531e+00 1.888485e+00 6.109037e-01 6.512707e-02 2.867292e-01 7.664140e-02 -3.789938e-01 -2.982139e-01 3.678006e-02 3.036760e-01 4.563564e-01 1.358877e-01 -3.937451e-01 -4.014124e-01 4.707566e-02 -6.203463e-03
<VARIANCE> 25
 8.957934e+00 2.139283e+01 2.329991e+01 3.506562e+01 4.232061e+01 3.068928e+01 4.144065e+01 4.862292e+01 4.368360e+01 3.781850e+01 3.911902e+01 2.999784e+01 2.454528e-01 6.882761e-01 6.815027e-01 1.177494e+00 1.191598e+00 1.052514e+00 1.161061e+00 1.399870e+00 1.232810e+00 1.225453e+00 1.239429e+00 9.562343e-01 5.759095e-04
<GCONST> 7.900009e+01
<MIXTURE> 13 5.904134e-03
<MEAN> 25
 1.072774e+01 3.671896e+00 -4.540165e+00 -1.603294e+01 -8.619148e+00 8.635368e+00 -9.020455e-01 -1.939764e+00 -1.732662e+00 -4.801531e+00 1.888485e+00 6.109037e-01 6.512707e-02 2.867292e-01 7.664140e-02 -3.789938e-01 -2.982139e-01 3.678006e-02 3.036760e-01 4.563564e-01 1.358877e-01 -3.937451e-01 -4.014124e-01 4.707566e-02 -6.203463e-03
<VARIANCE> 25
 8.957934e+00 2.139283e+01 2.329991e+01 3.506562e+01 4.232061e+01 3.068928e+01 4.144065e+01 4.862292e+01 4.368360e+01 3.781850e+01 3.911902e+01 2.999784e+01 2.454528e-01 6.882761e-01 6.815027e-01 1.177494e+00 1.191598e+00 1.052514e+00 1.161061e+00 1.399870e+00 1.232810e+00 1.225453e+00 1.239429e+00 9.562343e-01 5.759095e-04
<GCONST> 7.900009e+01
<MIXTURE> 14 6.488954e-03
<MEAN> 25
 -4.311524e+00 -3.911636e-01 -3.141863e-01 8.872669e+00 7.491839e+00 7.382345e+00 7.833205e+00 7.296369e+00 7.254182e+00 5.220336e+00 6.812349e+00 4.103992e+00 -2.742670e-01 1.920631e-01 3.634672e-01 3.090239e-01 8.127354e-03 5.675367e-02 1.004423e-01 1.821056e-01 2.983935e-01 5.398431e-01 5.059162e-01 8.213195e-02 -9.322342e-03
<VARIANCE> 25
 9.241103e+00 1.380148e+01 1.856220e+01 1.798176e+01 2.089730e+01 1.951907e+01 2.137306e+01 2.068072e+01 1.996748e+01 2.383438e+01 2.175418e+01 1.590886e+01 9.593117e-01 1.632286e+00 1.769271e+00 1.936333e+00 2.242132e+00 2.249727e+00 2.245308e+00 2.237148e+00 2.279392e+00 2.496009e+00 2.191380e+00 1.813989e+00 1.024580e-03
<GCONST> 8.186737e+01
<MIXTURE> 15 2.475190e-03
<MEAN> 25
 -5.372063e+00 -6.609061e-01 -2.364519e-01 7.283928e+00 5.711720e+00 5.766038e+00 6.104978e+00 4.910877e+00 5.210459e+00 4.169497e+00 5.368295e+00 2.560631e+00 -1.279483e-01 -2.628061e-02 8.150075e-02 2.549264e-01 4.978582e-01 7.534859e-01 1.060474e+00 1.187383e+00 1.065147e+00 7.455910e-01 4.100932e-01 1.788024e-01 -3.041445e-04
<VARIANCE> 25
 6.993921e+00 5.529947e+00 9.032241e+00 1.296655e+01 1.387116e+01 1.434921e+01 1.477890e+01 1.488986e+01 1.395155e+01 1.406361e+01 1.578564e+01 1.233128e+01 1.260520e-01 2.029814e-01 3.183449e-01 5.093844e-01 6.991450e-01 8.366589e-01 7.576591e-01 7.808768e-01 9.012442e-01 1.013152e+00 1.060410e+00 1.066295e+00 3.097717e-05
<GCONST> 5.870684e+01
<MIXTURE> 16 2.475190e-03
<MEAN> 25
 -5.372063e+00 -6.609061e-01 -2.364519e-01 7.283928e+00 5.711720e+00 5.766038e+00 6.104978e+00 4.910877e+00 5.210459e+00 4.169497e+00 5.368295e+00 2.560631e+00 -1.279483e-01 -2.628061e-02 8.150075e-02 2.549264e-01 4.978582e-01 7.534859e-01 1.060474e+00 1.187383e+00 1.065147e+00 7.455910e-01 4.100932e-01 1.788024e-01 -3.041445e-04
<VARIANCE> 25
 6.993921e+00 5.529947e+00 9.032241e+00 1.296655e+01 1.387116e+01 1.434921e+01 1.477890e+01 1.488986e+01 1.395155e+01 1.406361e+01 1.578564e+01 1.233128e+01 1.260520e-01 2.029814e-01 3.183449e-01 5.093844e-01 6.991450e-01 8.366589e-01 7.576591e-01 7.808768e-01 9.012442e-01 1.013152e+00 1.060410e+00 1.066295e+00 3.097717e-05
<GCONST> 5.870684e+01
<MIXTURE> 17 9.518312e-03
<MEAN> 25
 3.936686e+00 -8.123946e-01 6.522529e+00 2.837959e+00 -6.028647e+00 -7.617207e+00 -3.148408e+00 7.243614e-01 -4.731152e+00 -2.441366e+00 1.759979e+00 -9.773647e-01 -7.332035e-01 -1.276865e+00 1.485324e+00 -2.011687e+00 -2.094849e+00 -4.174265e-01 1.887892e-01 8.193598e-01 -6.653258e-01 -2.229556e-01 1.276569e+00 3.983502e-01 8.001477e-02
<VARIANCE> 25
 1.408257e+01 2.750737e+01 2.672609e+01 3.570747e+01 3.712592e+01 4.690235e+01 3.496572e+01 3.136942e+01 4.906421e+01 2.507082e+01 3.660126e+01 2.717420e+01 1.538584e+00 2.285316e+00 3.660033e+00 2.701613e+00 3.706805e+00 4.786073e+00 4.216371e+00 3.958257e+00 4.183964e+00 3.350640e+00 2.964147e+00 2.441872e+00 1.792992e-03
<GCONST> 9.478233e+01
<MIXTURE> 18 1.221018e-02
<MEAN> 25
 3.776296e+00 4.085003e+00 6.318159e+00 5.316794e+00 -4.731545e+00 -8.919559e+00 -2.279329e+00 -1.093222e+00 -3.036145e+00 -2.523395e+00 -1.126055e+00 2.145571e+00 -8.229613e-01 2.006553e+00 -1.765900e-01 1.707070e+00 2.355314e+00 1.673008e+00 5.447578e-01 -2.219121e-01 1.339318e+00 3.332050e-01 -1.041384e+00 4.179237e-02 -1.173112e-01
<VARIANCE> 25
 1.268962e+01 2.019607e+01 2.688793e+01 2.280705e+01 3.024734e+01 2.969515e+01 3.148966e+01 2.832987e+01 3.598651e+01 2.700537e+01 2.905132e+01 3.082102e+01 1.946686e+00 2.347463e+00 4.130022e+00 3.459312e+00 4.266434e+00 3.753929e+00 3.865207e+00 3.514111e+00 4.727244e+00 3.500013e+00 4.793928e+00 3.831065e+00 3.302270e-03
<GCONST> 9.474702e+01
<MIXTURE> 19 9.912824e-03
<MEAN> 25
 -9.042479e+00 1.276964e+00 -1.804237e-01 1.127525e+00 4.168920e+00 2.237632e+00 3.436885e+00 5.873472e-01 1.825300e+00 1.036713e+00 1.168264e+00 2.861670e+00 2.092112e+00 1.836699e+00 2.152555e+00 7.050557e-01 -1.145395e+00 -1.150444e+00 -9.324043e-01 -1.137785e+00 -1.176582e+00 -9.622261e-01 -1.053648e+00 -8.521958e-01 1.781617e-03
<VARIANCE> 25
 5.388347e+01 2.912174e+01 4.384414e+01 4.698902e+01 2.987289e+01 3.163443e+01 2.768040e+01 2.955340e+01 2.642429e+01 2.450419e+01 2.775572e+01 2.166483e+01 2.202271e+00 2.077641e+00 2.205034e+00 2.159103e+00 2.485357e+00 2.125912e+00 2.495303e+00 3.103342e+00 2.614646e+00 2.129704e+00 2.730271e+00 1.766274e+00 2.241583e-03
<GCONST> 9.134865e+01
<MIXTURE> 20 6.308331e-03
<MEAN> 25
 -1.414602e+01 7.473260e+00 6.367068e-01 6.119780e+00 4.657839e+00 1.437128e+00 4.968030e+00 6.965315e-01 8.755411e-01 6.777980e-01 2.584938e+00 -2.608687e-01 -3.225803e+00 -8.703158e-01 -1.517378e+00 3.626668e-01 1.515294e+00 1.997224e+00 2.026940e+00 2.002803e+00 2.135573e+00 1.966550e+00 1.662347e+00 9.313222e-01 4.709037e-02
<VARIANCE> 25
 1.913190e+01 2.287541e+01 3.144672e+01 3.611593e+01 3.104620e+01 2.834973e+01 3.092572e+01 3.134119e+01 2.721486e+01 2.785380e+01 2.443366e+01 2.036177e+01 2.146308e+00 2.120116e+00 1.927628e+00 2.495806e+00 2.644677e+00 2.384087e+00 2.317752e+00 2.343168e+00 2.174046e+00 2.747929e+00 2.191841e+00 1.817275e+00 1.832691e-03
<GCONST> 8.904749e+01
<MIXTURE> 21 7.928653e-03
<MEAN> 25
 3.864951e+00 -4.302462e+00 6.410541e+00 -1.076934e+00 -9.737976e+00 -9.924883e+00 -2.795704e+00 3.792621e+00 -3.521308e+00 -3.457770e+00 2.030226e+00 -6.397530e-01 -6.432002e-01 1.191863e+00 2.676666e+00 -4.635269e-02 -1.556499e+00 5.209069e-01 1.002916e+00 -1.178487e+00 -2.011328e+00 1.176093e-01 1.039737e+00 3.513815e-01 -1.617307e-02
<VARIANCE> 25
 7.620901e+00 1.609461e+01 2.769358e+01 2.514087e+01 2.785929e+01 3.517824e+01 3.710373e+01 3.401920e+01 4.653733e+01 2.678514e+01 4.331347e+01 2.459299e+01 3.535561e-01 9.060960e-01 1.664892e+00 1.097239e+00 1.869501e+00 2.288548e+00 3.921602e+00 2.613356e+00 1.845016e+00 2.566236e+00 2.104697e+00 1.989528e+00 4.387908e-04
<GCONST> 8.392973e+01
<MIXTURE> 22 8.827789e-03
<MEAN> 25
 -1.781734e+01 7.192695e+00 -4.163836e+00 7.431430e+00 4.490879e+00 2.620115e+00 8.262765e+00 1.650665e+00 5.288768e+00 3.117640e+00 5.613625e+00 1.184580e+00 -2.784514e-01 -2.205392e-01 -9.936388e-02 -1.342490e-01 -4.165964e-03 1.143944e-01 2.277864e-01 1.597995e-01 2.754107e-01 1.860536e-01 1.809321e-01 2.085915e-01 8.562372e-03
<VARIANCE> 25
 8.440214e+00 1.655007e+01 1.707029e+01 2.484958e+01 2.299196e+01 2.132032e+01 2.012720e+01 1.877434e+01 1.815664e+01 2.201870e+01 1.936233e+01 1.350537e+01 1.160514e+00 1.338865e+00 1.378017e+00 1.553980e+00 1.381713e+00 1.522930e+00 1.588724e+00 1.523119e+00 1.615593e+00 1.533992e+00 1.333092e+00 1.158449e+00 1.730034e-03
<GCONST> 7.843556e+01
<MIXTURE> 23 6.455497e-03
<MEAN> 25
 7.951982e+00 2.440245e+00 3.020257e+00 2.406494e+00 -4.861030e+00 -3.165487e+00 -4.299179e+00 -6.500521e+00 -3.451822e+00 -9.982596e-01 -4.089884e+00 -2.158137e+00 3.400054e-02 1.759400e-01 9.479086e-03 5.680205e-02 7.062144e-03 4.675104e-02 1.769019e-02 -4.976175e-02 6.138373e-03 5.096961e-02 4.644824e-03 3.863755e-02 -4.330614e-03
<VARIANCE> 25
 1.040042e+01 2.235751e+01 2.466962e+01 4.084282e+01 3.797190e+01 5.397203e+01 5.914369e+01 5.493583e+01 4.809449e+01 4.713042e+01 4.877608e+01 4.069762e+01 1.180669e-01 2.940491e-01 3.825203e-01 4.883308e-01 6.023351e-01 7.100191e-01 7.904877e-01 8.842835e-01 8.843966e-01 8.767828e-01 8.215256e-01 7.568941e-01 8.863181e-05
<GCONST> 7.303596e+01
<MIXTURE> 24 6.455497e-03
<MEAN> 25
 7.951982e+00 2.440245e+00 3.020257e+00 2.406494e+00 -4.861030e+00 -3.165487e+00 -4.299179e+00 -6.500521e+00 -3.451822e+00 -9.982596e-01 -4.089884e+00 -2.158137e+00 3.400054e-02 1.759400e-01 9.479086e-03 5.680205e-02 7.062144e-03 4.675104e-02 1.769019e-02 -4.976175e-02 6.138373e-03 5.096961e-02 4.644824e-03 3.863755e-02 -4.330614e-03
<VARIANCE> 25
 1.040042e+01 2.235751e+01 2.466962e+01 4.084282e+01 3.797190e+01 5.397203e+01 5.914369e+01 5.493583e+01 4.809449e+01 4.713042e+01 4.877608e+01 4.069762e+01 1.180669e-01 2.940491e-01 3.825203e-01 4.883308e-01 6.023351e-01 7.100191e-01 7.904877e-01 8.842835e-01 8.843966e-01 8.767828e-01 8.215256e-01 7.568941e-01 8.863181e-05
<GCONST> 7.303596e+01
<MIXTURE> 25 1.118642e-02
<MEAN> 25
 3.840008e-01 3.285698e+00 1.667149e+01 -9.539301e-01 -1.118268e+01 -2.078204e+00 -4.910193e+00 -2.851346e+00 -7.162001e+00 -5.371444e+00 4.319352e+00 -1.781807e+00 -1.289773e-01 4.396274e-01 1.967078e-01 1.388077e-01 1.819377e-01 1.726086e-01 2.326686e-01 -1.718323e-01 -2.697718e-01 8.925072e-02 -1.150664e-01 -5.026983e-02 -1.397307e-02
<VARIANCE> 25
 8.855376e+00 2.288522e+01 2.072466e+01 2.813112e+01 3.148191e+01 4.339880e+01 2.684183e+01 2.956581e+01 2.937956e+01 3.585988e+01 2.202535e+01 2.758042e+01 5.817760e-01 1.424664e+00 1.446574e+00 1.366440e+00 2.261516e+00 2.174283e+00 1.782936e+00 1.589210e+00 1.569603e+00 1.616951e+00 1.411232e+00 1.387037e+00 1.340932e-03
<GCONST> 8.300881e+01
<MIXTURE> 26 7.727677e-03
<MEAN> 25
 1.937480e+00 -6.166153e+00 -1.018587e+01 -1.029932e+00 7.755974e+00 5.794318e+00 3.716760e+00 -5.027624e-01 1.805306e+00 -8.142066e-01 -2.077684e+00 -3.710364e-01 -6.558963e-01 5.619780e-01 4.274251e-01 8.306257e-01 2.164723e-01 1.549167e-01 3.054453e-01 2.492514e-01 2.961279e-01 -7.311713e-02 2.004553e-01 4.152810e-01 -5.190537e-02
<VARIANCE> 25
 2.397824e+01 3.227945e+01 2.437707e+01 6.081313e+01 3.694742e+01 4.034002e+01 4.380273e+01 4.153855e+01 3.908236e+01 5.324421e+01 4.793610e+01 5.009087e+01 1.545149e+00 1.876599e+00 1.905648e+00 2.124214e+00 2.279978e+00 2.357172e+00 2.395408e+00 2.629090e+00 2.232382e+00 2.550987e+00 2.775840e+00 1.991287e+00 3.148170e-03
<GCONST> 9.381035e+01
<MIXTURE> 27 7.727677e-03
<MEAN> 25
 1.937480e+00 -6.166153e+00 -1.018587e+01 -1.029932e+00 7.755974e+00 5.794318e+00 3.716760e+00 -5.027624e-01 1.805306e+00 -8.142066e-01 -2.077684e+00 -3.710364e-01 -6.558963e-01 5.619780e-01 4.274251e-01 8.306257e-01 2.164723e-01 1.549167e-01 3.054453e-01 2.492514e-01 2.961279e-01 -7.311713e-02 2.004553e-01 4.152810e-01 -5.190537e-02
<VARIANCE> 25
 2.397824e+01 3.227945e+01 2.437707e+01 6.081313e+01 3.694742e+01 4.034002e+01 4.380273e+01 4.153855e+01 3.908236e+01 5.324421e+01 4.793610e+01 5.009087e+01 1.545149e+00 1.876599e+00 1.905648e+00 2.124214e+00 2.279978e+00 2.357172e+00 2.395408e+00 2.629090e+00 2.232382e+00 2.550987e+00 2.775840e+00 1.991287e+00 3.148170e-03
<GCONST> 9.381035e+01
<MIXTURE> 28 5.036674e-03
<MEAN> 25
 -5.417510e+00 2.515324e-02 -1.474507e+00 6.591881e+00 5.184659e+00 3.549698e+00 5.417482e+00 3.118186e+00 4.020823e+00 2.291806e+00 2.406926e+00 3.257555e+00 -1.110260e-01 2.121614e-01 5.262698e-01 7.788929e-01 8.108765e-01 6.691629e-01 5.012276e-01 3.824436e-01 4.417426e-01 4.640060e-01 3.624728e-01 1.952202e-01 -3.098932e-05
<VARIANCE> 25
 1.022731e+01 8.181904e+00 1.235579e+01 1.452515e+01 1.466918e+01 1.743344e+01 1.763536e+01 1.863230e+01 1.716835e+01 1.668038e+01 2.225950e+01 1.488414e+01 2.517420e-01 3.363744e-01 4.081929e-01 4.567146e-01 6.204274e-01 8.760533e-01 1.051857e+00 1.157327e+00 1.101052e+00 1.023960e+00 1.035117e+00 1.059844e+00 1.048502e-06
<GCONST> 6.024605e+01
<MIXTURE> 29 5.036674e-03
<MEAN> 25
 -5.417510e+00 2.515324e-02 -1.474507e+00 6.591881e+00 5.184659e+00 3.549698e+00 5.417482e+00 3.118186e+00 4.020823e+00 2.291806e+00 2.406926e+00 3.257555e+00 -1.110260e-01 2.121614e-01 5.262698e-01 7.788929e-01 8.108765e-01 6.691629e-01 5.012276e-01 3.824436e-01 4.417426e-01 4.640060e-01 3.624728e-01 1.952202e-01 -3.098932e-05
<VARIANCE> 25
 1.022731e+01 8.181904e+00 1.235579e+01 1.452515e+01 1.466918e+01 1.743344e+01 1.763536e+01 1.863230e+01 1.716835e+01 1.668038e+01 2.225950e+01 1.488414e+01 2.517420e-01 3.363744e-01 4.081929e-01 4.567146e-01 6.204274e-01 8.760533e-01 1.051857e+00 1.157327e+00 1.101052e+00 1.023960e+00 1.035117e+00 1.059844e+00 1.048502e-06
<GCONST> 6.024605e+01
<MIXTURE> 30 8.917812e-03
<MEAN> 25
 -4.466774e+00 -2.220206e-01 7.224975e-01 8.983514e+00 7.613974e+00 7.405181e+00 7.586720e+00 6.734596e+00 6.546450e+00 4.745796e+00 6.548713e+00 3.469178e+00 -2.742987e-02 3.156745e-02 7.055855e-02 1.040478e-01 7.383671e-02 3.213898e-02 1.413319e-02 1.154931e-02 2.081947e-02 4.677230e-02 5.529431e-02 4.603087e-02 -6.031396e-04
<VARIANCE> 25
 6.736669e+00 9.561664e+00 1.051288e+01 1.373957e+01 1.603346e+01 1.638493e+01 1.862480e+01 1.821001e+01 1.579910e+01 1.870297e+01 2.632265e+01 1.419232e+01 9.703535e-02 1.946141e-01 3.290906e-01 4.825993e-01 6.377383e-01 7.172897e-01 7.526876e-01 8.421149e-01 8.738070e-01 9.182779e-01 8.996339e-01 8.583913e-01 5.175089e-05
<GCONST> 6.069928e+01
<MIXTURE> 31 4.136493e-03
<MEAN> 25
 -3.312678e+00 -5.671328e+00 7.069113e-02 4.849612e+00 3.662280e+00 1.723707e+00 5.271832e+00 6.641588e+00 2.769029e+00 1.244615e+00 6.453387e+00 3.170413e+00 2.540525e-01 4.703604e-01 -2.145824e-01 2.978868e-01 1.139639e-01 4.206536e-01 1.973943e-01 1.821951e-02 3.737086e-01 3.856631e-01 1.155658e-01 1.183244e-01 -1.823479e-02
<VARIANCE> 25
 7.102020e+00 1.520327e+01 1.736899e+01 1.800101e+01 2.519408e+01 2.380993e+01 2.350721e+01 2.516075e+01 2.584908e+01 2.788588e+01 2.085611e+01 1.864358e+01 1.903847e-01 4.929400e-01 6.027778e-01 7.856197e-01 9.728070e-01 1.084805e+00 1.217895e+00 1.385862e+00 1.341411e+00 1.317064e+00 1.250699e+00 1.126796e+00 2.581108e-04
<GCONST> 7.181056e+01
<MIXTURE> 32 4.136493e-03
<MEAN> 25
 -3.312678e+00 -5.671328e+00 7.069113e-02 4.849612e+00 3.662280e+00 1.723707e+00 5.271832e+00 6.641588e+00 2.769029e+00 1.244615e+00 6.453387e+00 3.170413e+00 2.540525e-01 4.703604e-01 -2.145824e-01 2.978868e-01 1.139639e-01 4.206536e-01 1.973943e-01 1.821951e-02 3.737086e-01 3.856631e-01 1.155658e-01 1.183244e-01 -1.823479e-02
<VARIANCE> 25
 7.102020e+00 1.520327e+01 1.736899e+01 1.800101e+01 2.519408e+01 2.380993e+01 2.350721e+01 2.516075e+01 2.584908e+01 2.788588e+01 2.085611e+01 1.864358e+01 1.903847e-01 4.929400e-01 6.027778e-01 7.856197e-01 9.728070e-01 1.084805e+00 1.217895e+00 1.385862e+00 1.341411e+00 1.317064e+00 1.250699e+00 1.126796e+00 2.581108e-04
<GCONST> 7.181056e+01
<MIXTURE> 33 1.508826e-02
<MEAN> 25
 6.290039e+00 -3.867074e+00 -2.509780e+00 -2.453292e+00 -1.958780e+00 -5.809323e+00 -7.253053e+00 1.637127e+00 2.131036e+00 -4.098341e-01 -4.777438e+00 -2.921677e+00 6.407547e-01 -1.172001e+00 -2.436904e+00 -1.846500e+00 1.449963e+00 1.305928e+00 -8.239868e-01 6.547458e-01 8.960773e-01 5.682513e-01 -2.352867e-01 -1.441739e+00 4.069916e-02
<VARIANCE> 25
 1.174840e+01 2.082566e+01 3.070520e+01 3.570567e+01 3.921907e+01 4.323177e+01 4.152952e+01 4.536678e+01 3.998120e+01 4.255822e+01 3.489032e+01 2.853883e+01 1.147142e+00 1.868988e+00 2.215010e+00 2.141894e+00 4.058597e+00 3.667559e+00 4.277779e+00 5.396911e+00 3.998953e+00 4.249303e+00 3.414399e+00 2.832646e+00 1.626725e-03
<GCONST> 9.460632e+01
<MIXTURE> 34 1.588179e-02
<MEAN> 25
 8.372028e+00 -3.234926e-01 3.299209e-01 1.411765e+00 -2.260181e+00 -2.711314e+00 -7.518522e+00 -4.081269e+00 -2.935424e+00 1.004155e+00 -1.065409e+00 -4.671082e+00 5.656410e-03 1.387903e+00 1.356063e+00 2.380058e+00 -1.526711e-01 -1.268483e-01 1.047483e+00 -1.394947e+00 -6.514738e-01 2.008925e-02 -7.455941e-01 6.488202e-01 -6.287582e-02
<VARIANCE> 25
 7.674481e+00 2.777091e+01 2.485796e+01 4.277911e+01 3.775963e+01 4.796962e+01 5.722327e+01 4.936617e+01 5.018314e+01 3.947808e+01 5.246930e+01 3.300426e+01 1.081835e+00 1.728728e+00 3.748635e+00 3.425893e+00 4.870797e+00 5.394698e+00 5.178149e+00 5.631209e+00 4.731247e+00 4.416230e+00 4.429861e+00 4.159736e+00 1.029942e-03
<GCONST> 9.766965e+01
<MIXTURE> 35 1.467755e-02
<MEAN> 25
 -1.894923e+00 -4.263246e+00 -9.908079e+00 5.725495e-02 8.170794e+00 4.238327e-01 6.701943e-01 2.137745e+00 1.067678e+00 4.306149e+00 2.074434e-01 2.245741e+00 6.277328e-01 -1.046582e+00 -1.451851e+00 -1.503927e+00 4.965439e-01 -4.384336e-01 -8.665895e-01 -1.563644e-01 -6.397558e-01 4.179192e-01 2.358178e-01 -7.471117e-01 1.029459e-01
<VARIANCE> 25
 1.630922e+01 2.661655e+01 3.621135e+01 5.373393e+01 4.226441e+01 7.563161e+01 4.950536e+01 3.915961e+01 4.274566e+01 3.561347e+01 4.399247e+01 3.544638e+01 2.820090e+00 2.897764e+00 6.013409e+00 4.802073e+00 4.231565e+00 5.612053e+00 4.098819e+00 4.005707e+00 5.022853e+00 4.190903e+00 6.273735e+00 5.774249e+00 4.483294e-03
<GCONST> 1.025721e+02
<MIXTURE> 36 1.093293e-02
<MEAN> 25
 4.701349e+00 -3.296544e+00 7.295997e+00 2.409881e+00 -9.473073e+00 -9.711256e+00 -6.281876e+00 2.928349e+00 -3.060497e+00 -3.569450e+00 3.753655e+00 3.908082e-01 3.155499e-01 1.897061e-01 -8.303929e-01 -2.206253e-02 8.401813e-01 4.050915e-02 -3.800618e-01 -1.969323e-02 7.463728e-01 3.531591e-01 -5.677649e-01 -2.299798e-02 -1.634517e-02
<VARIANCE> 25
 8.480078e+00 1.788626e+01 2.071954e+01 2.482408e+01 2.767245e+01 3.393107e+01 3.847937e+01 3.005593e+01 5.281272e+01 3.084368e+01 3.542271e+01 2.979105e+01 4.352714e-01 6.808238e-01 1.454271e+00 1.132799e+00 1.411090e+00 1.881362e+00 1.880330e+00 1.484613e+00 2.140438e+00 1.555478e+00 1.361109e+00 1.831691e+00 7.449713e-04
<GCONST> 8.166685e+01
<MIXTURE> 37 1.246826e-02
<MEAN> 25
 5.498409e-01 7.762620e+00 1.203480e+01 -5.535844e+00 -8.021173e+00 -1.062170e+00 -5.085351e+00 -8.313694e+00 -3.692374e+00 -9.045784e-01 -3.667989e+00 -1.277807e+00 1.798412e-01 6.464060e-01 -1.350243e+00 3.576031e+00 1.985273e+00 -2.955884e-01 1.091305e+00 4.372506e-01 5.332055e-01 -3.252124e-01 5.317163e-01 -9.832401e-02 -9.481314e-02
<VARIANCE> 25
 1.590138e+01 2.597401e+01 3.096781e+01 5.103558e+01 3.389299e+01 3.199698e+01 4.393685e+01 3.503992e+01 3.867451e+01 3.589019e+01 3.767075e+01 3.090187e+01 2.953141e+00 3.408765e+00 3.019465e+00 4.105966e+00 4.610241e+00 3.757815e+00 4.204753e+00 3.805567e+00 3.455463e+00 3.615689e+00 3.875148e+00 2.789127e+00 3.925444e-03
<GCONST> 9.777616e+01
<MIXTURE> 38 1.154525e-02
<MEAN> 25
 -4.488327e+00 8.950805e+00 4.538929e+00 3.316532e+00 7.567886e-01 -5.214524e+00 -6.446323e-01 -2.710953e+00 -2.680673e+00 -3.104371e+00 -1.595660e+00 -4.875971e-01 -4.454955e+00 1.213451e+00 -3.553706e-01 1.408567e+00 2.525331e+00 1.378892e+00 2.018533e+00 8.985775e-01 7.622715e-01 6.174489e-01 1.024313e+00 3.169991e-01 4.814315e-02
<VARIANCE> 25
 3.114421e+01 2.891207e+01 3.881945e+01 3.243178e+01 4.797185e+01 3.471564e+01 3.558319e+01 4.070708e+01 3.530502e+01 3.167790e+01 2.479413e+01 2.813705e+01 2.444379e+00 3.908814e+00 3.912743e+00 5.134107e+00 4.207335e+00 4.916447e+00 4.756395e+00 4.657727e+00 4.379812e+00 4.827566e+00 4.310353e+00 3.188016e+00 2.010881e-03
<GCONST> 9.899847e+01
<MIXTURE> 39 9.501865e-03
<MEAN> 25
 1.342077e+00 2.606713e+00 1.021004e+01 -9.206038e+00 -1.128487e+01 -9.972984e-01 -2.974231e+00 -6.571594e+00 -4.515834e+00 8.703271e-01 -3.679486e+00 -2.287767e+00 -7.285505e-01 1.521863e+00 1.624820e+00 -1.388306e+00 7.991735e-02 1.224181e+00 -1.197463e+00 -1.249614e+00 4.320599e-01 4.436267e-01 -5.073436e-01 1.222175e-01 1.259507e-03
<VARIANCE> 25
 8.900380e+00 3.006355e+01 3.163984e+01 3.838193e+01 3.719244e+01 4.270499e+01 4.442555e+01 3.347527e+01 3.949151e+01 3.318017e+01 3.619735e+01 2.949214e+01 6.911358e-01 1.546326e+00 1.513614e+00 2.925702e+00 2.417706e+00 2.822740e+00 3.060069e+00 2.755381e+00 2.440313e+00 2.618333e+00 2.120971e+00 2.070675e+00 1.186616e-03
<GCONST> 8.966932e+01
<MIXTURE> 40 1.030800e-02
<MEAN> 25
 -9.328662e+00 2.073932e+00 -1.064772e+00 8.196191e+00 3.770163e+00 5.499763e+00 5.303003e+00 4.248610e+00 4.638065e+00 4.164804e+00 5.590715e+00 1.749631e+00 -9.535227e-02 -2.373601e-01 -3.774267e-02 -2.389078e-01 -1.124799e-01 -1.124711e-01 7.545637e-02 7.775762e-02 -6.730646e-03 1.436602e-02 7.129394e-02 2.492526e-02 3.770336e-03
<VARIANCE> 25
 4.178353e+01 2.090753e+01 2.945519e+01 2.685289e+01 2.607129e+01 1.896213e+01 1.946149e+01 1.835480e+01 1.719394e+01 1.877550e+01 1.999369e+01 1.464230e+01 7.553245e-01 7.369519e-01 8.780678e-01 1.116065e+00 1.137202e+00 1.241326e+00 1.324449e+00 1.281115e+00 1.243028e+00 1.228755e+00 1.189867e+00 1.072067e+00 8.513379e-04
<GCONST> 7.679653e+01
<MIXTURE> 41 6.713375e-03
<MEAN> 25
 1.311439e+00 1.784238e+00 1.047487e+01 -6.958471e+00 -1.047045e+01 -3.862775e+00 -2.486646e+00 -5.034800e+00 -4.660470e+00 2.660086e+00 -1.738412e+00 -9.553697e-01 7.817366e-02 -7.606560e-01 1.697235e+00 -3.558144e+00 -2.459708e+00 -1.139727e-01 -5.067234e-01 -3.563430e-01 -8.279394e-01 1.085847e+00 -1.043545e+00 8.347467e-02 8.628432e-02
<VARIANCE> 25
 1.170479e+01 2.965875e+01 3.260708e+01 4.008867e+01 3.866938e+01 4.018494e+01 3.711599e+01 2.995402e+01 3.314075e+01 2.877159e+01 3.194542e+01 2.720051e+01 3.176726e+00 3.310696e+00 3.824831e+00 3.795015e+00 4.903522e+00 5.871888e+00 4.712298e+00 4.555937e+00 3.975992e+00 4.219367e+00 3.839008e+00 3.223565e+00 2.928218e-03
<GCONST> 9.791923e+01
<MIXTURE> 42 1.106211e-02
<MEAN> 25
 -1.712221e+00 4.876806e+00 4.011850e+00 2.920647e+00 2.492212e-01 -6.137977e+00 -9.528899e-01 -2.267209e+00 -7.203969e-01 -1.684328e+00 -1.851435e+00 1.564213e+00 4.281077e+00 -4.603093e-01 1.322613e+00 -3.125919e-01 -2.498446e+00 -9.376591e-01 -2.478743e+00 -1.019800e+00 -1.082424e+00 -1.718196e-01 8.199763e-01 -1.145361e+00 1.703286e-02
<VARIANCE> 25
 3.242941e+01 1.985248e+01 4.265980e+01 2.334059e+01 3.373951e+01 3.837944e+01 3.321904e+01 2.714477e+01 2.784520e+01 2.482005e+01 2.011168e+01 1.627402e+01 3.403464e+00 4.756981e+00 5.714366e+00 5.662300e+00 5.135187e+00 5.419888e+00 4.759692e+00 4.957348e+00 4.792740e+00 6.051060e+00 4.153974e+00 3.327673e+00 4.450892e-03
<GCONST> 9.894493e+01
<MIXTURE> 43 7.108249e-03
<MEAN> 25
 3.166243e+00 -6.300994e+00 -2.250422e+00 -5.187175e+00 -7.394112e+00 -3.399430e+00 4.138463e+00 1.309561e+00 -5.060105e+00 -7.090525e+00 -4.323643e+00 -1.243868e+00 2.379548e-01 2.165101e+00 1.914705e+00 -1.318220e-01 -1.430530e+00 -7.958955e-01 -9.689449e-01 -7.772062e-01 8.221386e-01 1.466290e+00 3.402445e-01 1.997982e-02 -4.509892e-02
<VARIANCE> 25
 9.602992e+00 1.976301e+01 2.733745e+01 3.519569e+01 3.843338e+01 3.665384e+01 3.327829e+01 3.978775e+01 3.964354e+01 3.864650e+01 2.652827e+01 2.957572e+01 6.913105e-01 1.248484e+00 1.569252e+00 2.495076e+00 2.374747e+00 2.382073e+00 2.652584e+00 3.030578e+00 2.605029e+00 2.583748e+00 2.336314e+00 1.921628e+00 9.433993e-04
<GCONST> 8.797771e+01
<MIXTURE> 44 7.328289e-03
<MEAN> 25
 -1.516297e+01 1.997761e+00 3.091151e+00 -2.791285e+00 3.140931e+00 1.751029e+00 -2.567674e-01 2.098833e+00 1.469544e+00 -8.816950e-01 1.812338e+00 1.898495e+00 -2.256847e-01 -1.878604e-02 1.433466e-01 3.446302e-01 -8.557912e-02 1.689644e-01 5.907950e-01 1.170847e-01 2.979932e-01 1.029828e-01 8.765307e-02 1.006373e-01 6.160771e-03
<VARIANCE> 25
 4.054956e+01 3.023695e+01 3.711478e+01 3.250776e+01 2.877368e+01 3.076506e+01 2.492424e+01 3.193197e+01 2.651911e+01 2.611678e+01 2.643474e+01 1.876469e+01 1.248410e+00 1.510828e+00 1.357314e+00 1.330795e+00 2.069109e+00 1.582526e+00 1.748985e+00 1.573017e+00 1.567655e+00 1.450627e+00 1.326044e+00 1.171565e+00 1.302086e-03
<GCONST> 8.440871e+01
<MIXTURE> 45 1.364932e-02
<MEAN> 25
 -1.163717e+01 3.797170e+00 -1.229677e+00 3.330836e+00 5.030022e+00 -2.953593e-01 3.714887e+00 1.894462e+00 3.117579e+00 1.443121e+00 2.101913e+00 2.583832e+00 -2.809675e+00 6.444966e-01 -7.711522e-01 -4.400816e-01 1.481749e-01 -1.482519e-02 2.697594e-01 -4.962457e-02 -2.197848e-01 -8.587690e-02 4.856853e-01 4.701964e-02 1.086164e-01
<VARIANCE> 25
 3.253039e+01 2.813478e+01 2.784950e+01 3.078008e+01 2.940736e+01 2.575106e+01 3.161479e+01 2.723164e+01 2.150318e+01 2.251562e+01 2.466031e+01 1.409884e+01 2.161776e+00 2.698040e+00 2.924690e+00 2.359518e+00 2.142707e+00 2.279417e+00 2.545134e+00 2.062540e+00 2.067386e+00 1.832271e+00 2.035974e+00 1.486272e+00 3.987109e-03
<GCONST> 8.879483e+01
<MIXTURE> 46 9.336259e-03
<MEAN> 25
 -9.453841e+00 2.312882e+00 1.182602e+00 7.557271e+00 5.921123e+00 3.329646e+00 7.057299e+00 4.482058e+00 5.702737e+00 4.677688e+00 5.034872e+00 2.933603e+00 1.063127e+00 -2.425383e-01 3.962446e-02 9.955053e-01 6.030362e-01 9.402657e-01 3.838889e-01 6.681812e-01 4.685407e-01 5.083868e-01 6.445210e-01 5.239741e-01 -1.052695e-01
<VARIANCE> 25
 3.426076e+01 4.376118e+01 3.853904e+01 5.003117e+01 5.080104e+01 4.088921e+01 3.698587e+01 3.535033e+01 3.313823e+01 3.111293e+01 2.838224e+01 2.022274e+01 3.918567e+00 4.133123e+00 3.885228e+00 4.147693e+00 4.165100e+00 3.692508e+00 3.384526e+00 3.120752e+00 2.986064e+00 2.863739e+00 2.314101e+00 1.782529e+00 7.977055e-03
<GCONST> 9.831629e+01
<MIXTURE> 47 7.116147e-03
<MEAN> 25
 7.278831e+00 -7.158259e+00 -7.809228e+00 -7.176468e+00 1.345412e+00 1.139613e+00 -2.383104e+00 7.249020e-01 2.742710e+00 5.635824e-01 -2.813118e+00 -6.937469e+00 -1.806972e-01 -1.219972e+00 -6.734582e-01 -5.286602e-01 6.048097e-01 8.620539e-01 8.684188e-01 3.854237e-01 1.203131e-01 -9.537525e-01 -4.784655e-01 -5.025342e-01 2.929892e-02
<VARIANCE> 25
 1.011632e+01 2.042155e+01 1.938528e+01 3.932480e+01 3.431704e+01 5.174250e+01 4.303170e+01 4.235494e+01 4.200270e+01 4.703729e+01 7.494660e+01 3.322606e+01 4.876686e-01 7.421874e-01 1.076255e+00 1.753785e+00 1.889644e+00 2.103401e+00 2.240084e+00 2.479877e+00 2.112173e+00 2.120574e+00 2.220560e+00 1.933957e+00 5.308957e-04
<GCONST> 8.644221e+01
<MIXTURE> 48 7.116147e-03
<MEAN> 25
 7.278831e+00 -7.158259e+00 -7.809228e+00 -7.176468e+00 1.345412e+00 1.139613e+00 -2.383104e+00 7.249020e-01 2.742710e+00 5.635824e-01 -2.813118e+00 -6.937469e+00 -1.806972e-01 -1.219972e+00 -6.734582e-01 -5.286602e-01 6.048097e-01 8.620539e-01 8.684188e-01 3.854237e-01 1.203131e-01 -9.537525e-01 -4.784655e-01 -5.025342e-01 2.929892e-02
<VARIANCE> 25
 1.011632e+01 2.042155e+01 1.938528e+01 3.932480e+01 3.431704e+01 5.174250e+01 4.303170e+01 4.235494e+01 4.200270e+01 4.703729e+01 7.494660e+01 3.322606e+01 4.876686e-01 7.421874e-01 1.076255e+00 1.753785e+00 1.889644e+00 2.103401e+00 2.240084e+00 2.479877e+00 2.112173e+00 2.120574e+00 2.220560e+00 1.933957e+00 5.308957e-04
<GCONST> 8.644221e+01
<MIXTURE> 49 5.548473e-03
<MEAN> 25
 -5.023417e+00 3.098622e-01 3.372102e-01 8.073775e+00 5.799408e+00 5.501588e+00 6.096554e+00 4.379420e+00 5.213087e+00 3.398586e+00 4.126821e+00 2.751129e+00 3.689856e-01 6.443325e-01 6.824211e-01 3.670400e-01 -1.501985e-01 -6.867538e-01 -1.036740e+00 -1.117497e+00 -9.144745e-01 -6.891077e-01 -4.451827e-01 -2.408313e-01 -9.648741e-05
<VARIANCE> 25
 8.949450e+00 9.326036e+00 1.374311e+01 1.738964e+01 1.619723e+01 1.622227e+01 1.815704e+01 1.860282e+01 1.763376e+01 1.863305e+01 2.769688e+01 1.405611e+01 2.810954e-01 3.002718e-01 3.692434e-01 5.859430e-01 8.565052e-01 9.316958e-01 9.906471e-01 1.020173e+00 1.131994e+00 1.157177e+00 1.248906e+00 1.153111e+00 1.506094e-05
<GCONST> 6.431373e+01
<MIXTURE> 50 6.234641e-03
<MEAN> 25
 -4.628382e+00 1.414450e-01 -7.760203e-01 5.977416e+00 3.660457e+00 2.417665e+00 3.999405e+00 1.989081e+00 3.340076e+00 8.813381e-01 3.393339e-01 2.883994e+00 3.401701e-02 1.640065e-01 1.008056e-01 -1.403878e-01 -4.854704e-01 -6.280358e-01 -4.506763e-01 -8.411102e-02 4.113232e-01 7.531342e-01 7.553635e-01 4.158083e-01 7.704858e-05
<VARIANCE> 25
 9.034968e+00 1.010662e+01 1.455050e+01 1.364649e+01 1.537180e+01 1.631624e+01 1.622492e+01 1.733246e+01 1.778785e+01 1.776945e+01 3.340915e+01 1.542339e+01 1.259061e-01 2.245891e-01 3.570746e-01 4.729275e-01 5.654091e-01 7.099969e-01 1.013964e+00 1.064871e+00 1.053378e+00 8.922899e-01 8.710571e-01 9.852839e-01 1.290035e-06
<GCONST> 5.896089e+01
<MIXTURE> 51 6.234641e-03
<MEAN> 25
 -4.628382e+00 1.414450e-01 -7.760203e-01 5.977416e+00 3.660457e+00 2.417665e+00 3.999405e+00 1.989081e+00 3.340076e+00 8.813381e-01 3.393339e-01 2.883994e+00 3.401701e-02 1.640065e-01 1.008056e-01 -1.403878e-01 -4.854704e-01 -6.280358e-01 -4.506763e-01 -8.411102e-02 4.113232e-01 7.531342e-01 7.553635e-01 4.158083e-01 7.704858e-05
<VARIANCE> 25
 9.034968e+00 1.010662e+01 1.455050e+01 1.364649e+01 1.537180e+01 1.631624e+01 1.622492e+01 1.733246e+01 1.778785e+01 1.776945e+01 3.340915e+01 1.542339e+01 1.259061e-01 2.245891e-01 3.570746e-01 4.729275e-01 5.654091e-01 7.099969e-01 1.013964e+00 1.064871e+00 1.053378e+00 8.922899e-01 8.710571e-01 9.852839e-01 1.290035e-06
<GCONST> 5.896089e+01
<MIXTURE> 52 6.367945e-03
<MEAN> 25
 9.895468e+00 2.011954e+00 -6.003639e+00 -1.431466e+01 -3.868097e+00 8.309073e+00 -3.126374e+00 -3.172249e+00 -5.922321e+00 -1.832415e+00 4.688161e+00 1.966345e-01 -4.092973e-01 -7.024636e-01 -1.716843e-01 1.394901e+00 1.510348e+00 -4.283464e-01 -8.775694e-01 -1.040762e+00 3.816431e-02 1.447442e+00 6.535832e-01 -5.186130e-01 -9.181258e-03
<VARIANCE> 25
 9.121176e+00 1.911054e+01 2.340413e+01 3.568908e+01 4.282372e+01 2.902907e+01 4.484111e+01 4.629174e+01 5.929079e+01 4.495923e+01 5.067235e+01 3.099234e+01 4.186462e-01 1.777706e+00 1.311448e+00 3.313009e+00 2.444379e+00 2.398664e+00 3.381745e+00 3.993215e+00 3.131575e+00 2.969517e+00 3.210634e+00 2.087101e+00 1.580937e-03
<GCONST> 9.107403e+01
<MIXTURE> 53 6.367945e-03
<MEAN> 25
 9.895468e+00 2.011954e+00 -6.003639e+00 -1.431466e+01 -3.868097e+00 8.309073e+00 -3.126374e+00 -3.172249e+00 -5.922321e+00 -1.832415e+00 4.688161e+00 1.966345e-01 -4.092973e-01 -7.024636e-01 -1.716843e-01 1.394901e+00 1.510348e+00 -4.283464e-01 -8.775694e-01 -1.040762e+00 3.816431e-02 1.447442e+00 6.535832e-01 -5.186130e-01 -9.181258e-03
<VARIANCE> 25
 9.121176e+00 1.911054e+01 2.340413e+01 3.568908e+01 4.282372e+01 2.902907e+01 4.484111e+01 4.629174e+01 5.929079e+01 4.495923e+01 5.067235e+01 3.099234e+01 4.186462e-01 1.777706e+00 1.311448e+00 3.313009e+00 2.444379e+00 2.398664e+00 3.381745e+00 3.993215e+00 3.131575e+00 2.969517e+00 3.210634e+00 2.087101e+00 1.580937e-03
<GCONST> 9.107403e+01
<MIXTURE> 54 7.368620e-03
<MEAN> 25
 -3.629928e+00 2.616254e-02 -4.996423e-01 7.863516e+00 6.401370e+00 4.552785e+00 4.707066e+00 4.598028e+00 4.245354e+00 3.270635e+00 3.598556e+00 2.380953e+00 -6.528948e-03 2.070325e-02 3.568517e-02 5.787947e-02 4.250280e-02 2.132928e-02 3.592979e-02 5.458729e-02 9.373790e-03 3.758186e-02 2.450859e-02 -2.267469e-02 -1.689131e-06
<VARIANCE> 25
 8.553714e+00 9.645511e+00 9.948853e+00 1.727827e+01 1.372537e+01 1.281021e+01 1.129329e+01 1.103574e+01 1.122372e+01 1.415863e+01 2.491566e+01 1.180446e+01 3.911993e-02 9.002604e-02 1.528382e-01 2.177542e-01 3.017738e-01 3.946397e-01 4.424277e-01 5.821354e-01 5.558937e-01 5.847508e-01 5.199327e-01 5.341044e-01 1.025859e-06
<GCONST> 4.752299e+01
<MIXTURE> 55 7.368620e-03
<MEAN> 25
 -3.629928e+00 2.616254e-02 -4.996423e-01 7.863516e+00 6.401370e+00 4.552785e+00 4.707066e+00 4.598028e+00 4.245354e+00 3.270635e+00 3.598556e+00 2.380953e+00 -6.528948e-03 2.070325e-02 3.568517e-02 5.787947e-02 4.250280e-02 2.132928e-02 3.592979e-02 5.458729e-02 9.373790e-03 3.758186e-02 2.450859e-02 -2.267469e-02 -1.689131e-06
<VARIANCE> 25
 8.553714e+00 9.645511e+00 9.948853e+00 1.727827e+01 1.372537e+01 1.281021e+01 1.129329e+01 1.103574e+01 1.122372e+01 1.415863e+01 2.491566e+01 1.180446e+01 3.911993e-02 9.002604e-02 1.528382e-01 2.177542e-01 3.017738e-01 3.946397e-01 4.424277e-01 5.821354e-01 5.558937e-01 5.847508e-01 5.199327e-01 5.341044e-01 1.025859e-06
<GCONST> 4.752299e+01
<MIXTURE> 56 6.132464e-03
<MEAN> 25
 7.193727e+00 -6.626253e+00 -8.912842e+00 -1.141583e+01 3.821910e+00 5.061454e+00 -2.045198e+00 -1.320564e+00 7.585962e-01 1.988562e+00 8.064880e-01 -8.441491e+00 -4.641816e-02 -1.522897e-02 -3.476482e-02 1.186607e-01 4.229680e-01 1.659561e-01 4.270288e-02 7.393769e-03 -1.496396e-01 1.144256e-01 -3.411652e-01 1.807403e-02 -8.666030e-03
<VARIANCE> 25
 7.522408e+00 1.816724e+01 1.606096e+01 5.564138e+01 2.628355e+01 4.824815e+01 4.969305e+01 2.879209e+01 3.377718e+01 3.704535e+01 5.982085e+01 2.929103e+01 1.768618e-01 3.679109e-01 3.937444e-01 8.772639e-01 6.973850e-01 9.480486e-01 8.335320e-01 8.541768e-01 7.618887e-01 1.260615e+00 1.151384e+00 6.903862e-01 2.694450e-04
<GCONST> 7.363376e+01
<MIXTURE> 57 6.132464e-03
<MEAN> 25
 7.193727e+00 -6.626253e+00 -8.912842e+00 -1.141583e+01 3.821910e+00 5.061454e+00 -2.045198e+00 -1.320564e+00 7.585962e-01 1.988562e+00 8.064880e-01 -8.441491e+00 -4.641816e-02 -1.522897e-02 -3.476482e-02 1.186607e-01 4.229680e-01 1.659561e-01 4.270288e-02 7.393769e-03 -1.496396e-01 1.144256e-01 -3.411652e-01 1.807403e-02 -8.666030e-03
<VARIANCE> 25
 7.522408e+00 1.816724e+01 1.606096e+01 5.564138e+01 2.628355e+01 4.824815e+01 4.969305e+01 2.879209e+01 3.377718e+01 3.704535e+01 5.982085e+01 2.929103e+01 1.768618e-01 3.679109e-01 3.937444e-01 8.772639e-01 6.973850e-01 9.480486e-01 8.335320e-01 8.541768e-01 7.618887e-01 1.260615e+00 1.151384e+00 6.903862e-01 2.694450e-04
<GCONST> 7.363376e+01
<MIXTURE> 58 6.172147e-03
<MEAN> 25
 2.584374e+00 -3.098754e+00 7.383024e+00 -5.245442e+00 -1.343175e+01 -5.644407e+00 1.631793e+00 8.416755e-01 -2.443012e+00 1.836654e+00 5.787101e-01 -8.352386e-01 -3.058791e-02 -1.380894e-01 -7.078636e-02 -1.656985e-01 -1.627631e-02 2.292125e-01 3.783987e-01 2.233116e-01 2.621609e-02 1.663490e-02 -7.871692e-02 -1.336532e-01 -2.851981e-03
<VARIANCE> 25
 7.346420e+00 1.513398e+01 2.017134e+01 2.725536e+01 2.347763e+01 4.665025e+01 3.278934e+01 3.460367e+01 3.279790e+01 3.115586e+01 2.347599e+01 2.018279e+01 3.066386e-01 8.015425e-01 7.502980e-01 1.018437e+00 8.852977e-01 1.218441e+00 1.157751e+00 1.292520e+00 1.085301e+00 1.059160e+00 9.095827e-01 8.955421e-01 7.263042e-04
<GCONST> 7.560375e+01
<MIXTURE> 59 6.172147e-03
<MEAN> 25
 2.584374e+00 -3.098754e+00 7.383024e+00 -5.245442e+00 -1.343175e+01 -5.644407e+00 1.631793e+00 8.416755e-01 -2.443012e+00 1.836654e+00 5.787101e-01 -8.352386e-01 -3.058791e-02 -1.380894e-01 -7.078636e-02 -1.656985e-01 -1.627631e-02 2.292125e-01 3.783987e-01 2.233116e-01 2.621609e-02 1.663490e-02 -7.871692e-02 -1.336532e-01 -2.851981e-03
<VARIANCE> 25
 7.346420e+00 1.513398e+01 2.017134e+01 2.725536e+01 2.347763e+01 4.665025e+01 3.278934e+01 3.460367e+01 3.279790e+01 3.115586e+01 2.347599e+01 2.018279e+01 3.066386e-01 8.015425e-01 7.502980e-01 1.018437e+00 8.852977e-01 1.218441e+00 1.157751e+00 1.292520e+00 1.085301e+00 1.059160e+00 9.095827e-01 8.955421e-01 7.263042e-04
<GCONST> 7.560375e+01
<MIXTURE> 60 4.479129e-03
<MEAN> 25
 -4.273886e+00 -6.656405e-01 -1.423597e-01 4.059917e+00 1.669213e+00 2.416052e+00 2.526565e+00 1.485821e+00 2.891458e+00 6.370024e-01 1.747081e-01 2.027252e+00 -4.217897e-02 5.330970e-02 1.193134e-01 1.289490e-01 6.303269e-02 7.137872e-02 1.526058e-01 2.624395e-01 4.753677e-01 6.235190e-01 5.106893e-01 2.629923e-01 2.047259e-05
<VARIANCE> 25
 5.487061e+00 3.759641e+00 1.140507e+01 1.014953e+01 1.137971e+01 1.402665e+01 1.419589e+01 1.056253e+01 1.310358e+01 1.267830e+01 2.572157e+01 1.161998e+01 8.605874e-02 1.487972e-01 2.742185e-01 4.072615e-01 6.369366e-01 6.557624e-01 7.397195e-01 8.582259e-01 9.591226e-01 9.145713e-01 8.559810e-01 9.303693e-01 2.341766e-05
<GCONST> 5.572284e+01
<MIXTURE> 61 4.479129e-03
<MEAN> 25
 -4.273886e+00 -6.656405e-01 -1.423597e-01 4.059917e+00 1.669213e+00 2.416052e+00 2.526565e+00 1.485821e+00 2.891458e+00 6.370024e-01 1.747081e-01 2.027252e+00 -4.217897e-02 5.330970e-02 1.193134e-01 1.289490e-01 6.303269e-02 7.137872e-02 1.526058e-01 2.624395e-01 4.753677e-01 6.235190e-01 5.106893e-01 2.629923e-01 2.047259e-05
<VARIANCE> 25
 5.487061e+00 3.759641e+00 1.140507e+01 1.014953e+01 1.137971e+01 1.402665e+01 1.419589e+01 1.056253e+01 1.310358e+01 1.267830e+01 2.572157e+01 1.161998e+01 8.605874e-02 1.487972e-01 2.742185e-01 4.072615e-01 6.369366e-01 6.557624e-01 7.397195e-01 8.582259e-01 9.591226e-01 9.145713e-01 8.559810e-01 9.303693e-01 2.341766e-05
<GCONST> 5.572284e+01
<MIXTURE> 62 3.278034e-03
<MEAN> 25
 -5.090265e+00 1.238447e+00 1.027573e+00 8.814525e+00 6.127625e+00 5.050120e+00 5.500463e+00 4.033685e+00 4.987849e+00 3.914915e+00 4.959472e+00 2.951031e+00 -1.002598e+00 -1.165908e+00 -9.530734e-01 -2.776317e-01 4.265884e-01 1.004377e+00 1.384472e+00 1.551836e+00 1.477596e+00 1.243490e+00 1.066728e+00 7.250835e-01 -1.259509e-03
<VARIANCE> 25
 9.867234e+00 9.964441e+00 1.310808e+01 1.674639e+01 1.741865e+01 1.751326e+01 1.969739e+01 1.910184e+01 1.885146e+01 1.873516e+01 2.161521e+01 1.480279e+01 4.024099e-01 4.326733e-01 5.538906e-01 7.800633e-01 1.035830e+00 1.192333e+00 1.251809e+00 1.278545e+00 1.331359e+00 1.363101e+00 1.400986e+00 1.372071e+00 1.635743e-05
<GCONST> 6.753538e+01
<MIXTURE> 63 4.351215e-03
<MEAN> 25
 -3.963634e+00 -2.047509e+00 -3.850916e+00 3.008296e+00 3.326790e+00 6.002433e-01 3.251029e+00 1.432315e+00 2.688479e+00 -9.729523e-01 -1.938964e+00 2.682023e+00 -1.298512e-01 2.963830e-01 4.697480e-01 5.839652e-01 4.044301e-01 3.575921e-01 3.985315e-01 1.640323e-01 2.255632e-01 2.340742e-01 2.500077e-01 1.613591e-01 -5.218776e-03
<VARIANCE> 25
 8.023421e+00 1.329340e+01 1.815207e+01 1.432670e+01 1.588757e+01 2.716125e+01 2.141942e+01 2.163114e+01 2.336670e+01 2.030433e+01 2.062310e+01 1.452023e+01 2.810772e-01 3.877588e-01 5.930651e-01 7.561004e-01 1.001710e+00 1.120340e+00 1.231743e+00 1.369010e+00 1.348261e+00 1.346410e+00 1.259480e+00 1.252558e+00 1.693915e-04
<GCONST> 7.023550e+01
<MIXTURE> 64 4.351215e-03
<MEAN> 25
 -3.963634e+00 -2.047509e+00 -3.850916e+00 3.008296e+00 3.326790e+00 6.002433e-01 3.251029e+00 1.432315e+00 2.688479e+00 -9.729523e-01 -1.938964e+00 2.682023e+00 -1.298512e-01 2.963830e-01 4.697480e-01 5.839652e-01 4.044301e-01 3.575921e-01 3.985315e-01 1.640323e-01 2.255632e-01 2.340742e-01 2.500077e-01 1.613591e-01 -5.218776e-03
<VARIANCE> 25
 8.023421e+00 1.329340e+01 1.815207e+01 1.432670e+01 1.588757e+01 2.716125e+01 2.141942e+01 2.163114e+01 2.336670e+01 2.030433e+01 2.062310e+01 1.452023e+01 2.810772e-01 3.877588e-01 5.930651e-01 7.561004e-01 1.001710e+00 1.120340e+00 1.231743e+00 1.369010e+00 1.348261e+00 1.346410e+00 1.259480e+00 1.252558e+00 1.693915e-04
<GCONST> 7.023550e+01
<MIXTURE> 65 1.721197e-02
<MEAN> 25
 7.645504e+00 2.083612e+00 1.975162e+00 4.351285e-01 -5.167199e+00 -4.534609e+00 -6.121474e+00 -5.926014e+00 -3.519956e+00 -1.698845e+00 -4.753957e+00 -1.974726e+00 1.662976e-01 1.882948e-01 1.561793e-01 2.096364e-01 -1.550278e-01 2.351003e-01 -9.141697e-02 8.349926e-03 2.343393e-01 -1.203185e-01 -1.513423e-01 -2.255989e-01 -6.593957e-03
<VARIANCE> 25
 1.028042e+01 2.072324e+01 2.330008e+01 3.376175e+01 3.476347e+01 5.309222e+01 5.607901e+01 5.866028e+01 5.215587e+01 5.514564e+01 5.683646e+01 5.555407e+01 5.111578e-01 9.356235e-01 1.607358e+00 1.662936e+00 2.120992e+00 2.367330e+00 2.425188e+00 3.064308e+00 2.529935e+00 2.474984e+00 2.466168e+00 2.107533e+00 4.438510e-04
<GCONST> 8.924461e+01
<MIXTURE> 66 1.191532e-02
<MEAN> 25
 6.111434e+00 -3.732001e+00 -5.469921e+00 -4.928773e+00 1.014514e+00 -4.278216e+00 -6.663683e+00 9.110373e-01 2.926423e-01 -1.807256e+00 -5.312931e+00 -3.188977e+00 -1.316011e-01 1.627394e+00 2.186413e+00 2.526555e+00 -1.150427e+00 -1.225122e+00 2.009098e-01 -4.411738e-01 -1.043364e-02 -4.477144e-01 -4.830776e-01 1.256982e+00 -6.738590e-02
<VARIANCE> 25
 9.578643e+00 2.069378e+01 2.584182e+01 3.273437e+01 3.438046e+01 5.674161e+01 5.680878e+01 3.934705e+01 5.047695e+01 6.119475e+01 4.270825e+01 4.031960e+01 1.172153e+00 2.123368e+00 2.177764e+00 2.484735e+00 3.813242e+00 3.991292e+00 3.939643e+00 4.282710e+00 3.829886e+00 4.595168e+00 3.819452e+00 3.180322e+00 1.464581e-03
<GCONST> 9.573897e+01
<MIXTURE> 67 1.559142e-02
<MEAN> 25
 7.721948e+00 1.061627e+00 -6.491539e+00 -9.707000e+00 1.509139e+00 4.199780e+00 -3.013933e+00 -2.822376e+00 -3.294390e+00 1.257410e+00 5.738033e-01 -2.202275e+00 -1.197290e+00 1.552826e+00 9.549347e-01 3.023900e+00 7.012408e-01 -7.579955e-01 1.253374e+00 1.613358e-01 5.257134e-01 -4.230197e-01 -1.108219e+00 1.274893e+00 -1.278539e-01
<VARIANCE> 25
 1.290365e+01 4.091109e+01 2.628976e+01 5.653626e+01 4.295963e+01 4.757382e+01 4.995859e+01 4.832234e+01 5.051117e+01 4.496738e+01 4.665203e+01 4.983301e+01 1.852996e+00 3.020070e+00 2.656582e+00 3.694072e+00 5.182106e+00 3.596091e+00 3.621519e+00 3.842573e+00 4.435434e+00 4.607262e+00 5.395946e+00 4.236461e+00 2.367379e-03
<GCONST> 1.000757e+02
<MIXTURE> 68 1.485092e-02
<MEAN> 25
 -1.916122e+00 -2.031719e+00 -3.928181e+00 1.125754e+00 4.863580e+00 -5.129306e-01 2.105270e+00 1.762841e+00 2.089088e+00 1.426611e+00 1.630977e-01 2.083144e+00 2.783125e+00 6.113242e-01 -8.958648e-02 -2.533719e+00 -2.304588e+00 -1.427979e+00 -2.310302e+00 -1.718323e+00 -1.645829e+00 -1.270264e+00 -1.708959e+00 -1.025067e+00 1.021352e-01
<VARIANCE> 25
 2.441248e+01 3.062241e+01 5.585328e+01 4.988078e+01 4.545974e+01 5.265482e+01 4.240292e+01 4.005727e+01 3.810796e+01 4.106993e+01 3.602959e+01 2.502585e+01 1.797483e+00 3.553939e+00 5.949328e+00 5.654137e+00 4.470599e+00 5.572551e+00 5.450171e+00 5.107346e+00 4.814255e+00 5.298077e+00 5.762681e+00 3.392149e+00 5.810968e-03
<GCONST> 1.028498e+02
<MIXTURE> 69 1.204884e-02
<MEAN> 25
 4.317951e+00 -3.867867e+00 -3.637960e+00 -3.104614e+00 -3.565194e+00 -7.959928e+00 -1.376382e+00 2.010197e+00 -2.713895e-01 -4.550694e+00 -5.966066e+00 1.283326e+00 1.502845e+00 -2.133270e+00 -1.542414e+00 -2.123857e+00 -3.631915e-01 -5.320891e-01 -6.416866e-01 6.309686e-01 -7.738874e-01 -1.307295e+00 -2.018715e+00 -3.706547e-01 6.628375e-02
<VARIANCE> 25
 9.655873e+00 2.160649e+01 2.587576e+01 2.746073e+01 3.957467e+01 3.314505e+01 4.617640e+01 2.977986e+01 3.711450e+01 3.559292e+01 2.972198e+01 2.487568e+01 3.668441e+00 2.824172e+00 3.607962e+00 3.614769e+00 5.656939e+00 5.067635e+00 6.885828e+00 5.619209e+00 5.651355e+00 5.676363e+00 4.429809e+00 3.916740e+00 2.412111e-03
<GCONST> 9.826298e+01
<MIXTURE> 70 1.329190e-02
<MEAN> 25
 6.823953e+00 -1.905609e+00 -3.566823e+00 -3.509068e+00 -4.419521e-01 -2.603513e+00 -8.448606e+00 -3.876334e+00 -1.211814e+00 4.071102e+00 2.259992e+00 -6.287960e+00 2.029377e+00 -1.379223e+00 -4.498600e-01 -2.413263e+00 -1.040308e+00 1.223266e+00 -1.476701e+00 -2.578289e-01 -4.412183e-01 8.592605e-01 1.471898e+00 -1.831683e+00 6.062340e-02
<VARIANCE> 25
 8.935928e+00 1.700044e+01 2.178994e+01 3.617477e+01 2.661582e+01 4.070772e+01 3.653140e+01 4.005839e+01 3.921881e+01 2.818128e+01 4.485794e+01 2.828142e+01 3.015373e+00 2.488807e+00 4.768270e+00 4.062567e+00 4.115731e+00 4.711311e+00 5.288948e+00 5.464084e+00 5.711288e+00 5.634127e+00 5.131605e+00 3.601026e+00 1.831076e-03
<GCONST> 9.746301e+01
<MIXTURE> 71 1.406903e-02
<MEAN> 25
 6.074996e+00 5.205873e+00 4.232394e+00 3.224394e+00 -3.493904e+00 -3.568152e+00 -3.366383e+00 -6.330740e+00 -4.267622e+00 -2.518290e+00 -5.373203e+00 -2.976224e+00 -1.583300e+00 -6.883157e-01 -3.628635e-01 -1.731036e+00 1.139725e+00 -1.376607e-01 3.223818e-02 1.427323e+00 2.433447e-01 -1.711687e-01 7.249507e-01 1.434565e-01 4.116477e-02
<VARIANCE> 25
 2.030352e+01 2.494174e+01 2.361496e+01 4.380664e+01 3.890699e+01 3.930048e+01 4.086568e+01 4.175045e+01 4.121648e+01 4.219457e+01 3.595243e+01 3.479667e+01 1.707575e+00 2.919528e+00 5.443041e+00 4.719283e+00 4.532737e+00 4.719182e+00 4.751211e+00 5.466821e+00 4.257396e+00 3.920619e+00 3.579108e+00 3.227864e+00 1.435142e-03
<GCONST> 9.837110e+01
<MIXTURE> 72 8.134747e-03
<MEAN> 25
 3.813856e+00 -3.779026e+00 5.707603e+00 -2.429941e+00 -1.019622e+01 -1.002595e+01 -2.584704e+00 2.080240e+00 -5.381826e+00 -1.979934e+00 -1.323350e+00 7.035213e-01 9.226775e-01 -7.007695e-01 -2.548504e+00 4.549291e-01 2.064804e+00 -6.670609e-01 -1.231283e+00 1.424550e+00 1.829702e+00 -6.041173e-01 -1.334663e+00 4.819548e-01 -6.951835e-03
<VARIANCE> 25
 1.030153e+01 1.878428e+01 3.256204e+01 3.667551e+01 3.164232e+01 3.496365e+01 3.949814e+01 3.512345e+01 4.550658e+01 4.039537e+01 4.332161e+01 2.740758e+01 4.161526e-01 1.129423e+00 1.960255e+00 1.413242e+00 2.185453e+00 2.255394e+00 3.067219e+00 2.803106e+00 2.489037e+00 2.824515e+00 1.987803e+00 2.152860e+00 5.378939e-04
<GCONST> 8.702429e+01
<MIXTURE> 73 1.213625e-02
<MEAN> 25
 -5.026872e+00 -4.513326e-01 -9.042010e-01 4.363179e+00 2.804480e+00 1.295344e+00 5.117001e+00 3.413414e+00 5.036251e+00 2.590592e+00 2.280560e+00 3.175226e+00 9.827890e-01 -7.509735e-01 -1.548381e+00 -2.784604e+00 -1.186224e+00 -1.380221e+00 -9.906508e-01 -2.806315e-01 -9.806895e-01 -2.883501e-01 -5.161644e-01 -2.673691e-01 1.396742e-01
<VARIANCE> 25
 1.183773e+01 1.133431e+01 1.310631e+01 2.001979e+01 2.595611e+01 2.384730e+01 1.660298e+01 1.640596e+01 1.661786e+01 1.826053e+01 2.994823e+01 1.312166e+01 3.664291e+00 2.836026e+00 5.844735e+00 4.486062e+00 4.835219e+00 4.791527e+00 3.451753e+00 4.073575e+00 3.194259e+00 3.967660e+00 4.279332e+00 2.478831e+00 4.067111e-03
<GCONST> 9.093015e+01
<MIXTURE> 74 1.756491e-02
<MEAN> 25
 4.346699e+00 -1.339938e+00 5.986603e+00 2.764570e-01 -7.736633e+00 -9.404029e+00 -3.089170e+00 5.006637e-02 -5.882842e+00 -1.816936e+00 4.330971e-01 6.766478e-01 1.202991e-01 1.883130e+00 -5.582479e-01 1.460277e+00 8.054240e-01 7.301312e-01 -1.465132e-01 -1.281133e+00 1.256860e+00 1.615189e-01 -1.273460e+00 7.512800e-01 -8.314420e-02
<VARIANCE> 25
 8.351901e+00 1.670273e+01 3.255226e+01 2.872081e+01 2.698822e+01 3.379327e+01 3.894906e+01 3.722578e+01 4.751684e+01 3.330584e+01 4.220356e+01 3.142202e+01 1.492653e+00 1.453413e+00 3.661752e+00 2.182834e+00 2.896362e+00 3.048301e+00 4.067518e+00 3.021176e+00 5.253900e+00 3.276217e+00 3.842723e+00 3.610429e+00 1.315976e-03
<GCONST> 9.275946e+01
<MIXTURE> 75 9.711651e-03
<MEAN> 25
 2.793710e+00 -1.340492e+00 1.085310e+01 1.998225e+00 -1.137418e+01 -8.191022e+00 -4.489576e+00 -5.287098e-02 -5.399340e+00 -4.106806e+00 3.946997e+00 -2.908047e-01 1.563317e+00 -1.761280e+00 3.597600e-01 -3.796054e-01 -2.250113e+00 -5.949994e-01 -1.354573e+00 9.461872e-01 -2.737713e-01 -3.430137e-01 1.136855e+00 -4.928697e-01 4.082054e-02
<VARIANCE> 25
 1.046029e+01 1.691155e+01 2.908550e+01 2.637109e+01 2.691630e+01 3.294583e+01 2.901884e+01 3.048338e+01 3.970514e+01 3.174796e+01 2.405711e+01 2.208478e+01 2.558655e+00 1.749028e+00 4.245969e+00 2.474296e+00 3.831694e+00 4.059725e+00 3.990397e+00 3.270817e+00 3.948262e+00 3.115102e+00 3.007545e+00 2.615952e+00 1.473460e-03
<GCONST> 9.196834e+01
<MIXTURE> 76 1.052359e-02
<MEAN> 25
 -6.499130e+00 -1.271722e+00 -2.142735e+00 4.173322e+00 3.748916e+00 1.905098e+00 3.996765e+00 1.773847e+00 2.853816e+00 1.011170e-01 7.624084e-01 2.780355e+00 -2.422107e-01 -5.549201e-01 -4.712871e-01 -7.903254e-01 -5.447446e-01 -8.372552e-01 -5.870552e-01 -3.273032e-01 -5.109478e-01 -3.598075e-01 -2.268268e-01 -1.714278e-01 1.892813e-02
<VARIANCE> 25
 3.193231e+01 2.559060e+01 2.941092e+01 2.651076e+01 2.854720e+01 2.998803e+01 2.526252e+01 2.524109e+01 2.370686e+01 2.365023e+01 3.468719e+01 1.773878e+01 1.252414e+00 1.129882e+00 1.663550e+00 1.262972e+00 1.310463e+00 1.590836e+00 1.528829e+00 1.573389e+00 1.466256e+00 1.483448e+00 1.621667e+00 1.183384e+00 1.306525e-03
<GCONST> 8.276361e+01
<MIXTURE> 77 1.244626e-02
<MEAN> 25
 -4.618376e-01 8.575326e+00 1.244523e+01 -1.158114e+01 -6.994325e+00 9.533377e-01 -9.264649e+00 -7.229894e+00 -3.359239e+00 -1.985983e-01 -4.660536e+00 -1.473834e+00 6.659380e-02 1.373403e-01 7.319830e-02 2.512653e-01 -1.932300e-02 7.989895e-02 -5.795602e-02 -5.919213e-02 8.613157e-02 -4.437063e-02 2.434378e-02 1.153791e-01 -9.974698e-03
<VARIANCE> 25
 1.042417e+01 2.007236e+01 2.758406e+01 4.211571e+01 3.318162e+01 3.373466e+01 3.676329e+01 3.172856e+01 3.528218e+01 3.314133e+01 3.748073e+01 3.492855e+01 2.990307e-01 7.762420e-01 6.440722e-01 1.083495e+00 1.238121e+00 9.865550e-01 1.239380e+00 1.074599e+00 1.046193e+00 1.064645e+00 9.702731e-01 9.230421e-01 5.400591e-04
<GCONST> 7.781166e+01
<MIXTURE> 78 9.702551e-03
<MEAN> 25
 -1.160191e+01 1.714980e+00 -1.790454e+00 3.039237e+00 3.835733e+00 -2.513551e+00 3.927078e+00 2.111164e+00 2.950833e+00 2.359535e-01 -2.186217e-01 3.125686e+00 2.544485e+00 -3.602715e-01 3.350427e-01 4.221081e-01 -3.737049e-03 -8.287885e-02 -3.932037e-01 -1.853751e-01 1.644662e-01 2.708244e-01 -2.555017e-01 -4.693754e-01 -5.649750e-02
<VARIANCE> 25
 3.848907e+01 3.355561e+01 2.988447e+01 3.492623e+01 3.907122e+01 3.587650e+01 3.262875e+01 3.191117e+01 2.728195e+01 2.708441e+01 2.575083e+01 1.849028e+01 5.056273e+00 2.546002e+00 2.822626e+00 3.145936e+00 2.633162e+00 3.250763e+00 3.420964e+00 2.732727e+00 2.283894e+00 2.499919e+00 2.347615e+00 2.026202e+00 4.495717e-03
<GCONST> 9.404389e+01
<MIXTURE> 79 1.156824e-02
<MEAN> 25
 2.423432e+00 1.579096e+00 9.196084e+00 -6.607938e+00 -1.207750e+01 -1.821699e+00 -1.917594e+00 -6.475509e+00 -6.580267e+00 3.261233e-01 -3.516403e+00 -3.297582e+00 1.221681e+00 -5.250858e-01 -1.432343e+00 2.354759e+00 3.796734e-01 -1.473454e+00 5.358916e-01 8.882381e-01 -4.354264e-01 -5.434256e-01 3.573432e-01 2.802504e-01 -3.634151e-02
<VARIANCE> 25
 1.424120e+01 2.415290e+01 3.788191e+01 4.981099e+01 3.339671e+01 4.354403e+01 4.288847e+01 3.680467e+01 3.898086e+01 3.981741e+01 4.396043e+01 3.070333e+01 9.438198e-01 2.264196e+00 1.897757e+00 2.086081e+00 2.475675e+00 2.818781e+00 3.200613e+00 3.535406e+00 2.518008e+00 2.736123e+00 2.320040e+00 2.033277e+00 1.232541e-03
<GCONST> 9.181857e+01
<MIXTURE> 80 7.550998e-03
<MEAN> 25
 -1.459028e+01 4.042068e+00 6.429816e-01 2.984613e+00 2.375394e+00 1.287437e+00 6.395561e+00 2.422791e+00 2.795725e+00 2.282075e+00 4.832577e+00 1.222814e+00 4.298541e+00 -4.107755e-02 1.640448e+00 -1.145221e+00 -2.839366e+00 -2.749311e+00 -2.325160e+00 -2.011333e+00 -1.962195e+00 -1.626040e+00 -1.606415e+00 -6.103075e-01 -4.376223e-02
<VARIANCE> 25
 2.067513e+01 1.980257e+01 3.409370e+01 3.516697e+01 3.012140e+01 2.981812e+01 2.788190e+01 2.851740e+01 2.675811e+01 2.896561e+01 2.649785e+01 1.793519e+01 2.334024e+00 2.671042e+00 2.635344e+00 4.067411e+00 3.515830e+00 2.720536e+00 2.982863e+00 3.165344e+00 2.721163e+00 2.900580e+00 2.876529e+00 2.119068e+00 1.505539e-03
<GCONST> 9.142678e+01
<MIXTURE> 81 8.025434e-03
<MEAN> 25
 -1.117796e+00 4.066964e+00 1.017828e+01 -1.480044e+01 -9.079622e+00 -1.423448e+00 -6.768785e+00 -8.425504e+00 -4.149004e+00 -4.160775e-01 -7.573999e+00 -2.244654e+00 1.338023e-01 -5.869687e-01 -2.557426e-03 -5.561458e-01 -4.635331e-01 3.358589e-01 3.204135e-01 1.374828e-01 -1.396890e-01 1.061869e-01 -4.697932e-01 -1.255534e-01 1.149774e-02
<VARIANCE> 25
 1.015223e+01 3.279821e+01 2.645533e+01 2.932079e+01 3.370056e+01 3.051714e+01 4.544022e+01 2.825064e+01 3.800587e+01 3.188100e+01 2.529645e+01 3.106146e+01 7.720596e-01 2.277095e+00 1.545646e+00 2.872274e+00 2.663702e+00 2.127333e+00 3.280996e+00 2.288237e+00 2.356494e+00 2.539196e+00 2.298310e+00 2.078206e+00 1.183768e-03
<GCONST> 8.868738e+01
<MIXTURE> 82 8.213053e-03
<MEAN> 25
 -9.916908e+00 -3.867874e+00 1.623521e+00 -2.933732e+00 3.077899e+00 6.513875e-01 2.006739e+00 9.549339e-01 2.999995e+00 1.706214e+00 1.690023e+00 3.084871e+00 -1.290074e+00 -1.180563e-01 2.605461e-01 -2.610266e+00 -1.104773e+00 -1.255470e+00 -1.016884e+00 -8.580062e-01 -3.211848e-01 -4.671967e-01 -3.021012e-01 -9.904820e-02 1.777244e-01
<VARIANCE> 25
 1.819218e+01 2.491538e+01 3.217205e+01 3.086739e+01 3.302501e+01 3.212824e+01 3.158981e+01 3.282648e+01 3.076464e+01 2.504588e+01 3.097006e+01 1.739600e+01 3.819594e+00 3.036378e+00 3.405353e+00 3.277976e+00 3.536192e+00 3.285079e+00 2.925919e+00 3.036239e+00 2.778518e+00 2.488068e+00 2.460343e+00 1.858118e+00 3.471869e-03
<GCONST> 9.310190e+01
<MIXTURE> 83 1.167529e-02
<MEAN> 25
 -2.002631e+01 5.511340e+00 -1.797539e+00 -3.846350e-01 7.812290e+00 -1.239865e+00 5.453394e+00 3.032643e+00 1.192464e+00 2.174974e+00 7.242259e-01 2.878118e+00 -2.346210e-02 -4.508622e-01 7.316050e-03 -3.638315e-01 -4.962721e-01 -1.276473e-01 -1.293700e-01 -1.007814e-01 -3.831648e-02 -4.083516e-02 -2.943739e-02 -3.255238e-02 4.376445e-03
<VARIANCE> 25
 8.903975e+00 1.644642e+01 2.848451e+01 2.265460e+01 2.137846e+01 2.404517e+01 2.202778e+01 2.338655e+01 2.038940e+01 2.230190e+01 2.315162e+01 1.446543e+01 1.066809e+00 9.348241e-01 1.242218e+00 1.065380e+00 1.357459e+00 1.290697e+00 1.293716e+00 1.386840e+00 1.351245e+00 1.309425e+00 1.218997e+00 1.071917e+00 8.923853e-04
<GCONST> 7.706287e+01
<MIXTURE> 84 1.066614e-02
<MEAN> 25
 1.106342e+00 8.717133e+00 7.113370e+00 7.865618e+00 2.344899e+00 -1.183532e+00 -1.462084e+00 -4.039143e+00 -3.353731e+00 -2.913456e+00 -2.817608e+00 -1.274875e+00 -1.798571e+00 -1.090315e+00 -1.154523e+00 1.194229e+00 2.151083e+00 1.477832e+00 1.422908e+00 1.154683e+00 1.149810e+00 3.517788e-01 3.630943e-01 3.197399e-01 -6.750546e-02
<VARIANCE> 25
 2.194526e+01 1.792355e+01 2.043103e+01 2.285488e+01 2.913436e+01 2.752964e+01 2.609168e+01 2.678956e+01 2.897852e+01 2.346420e+01 2.372587e+01 2.383571e+01 1.964909e+00 2.510350e+00 3.745785e+00 3.261177e+00 3.145353e+00 3.146461e+00 3.073904e+00 3.420325e+00 3.296567e+00 3.064701e+00 3.648088e+00 2.778754e+00 3.521689e-03
<GCONST> 9.188812e+01
<MIXTURE> 85 7.591393e-03
<MEAN> 25
 -3.097031e+00 7.896049e+00 5.700059e+00 1.298752e+00 -3.475464e+00 -5.339895e+00 -2.974920e+00 -6.128293e+00 -3.502576e+00 -3.193735e+00 -4.624116e-01 -1.876384e+00 3.952182e+00 3.120685e-01 1.751738e+00 -2.101778e+00 -3.394055e+00 -2.569969e+00 -2.893545e+00 -2.340019e+00 -2.252758e+00 -1.237979e+00 -2.278214e+00 -6.242990e-01 9.317906e-03
<VARIANCE> 25
 4.232489e+01 2.332886e+01 3.641947e+01 3.809837e+01 3.962356e+01 4.109050e+01 3.202550e+01 2.780901e+01 2.683894e+01 2.600599e+01 2.618649e+01 2.057637e+01 2.709468e+00 4.345149e+00 4.046031e+00 5.183214e+00 4.472521e+00 3.897365e+00 3.848938e+00 3.970236e+00 3.833698e+00 4.165586e+00 4.043243e+00 3.485550e+00 5.425788e-03
<GCONST> 9.839554e+01
<MIXTURE> 86 1.273941e-02
<MEAN> 25
 -4.765071e+00 -1.199262e+00 -3.559683e-01 6.188240e+00 4.677614e+00 4.587650e+00 5.489768e+00 4.256749e+00 4.834912e+00 3.448732e+00 3.629907e+00 2.977884e+00 -1.391757e-02 -3.379110e-03 3.039896e-02 -1.438437e-02 -1.908335e-01 -1.524642e-01 -2.072733e-01 -3.761843e-01 -3.729872e-01 -3.186339e-01 -1.828999e-01 -4.984786e-02 -1.271077e-03
<VARIANCE> 25
 6.902057e+00 4.843452e+00 9.655085e+00 1.157321e+01 1.466103e+01 1.244932e+01 1.221329e+01 1.234009e+01 1.213335e+01 1.502997e+01 2.442152e+01 1.211930e+01 9.676030e-02 1.750110e-01 3.787977e-01 4.969122e-01 8.128754e-01 6.867178e-01 6.724573e-01 8.788038e-01 7.594165e-01 8.172954e-01 8.528475e-01 8.459097e-01 5.682354e-05
<GCONST> 5.785448e+01
<MIXTURE> 87 1.100681e-02
<MEAN> 25
 -3.418066e+00 4.188139e+00 3.307272e+00 6.685057e+00 5.055907e+00 6.847230e-01 1.822251e+00 -8.211972e-01 1.172232e-01 -1.017630e+00 -1.168824e+00 2.982050e-01 -1.862980e+00 -2.558085e+00 -2.224912e+00 -2.379058e+00 -8.405684e-02 3.958377e-02 4.840982e-01 1.138744e+00 1.104515e+00 1.209268e+00 1.256655e+00 1.107066e+00 1.017490e-01
<VARIANCE> 25
 3.504135e+01 2.866684e+01 2.617448e+01 3.208359e+01 2.885012e+01 2.980593e+01 2.626358e+01 2.538233e+01 2.862464e+01 2.277214e+01 2.435531e+01 2.191483e+01 4.463760e+00 2.972117e+00 3.729162e+00 3.764143e+00 4.434934e+00 4.662252e+00 3.969388e+00 3.891384e+00 4.114647e+00 3.643553e+00 4.316852e+00 2.820797e+00 4.625400e-03
<GCONST> 9.643533e+01
<MIXTURE> 88 1.256585e-02
<MEAN> 25
 -4.079278e+00 -8.898185e-01 -1.230006e+00 4.977997e+00 4.266837e+00 3.581712e+00 4.476080e+00 2.770349e+00 3.670513e+00 1.547400e+00 1.789694e+00 3.011275e+00 3.276009e-02 1.903771e-01 1.507760e-01 3.759039e-01 2.341378e-01 1.582160e-01 -2.188802e-02 -2.902178e-01 -2.342725e-01 -1.028026e-01 -2.243301e-02 4.410538e-02 -3.968627e-03
<VARIANCE> 25
 8.234293e+00 8.969353e+00 1.513153e+01 1.646917e+01 1.765340e+01 1.896484e+01 1.727464e+01 1.865515e+01 1.822507e+01 1.830934e+01 2.594532e+01 1.436897e+01 1.644312e+00 1.649402e+00 2.530856e+00 2.742651e+00 2.551888e+00 2.448906e+00 2.580153e+00 2.663536e+00 2.246882e+00 2.410906e+00 2.837816e+00 1.871864e+00 1.465462e-03
<GCONST> 8.261661e+01
<MIXTURE> 89 9.333527e-03
<MEAN> 25
 5.962254e+00 -6.088916e+00 -2.625993e+00 -1.869829e+00 -1.638697e+00 -6.731745e+00 -6.603522e+00 3.347586e+00 2.001161e+00 -2.203743e+00 -4.115861e+00 -3.561840e+00 -5.770867e-01 1.616380e-01 2.131057e+00 9.096593e-01 -1.931719e+00 -1.809144e+00 1.287359e+00 1.459935e+00 -7.821473e-01 -1.434933e+00 2.347549e-01 1.453984e+00 -6.089720e-03
<VARIANCE> 25
 7.810060e+00 2.657398e+01 3.069307e+01 3.455664e+01 3.069002e+01 4.565575e+01 5.281931e+01 3.848999e+01 4.377412e+01 3.836100e+01 5.099208e+01 2.901078e+01 3.286716e-01 7.448090e-01 1.674207e+00 1.158725e+00 1.659268e+00 2.155362e+00 3.053249e+00 2.026036e+00 2.158002e+00 2.014489e+00 2.525592e+00 1.323511e+00 4.041921e-04
<GCONST> 8.505134e+01
<MIXTURE> 90 7.114505e-03
<MEAN> 25
 2.447522e+00 -9.723281e+00 -4.754369e+00 -3.977808e+00 -3.383670e+00 -1.813503e+00 3.366105e+00 1.181268e+00 -7.532022e+00 -1.021674e+01 -3.430613e+00 -7.390475e-01 -1.635976e-01 9.090089e-01 1.168564e+00 -8.541189e-01 -1.613043e+00 -2.120781e-01 6.447104e-01 -2.098241e-01 -1.688281e-01 7.371492e-01 1.830665e-01 -5.500739e-01 -1.114883e-02
<VARIANCE> 25
 8.497665e+00 1.778850e+01 1.981405e+01 2.802078e+01 3.683588e+01 3.217287e+01 3.851944e+01 3.640216e+01 3.521853e+01 2.769149e+01 2.700478e+01 2.613492e+01 2.237790e-01 6.127253e-01 7.873702e-01 1.043047e+00 1.469917e+00 1.591662e+00 1.780331e+00 1.654610e+00 1.810173e+00 1.678211e+00 1.495310e+00 1.308561e+00 2.149648e-04
<GCONST> 7.813386e+01
<MIXTURE> 91 7.852945e-03
<MEAN> 25
 6.336302e+00 -7.535037e+00 -8.293613e+00 -5.242364e+00 3.865401e+00 -2.685164e-01 -2.625341e+00 7.796025e-01 4.470706e-01 -2.457225e+00 -4.332575e+00 -5.571458e+00 2.508824e-01 9.689869e-01 2.140823e-01 4.873010e-01 -2.246045e-02 -5.178784e-01 -4.160295e-01 -1.307759e-01 -1.456222e-01 4.150654e-01 -1.389273e-01 2.626683e-01 -3.500631e-02
<VARIANCE> 25
 9.717565e+00 2.189879e+01 2.126528e+01 4.083437e+01 3.417942e+01 5.804789e+01 5.743944e+01 3.786002e+01 5.174900e+01 6.581997e+01 4.360362e+01 4.311476e+01 4.449273e-01 8.777572e-01 1.136569e+00 1.369636e+00 2.142894e+00 2.304635e+00 2.321166e+00 2.301722e+00 2.205050e+00 2.185726e+00 2.020578e+00 1.814193e+00 5.812899e-04
<GCONST> 8.722031e+01
<MIXTURE> 92 7.852945e-03
<MEAN> 25
 6.336302e+00 -7.535037e+00 -8.293613e+00 -5.242364e+00 3.865401e+00 -2.685164e-01 -2.625341e+00 7.796025e-01 4.470706e-01 -2.457225e+00 -4.332575e+00 -5.571458e+00 2.508824e-01 9.689869e-01 2.140823e-01 4.873010e-01 -2.246045e-02 -5.178784e-01 -4.160295e-01 -1.307759e-01 -1.456222e-01 4.150654e-01 -1.389273e-01 2.626683e-01 -3.500631e-02
<VARIANCE> 25
 9.717565e+00 2.189879e+01 2.126528e+01 4.083437e+01 3.417942e+01 5.804789e+01 5.743944e+01 3.786002e+01 5.174900e+01 6.581997e+01 4.360362e+01 4.311476e+01 4.449273e-01 8.777572e-01 1.136569e+00 1.369636e+00 2.142894e+00 2.304635e+00 2.321166e+00 2.301722e+00 2.205050e+00 2.185726e+00 2.020578e+00 1.814193e+00 5.812899e-04
<GCONST> 8.722031e+01
<MIXTURE> 93 6.122769e-03
<MEAN> 25
 -6.491585e+00 -9.040409e-01 -2.043727e+00 5.814179e+00 5.877862e+00 3.927036e+00 6.096360e+00 3.546685e+00 4.340631e+00 2.027440e+00 8.398603e-01 3.652601e+00 -6.275102e-02 -1.450363e-01 -2.574616e-01 -3.239461e-01 -3.044684e-01 -3.144301e-01 -2.082241e-01 -1.295999e-01 -1.385702e-01 -1.357776e-01 -5.849433e-02 -8.483534e-02 4.974220e-06
<VARIANCE> 25
 9.096647e+00 5.555217e+00 8.958521e+00 1.081089e+01 1.150534e+01 1.486455e+01 1.400281e+01 1.547811e+01 1.412646e+01 1.526053e+01 2.266898e+01 1.324886e+01 7.688332e-02 1.443989e-01 2.724224e-01 3.954857e-01 4.921183e-01 6.256540e-01 7.539355e-01 8.924188e-01 9.319058e-01 8.805059e-01 9.303842e-01 8.910791e-01 1.029501e-06
<GCONST> 5.356677e+01
<MIXTURE> 94 6.122769e-03
<MEAN> 25
 -6.491585e+00 -9.040409e-01 -2.043727e+00 5.814179e+00 5.877862e+00 3.927036e+00 6.096360e+00 3.546685e+00 4.340631e+00 2.027440e+00 8.398603e-01 3.652601e+00 -6.275102e-02 -1.450363e-01 -2.574616e-01 -3.239461e-01 -3.044684e-01 -3.144301e-01 -2.082241e-01 -1.295999e-01 -1.385702e-01 -1.357776e-01 -5.849433e-02 -8.483534e-02 4.974220e-06
<VARIANCE> 25
 9.096647e+00 5.555217e+00 8.958521e+00 1.081089e+01 1.150534e+01 1.486455e+01 1.400281e+01 1.547811e+01 1.412646e+01 1.526053e+01 2.266898e+01 1.324886e+01 7.688332e-02 1.443989e-01 2.724224e-01 3.954857e-01 4.921183e-01 6.256540e-01 7.539355e-01 8.924188e-01 9.319058e-01 8.805059e-01 9.303842e-01 8.910791e-01 1.029501e-06
<GCONST> 5.356677e+01
<MIXTURE> 95 5.258835e-03
<MEAN> 25
 -5.223008e+00 -5.657611e-01 -2.950665e-01 5.100504e+00 3.371907e+00 3.211948e+00 4.984931e+00 2.170249e+00 3.536195e+00 -5.328534e-01 -1.797438e+00 2.494381e+00 1.233594e-01 1.350563e-01 7.633451e-02 -2.718220e-02 -2.029724e-01 -6.744376e-01 -1.028004e+00 -1.186512e+00 -1.185636e+00 -8.601227e-01 -4.669515e-01 -1.044430e-01 -8.719063e-04
<VARIANCE> 25
 7.275749e+00 4.522335e+00 1.219392e+01 1.196211e+01 1.087272e+01 1.390838e+01 1.339602e+01 1.410538e+01 1.520681e+01 1.708294e+01 2.787776e+01 1.301711e+01 2.004394e-01 3.563288e-01 5.196863e-01 6.204839e-01 7.972520e-01 9.460126e-01 8.396159e-01 7.973288e-01 7.858041e-01 8.809361e-01 9.366940e-01 1.050453e+00 3.671360e-05
<GCONST> 6.108669e+01
<MIXTURE> 96 7.034694e-03
<MEAN> 25
 -4.897929e+00 -4.808266e-01 -1.344731e+00 5.394862e+00 3.622813e+00 1.983796e+00 3.556617e+00 1.539230e+00 3.072031e+00 6.048902e-01 -1.508559e-01 3.144336e+00 -1.260330e-02 7.673441e-02 1.906914e-01 3.976688e-01 5.252599e-01 3.800614e-01 2.290292e-01 -9.123456e-02 -4.129171e-01 -6.889657e-01 -5.158171e-01 -3.312441e-01 -2.011573e-05
<VARIANCE> 25
 9.570481e+00 8.316997e+00 1.498483e+01 1.293860e+01 1.387445e+01 1.749081e+01 1.605469e+01 1.837285e+01 1.842465e+01 1.504679e+01 2.534992e+01 1.377140e+01 1.070164e-01 1.967335e-01 3.017454e-01 3.769808e-01 4.844138e-01 6.744859e-01 7.856019e-01 9.190968e-01 9.635534e-01 8.554674e-01 9.407756e-01 9.519007e-01 1.403684e-06
<GCONST> 5.699130e+01
<MIXTURE> 97 7.034694e-03
<MEAN> 25
 -4.897929e+00 -4.808266e-01 -1.344731e+00 5.394862e+00 3.622813e+00 1.983796e+00 3.556617e+00 1.539230e+00 3.072031e+00 6.048902e-01 -1.508559e-01 3.144336e+00 -1.260330e-02 7.673441e-02 1.906914e-01 3.976688e-01 5.252599e-01 3.800614e-01 2.290292e-01 -9.123456e-02 -4.129171e-01 -6.889657e-01 -5.158171e-01 -3.312441e-01 -2.011573e-05
<VARIANCE> 25
 9.570481e+00 8.316997e+00 1.498483e+01 1.293860e+01 1.387445e+01 1.749081e+01 1.605469e+01 1.837285e+01 1.842465e+01 1.504679e+01 2.534992e+01 1.377140e+01 1.070164e-01 1.967335e-01 3.017454e-01 3.769808e-01 4.844138e-01 6.744859e-01 7.856019e-01 9.190968e-01 9.635534e-01 8.554674e-01 9.407756e-01 9.519007e-01 1.403684e-06
<GCONST> 5.699130e+01
<MIXTURE> 98 9.917808e-03
<MEAN> 25
 -1.462691e+00 9.948861e-01 1.063973e-01 4.342315e+00 3.009363e+00 2.582917e+00 3.124410e+00 1.571284e+00 1.806740e+00 -1.663277e-01 -1.043886e+00 1.666114e+00 -1.910912e+00 -1.410744e+00 -6.441019e-01 6.175829e-01 6.600351e-01 7.375036e-01 1.325977e+00 1.354791e+00 1.604817e+00 8.815691e-01 8.459517e-01 9.102157e-01 -3.713638e-02
<VARIANCE> 25
 1.187993e+01 1.669350e+01 2.702334e+01 2.763667e+01 3.600598e+01 3.050217e+01 2.636472e+01 2.641442e+01 2.259653e+01 2.939269e+01 3.113432e+01 2.076635e+01 1.259432e+00 1.405444e+00 2.495656e+00 2.812679e+00 2.790043e+00 2.575473e+00 2.345489e+00 2.736990e+00 2.245722e+00 2.775007e+00 3.361672e+00 1.794683e+00 2.052880e-03
<GCONST> 8.815982e+01
<MIXTURE> 99 6.696178e-03
<MEAN> 25
 -7.097007e+00 1.012510e+01 4.922914e+00 4.195370e+00 2.432643e-01 -5.231239e+00 -2.047302e+00 -3.971777e+00 -2.807444e+00 -3.809149e+00 -1.461258e+00 5.507491e-01 3.080245e-01 -4.718221e-01 1.164400e-01 -2.842667e-01 -1.008962e+00 -5.599717e-01 -1.929867e-01 -2.526313e-01 -6.331366e-02 -9.655486e-02 3.068597e-01 8.939797e-02 1.542374e-02
<VARIANCE> 25
 3.233844e+01 2.144731e+01 5.344598e+01 2.868138e+01 3.359371e+01 2.933028e+01 2.709913e+01 2.467779e+01 2.448260e+01 2.374189e+01 1.819973e+01 2.482233e+01 2.596853e+00 2.028990e+00 1.742666e+00 1.546842e+00 2.330656e+00 1.795577e+00 1.904651e+00 1.435928e+00 1.471733e+00 1.357377e+00 1.132419e+00 1.251166e+00 1.628711e-03
<GCONST> 8.541195e+01
<MIXTURE> 100 4.498084e-03
<MEAN> 25
 -1.598861e+00 6.344870e+00 1.027686e+01 -7.462580e+00 -1.078189e+01 -5.075361e+00 -4.941631e+00 -9.968826e+00 -4.718095e+00 -8.552338e-01 -2.733201e+00 -2.708187e+00 2.917941e+00 -1.260477e+00 1.299655e+00 -2.185981e+00 -3.419423e+00 -7.841038e-01 -1.218830e+00 -8.197981e-01 -1.475502e+00 3.467575e-01 -1.655553e+00 -2.862745e-01 2.015826e-03
<VARIANCE> 25
 1.362647e+01 2.105893e+01 2.246278e+01 2.642882e+01 2.302003e+01 2.372166e+01 2.911111e+01 2.170655e+01 2.748327e+01 2.265223e+01 2.241172e+01 2.134124e+01 1.799243e+00 3.953738e+00 2.919922e+00 4.286325e+00 4.184660e+00 4.537169e+00 4.015603e+00 4.340330e+00 4.167860e+00 3.896263e+00 3.910615e+00 3.225048e+00 1.674821e-03
<GCONST> 9.256902e+01
<MIXTURE> 101 6.007792e-03
<MEAN> 25
 8.031606e+00 -3.404493e+00 -6.270048e+00 -6.899825e+00 8.533195e-01 -1.279492e+00 -1.053847e+01 -2.289519e+00 1.323377e+00 3.066162e+00 -1.789519e+00 -5.207076e+00 6.553717e-01 6.028995e-01 -1.461909e+00 -1.650839e+00 9.788586e-01 2.302111e+00 2.376065e-01 -1.417932e+00 -9.992526e-01 1.028366e+00 1.408934e+00 -4.048417e-01 -3.092985e-03
<VARIANCE> 25
 9.059061e+00 1.639813e+01 2.883398e+01 4.139687e+01 3.488528e+01 3.492722e+01 3.585487e+01 3.664734e+01 3.869136e+01 4.550893e+01 5.887641e+01 2.395508e+01 2.911286e-01 7.023994e-01 1.166060e+00 1.583297e+00 1.712076e+00 2.042135e+00 2.111632e+00 1.964163e+00 2.397320e+00 2.147726e+00 1.755624e+00 1.868232e+00 4.110541e-04
<GCONST> 8.377384e+01
<MIXTURE> 102 6.007792e-03
<MEAN> 25
 8.031606e+00 -3.404493e+00 -6.270048e+00 -6.899825e+00 8.533195e-01 -1.279492e+00 -1.053847e+01 -2.289519e+00 1.323377e+00 3.066162e+00 -1.789519e+00 -5.207076e+00 6.553717e-01 6.028995e-01 -1.461909e+00 -1.650839e+00 9.788586e-01 2.302111e+00 2.376065e-01 -1.417932e+00 -9.992526e-01 1.028366e+00 1.408934e+00 -4.048417e-01 -3.092985e-03
<VARIANCE> 25
 9.059061e+00 1.639813e+01 2.883398e+01 4.139687e+01 3.488528e+01 3.492722e+01 3.585487e+01 3.664734e+01 3.869136e+01 4.550893e+01 5.887641e+01 2.395508e+01 2.911286e-01 7.023994e-01 1.166060e+00 1.583297e+00 1.712076e+00 2.042135e+00 2.111632e+00 1.964163e+00 2.397320e+00 2.147726e+00 1.755624e+00 1.868232e+00 4.110541e-04
<GCONST> 8.377384e+01
<MIXTURE> 103 5.694618e-03
<MEAN> 25
 3.366856e+00 -9.480080e+00 -6.133241e+00 -3.090398e+00 -1.332573e+00 -1.970505e+00 2.439261e+00 2.516602e+00 -4.612255e+00 -9.258074e+00 -5.063300e+00 3.629753e-01 -1.578692e-01 -1.488681e+00 -9.806850e-01 3.759175e-01 1.214133e+00 1.020405e+00 1.590503e-01 -2.672773e-01 -7.809967e-01 -9.463269e-01 -3.497088e-02 1.202896e-01 2.694372e-02
<VARIANCE> 25
 1.033953e+01 2.032352e+01 2.290166e+01 3.168007e+01 4.804959e+01 3.501775e+01 4.640562e+01 3.668688e+01 4.212674e+01 2.932073e+01 3.006156e+01 2.640517e+01 6.438777e-01 1.251954e+00 1.538462e+00 1.941489e+00 2.926885e+00 2.410653e+00 2.891132e+00 2.576873e+00 2.563452e+00 2.524453e+00 2.097246e+00 2.016782e+00 8.076020e-04
<GCONST> 8.757410e+01
<MIXTURE> 104 5.694618e-03
<MEAN> 25
 3.366856e+00 -9.480080e+00 -6.133241e+00 -3.090398e+00 -1.332573e+00 -1.970505e+00 2.439261e+00 2.516602e+00 -4.612255e+00 -9.258074e+00 -5.063300e+00 3.629753e-01 -1.578692e-01 -1.488681e+00 -9.806850e-01 3.759175e-01 1.214133e+00 1.020405e+00 1.590503e-01 -2.672773e-01 -7.809967e-01 -9.463269e-01 -3.497088e-02 1.202896e-01 2.694372e-02
<VARIANCE> 25
 1.033953e+01 2.032352e+01 2.290166e+01 3.168007e+01 4.804959e+01 3.501775e+01 4.640562e+01 3.668688e+01 4.212674e+01 2.932073e+01 3.006156e+01 2.640517e+01 6.438777e-01 1.251954e+00 1.538462e+00 1.941489e+00 2.926885e+00 2.410653e+00 2.891132e+00 2.576873e+00 2.563452e+00 2.524453e+00 2.097246e+00 2.016782e+00 8.076020e-04
<GCONST> 8.757410e+01
<MIXTURE> 105 4.710235e-03
<MEAN> 25
 2.227724e+00 -1.499297e+00 9.250642e+00 -2.696422e+00 -1.160641e+01 -5.026354e+00 -4.174170e+00 -7.726151e-01 -3.824215e+00 -3.197902e+00 1.519319e+00 -1.156253e+00 9.372378e-03 3.018118e-02 4.893979e-02 -4.633590e-02 4.391610e-03 4.723892e-02 -1.180160e-02 5.053348e-02 -3.696518e-02 2.672526e-02 2.900140e-02 -2.762236e-02 -2.185692e-03
<VARIANCE> 25
 1.332685e+01 2.860572e+01 4.084580e+01 4.486010e+01 3.774318e+01 5.370540e+01 4.118895e+01 4.336152e+01 3.976596e+01 4.201560e+01 4.197120e+01 3.075858e+01 8.369412e-02 1.861207e-01 3.423534e-01 2.912524e-01 3.729351e-01 4.294242e-01 4.705062e-01 4.911685e-01 4.943015e-01 4.406396e-01 4.207706e-01 3.994919e-01 8.926802e-05
<GCONST> 6.669469e+01
<MIXTURE> 106 4.710235e-03
<MEAN> 25
 2.227724e+00 -1.499297e+00 9.250642e+00 -2.696422e+00 -1.160641e+01 -5.026354e+00 -4.174170e+00 -7.726151e-01 -3.824215e+00 -3.197902e+00 1.519319e+00 -1.156253e+00 9.372378e-03 3.018118e-02 4.893979e-02 -4.633590e-02 4.391610e-03 4.723892e-02 -1.180160e-02 5.053348e-02 -3.696518e-02 2.672526e-02 2.900140e-02 -2.762236e-02 -2.185692e-03
<VARIANCE> 25
 1.332685e+01 2.860572e+01 4.084580e+01 4.486010e+01 3.774318e+01 5.370540e+01 4.118895e+01 4.336152e+01 3.976596e+01 4.201560e+01 4.197120e+01 3.075858e+01 8.369412e-02 1.861207e-01 3.423534e-01 2.912524e-01 3.729351e-01 4.294242e-01 4.705062e-01 4.911685e-01 4.943015e-01 4.406396e-01 4.207706e-01 3.994919e-01 8.926802e-05
<GCONST> 6.669469e+01
<MIXTURE> 107 5.452374e-03
<MEAN> 25
 8.396208e+00 -2.430117e+00 -7.610604e+00 -9.061233e+00 1.981127e+00 2.452509e+00 -9.208453e+00 -4.890347e+00 -1.922774e+00 3.632329e+00 2.450537e+00 -5.541875e+00 -6.600343e-01 -8.270179e-01 9.678870e-01 1.987752e+00 1.658862e-01 -2.375792e+00 -8.670821e-01 9.237888e-01 1.897797e+00 -2.000861e-02 -1.684466e+00 -7.643164e-01 -2.960180e-03
<VARIANCE> 25
 8.985642e+00 1.867863e+01 2.783969e+01 4.391830e+01 3.255176e+01 4.142346e+01 5.123997e+01 3.508226e+01 5.234572e+01 3.824048e+01 7.048708e+01 2.990820e+01 3.493316e-01 9.598582e-01 1.635843e+00 2.893022e+00 2.182621e+00 4.234373e+00 2.706044e+00 2.590686e+00 2.376498e+00 3.020464e+00 1.830853e+00 2.080560e+00 6.679095e-04
<GCONST> 8.876498e+01
<MIXTURE> 108 5.452374e-03
<MEAN> 25
 8.396208e+00 -2.430117e+00 -7.610604e+00 -9.061233e+00 1.981127e+00 2.452509e+00 -9.208453e+00 -4.890347e+00 -1.922774e+00 3.632329e+00 2.450537e+00 -5.541875e+00 -6.600343e-01 -8.270179e-01 9.678870e-01 1.987752e+00 1.658862e-01 -2.375792e+00 -8.670821e-01 9.237888e-01 1.897797e+00 -2.000861e-02 -1.684466e+00 -7.643164e-01 -2.960180e-03
<VARIANCE> 25
 8.985642e+00 1.867863e+01 2.783969e+01 4.391830e+01 3.255176e+01 4.142346e+01 5.123997e+01 3.508226e+01 5.234572e+01 3.824048e+01 7.048708e+01 2.990820e+01 3.493316e-01 9.598582e-01 1.635843e+00 2.893022e+00 2.182621e+00 4.234373e+00 2.706044e+00 2.590686e+00 2.376498e+00 3.020464e+00 1.830853e+00 2.080560e+00 6.679095e-04
<GCONST> 8.876498e+01
<MIXTURE> 109 6.661064e-03
<MEAN> 25
 4.081823e+00 -1.055317e+01 -8.305467e+00 -1.359253e+00 2.754339e+00 -4.794860e-02 -7.437833e-02 1.457864e+00 -2.571933e+00 -8.373157e+00 -5.383099e+00 6.099051e-02 -3.312802e-02 -1.323501e-01 -3.254033e-02 2.506844e-01 1.973078e-01 1.185760e-01 -1.259573e-01 -1.054547e-01 -4.082114e-02 -1.309395e-01 2.195251e-01 1.199397e-02 -3.515232e-03
<VARIANCE> 25
 9.085991e+00 1.818156e+01 2.000034e+01 3.142425e+01 4.081664e+01 3.679571e+01 4.666962e+01 3.436647e+01 4.606277e+01 3.529995e+01 2.961475e+01 2.823902e+01 1.929561e-01 4.228913e-01 5.386716e-01 6.343796e-01 1.231184e+00 9.939185e-01 1.259100e+00 1.092731e+00 1.117844e+00 9.523274e-01 8.777264e-01 8.853201e-01 1.820113e-04
<GCONST> 7.445507e+01
<MIXTURE> 110 6.661064e-03
<MEAN> 25
 4.081823e+00 -1.055317e+01 -8.305467e+00 -1.359253e+00 2.754339e+00 -4.794860e-02 -7.437833e-02 1.457864e+00 -2.571933e+00 -8.373157e+00 -5.383099e+00 6.099051e-02 -3.312802e-02 -1.323501e-01 -3.254033e-02 2.506844e-01 1.973078e-01 1.185760e-01 -1.259573e-01 -1.054547e-01 -4.082114e-02 -1.309395e-01 2.195251e-01 1.199397e-02 -3.515232e-03
<VARIANCE> 25
 9.085991e+00 1.818156e+01 2.000034e+01 3.142425e+01 4.081664e+01 3.679571e+01 4.666962e+01 3.436647e+01 4.606277e+01 3.529995e+01 2.961475e+01 2.823902e+01 1.929561e-01 4.228913e-01 5.386716e-01 6.343796e-01 1.231184e+00 9.939185e-01 1.259100e+00 1.092731e+00 1.117844e+00 9.523274e-01 8.777264e-01 8.853201e-01 1.820113e-04
<GCONST> 7.445507e+01
<MIXTURE> 111 4.337247e-03
<MEAN> 25
 -4.438231e+00 -9.554498e-01 -7.168740e-01 2.284437e+00 1.070450e+00 1.707335e+00 1.703041e+00 3.094880e-01 8.324593e-01 -1.169180e+00 -2.198582e+00 2.289204e+00 -3.258410e-02 9.792491e-03 -5.835426e-02 -4.633569e-02 -3.601080e-02 -5.864798e-02 1.702803e-02 -7.710893e-03 -1.885906e-01 -1.813481e-01 -1.851768e-01 1.080253e-02 -4.161401e-04
<VARIANCE> 25
 5.298203e+00 3.884203e+00 1.064019e+01 9.253023e+00 1.144306e+01 1.988412e+01 1.571528e+01 1.217443e+01 1.144852e+01 1.231403e+01 1.687799e+01 1.053221e+01 9.314014e-02 1.635051e-01 3.287013e-01 4.072098e-01 5.946678e-01 6.350849e-01 6.762235e-01 8.384033e-01 8.310848e-01 8.751665e-01 1.039846e+00 9.243333e-01 2.212686e-05
<GCONST> 5.555760e+01
<MIXTURE> 112 4.337247e-03
<MEAN> 25
 -4.438231e+00 -9.554498e-01 -7.168740e-01 2.284437e+00 1.070450e+00 1.707335e+00 1.703041e+00 3.094880e-01 8.324593e-01 -1.169180e+00 -2.198582e+00 2.289204e+00 -3.258410e-02 9.792491e-03 -5.835426e-02 -4.633569e-02 -3.601080e-02 -5.864798e-02 1.702803e-02 -7.710893e-03 -1.885906e-01 -1.813481e-01 -1.851768e-01 1.080253e-02 -4.161401e-04
<VARIANCE> 25
 5.298203e+00 3.884203e+00 1.064019e+01 9.253023e+00 1.144306e+01 1.988412e+01 1.571528e+01 1.217443e+01 1.144852e+01 1.231403e+01 1.687799e+01 1.053221e+01 9.314014e-02 1.635051e-01 3.287013e-01 4.072098e-01 5.946678e-01 6.350849e-01 6.762235e-01 8.384033e-01 8.310848e-01 8.751665e-01 1.039846e+00 9.243333e-01 2.212686e-05
<GCONST> 5.555760e+01
<MIXTURE> 113 5.938666e-03
<MEAN> 25
 9.830968e+00 1.530359e+00 -8.656716e+00 -1.685021e+01 -9.183854e-01 5.804089e+00 -5.208369e+00 -1.793191e+00 -5.595100e+00 -3.314002e-02 1.024029e+00 -4.970050e-01 -4.279761e-03 1.835736e-02 -8.131607e-02 -9.040844e-02 1.694899e-01 1.685162e-01 7.633134e-02 -4.143340e-02 -7.273698e-02 2.902051e-03 1.004718e-01 1.130633e-02 -9.409590e-04
<VARIANCE> 25
 8.703012e+00 1.707459e+01 2.786656e+01 3.689291e+01 4.931633e+01 3.178254e+01 3.748061e+01 3.867001e+01 3.496181e+01 4.592772e+01 4.021045e+01 3.103664e+01 1.143784e-01 3.114674e-01 3.109406e-01 6.352612e-01 6.199096e-01 6.209719e-01 7.247459e-01 1.065913e+00 8.972290e-01 9.530175e-01 7.673614e-01 6.787137e-01 1.210857e-04
<GCONST> 7.103306e+01
<MIXTURE> 114 5.938666e-03
<MEAN> 25
 9.830968e+00 1.530359e+00 -8.656716e+00 -1.685021e+01 -9.183854e-01 5.804089e+00 -5.208369e+00 -1.793191e+00 -5.595100e+00 -3.314002e-02 1.024029e+00 -4.970050e-01 -4.279761e-03 1.835736e-02 -8.131607e-02 -9.040844e-02 1.694899e-01 1.685162e-01 7.633134e-02 -4.143340e-02 -7.273698e-02 2.902051e-03 1.004718e-01 1.130633e-02 -9.409590e-04
<VARIANCE> 25
 8.703012e+00 1.707459e+01 2.786656e+01 3.689291e+01 4.931633e+01 3.178254e+01 3.748061e+01 3.867001e+01 3.496181e+01 4.592772e+01 4.021045e+01 3.103664e+01 1.143784e-01 3.114674e-01 3.109406e-01 6.352612e-01 6.199096e-01 6.209719e-01 7.247459e-01 1.065913e+00 8.972290e-01 9.530175e-01 7.673614e-01 6.787137e-01 1.210857e-04
<GCONST> 7.103306e+01
<MIXTURE> 115 2.935202e-03
<MEAN> 25
 -3.897496e+00 -6.482144e-01 -2.703860e+00 3.716469e+00 2.294702e+00 -2.630565e-01 2.328191e+00 5.637977e-01 1.820857e+00 -2.454768e-01 -5.453000e-01 2.785986e+00 1.819415e-02 -8.280917e-02 -2.510027e-01 -3.902225e-01 -5.920796e-01 -7.146827e-01 -5.423025e-01 -4.466057e-01 -4.921121e-01 -4.427024e-01 -3.563625e-01 -1.449498e-01 -2.714147e-05
<VARIANCE> 25
 9.294544e+00 9.756302e+00 1.484856e+01 1.214348e+01 1.331210e+01 1.712112e+01 1.677027e+01 2.009764e+01 1.913902e+01 1.704759e+01 2.214795e+01 1.506275e+01 1.978278e-01 3.278866e-01 5.075318e-01 5.745204e-01 6.198975e-01 8.008856e-01 1.102580e+00 1.175532e+00 1.031589e+00 9.677354e-01 1.005293e+00 1.031988e+00 1.064551e-06
<GCONST> 6.036924e+01
<MIXTURE> 116 2.935202e-03
<MEAN> 25
 -3.897496e+00 -6.482144e-01 -2.703860e+00 3.716469e+00 2.294702e+00 -2.630565e-01 2.328191e+00 5.637977e-01 1.820857e+00 -2.454768e-01 -5.453000e-01 2.785986e+00 1.819415e-02 -8.280917e-02 -2.510027e-01 -3.902225e-01 -5.920796e-01 -7.146827e-01 -5.423025e-01 -4.466057e-01 -4.921121e-01 -4.427024e-01 -3.563625e-01 -1.449498e-01 -2.714147e-05
<VARIANCE> 25
 9.294544e+00 9.756302e+00 1.484856e+01 1.214348e+01 1.331210e+01 1.712112e+01 1.677027e+01 2.009764e+01 1.913902e+01 1.704759e+01 2.214795e+01 1.506275e+01 1.978278e-01 3.278866e-01 5.075318e-01 5.745204e-01 6.198975e-01 8.008856e-01 1.102580e+00 1.175532e+00 1.031589e+00 9.677354e-01 1.005293e+00 1.031988e+00 1.064551e-06
<GCONST> 6.036924e+01
<MIXTURE> 117 6.506003e-03
<MEAN> 25
 -4.627633e+00 1.075095e+00 1.078686e+00 9.671970e+00 6.222622e+00 6.250572e+00 6.508660e+00 5.019729e+00 6.408146e+00 4.795223e+00 6.172229e+00 2.633504e+00 -8.814753e-02 -2.230738e-01 -3.639757e-01 -4.267463e-01 -3.699913e-01 -3.075785e-01 -2.649046e-01 -3.060417e-01 -3.959782e-01 -3.582885e-01 -2.785484e-01 -1.302025e-01 7.805059e-06
<VARIANCE> 25
 7.083524e+00 8.724647e+00 9.702962e+00 1.448933e+01 1.549464e+01 1.511798e+01 1.758753e+01 1.770838e+01 1.615923e+01 1.711523e+01 1.857378e+01 1.501390e+01 2.262199e-01 3.116428e-01 4.267819e-01 6.155390e-01 8.437862e-01 1.042992e+00 1.201944e+00 1.262425e+00 1.212098e+00 1.186854e+00 1.171481e+00 1.118813e+00 1.015906e-06
<GCONST> 6.060228e+01
<MIXTURE> 118 6.506003e-03
<MEAN> 25
 -4.627633e+00 1.075095e+00 1.078686e+00 9.671970e+00 6.222622e+00 6.250572e+00 6.508660e+00 5.019729e+00 6.408146e+00 4.795223e+00 6.172229e+00 2.633504e+00 -8.814753e-02 -2.230738e-01 -3.639757e-01 -4.267463e-01 -3.699913e-01 -3.075785e-01 -2.649046e-01 -3.060417e-01 -3.959782e-01 -3.582885e-01 -2.785484e-01 -1.302025e-01 7.805059e-06
<VARIANCE> 25
 7.083524e+00 8.724647e+00 9.702962e+00 1.448933e+01 1.549464e+01 1.511798e+01 1.758753e+01 1.770838e+01 1.615923e+01 1.711523e+01 1.857378e+01 1.501390e+01 2.262199e-01 3.116428e-01 4.267819e-01 6.155390e-01 8.437862e-01 1.042992e+00 1.201944e+00 1.262425e+00 1.212098e+00 1.186854e+00 1.171481e+00 1.118813e+00 1.015906e-06
<GCONST> 6.060228e+01
<MIXTURE> 119 4.297961e-03
<MEAN> 25
 -4.970026e+00 -7.591719e+00 2.227002e+00 2.004978e+00 2.217727e+00 2.569101e-01 5.304331e+00 5.938673e+00 1.217218e+00 9.741245e-01 6.524544e+00 1.595728e+00 -4.553864e-02 -7.907514e-02 2.884540e-02 -6.901162e-02 -1.326994e-01 -1.775973e-01 -5.876374e-02 -8.553218e-03 -9.646855e-02 -1.026182e-01 -4.202386e-02 -5.438931e-02 1.131087e-03
<VARIANCE> 25
 8.419893e+00 9.899037e+00 1.641383e+01 2.006305e+01 2.268968e+01 2.322514e+01 2.485623e+01 2.625559e+01 2.509475e+01 2.789830e+01 2.098869e+01 2.038144e+01 1.613875e-01 2.812393e-01 4.633089e-01 6.460899e-01 8.065025e-01 9.951944e-01 1.100873e+00 1.269075e+00 1.275655e+00 1.254775e+00 1.204496e+00 1.105283e+00 2.295998e-04
<GCONST> 6.971819e+01
<MIXTURE> 120 4.297961e-03
<MEAN> 25
 -4.970026e+00 -7.591719e+00 2.227002e+00 2.004978e+00 2.217727e+00 2.569101e-01 5.304331e+00 5.938673e+00 1.217218e+00 9.741245e-01 6.524544e+00 1.595728e+00 -4.553864e-02 -7.907514e-02 2.884540e-02 -6.901162e-02 -1.326994e-01 -1.775973e-01 -5.876374e-02 -8.553218e-03 -9.646855e-02 -1.026182e-01 -4.202386e-02 -5.438931e-02 1.131087e-03
<VARIANCE> 25
 8.419893e+00 9.899037e+00 1.641383e+01 2.006305e+01 2.268968e+01 2.322514e+01 2.485623e+01 2.625559e+01 2.509475e+01 2.789830e+01 2.098869e+01 2.038144e+01 1.613875e-01 2.812393e-01 4.633089e-01 6.460899e-01 8.065025e-01 9.951944e-01 1.100873e+00 1.269075e+00 1.275655e+00 1.254775e+00 1.204496e+00 1.105283e+00 2.295998e-04
<GCONST> 6.971819e+01
<MIXTURE> 121 4.567511e-03
<MEAN> 25
 2.074682e-01 -2.523979e+00 5.153233e+00 -1.290308e+01 -1.264676e+01 -1.665200e+00 9.989399e-01 -5.107761e+00 -4.199356e+00 -4.900136e-01 -5.508080e+00 -4.313273e+00 2.410387e-02 1.323661e-01 -4.150594e-02 7.960967e-02 1.585078e-01 7.845519e-02 -7.941187e-02 -1.832073e-01 -2.685239e-01 -2.576403e-01 -1.145109e-01 9.111942e-04 -7.434192e-03
<VARIANCE> 25
 7.732728e+00 1.560589e+01 1.727568e+01 2.035998e+01 2.441141e+01 2.925084e+01 2.953856e+01 2.457743e+01 3.528798e+01 2.833903e+01 1.974608e+01 2.118029e+01 1.550002e-01 6.430897e-01 6.230677e-01 7.048774e-01 7.706161e-01 1.149958e+00 1.118132e+00 1.120876e+00 1.217457e+00 1.192657e+00 9.416261e-01 8.719013e-01 2.108312e-04
<GCONST> 7.139277e+01
<MIXTURE> 122 4.567511e-03
<MEAN> 25
 2.074682e-01 -2.523979e+00 5.153233e+00 -1.290308e+01 -1.264676e+01 -1.665200e+00 9.989399e-01 -5.107761e+00 -4.199356e+00 -4.900136e-01 -5.508080e+00 -4.313273e+00 2.410387e-02 1.323661e-01 -4.150594e-02 7.960967e-02 1.585078e-01 7.845519e-02 -7.941187e-02 -1.832073e-01 -2.685239e-01 -2.576403e-01 -1.145109e-01 9.111942e-04 -7.434192e-03
<VARIANCE> 25
 7.732728e+00 1.560589e+01 1.727568e+01 2.035998e+01 2.441141e+01 2.925084e+01 2.953856e+01 2.457743e+01 3.528798e+01 2.833903e+01 1.974608e+01 2.118029e+01 1.550002e-01 6.430897e-01 6.230677e-01 7.048774e-01 7.706161e-01 1.149958e+00 1.118132e+00 1.120876e+00 1.217457e+00 1.192657e+00 9.416261e-01 8.719013e-01 2.108312e-04
<GCONST> 7.139277e+01
<MIXTURE> 123 4.393044e-03
<MEAN> 25
 -4.449324e+00 5.409889e-01 1.170672e+00 5.456098e+00 3.854637e+00 3.137611e+00 3.228977e+00 9.099829e-01 1.863925e+00 -1.504070e+00 -2.810702e+00 1.227304e+00 -3.591321e-01 -6.750859e-01 -8.031912e-01 -8.631088e-01 -2.778603e-01 9.739142e-03 3.487743e-01 5.908682e-01 6.272671e-01 9.124930e-01 8.497268e-01 1.898366e-01 -1.445715e-03
<VARIANCE> 25
 7.355833e+00 8.125828e+00 1.148000e+01 1.413140e+01 1.849193e+01 1.927630e+01 1.658452e+01 1.391067e+01 1.974388e+01 1.745414e+01 2.558571e+01 1.709668e+01 3.739897e-01 3.378408e-01 5.253072e-01 8.578081e-01 1.009817e+00 1.077405e+00 1.233313e+00 1.460080e+00 1.307693e+00 9.526371e-01 1.150560e+00 1.249445e+00 1.101550e-04
<GCONST> 6.764288e+01
<MIXTURE> 124 4.069876e-03
<MEAN> 25
 -6.160643e+00 -1.131028e+00 -1.913946e+00 5.289184e+00 4.554477e+00 3.526827e+00 5.769105e+00 2.579938e+00 3.723043e+00 8.126203e-01 -4.860099e-01 3.138713e+00 -2.078921e-01 -2.801666e-01 -3.474388e-01 -2.751204e-01 4.306144e-02 4.525514e-01 7.588639e-01 8.422216e-01 6.518596e-01 3.753546e-01 -2.258885e-02 -7.484975e-02 2.478739e-04
<VARIANCE> 25
 9.945623e+00 6.068726e+00 1.375694e+01 1.148896e+01 1.150195e+01 1.695707e+01 1.599984e+01 1.590204e+01 1.514313e+01 1.520936e+01 2.899884e+01 1.447796e+01 1.078029e-01 1.617479e-01 2.527466e-01 4.078074e-01 5.979107e-01 6.893787e-01 6.826513e-01 7.777814e-01 9.435720e-01 9.178363e-01 1.128281e+00 9.770012e-01 1.755265e-05
<GCONST> 5.856415e+01
<MIXTURE> 125 4.069876e-03
<MEAN> 25
 -6.160643e+00 -1.131028e+00 -1.913946e+00 5.289184e+00 4.554477e+00 3.526827e+00 5.769105e+00 2.579938e+00 3.723043e+00 8.126203e-01 -4.860099e-01 3.138713e+00 -2.078921e-01 -2.801666e-01 -3.474388e-01 -2.751204e-01 4.306144e-02 4.525514e-01 7.588639e-01 8.422216e-01 6.518596e-01 3.753546e-01 -2.258885e-02 -7.484975e-02 2.478739e-04
<VARIANCE> 25
 9.945623e+00 6.068726e+00 1.375694e+01 1.148896e+01 1.150195e+01 1.695707e+01 1.599984e+01 1.590204e+01 1.514313e+01 1.520936e+01 2.899884e+01 1.447796e+01 1.078029e-01 1.617479e-01 2.527466e-01 4.078074e-01 5.979107e-01 6.893787e-01 6.826513e-01 7.777814e-01 9.435720e-01 9.178363e-01 1.128281e+00 9.770012e-01 1.755265e-05
<GCONST> 5.856415e+01
<MIXTURE> 126 2.402244e-03
<MEAN> 25
 -3.798605e+00 -6.875653e+00 -5.206650e+00 2.329886e+00 4.225179e+00 -3.193265e+00 1.011920e-01 3.530534e+00 3.352089e+00 -2.705958e+00 -1.508383e+00 3.050746e+00 -1.529084e-03 -5.957779e-03 -4.405442e-02 -1.714804e-01 -3.241442e-01 -3.977561e-01 -2.751991e-01 -1.534669e-01 -1.160903e-01 -1.083766e-01 -9.207037e-02 -3.379952e-02 -1.507880e-03
<VARIANCE> 25
 7.361450e+00 1.282794e+01 1.421527e+01 1.506254e+01 2.468487e+01 2.368959e+01 2.262756e+01 2.820553e+01 3.111767e+01 2.603852e+01 2.213010e+01 1.907281e+01 1.706747e-01 3.490627e-01 4.922254e-01 5.920493e-01 7.540758e-01 9.975128e-01 1.113223e+00 1.258319e+00 1.317370e+00 1.305945e+00 1.209764e+00 1.141079e+00 2.087741e-04
<GCONST> 6.982330e+01
<MIXTURE> 127 2.402244e-03
<MEAN> 25
 -3.798605e+00 -6.875653e+00 -5.206650e+00 2.329886e+00 4.225179e+00 -3.193265e+00 1.011920e-01 3.530534e+00 3.352089e+00 -2.705958e+00 -1.508383e+00 3.050746e+00 -1.529084e-03 -5.957779e-03 -4.405442e-02 -1.714804e-01 -3.241442e-01 -3.977561e-01 -2.751991e-01 -1.534669e-01 -1.160903e-01 -1.083766e-01 -9.207037e-02 -3.379952e-02 -1.507880e-03
<VARIANCE> 25
 7.361450e+00 1.282794e+01 1.421527e+01 1.506254e+01 2.468487e+01 2.368959e+01 2.262756e+01 2.820553e+01 3.111767e+01 2.603852e+01 2.213010e+01 1.907281e+01 1.706747e-01 3.490627e-01 4.922254e-01 5.920493e-01 7.540758e-01 9.975128e-01 1.113223e+00 1.258319e+00 1.317370e+00 1.305945e+00 1.209764e+00 1.141079e+00 2.087741e-04
<GCONST> 6.982330e+01
<MIXTURE> 128 3.790457e-03
<MEAN> 25
 -3.874530e+00 1.546183e+00 -2.745848e-01 6.536416e+00 3.556214e+00 1.863924e+00 3.571379e+00 2.358614e+00 4.047216e+00 3.588993e+00 3.593426e+00 3.488444e+00 -3.988622e-01 -1.950954e-01 7.465345e-02 7.162187e-01 1.154496e+00 1.093491e+00 7.315526e-01 1.529430e-01 -4.386618e-01 -7.745333e-01 -7.081931e-01 -3.880538e-01 -3.674077e-05
<VARIANCE> 25
 1.029297e+01 1.162442e+01 1.494394e+01 1.904487e+01 2.009389e+01 2.096152e+01 2.430478e+01 2.426292e+01 2.630575e+01 2.408686e+01 2.797313e+01 1.816246e+01 8.792536e-01 1.129553e+00 1.375621e+00 1.495808e+00 1.600430e+00 1.925734e+00 2.222189e+00 2.312932e+00 2.111078e+00 1.836251e+00 1.718922e+00 1.733713e+00 1.004403e-06
<GCONST> 7.360044e+01
<TRANSP> 3
 0.000000e+00 1.000000e+00 0.000000e+00
 0.000000e+00 9.999990e-01 9.999998e-07
 0.000000e+00 0.000000e+00 0.000000e+00
<ENDHMM>
