~o
<STREAMINFO> 1 25
<VECSIZE> 25<NULLD><MFCC_E_D_N><DIAGC>
~h "jmodel"
<BEGINHMM>
<NUMSTATES> 3
<STATE> 2
<NUMMIXES> 128
<MIXTURE> 1 5.748963e-03
<MEAN> 25
 -2.651580e+00 3.226723e+00 2.479799e+00 8.648904e+00 4.339419e+00 3.262450e+00 3.980267e+00 3.964437e+00 5.844346e+00 5.045274e+00 5.432550e+00 3.347599e+00 -1.905749e+00 -1.552451e+00 -8.171400e-01 1.063330e+00 1.609085e+00 2.230176e+00 2.077078e+00 1.995090e+00 1.651556e+00 1.394324e+00 1.636798e+00 6.229982e-01 -4.396327e-02
<VARIANCE> 25
 9.783442e+00 1.147967e+01 1.501441e+01 1.817142e+01 2.230659e+01 2.210706e+01 2.124720e+01 2.109830e+01 2.017910e+01 2.273419e+01 2.463001e+01 1.814852e+01 1.923296e+00 2.168377e+00 2.949232e+00 3.079114e+00 3.641603e+00 3.231916e+00 3.316340e+00 3.423890e+00 3.418266e+00 3.944735e+00 3.481994e+00 2.730978e+00 3.205155e-03
<GCONST> 8.845445e+01
<MIXTURE> 2 4.549242e-03
<MEAN> 25
 -4.875608e+00 1.311311e+00 9.952984e-01 9.897789e+00 6.691023e+00 7.423893e+00 7.847313e+00 6.958203e+00 8.372235e+00 6.369997e+00 7.622194e+00 3.073487e+00 -6.214064e-02 4.150546e-02 1.425883e-01 2.260121e-01 2.652656e-01 2.815130e-01 2.955036e-01 3.191994e-01 3.498827e-01 3.092236e-01 1.970904e-01 8.008360e-02 1.584225e-06
<VARIANCE> 25
 6.950563e+00 8.901047e+00 1.065228e+01 1.592297e+01 1.723773e+01 1.556283e+01 1.689680e+01 1.848301e+01 1.658694e+01 1.742039e+01 1.812471e+01 1.434344e+01 1.253407e-01 2.266544e-01 3.364143e-01 4.671555e-01 6.493240e-01 8.148117e-01 9.297214e-01 1.003594e+00 1.051572e+00 1.077896e+00 1.075435e+00 1.013710e+00 1.000475e-06
<GCONST> 5.804739e+01
<MIXTURE> 3 4.549242e-03
<MEAN> 25
 -4.875608e+00 1.311311e+00 9.952984e-01 9.897789e+00 6.691023e+00 7.423893e+00 7.847313e+00 6.958203e+00 8.372235e+00 6.369997e+00 7.622194e+00 3.073487e+00 -6.214064e-02 4.150546e-02 1.425883e-01 2.260121e-01 2.652656e-01 2.815130e-01 2.955036e-01 3.191994e-01 3.498827e-01 3.092236e-01 1.970904e-01 8.008360e-02 1.584225e-06
<VARIANCE> 25
 6.950563e+00 8.901047e+00 1.065228e+01 1.592297e+01 1.723773e+01 1.556283e+01 1.689680e+01 1.848301e+01 1.658694e+01 1.742039e+01 1.812471e+01 1.434344e+01 1.253407e-01 2.266544e-01 3.364143e-01 4.671555e-01 6.493240e-01 8.148117e-01 9.297214e-01 1.003594e+00 1.051572e+00 1.077896e+00 1.075435e+00 1.013710e+00 1.000475e-06
<GCONST> 5.804739e+01
<MIXTURE> 4 1.671429e-02
<MEAN> 25
 3.189887e+00 2.436191e+00 -4.027423e+00 1.240479e+00 4.310538e+00 -9.396557e-01 -3.595647e-01 -4.027001e-01 9.494929e-01 1.688723e+00 -1.712688e+00 2.597868e-01 -2.639461e+00 1.271475e+00 1.640664e+00 2.885427e+00 6.206433e-01 2.928820e-01 1.560017e+00 8.790863e-01 1.235508e+00 1.673670e-01 6.525716e-01 9.177635e-01 -9.346125e-02
<VARIANCE> 25
 2.016794e+01 2.540746e+01 2.623374e+01 3.731955e+01 3.938821e+01 7.048267e+01 5.763337e+01 4.633716e+01 4.877698e+01 5.722537e+01 4.610365e+01 3.236241e+01 2.298073e+00 4.648757e+00 3.237926e+00 4.750124e+00 5.375017e+00 5.926348e+00 5.222314e+00 5.011638e+00 5.406864e+00 5.854138e+00 7.590631e+00 4.405327e+00 6.655495e-03
<GCONST> 1.039135e+02
<MIXTURE> 5 3.206198e-03
<MEAN> 25
 -3.417198e+00 2.183445e+00 6.187446e-01 9.419160e+00 6.692985e+00 6.311344e+00 7.109263e+00 4.721672e+00 5.494088e+00 3.836423e+00 4.644553e+00 2.600878e+00 -3.248100e-01 7.508336e-01 1.222243e+00 1.031973e+00 3.077456e-01 -1.005998e-01 -8.081900e-02 3.554171e-02 4.579133e-01 6.837065e-01 4.018165e-01 8.706945e-02 -2.612274e-05
<VARIANCE> 25
 1.023533e+01 1.394664e+01 2.349017e+01 2.563643e+01 2.020799e+01 1.941315e+01 2.011453e+01 2.035889e+01 2.138671e+01 2.135009e+01 2.419051e+01 1.635804e+01 1.208308e+00 1.244929e+00 1.359720e+00 1.671102e+00 2.281637e+00 2.374766e+00 2.304717e+00 2.282101e+00 2.312528e+00 2.235686e+00 2.085504e+00 1.872215e+00 1.000987e-06
<GCONST> 7.516951e+01
<MIXTURE> 6 5.475854e-03
<MEAN> 25
 9.516861e+00 -8.867518e-01 -6.595565e+00 -1.103579e+01 -2.068027e+00 6.981011e+00 -5.997109e+00 -5.159565e+00 -3.613623e+00 2.052716e+00 4.608195e+00 -1.379919e+00 4.761945e-01 8.519107e-01 -3.064964e-01 -1.371462e+00 -6.361189e-01 1.273585e+00 1.445838e+00 2.758017e-01 -1.114960e+00 -1.266276e+00 2.719825e-01 1.314221e+00 -1.007517e-02
<VARIANCE> 25
 9.064123e+00 2.040232e+01 2.295352e+01 3.751884e+01 3.502795e+01 3.007917e+01 4.261190e+01 3.650143e+01 3.880460e+01 3.856602e+01 4.092857e+01 2.858221e+01 2.973878e-01 8.707671e-01 1.003255e+00 2.068580e+00 1.534576e+00 1.965858e+00 2.016659e+00 2.009914e+00 2.449691e+00 2.041088e+00 2.255197e+00 1.718901e+00 6.361412e-04
<GCONST> 8.409721e+01
<MIXTURE> 7 5.475854e-03
<MEAN> 25
 9.516861e+00 -8.867518e-01 -6.595565e+00 -1.103579e+01 -2.068027e+00 6.981011e+00 -5.997109e+00 -5.159565e+00 -3.613623e+00 2.052716e+00 4.608195e+00 -1.379919e+00 4.761945e-01 8.519107e-01 -3.064964e-01 -1.371462e+00 -6.361189e-01 1.273585e+00 1.445838e+00 2.758017e-01 -1.114960e+00 -1.266276e+00 2.719825e-01 1.314221e+00 -1.007517e-02
<VARIANCE> 25
 9.064123e+00 2.040232e+01 2.295352e+01 3.751884e+01 3.502795e+01 3.007917e+01 4.261190e+01 3.650143e+01 3.880460e+01 3.856602e+01 4.092857e+01 2.858221e+01 2.973878e-01 8.707671e-01 1.003255e+00 2.068580e+00 1.534576e+00 1.965858e+00 2.016659e+00 2.009914e+00 2.449691e+00 2.041088e+00 2.255197e+00 1.718901e+00 6.361412e-04
<GCONST> 8.409721e+01
<MIXTURE> 8 1.165917e-02
<MEAN> 25
 -4.655733e+00 1.432297e+00 1.334783e+00 9.405495e+00 6.472385e+00 6.077213e+00 6.452301e+00 5.579455e+00 6.692816e+00 5.605249e+00 6.251255e+00 3.305641e+00 -5.920437e-01 -1.335119e+00 -1.082028e+00 -1.681129e+00 -2.632075e-01 -9.883523e-01 -1.357535e-01 -3.271260e-01 -2.653659e-01 -1.888703e-01 -1.778605e-01 6.196668e-02 9.571174e-02
<VARIANCE> 25
 9.126909e+00 9.642097e+00 1.134140e+01 1.609006e+01 1.653452e+01 1.585192e+01 1.764429e+01 1.781266e+01 1.670563e+01 1.699171e+01 2.043038e+01 1.412277e+01 2.871815e+00 2.937852e+00 3.809159e+00 3.704253e+00 3.388477e+00 3.372824e+00 3.168903e+00 3.033835e+00 2.790607e+00 2.626705e+00 2.455861e+00 2.002347e+00 6.671111e-03
<GCONST> 8.631697e+01
<MIXTURE> 9 1.199672e-02
<MEAN> 25
 9.060300e+00 3.484936e+00 -6.119754e+00 -1.022495e+01 -2.978693e+00 4.250098e+00 -1.314164e+00 -3.097869e+00 -5.103429e+00 -1.212344e-01 2.566649e-01 1.217011e+00 1.656908e+00 -2.430216e-01 -5.334477e-01 -2.846594e+00 -1.869564e+00 7.606391e-01 -8.613053e-01 -2.735189e-01 -5.476318e-01 -6.169819e-01 6.005138e-01 -1.492465e-01 7.566194e-02
<VARIANCE> 25
 1.022130e+01 1.801762e+01 2.939815e+01 4.573692e+01 4.365783e+01 2.859649e+01 3.871095e+01 4.551523e+01 3.480143e+01 3.962804e+01 3.035866e+01 2.808467e+01 2.060213e+00 2.095364e+00 4.143076e+00 4.413808e+00 4.323461e+00 3.408835e+00 3.536515e+00 5.128056e+00 4.633403e+00 3.427065e+00 3.290566e+00 2.342117e+00 1.877188e-03
<GCONST> 9.543409e+01
<MIXTURE> 10 6.596976e-03
<MEAN> 25
 8.256439e-01 7.614526e+00 5.354961e+00 7.111649e+00 1.570722e+00 -2.101584e+00 -4.882178e-01 -1.682274e+00 8.632628e-01 8.413723e-01 8.264656e-01 6.705856e-01 -1.921182e+00 -6.709811e-01 -4.562293e-01 3.020626e+00 2.460363e+00 2.707128e+00 2.370161e+00 2.270512e+00 1.860807e+00 1.541493e+00 2.324138e+00 5.257468e-01 -1.378779e-01
<VARIANCE> 25
 1.950350e+01 2.084549e+01 2.232095e+01 2.930224e+01 3.823607e+01 3.485021e+01 3.521473e+01 3.374717e+01 2.761706e+01 2.900458e+01 2.689378e+01 2.502096e+01 2.238057e+00 3.412668e+00 5.511873e+00 5.160421e+00 5.530433e+00 4.465527e+00 4.686124e+00 4.842222e+00 4.381749e+00 5.010546e+00 4.464145e+00 3.179909e+00 2.707053e-03
<GCONST> 9.745023e+01
<MIXTURE> 11 1.633820e-02
<MEAN> 25
 7.473281e+00 4.072841e+00 3.469905e+00 4.126522e+00 -3.932901e+00 -2.212067e+00 -2.127969e+00 -6.176306e+00 -3.294818e+00 3.844277e-01 -2.762271e+00 -1.415411e+00 -4.483481e-01 6.056362e-01 3.772640e-01 4.421016e-01 4.722844e-01 -5.004388e-02 2.799661e-01 -1.721209e-01 8.285769e-02 -4.296190e-01 -3.594300e-01 2.401078e-01 -1.812123e-02
<VARIANCE> 25
 1.029348e+01 2.276070e+01 1.877948e+01 3.479908e+01 3.897417e+01 3.199593e+01 4.372477e+01 4.290477e+01 3.867748e+01 3.071352e+01 3.063388e+01 2.476971e+01 8.524704e-01 1.082144e+00 1.792683e+00 1.922687e+00 2.043242e+00 1.826281e+00 1.843336e+00 2.575819e+00 2.107400e+00 2.087275e+00 1.747409e+00 1.317922e+00 9.109265e-04
<GCONST> 8.560872e+01
<MIXTURE> 12 5.904134e-03
<MEAN> 25
 1.057228e+01 3.519894e+00 -4.062253e+00 -1.561473e+01 -8.671534e+00 8.433410e+00 -6.581066e-01 -2.091262e+00 -2.114943e+00 -4.416298e+00 2.006566e+00 6.617396e-01 4.971572e-02 3.493914e-01 1.512937e-01 -3.154952e-01 -2.664708e-01 4.635231e-03 3.424226e-01 4.802183e-01 9.660909e-02 -4.352550e-01 -2.742103e-01 -6.923649e-02 -4.586036e-03
<VARIANCE> 25
 8.328311e+00 1.995481e+01 2.345375e+01 3.384806e+01 4.026708e+01 3.073806e+01 3.908584e+01 4.569971e+01 4.182716e+01 3.562075e+01 3.663766e+01 2.792186e+01 2.357032e-01 7.310777e-01 8.712725e-01 1.109213e+00 1.175782e+00 9.864410e-01 1.098956e+00 1.401724e+00 1.330123e+00 1.277684e+00 1.266039e+00 1.022672e+00 5.968533e-04
<GCONST> 7.873539e+01
<MIXTURE> 13 5.904134e-03
<MEAN> 25
 1.057228e+01 3.519894e+00 -4.062253e+00 -1.561473e+01 -8.671534e+00 8.433410e+00 -6.581066e-01 -2.091262e+00 -2.114943e+00 -4.416298e+00 2.006566e+00 6.617396e-01 4.971572e-02 3.493914e-01 1.512937e-01 -3.154952e-01 -2.664708e-01 4.635231e-03 3.424226e-01 4.802183e-01 9.660909e-02 -4.352550e-01 -2.742103e-01 -6.923649e-02 -4.586036e-03
<VARIANCE> 25
 8.328311e+00 1.995481e+01 2.345375e+01 3.384806e+01 4.026708e+01 3.073806e+01 3.908584e+01 4.569971e+01 4.182716e+01 3.562075e+01 3.663766e+01 2.792186e+01 2.357032e-01 7.310777e-01 8.712725e-01 1.109213e+00 1.175782e+00 9.864410e-01 1.098956e+00 1.401724e+00 1.330123e+00 1.277684e+00 1.266039e+00 1.022672e+00 5.968533e-04
<GCONST> 7.873539e+01
<MIXTURE> 14 6.488954e-03
<MEAN> 25
 -4.433424e+00 -2.576409e-01 -7.474660e-02 8.586063e+00 7.458718e+00 6.939859e+00 7.345512e+00 7.180449e+00 7.650286e+00 4.743721e+00 5.748082e+00 4.254437e+00 -2.655803e-01 1.423313e-01 3.467651e-01 3.008977e-01 5.215772e-02 7.119076e-02 3.743694e-02 1.447823e-01 3.987180e-01 5.475468e-01 6.382832e-01 9.492953e-02 -6.824682e-03
<VARIANCE> 25
 8.436284e+00 1.411021e+01 1.778200e+01 1.844138e+01 1.904354e+01 1.913667e+01 2.196251e+01 1.995796e+01 2.056321e+01 2.486265e+01 2.612358e+01 1.631135e+01 8.768077e-01 1.467627e+00 1.681132e+00 1.696231e+00 2.178969e+00 2.124944e+00 2.151693e+00 2.108241e+00 2.234110e+00 2.484592e+00 2.198546e+00 1.761886e+00 1.063114e-03
<GCONST> 8.135838e+01
<MIXTURE> 15 2.475190e-03
<MEAN> 25
 -5.420976e+00 -6.368004e-01 -1.912204e-01 7.360254e+00 5.715209e+00 5.697249e+00 6.059814e+00 4.978660e+00 5.161386e+00 4.141881e+00 5.484112e+00 2.539313e+00 -1.212639e-01 -2.968608e-02 7.525743e-02 2.446130e-01 4.900737e-01 7.866806e-01 1.071252e+00 1.178528e+00 1.059553e+00 7.575219e-01 4.211183e-01 1.528714e-01 -7.276754e-05
<VARIANCE> 25
 6.978110e+00 5.631415e+00 9.059449e+00 1.283161e+01 1.406867e+01 1.427710e+01 1.491516e+01 1.488254e+01 1.407667e+01 1.428996e+01 1.523912e+01 1.255032e+01 1.252662e-01 2.060905e-01 3.200043e-01 5.031139e-01 7.003700e-01 7.919478e-01 7.622226e-01 7.965091e-01 9.086066e-01 1.025406e+00 1.072982e+00 1.039962e+00 2.815218e-05
<GCONST> 5.862609e+01
<MIXTURE> 16 2.475190e-03
<MEAN> 25
 -5.420976e+00 -6.368004e-01 -1.912204e-01 7.360254e+00 5.715209e+00 5.697249e+00 6.059814e+00 4.978660e+00 5.161386e+00 4.141881e+00 5.484112e+00 2.539313e+00 -1.212639e-01 -2.968608e-02 7.525743e-02 2.446130e-01 4.900737e-01 7.866806e-01 1.071252e+00 1.178528e+00 1.059553e+00 7.575219e-01 4.211183e-01 1.528714e-01 -7.276754e-05
<VARIANCE> 25
 6.978110e+00 5.631415e+00 9.059449e+00 1.283161e+01 1.406867e+01 1.427710e+01 1.491516e+01 1.488254e+01 1.407667e+01 1.428996e+01 1.523912e+01 1.255032e+01 1.252662e-01 2.060905e-01 3.200043e-01 5.031139e-01 7.003700e-01 7.919478e-01 7.622226e-01 7.965091e-01 9.086066e-01 1.025406e+00 1.072982e+00 1.039962e+00 2.815218e-05
<GCONST> 5.862609e+01
<MIXTURE> 17 9.518312e-03
<MEAN> 25
 3.658031e+00 -1.396423e+00 6.869503e+00 2.403578e+00 -6.130933e+00 -7.030063e+00 -4.727392e+00 -8.352941e-01 -2.696868e+00 -2.509846e+00 2.231090e-01 4.550813e-01 -7.325785e-01 -1.137277e+00 1.179869e+00 -1.954151e+00 -1.923229e+00 -5.298259e-01 -2.079532e-01 9.681985e-01 -5.930521e-01 -1.293851e-01 1.266898e+00 2.275187e-01 7.955775e-02
<VARIANCE> 25
 1.536512e+01 3.053189e+01 2.717260e+01 3.418011e+01 4.142707e+01 4.913312e+01 5.501812e+01 3.630013e+01 3.367739e+01 2.544415e+01 2.574167e+01 2.413354e+01 1.585835e+00 2.540082e+00 3.653238e+00 2.767836e+00 4.351236e+00 6.271453e+00 4.997287e+00 4.923081e+00 4.036482e+00 3.521721e+00 2.853870e+00 2.458788e+00 1.882230e-03
<GCONST> 9.587827e+01
<MIXTURE> 18 1.221018e-02
<MEAN> 25
 4.018506e+00 4.654208e+00 6.433399e+00 4.439684e+00 -4.531280e+00 -8.076664e+00 -1.535307e+00 -1.171723e+00 -3.435951e+00 -2.337494e+00 -8.461358e-01 6.665626e-01 -7.978902e-01 2.107730e+00 -1.840775e-01 2.006947e+00 3.058792e+00 1.468860e+00 8.409964e-01 -2.050610e-01 6.774617e-01 4.584006e-01 -3.624842e-01 -2.033497e-03 -1.227097e-01
<VARIANCE> 25
 1.578237e+01 2.522803e+01 3.393812e+01 2.832593e+01 3.932467e+01 3.459792e+01 3.928654e+01 3.395591e+01 3.890286e+01 3.429273e+01 3.164735e+01 3.017912e+01 2.523100e+00 3.006138e+00 4.562657e+00 3.923385e+00 4.062710e+00 4.531017e+00 4.510196e+00 4.338475e+00 4.440359e+00 4.281097e+00 4.635447e+00 3.577816e+00 3.984678e-03
<GCONST> 9.829727e+01
<MIXTURE> 19 9.912824e-03
<MEAN> 25
 -1.002331e+01 1.747101e+00 3.678824e-01 1.227050e+00 3.910870e+00 1.645273e+00 3.264974e+00 1.098894e+00 2.089674e+00 1.178626e+00 1.126639e+00 1.962865e+00 2.075039e+00 1.704455e+00 2.138314e+00 6.938886e-01 -1.075682e+00 -9.654213e-01 -1.034446e+00 -1.410871e+00 -1.510901e+00 -1.074287e+00 -8.120530e-01 -8.201581e-01 6.899217e-04
<VARIANCE> 25
 5.246719e+01 2.974322e+01 4.762851e+01 5.219698e+01 3.362748e+01 3.427244e+01 3.246417e+01 2.959012e+01 2.795822e+01 2.723210e+01 2.935645e+01 1.928505e+01 2.499211e+00 2.222224e+00 2.181145e+00 2.366908e+00 2.509971e+00 2.445407e+00 2.680690e+00 2.331674e+00 2.089907e+00 2.122556e+00 2.219502e+00 1.757628e+00 2.381288e-03
<GCONST> 9.182333e+01
<MIXTURE> 20 6.308331e-03
<MEAN> 25
 -1.420462e+01 7.525023e+00 6.427677e-01 6.348821e+00 4.682339e+00 1.176445e+00 4.708841e+00 7.238823e-01 9.072437e-01 6.979904e-01 2.661187e+00 -9.358564e-02 -3.184506e+00 -8.421572e-01 -1.544723e+00 2.948915e-01 1.481215e+00 2.065036e+00 1.987759e+00 2.069298e+00 2.025468e+00 1.979210e+00 1.647976e+00 9.707538e-01 4.492735e-02
<VARIANCE> 25
 1.913657e+01 2.291347e+01 3.102956e+01 3.670248e+01 3.046906e+01 3.193642e+01 3.584807e+01 3.069584e+01 2.728125e+01 2.754233e+01 2.456693e+01 2.131205e+01 2.258154e+00 2.116602e+00 1.847484e+00 2.478627e+00 2.690726e+00 2.228362e+00 2.267900e+00 2.242220e+00 2.486238e+00 2.661962e+00 2.208979e+00 1.812865e+00 1.950831e-03
<GCONST> 8.937558e+01
<MIXTURE> 21 7.928653e-03
<MEAN> 25
 3.967408e+00 -4.531070e+00 5.828576e+00 -1.609296e+00 -1.046106e+01 -8.847716e+00 -2.869838e+00 4.103874e+00 -2.152847e+00 -3.379648e+00 3.103162e-01 3.563763e-01 -7.232755e-01 1.346532e+00 2.503665e+00 -4.155761e-02 -1.489601e+00 2.537473e-01 6.049041e-01 -1.458348e+00 -1.912572e+00 2.709382e-01 1.305575e+00 2.245573e-01 -1.218778e-02
<VARIANCE> 25
 9.038084e+00 1.819412e+01 2.885877e+01 2.807858e+01 2.816592e+01 3.688591e+01 4.628178e+01 3.866612e+01 4.281906e+01 3.138224e+01 3.481273e+01 2.254103e+01 3.775903e-01 9.239958e-01 2.031048e+00 1.257571e+00 2.280377e+00 2.318685e+00 3.550466e+00 2.472108e+00 2.164007e+00 2.579155e+00 1.991344e+00 2.238256e+00 4.362164e-04
<GCONST> 8.524987e+01
<MIXTURE> 22 8.827789e-03
<MEAN> 25
 -1.711777e+01 7.875293e+00 -4.400842e+00 8.133213e+00 4.577212e+00 5.612500e-01 8.556786e+00 1.050135e+00 4.915897e+00 2.300383e+00 6.078693e+00 2.165770e+00 -2.341623e-01 -4.865654e-01 -3.116758e-01 -2.215433e-01 4.481054e-02 1.890743e-01 5.818833e-01 3.411817e-01 1.695090e-01 5.160839e-02 -2.011841e-01 4.841210e-02 1.045285e-02
<VARIANCE> 25
 7.000145e+00 1.438238e+01 1.345799e+01 2.112969e+01 1.818720e+01 2.456168e+01 1.692441e+01 2.108833e+01 1.655137e+01 1.914614e+01 1.595991e+01 1.224227e+01 1.041843e+00 1.575649e+00 1.113729e+00 1.303356e+00 1.095171e+00 1.858500e+00 1.523561e+00 1.381334e+00 1.260111e+00 1.186927e+00 1.774583e+00 1.162477e+00 1.954471e-03
<GCONST> 7.643418e+01
<MIXTURE> 23 6.455497e-03
<MEAN> 25
 7.853238e+00 2.113296e+00 3.234270e+00 1.886432e+00 -5.051278e+00 -3.154606e+00 -4.535706e+00 -6.012367e+00 -3.205400e+00 -1.373488e+00 -4.372057e+00 -2.028138e+00 3.463283e-02 2.110622e-01 2.252434e-02 3.442999e-02 7.178140e-04 1.810322e-02 2.167931e-02 -9.171353e-02 -6.912042e-02 5.109850e-02 4.665089e-03 7.778163e-02 -4.573396e-03
<VARIANCE> 25
 1.052314e+01 2.361362e+01 2.414511e+01 4.519779e+01 3.757337e+01 5.387536e+01 5.797333e+01 5.709081e+01 4.723201e+01 4.709851e+01 4.865104e+01 3.843198e+01 1.148649e-01 3.027686e-01 3.745772e-01 4.921083e-01 5.757509e-01 7.223466e-01 7.531846e-01 8.743626e-01 9.957042e-01 8.411328e-01 7.903162e-01 8.138774e-01 8.610235e-05
<GCONST> 7.309254e+01
<MIXTURE> 24 6.455497e-03
<MEAN> 25
 7.853238e+00 2.113296e+00 3.234270e+00 1.886432e+00 -5.051278e+00 -3.154606e+00 -4.535706e+00 -6.012367e+00 -3.205400e+00 -1.373488e+00 -4.372057e+00 -2.028138e+00 3.463283e-02 2.110622e-01 2.252434e-02 3.442999e-02 7.178140e-04 1.810322e-02 2.167931e-02 -9.171353e-02 -6.912042e-02 5.109850e-02 4.665089e-03 7.778163e-02 -4.573396e-03
<VARIANCE> 25
 1.052314e+01 2.361362e+01 2.414511e+01 4.519779e+01 3.757337e+01 5.387536e+01 5.797333e+01 5.709081e+01 4.723201e+01 4.709851e+01 4.865104e+01 3.843198e+01 1.148649e-01 3.027686e-01 3.745772e-01 4.921083e-01 5.757509e-01 7.223466e-01 7.531846e-01 8.743626e-01 9.957042e-01 8.411328e-01 7.903162e-01 8.138774e-01 8.610235e-05
<GCONST> 7.309254e+01
<MIXTURE> 25 1.118642e-02
<MEAN> 25
 3.251397e-01 3.192024e+00 1.643917e+01 -1.010362e+00 -1.112421e+01 -2.545922e+00 -5.356045e+00 -2.909165e+00 -6.969111e+00 -5.253230e+00 4.259981e+00 -1.553208e+00 -1.722924e-01 4.897535e-01 1.408898e-01 1.576410e-01 2.454724e-01 2.666650e-02 2.493541e-01 -1.875133e-01 -2.358920e-01 1.532580e-02 -3.894496e-02 -1.116382e-01 -1.205811e-02
<VARIANCE> 25
 8.580159e+00 2.343732e+01 2.290299e+01 2.767095e+01 3.140793e+01 5.451174e+01 2.957320e+01 2.913497e+01 2.747956e+01 3.626041e+01 2.090974e+01 2.670551e+01 6.105380e-01 1.453142e+00 1.374583e+00 1.342335e+00 2.208577e+00 2.142156e+00 1.768319e+00 1.591588e+00 1.486712e+00 1.670329e+00 1.344928e+00 1.252310e+00 1.258872e-03
<GCONST> 8.297108e+01
<MIXTURE> 26 7.727677e-03
<MEAN> 25
 1.988752e+00 -6.347901e+00 -9.900107e+00 -7.667051e-01 7.766286e+00 5.744456e+00 4.127034e+00 -6.635309e-02 2.376099e+00 -1.026029e+00 -2.724197e+00 -1.132346e+00 -6.627499e-01 6.132749e-01 3.777657e-01 7.081105e-01 1.836008e-01 2.635304e-01 3.461894e-01 3.947575e-01 3.141438e-01 4.100598e-02 3.086064e-01 4.919081e-01 -5.322338e-02
<VARIANCE> 25
 2.514806e+01 3.303007e+01 2.852475e+01 6.061880e+01 3.846495e+01 4.265334e+01 4.628260e+01 4.532101e+01 3.832004e+01 5.193444e+01 3.918097e+01 4.463525e+01 1.590192e+00 1.879309e+00 1.823187e+00 2.055668e+00 2.192369e+00 2.413854e+00 2.456252e+00 2.688667e+00 2.228117e+00 2.248364e+00 2.229698e+00 1.973342e+00 3.219167e-03
<GCONST> 9.356271e+01
<MIXTURE> 27 7.727677e-03
<MEAN> 25
 1.988752e+00 -6.347901e+00 -9.900107e+00 -7.667051e-01 7.766286e+00 5.744456e+00 4.127034e+00 -6.635309e-02 2.376099e+00 -1.026029e+00 -2.724197e+00 -1.132346e+00 -6.627499e-01 6.132749e-01 3.777657e-01 7.081105e-01 1.836008e-01 2.635304e-01 3.461894e-01 3.947575e-01 3.141438e-01 4.100598e-02 3.086064e-01 4.919081e-01 -5.322338e-02
<VARIANCE> 25
 2.514806e+01 3.303007e+01 2.852475e+01 6.061880e+01 3.846495e+01 4.265334e+01 4.628260e+01 4.532101e+01 3.832004e+01 5.193444e+01 3.918097e+01 4.463525e+01 1.590192e+00 1.879309e+00 1.823187e+00 2.055668e+00 2.192369e+00 2.413854e+00 2.456252e+00 2.688667e+00 2.228117e+00 2.248364e+00 2.229698e+00 1.973342e+00 3.219167e-03
<GCONST> 9.356271e+01
<MIXTURE> 28 5.036674e-03
<MEAN> 25
 -5.399941e+00 8.728645e-02 -1.237987e+00 6.370185e+00 5.053469e+00 3.413186e+00 5.474291e+00 3.241620e+00 4.017670e+00 2.129033e+00 2.365794e+00 3.033724e+00 -1.178854e-01 2.057135e-01 5.200533e-01 8.224032e-01 8.464957e-01 7.110492e-01 5.189518e-01 3.082798e-01 4.278346e-01 5.378641e-01 3.382388e-01 1.749848e-01 -1.962240e-05
<VARIANCE> 25
 9.790115e+00 8.059136e+00 1.287095e+01 1.475899e+01 1.419713e+01 1.715466e+01 1.731073e+01 1.839854e+01 1.637499e+01 1.757798e+01 2.030109e+01 1.501354e+01 2.544903e-01 3.300211e-01 3.820735e-01 4.707986e-01 6.562700e-01 7.961401e-01 9.906474e-01 1.177337e+00 1.069257e+00 1.006734e+00 9.858991e-01 1.002496e+00 1.100261e-06
<GCONST> 5.985701e+01
<MIXTURE> 29 5.036674e-03
<MEAN> 25
 -5.399941e+00 8.728645e-02 -1.237987e+00 6.370185e+00 5.053469e+00 3.413186e+00 5.474291e+00 3.241620e+00 4.017670e+00 2.129033e+00 2.365794e+00 3.033724e+00 -1.178854e-01 2.057135e-01 5.200533e-01 8.224032e-01 8.464957e-01 7.110492e-01 5.189518e-01 3.082798e-01 4.278346e-01 5.378641e-01 3.382388e-01 1.749848e-01 -1.962240e-05
<VARIANCE> 25
 9.790115e+00 8.059136e+00 1.287095e+01 1.475899e+01 1.419713e+01 1.715466e+01 1.731073e+01 1.839854e+01 1.637499e+01 1.757798e+01 2.030109e+01 1.501354e+01 2.544903e-01 3.300211e-01 3.820735e-01 4.707986e-01 6.562700e-01 7.961401e-01 9.906474e-01 1.177337e+00 1.069257e+00 1.006734e+00 9.858991e-01 1.002496e+00 1.100261e-06
<GCONST> 5.985701e+01
<MIXTURE> 30 8.917812e-03
<MEAN> 25
 -4.466265e+00 -1.079671e-01 7.370722e-01 8.949021e+00 7.666260e+00 7.448430e+00 7.597875e+00 6.816443e+00 6.464504e+00 4.754432e+00 6.750059e+00 3.486307e+00 -2.645079e-02 2.729535e-02 6.357004e-02 9.180674e-02 7.357486e-02 4.414360e-02 -5.779834e-03 -1.166109e-02 2.642563e-02 3.975377e-02 7.665493e-02 4.775240e-02 -4.722281e-04
<VARIANCE> 25
 6.845927e+00 1.030531e+01 1.054740e+01 1.419868e+01 1.597514e+01 1.626296e+01 1.895609e+01 1.829455e+01 1.630457e+01 1.901263e+01 2.390729e+01 1.421138e+01 9.759044e-02 1.999211e-01 3.249658e-01 4.755797e-01 6.321577e-01 7.141766e-01 7.839681e-01 8.024703e-01 8.809485e-01 9.370356e-01 9.162966e-01 8.742740e-01 5.153229e-05
<GCONST> 6.083608e+01
<MIXTURE> 31 4.136493e-03
<MEAN> 25
 -3.368692e+00 -5.507508e+00 4.001830e-01 4.698927e+00 3.558277e+00 1.995854e+00 5.555716e+00 6.740547e+00 2.892331e+00 7.501001e-01 6.189436e+00 2.988676e+00 2.487196e-01 5.217692e-01 -2.125968e-01 2.965002e-01 4.679121e-02 2.801994e-01 1.355184e-01 -2.191515e-02 3.151231e-01 4.022787e-01 9.772416e-02 1.743992e-01 -1.981999e-02
<VARIANCE> 25
 6.636295e+00 1.476586e+01 1.745893e+01 1.773261e+01 2.398159e+01 2.355223e+01 2.318019e+01 2.424078e+01 2.561610e+01 2.879248e+01 2.037689e+01 1.766608e+01 2.311219e-01 5.032683e-01 6.550037e-01 7.164502e-01 9.776472e-01 1.278124e+00 1.223969e+00 1.351271e+00 1.304044e+00 1.238380e+00 1.251287e+00 1.141823e+00 2.752538e-04
<GCONST> 7.188047e+01
<MIXTURE> 32 4.136493e-03
<MEAN> 25
 -3.368692e+00 -5.507508e+00 4.001830e-01 4.698927e+00 3.558277e+00 1.995854e+00 5.555716e+00 6.740547e+00 2.892331e+00 7.501001e-01 6.189436e+00 2.988676e+00 2.487196e-01 5.217692e-01 -2.125968e-01 2.965002e-01 4.679121e-02 2.801994e-01 1.355184e-01 -2.191515e-02 3.151231e-01 4.022787e-01 9.772416e-02 1.743992e-01 -1.981999e-02
<VARIANCE> 25
 6.636295e+00 1.476586e+01 1.745893e+01 1.773261e+01 2.398159e+01 2.355223e+01 2.318019e+01 2.424078e+01 2.561610e+01 2.879248e+01 2.037689e+01 1.766608e+01 2.311219e-01 5.032683e-01 6.550037e-01 7.164502e-01 9.776472e-01 1.278124e+00 1.223969e+00 1.351271e+00 1.304044e+00 1.238380e+00 1.251287e+00 1.141823e+00 2.752538e-04
<GCONST> 7.188047e+01
<MIXTURE> 33 1.508826e-02
<MEAN> 25
 6.446089e+00 -4.323519e+00 -2.435283e+00 -1.984076e+00 -2.830583e+00 -6.192319e+00 -7.379353e+00 2.413004e+00 1.132996e+00 -1.382776e-01 -3.064337e+00 -4.077969e+00 7.491159e-01 -1.273247e+00 -2.480685e+00 -1.715399e+00 1.423789e+00 1.373160e+00 -7.147283e-01 7.551122e-01 8.785003e-01 6.418045e-01 -6.590746e-02 -1.483775e+00 4.034772e-02
<VARIANCE> 25
 8.533195e+00 2.014034e+01 2.540866e+01 3.610593e+01 4.020470e+01 3.986038e+01 3.760087e+01 4.212852e+01 4.178833e+01 4.009906e+01 4.483511e+01 3.019212e+01 1.084336e+00 1.812028e+00 2.040565e+00 2.254205e+00 3.649060e+00 2.960493e+00 3.772341e+00 4.950858e+00 3.328628e+00 3.801457e+00 3.234418e+00 2.399101e+00 1.463986e-03
<GCONST> 9.286564e+01
<MIXTURE> 34 1.588179e-02
<MEAN> 25
 8.711106e+00 -7.165017e-01 -1.085607e-01 1.517990e+00 -3.139289e+00 -2.265264e+00 -6.610049e+00 -4.767950e+00 -2.375309e+00 1.384193e+00 -1.613864e+00 -3.067686e+00 -1.863343e-01 1.308401e+00 1.530536e+00 2.137771e+00 -1.007951e-01 7.952534e-03 8.369022e-01 -1.593738e+00 -4.263095e-01 -3.720641e-02 -9.333291e-01 5.205203e-01 -6.373496e-02
<VARIANCE> 25
 6.994322e+00 2.980697e+01 2.810557e+01 4.563207e+01 3.869229e+01 4.675485e+01 4.820704e+01 5.132181e+01 4.708933e+01 4.331771e+01 5.027975e+01 3.269413e+01 1.185654e+00 1.731036e+00 3.585381e+00 3.760553e+00 4.887907e+00 4.958951e+00 4.597332e+00 5.498939e+00 5.107113e+00 4.938556e+00 4.836532e+00 3.692300e+00 1.095814e-03
<GCONST> 9.781525e+01
<MIXTURE> 35 1.467755e-02
<MEAN> 25
 -2.016206e+00 -5.303368e+00 -9.282103e+00 1.496780e+00 9.072636e+00 -3.517965e-02 -1.405852e+00 2.616852e+00 6.263746e-01 4.305480e+00 5.618628e-01 2.057577e+00 3.097064e-02 -1.190097e+00 -1.222865e+00 -6.111225e-01 2.309967e-01 -1.275463e+00 -8.208497e-01 -2.522394e-01 -3.479224e-01 2.089440e-01 1.852511e-02 -4.858006e-01 1.081082e-01
<VARIANCE> 25
 1.588927e+01 2.682239e+01 3.635885e+01 5.415517e+01 5.078510e+01 4.867766e+01 6.518026e+01 3.637105e+01 4.181229e+01 3.042598e+01 3.063606e+01 2.466858e+01 3.955417e+00 3.407999e+00 5.638810e+00 5.788019e+00 4.713832e+00 4.945744e+00 5.296555e+00 4.034254e+00 4.357259e+00 3.604247e+00 4.224465e+00 3.412729e+00 4.216196e-03
<GCONST> 1.011982e+02
<MIXTURE> 36 1.093293e-02
<MEAN> 25
 4.526384e+00 -3.639663e+00 6.777287e+00 2.325493e+00 -9.557313e+00 -1.023150e+01 -6.944476e+00 2.664399e+00 -2.417192e+00 -4.259561e+00 3.360829e+00 -3.921725e-01 2.648482e-01 3.040180e-01 -8.971955e-01 6.377120e-02 8.610751e-01 -1.332842e-01 -1.996998e-01 -5.493561e-02 3.449100e-01 3.871692e-01 -2.726514e-01 -3.543911e-01 -1.381513e-02
<VARIANCE> 25
 1.079449e+01 1.494364e+01 2.286142e+01 2.597534e+01 2.934394e+01 4.429095e+01 4.679206e+01 3.348357e+01 3.707417e+01 3.048513e+01 2.871996e+01 2.582639e+01 6.344584e-01 8.754206e-01 1.420222e+00 1.121178e+00 1.471498e+00 1.804061e+00 2.311790e+00 1.612555e+00 1.841880e+00 1.833419e+00 1.408448e+00 1.344593e+00 7.277697e-04
<GCONST> 8.238198e+01
<MIXTURE> 37 1.246826e-02
<MEAN> 25
 5.980532e-01 7.780096e+00 1.193456e+01 -5.550753e+00 -7.992661e+00 -1.017998e+00 -4.954198e+00 -8.265446e+00 -3.745270e+00 -9.282778e-01 -3.646593e+00 -1.227172e+00 1.548342e-01 6.396769e-01 -1.341963e+00 3.566933e+00 1.989743e+00 -2.918403e-01 1.091957e+00 4.249722e-01 5.500906e-01 -3.213625e-01 5.171645e-01 -8.119747e-02 -9.496757e-02
<VARIANCE> 25
 1.604606e+01 2.573450e+01 3.187061e+01 5.052031e+01 3.378374e+01 3.181275e+01 4.497061e+01 3.504220e+01 3.836247e+01 3.561992e+01 3.746755e+01 3.098251e+01 2.995607e+00 3.389236e+00 2.999479e+00 4.078113e+00 4.573172e+00 3.725558e+00 4.163253e+00 3.783348e+00 3.466208e+00 3.585063e+00 3.866121e+00 2.786594e+00 3.887741e-03
<GCONST> 9.773473e+01
<MIXTURE> 38 1.154525e-02
<MEAN> 25
 -4.551336e+00 8.888993e+00 4.350210e+00 3.380089e+00 8.882568e-01 -5.343326e+00 -6.783859e-01 -2.704148e+00 -2.726420e+00 -3.006406e+00 -1.399608e+00 -4.878859e-01 -4.477976e+00 1.271414e+00 -2.899862e-01 1.439052e+00 2.448109e+00 1.344319e+00 2.008789e+00 9.162410e-01 7.917303e-01 5.972943e-01 1.004143e+00 3.080698e-01 4.877290e-02
<VARIANCE> 25
 3.177212e+01 2.943573e+01 4.068211e+01 3.344952e+01 4.794625e+01 3.580447e+01 3.614407e+01 4.097367e+01 3.504345e+01 3.235592e+01 2.445393e+01 2.856874e+01 2.388722e+00 3.967921e+00 3.867397e+00 5.051320e+00 4.809556e+00 5.081145e+00 4.799545e+00 4.611098e+00 4.422766e+00 4.911295e+00 4.287535e+00 3.239037e+00 2.021496e-03
<GCONST> 9.935435e+01
<MIXTURE> 39 9.501865e-03
<MEAN> 25
 1.363603e+00 2.598028e+00 1.019417e+01 -9.154371e+00 -1.127183e+01 -1.002595e+00 -2.968542e+00 -6.587874e+00 -4.498034e+00 8.630735e-01 -3.684328e+00 -2.275531e+00 -7.296327e-01 1.516200e+00 1.627208e+00 -1.379635e+00 7.411991e-02 1.210378e+00 -1.192255e+00 -1.244441e+00 4.329466e-01 4.294230e-01 -5.071228e-01 1.224522e-01 1.349737e-03
<VARIANCE> 25
 8.989243e+00 2.994778e+01 3.157645e+01 3.880856e+01 3.708190e+01 4.256449e+01 4.428756e+01 3.354330e+01 3.937797e+01 3.303785e+01 3.605393e+01 2.932948e+01 6.898914e-01 1.548348e+00 1.506952e+00 2.927112e+00 2.409311e+00 2.832773e+00 3.052334e+00 2.752679e+00 2.432985e+00 2.644531e+00 2.115512e+00 2.059517e+00 1.183159e-03
<GCONST> 8.964858e+01
<MIXTURE> 40 1.030800e-02
<MEAN> 25
 -9.035461e+00 2.123337e+00 -8.795248e-01 8.082698e+00 3.883796e+00 5.372619e+00 5.283042e+00 4.247870e+00 4.741757e+00 4.088409e+00 5.282599e+00 1.920548e+00 -9.221964e-02 -2.256583e-01 -5.398392e-02 -2.061799e-01 -8.015606e-02 -9.974343e-02 6.141923e-02 4.513552e-02 2.257735e-02 3.151330e-02 1.338744e-01 4.210293e-03 4.103122e-03
<VARIANCE> 25
 4.146429e+01 2.024184e+01 2.904862e+01 2.597483e+01 2.547347e+01 1.881122e+01 1.922968e+01 1.826167e+01 1.761260e+01 1.879247e+01 2.126985e+01 1.502118e+01 7.201511e-01 7.277465e-01 9.161045e-01 1.065012e+00 1.141633e+00 1.254192e+00 1.347389e+00 1.287056e+00 1.304414e+00 1.266170e+00 1.255270e+00 1.117643e+00 8.453059e-04
<GCONST> 7.691104e+01
<MIXTURE> 41 6.713375e-03
<MEAN> 25
 1.323015e+00 1.773090e+00 1.044985e+01 -6.932969e+00 -1.044628e+01 -3.864489e+00 -2.500542e+00 -5.040465e+00 -4.646914e+00 2.658403e+00 -1.741660e+00 -9.512639e-01 8.447278e-02 -7.640622e-01 1.694465e+00 -3.546515e+00 -2.457028e+00 -1.183550e-01 -5.129812e-01 -3.539117e-01 -8.284815e-01 1.081277e+00 -1.037320e+00 7.910258e-02 8.623699e-02
<VARIANCE> 25
 1.175097e+01 2.960423e+01 3.272135e+01 4.011646e+01 3.873294e+01 4.009965e+01 3.722219e+01 2.988104e+01 3.306625e+01 2.870544e+01 3.174946e+01 2.715081e+01 3.194272e+00 3.312274e+00 3.815202e+00 3.821145e+00 4.897880e+00 5.868793e+00 4.717447e+00 4.558878e+00 3.965218e+00 4.220297e+00 3.836327e+00 3.218942e+00 2.920853e-03
<GCONST> 9.791615e+01
<MIXTURE> 42 1.106211e-02
<MEAN> 25
 -1.923750e+00 4.413708e+00 4.380139e+00 3.132099e+00 3.180230e-01 -5.695093e+00 -1.011422e+00 -1.628087e+00 -1.441089e+00 -7.077857e-01 -1.757802e+00 9.160583e-01 4.026154e+00 -4.438358e-01 1.411170e+00 -3.110819e-01 -2.725314e+00 -1.064062e+00 -2.198714e+00 -9.577997e-01 -1.170314e+00 -3.437519e-01 4.178851e-01 -1.212385e+00 1.769793e-02
<VARIANCE> 25
 3.036613e+01 1.851968e+01 3.927521e+01 2.191562e+01 3.655576e+01 3.598785e+01 3.226087e+01 2.309153e+01 2.648045e+01 2.499282e+01 1.725330e+01 1.692406e+01 3.978201e+00 5.023736e+00 5.721921e+00 5.064065e+00 4.034760e+00 6.550117e+00 5.931837e+00 4.671511e+00 4.489374e+00 4.883238e+00 3.668136e+00 3.357271e+00 3.944312e-03
<GCONST> 9.802452e+01
<MIXTURE> 43 7.108249e-03
<MEAN> 25
 3.537520e+00 -6.438730e+00 -1.615008e+00 -5.638010e+00 -7.170217e+00 -2.543897e+00 2.996391e+00 1.681272e+00 -4.262068e+00 -7.327849e+00 -4.444852e+00 -6.124208e-01 2.446236e-01 2.093938e+00 1.851887e+00 -6.356187e-02 -1.398717e+00 -9.553042e-01 -8.486332e-01 -6.149502e-01 8.389626e-01 1.177436e+00 1.493513e-01 -2.030036e-01 -4.621761e-02
<VARIANCE> 25
 1.100886e+01 1.807175e+01 2.685522e+01 3.397547e+01 3.462168e+01 3.902834e+01 4.108203e+01 3.611950e+01 3.961503e+01 3.452616e+01 2.382525e+01 3.142357e+01 6.483918e-01 1.170552e+00 1.478929e+00 2.239350e+00 2.114056e+00 2.355989e+00 2.525158e+00 2.872355e+00 2.496305e+00 3.109647e+00 2.413990e+00 2.129700e+00 8.606958e-04
<GCONST> 8.754401e+01
<MIXTURE> 44 7.328289e-03
<MEAN> 25
 -1.436760e+01 1.151983e+00 4.082732e+00 -1.974985e+00 3.040548e+00 3.795740e+00 -5.911415e-01 1.284531e+00 1.652673e+00 -7.525734e-01 1.687762e+00 1.486264e+00 -6.691980e-02 1.240197e-01 1.744689e-01 2.570486e-01 -3.267739e-01 1.850034e-01 7.182397e-01 9.654442e-02 1.353629e-02 3.103310e-01 4.687284e-03 9.082700e-02 -4.569247e-04
<VARIANCE> 25
 4.108927e+01 2.669114e+01 3.447631e+01 3.421865e+01 2.576806e+01 5.681163e+01 2.556318e+01 3.545590e+01 2.481351e+01 2.546214e+01 2.416902e+01 1.855152e+01 1.143813e+00 1.422348e+00 1.373576e+00 1.196242e+00 2.141378e+00 1.916510e+00 1.709950e+00 1.593923e+00 1.678048e+00 1.446055e+00 1.224871e+00 1.130044e+00 1.224893e-03
<GCONST> 8.457713e+01
<MIXTURE> 45 1.364932e-02
<MEAN> 25
 -1.176587e+01 4.597509e+00 -1.642421e+00 4.946831e+00 4.975571e+00 -1.984732e+00 4.084217e+00 8.861194e-01 3.790234e+00 1.591284e+00 3.060823e+00 2.126643e+00 -3.007725e+00 1.181311e+00 -4.216852e-01 -4.934582e-02 -2.926139e-01 -4.342475e-01 4.840833e-01 -1.946088e-01 -3.265616e-02 -5.358826e-01 6.900873e-01 -2.349803e-02 1.111088e-01
<VARIANCE> 25
 2.843033e+01 2.645473e+01 2.369268e+01 3.348079e+01 2.680651e+01 3.364808e+01 3.291312e+01 2.489909e+01 1.992935e+01 1.938604e+01 2.230230e+01 1.456589e+01 1.847864e+00 2.974556e+00 2.486453e+00 2.264362e+00 2.765476e+00 2.751351e+00 1.842723e+00 1.799034e+00 2.185637e+00 2.008571e+00 1.877660e+00 1.445217e+00 3.391669e-03
<GCONST> 8.795064e+01
<MIXTURE> 46 9.336259e-03
<MEAN> 25
 -9.424615e+00 2.291879e+00 1.112326e+00 7.521485e+00 5.813741e+00 3.169832e+00 6.947164e+00 4.379942e+00 5.643493e+00 4.469732e+00 4.878004e+00 2.943655e+00 1.056017e+00 -2.476812e-01 5.726439e-02 9.405453e-01 5.898533e-01 9.813545e-01 3.908178e-01 6.867468e-01 4.292482e-01 5.357904e-01 6.385238e-01 5.061091e-01 -1.032638e-01
<VARIANCE> 25
 3.418618e+01 4.315277e+01 3.822727e+01 4.869028e+01 4.985317e+01 4.211291e+01 3.828133e+01 3.504255e+01 3.284230e+01 3.137473e+01 2.815948e+01 2.010751e+01 3.874433e+00 4.048944e+00 3.806941e+00 4.113772e+00 4.093020e+00 3.726720e+00 3.552256e+00 3.098262e+00 2.956336e+00 2.855715e+00 2.302266e+00 1.765573e+00 7.898290e-03
<GCONST> 9.822197e+01
<MIXTURE> 47 7.116147e-03
<MEAN> 25
 7.213422e+00 -7.677268e+00 -7.400691e+00 -6.816254e+00 1.518028e+00 8.264363e-01 -2.328465e+00 9.303129e-01 2.129457e+00 8.505673e-01 -4.049212e+00 -7.116371e+00 -1.726014e-01 -1.173876e+00 -6.650097e-01 -4.338763e-01 5.816293e-01 9.596078e-01 7.543267e-01 2.234915e-01 2.093964e-01 -8.116452e-01 -3.988732e-01 -3.738979e-01 3.027645e-02
<VARIANCE> 25
 9.972203e+00 2.063727e+01 2.025324e+01 3.258913e+01 3.357194e+01 5.009615e+01 4.201841e+01 3.866203e+01 4.843164e+01 4.855756e+01 4.597489e+01 3.269674e+01 4.832266e-01 8.000455e-01 1.064461e+00 1.595581e+00 1.881446e+00 2.263395e+00 2.358362e+00 2.377130e+00 2.111524e+00 2.045028e+00 2.066346e+00 2.006514e+00 5.297507e-04
<GCONST> 8.575901e+01
<MIXTURE> 48 7.116147e-03
<MEAN> 25
 7.213422e+00 -7.677268e+00 -7.400691e+00 -6.816254e+00 1.518028e+00 8.264363e-01 -2.328465e+00 9.303129e-01 2.129457e+00 8.505673e-01 -4.049212e+00 -7.116371e+00 -1.726014e-01 -1.173876e+00 -6.650097e-01 -4.338763e-01 5.816293e-01 9.596078e-01 7.543267e-01 2.234915e-01 2.093964e-01 -8.116452e-01 -3.988732e-01 -3.738979e-01 3.027645e-02
<VARIANCE> 25
 9.972203e+00 2.063727e+01 2.025324e+01 3.258913e+01 3.357194e+01 5.009615e+01 4.201841e+01 3.866203e+01 4.843164e+01 4.855756e+01 4.597489e+01 3.269674e+01 4.832266e-01 8.000455e-01 1.064461e+00 1.595581e+00 1.881446e+00 2.263395e+00 2.358362e+00 2.377130e+00 2.111524e+00 2.045028e+00 2.066346e+00 2.006514e+00 5.297507e-04
<GCONST> 8.575901e+01
<MIXTURE> 49 5.548473e-03
<MEAN> 25
 -5.040217e+00 4.531882e-01 2.249724e-01 8.362354e+00 6.081240e+00 5.559632e+00 6.134112e+00 4.552804e+00 5.087361e+00 3.680166e+00 4.765843e+00 2.947729e+00 3.512465e-01 6.311720e-01 6.946657e-01 3.445140e-01 -2.200285e-01 -6.777113e-01 -1.019390e+00 -1.119275e+00 -9.399851e-01 -6.923234e-01 -4.846198e-01 -2.391669e-01 -1.056898e-04
<VARIANCE> 25
 9.478414e+00 1.031011e+01 1.411761e+01 1.587378e+01 1.579925e+01 1.691438e+01 1.927372e+01 1.972602e+01 1.853926e+01 1.792526e+01 2.160001e+01 1.456492e+01 2.844416e-01 2.911673e-01 3.564892e-01 6.028640e-01 9.070843e-01 9.789194e-01 9.920483e-01 1.033409e+00 1.128329e+00 1.212194e+00 1.271111e+00 1.238206e+00 1.496890e-05
<GCONST> 6.456202e+01
<MIXTURE> 50 6.234641e-03
<MEAN> 25
 -4.665394e+00 9.406333e-02 -1.429426e+00 6.186712e+00 4.211839e+00 2.283318e+00 3.723331e+00 2.004914e+00 2.781754e+00 1.376544e+00 2.140342e+00 2.831947e+00 5.393456e-02 1.738353e-01 9.648637e-02 -1.748959e-01 -5.107006e-01 -6.110857e-01 -4.236870e-01 -5.466651e-02 4.423758e-01 7.750135e-01 7.361389e-01 4.450389e-01 -7.079299e-06
<VARIANCE> 25
 1.050356e+01 1.114340e+01 1.443126e+01 1.542602e+01 1.532242e+01 1.855866e+01 1.862012e+01 1.954067e+01 1.849447e+01 1.766469e+01 2.169687e+01 1.523761e+01 1.464387e-01 2.403610e-01 3.780085e-01 5.173752e-01 5.973989e-01 7.402149e-01 9.577309e-01 1.120011e+00 1.058954e+00 9.108752e-01 9.185675e-01 9.864380e-01 1.014610e-06
<GCONST> 5.959183e+01
<MIXTURE> 51 6.234641e-03
<MEAN> 25
 -4.665394e+00 9.406333e-02 -1.429426e+00 6.186712e+00 4.211839e+00 2.283318e+00 3.723331e+00 2.004914e+00 2.781754e+00 1.376544e+00 2.140342e+00 2.831947e+00 5.393456e-02 1.738353e-01 9.648637e-02 -1.748959e-01 -5.107006e-01 -6.110857e-01 -4.236870e-01 -5.466651e-02 4.423758e-01 7.750135e-01 7.361389e-01 4.450389e-01 -7.079299e-06
<VARIANCE> 25
 1.050356e+01 1.114340e+01 1.443126e+01 1.542602e+01 1.532242e+01 1.855866e+01 1.862012e+01 1.954067e+01 1.849447e+01 1.766469e+01 2.169687e+01 1.523761e+01 1.464387e-01 2.403610e-01 3.780085e-01 5.173752e-01 5.973989e-01 7.402149e-01 9.577309e-01 1.120011e+00 1.058954e+00 9.108752e-01 9.185675e-01 9.864380e-01 1.014610e-06
<GCONST> 5.959183e+01
<MIXTURE> 52 6.367945e-03
<MEAN> 25
 9.943294e+00 1.678997e+00 -5.821658e+00 -1.453096e+01 -4.006561e+00 8.947845e+00 -2.714951e+00 -3.589987e+00 -4.318940e+00 -1.794654e+00 3.959279e+00 2.158746e-01 -3.722513e-01 -4.300810e-01 -1.795391e-01 9.770238e-01 1.245546e+00 -3.347448e-01 -4.394425e-01 -6.467135e-01 1.556591e-01 1.193987e+00 5.170145e-01 -7.020428e-01 -1.054745e-02
<VARIANCE> 25
 8.389193e+00 1.892725e+01 2.352613e+01 3.425946e+01 4.060665e+01 2.821803e+01 4.130120e+01 4.472377e+01 3.862172e+01 4.126414e+01 3.827556e+01 2.949520e+01 4.027286e-01 1.356736e+00 1.248234e+00 2.597719e+00 2.134632e+00 2.101683e+00 2.902008e+00 2.604892e+00 2.754568e+00 2.393919e+00 2.502726e+00 2.188380e+00 1.472573e-03
<GCONST> 8.783646e+01
<MIXTURE> 53 6.367945e-03
<MEAN> 25
 9.943294e+00 1.678997e+00 -5.821658e+00 -1.453096e+01 -4.006561e+00 8.947845e+00 -2.714951e+00 -3.589987e+00 -4.318940e+00 -1.794654e+00 3.959279e+00 2.158746e-01 -3.722513e-01 -4.300810e-01 -1.795391e-01 9.770238e-01 1.245546e+00 -3.347448e-01 -4.394425e-01 -6.467135e-01 1.556591e-01 1.193987e+00 5.170145e-01 -7.020428e-01 -1.054745e-02
<VARIANCE> 25
 8.389193e+00 1.892725e+01 2.352613e+01 3.425946e+01 4.060665e+01 2.821803e+01 4.130120e+01 4.472377e+01 3.862172e+01 4.126414e+01 3.827556e+01 2.949520e+01 4.027286e-01 1.356736e+00 1.248234e+00 2.597719e+00 2.134632e+00 2.101683e+00 2.902008e+00 2.604892e+00 2.754568e+00 2.393919e+00 2.502726e+00 2.188380e+00 1.472573e-03
<GCONST> 8.783646e+01
<MIXTURE> 54 7.368620e-03
<MEAN> 25
 -3.633622e+00 5.014705e-02 -6.823220e-01 8.035617e+00 6.483372e+00 4.624801e+00 4.675870e+00 4.600670e+00 4.052430e+00 3.592582e+00 4.455330e+00 2.326232e+00 -2.108543e-03 2.660698e-02 3.422959e-02 4.753029e-02 5.146440e-02 4.720264e-02 3.888378e-02 2.877404e-02 3.077906e-02 2.504170e-02 1.461932e-02 1.882391e-03 -1.186871e-05
<VARIANCE> 25
 9.135823e+00 1.036592e+01 9.298187e+00 1.818603e+01 1.332041e+01 1.353268e+01 1.197173e+01 1.128097e+01 1.134421e+01 1.355491e+01 1.782051e+01 1.253434e+01 4.088127e-02 8.736955e-02 1.541062e-01 2.266298e-01 3.080024e-01 3.970205e-01 4.607793e-01 5.216182e-01 5.420265e-01 5.211082e-01 5.145659e-01 5.164135e-01 1.002654e-06
<GCONST> 4.725379e+01
<MIXTURE> 55 7.368620e-03
<MEAN> 25
 -3.633622e+00 5.014705e-02 -6.823220e-01 8.035617e+00 6.483372e+00 4.624801e+00 4.675870e+00 4.600670e+00 4.052430e+00 3.592582e+00 4.455330e+00 2.326232e+00 -2.108543e-03 2.660698e-02 3.422959e-02 4.753029e-02 5.146440e-02 4.720264e-02 3.888378e-02 2.877404e-02 3.077906e-02 2.504170e-02 1.461932e-02 1.882391e-03 -1.186871e-05
<VARIANCE> 25
 9.135823e+00 1.036592e+01 9.298187e+00 1.818603e+01 1.332041e+01 1.353268e+01 1.197173e+01 1.128097e+01 1.134421e+01 1.355491e+01 1.782051e+01 1.253434e+01 4.088127e-02 8.736955e-02 1.541062e-01 2.266298e-01 3.080024e-01 3.970205e-01 4.607793e-01 5.216182e-01 5.420265e-01 5.211082e-01 5.145659e-01 5.164135e-01 1.002654e-06
<GCONST> 4.725379e+01
<MIXTURE> 56 6.132464e-03
<MEAN> 25
 7.354193e+00 -6.910715e+00 -8.457745e+00 -9.340947e+00 3.548925e+00 4.458063e+00 -2.302442e+00 -1.872560e+00 1.119806e+00 1.444749e+00 -1.512621e+00 -7.605968e+00 -2.339273e-02 6.049593e-03 -1.961286e-01 1.006790e-01 1.739282e-01 2.652927e-01 -2.846870e-03 -1.469617e-01 9.558306e-02 -4.941523e-02 -5.594257e-02 1.002827e-01 -4.963008e-03
<VARIANCE> 25
 8.279626e+00 2.222376e+01 1.980151e+01 3.898771e+01 2.948733e+01 4.842220e+01 5.353364e+01 3.276650e+01 3.803748e+01 3.632000e+01 4.569217e+01 2.810510e+01 1.838210e-01 4.575007e-01 4.911993e-01 7.612823e-01 7.745731e-01 1.476774e+00 1.093616e+00 8.478031e-01 9.080674e-01 8.373957e-01 1.012279e+00 9.762478e-01 2.913464e-04
<GCONST> 7.510600e+01
<MIXTURE> 57 6.132464e-03
<MEAN> 25
 7.354193e+00 -6.910715e+00 -8.457745e+00 -9.340947e+00 3.548925e+00 4.458063e+00 -2.302442e+00 -1.872560e+00 1.119806e+00 1.444749e+00 -1.512621e+00 -7.605968e+00 -2.339273e-02 6.049593e-03 -1.961286e-01 1.006790e-01 1.739282e-01 2.652927e-01 -2.846870e-03 -1.469617e-01 9.558306e-02 -4.941523e-02 -5.594257e-02 1.002827e-01 -4.963008e-03
<VARIANCE> 25
 8.279626e+00 2.222376e+01 1.980151e+01 3.898771e+01 2.948733e+01 4.842220e+01 5.353364e+01 3.276650e+01 3.803748e+01 3.632000e+01 4.569217e+01 2.810510e+01 1.838210e-01 4.575007e-01 4.911993e-01 7.612823e-01 7.745731e-01 1.476774e+00 1.093616e+00 8.478031e-01 9.080674e-01 8.373957e-01 1.012279e+00 9.762478e-01 2.913464e-04
<GCONST> 7.510600e+01
<MIXTURE> 58 6.172147e-03
<MEAN> 25
 2.621649e+00 -3.070782e+00 7.333216e+00 -5.276511e+00 -1.333758e+01 -5.630169e+00 1.474017e+00 8.714982e-01 -2.376938e+00 1.702823e+00 4.836330e-01 -8.202249e-01 -3.780509e-02 -1.099330e-01 -5.834400e-02 -1.588213e-01 -1.834087e-02 1.994896e-01 3.722353e-01 2.119277e-01 -1.869667e-03 4.227455e-03 -7.557904e-02 -1.520320e-01 -3.005719e-03
<VARIANCE> 25
 7.703927e+00 1.521152e+01 1.999093e+01 2.688948e+01 2.363110e+01 4.793185e+01 3.443272e+01 3.436430e+01 3.230285e+01 3.177382e+01 2.356982e+01 1.981583e+01 3.118886e-01 8.260184e-01 7.689297e-01 1.003706e+00 8.864037e-01 1.245321e+00 1.158195e+00 1.291605e+00 1.075852e+00 1.066861e+00 9.021597e-01 8.701947e-01 7.197485e-04
<GCONST> 7.573181e+01
<MIXTURE> 59 6.172147e-03
<MEAN> 25
 2.621649e+00 -3.070782e+00 7.333216e+00 -5.276511e+00 -1.333758e+01 -5.630169e+00 1.474017e+00 8.714982e-01 -2.376938e+00 1.702823e+00 4.836330e-01 -8.202249e-01 -3.780509e-02 -1.099330e-01 -5.834400e-02 -1.588213e-01 -1.834087e-02 1.994896e-01 3.722353e-01 2.119277e-01 -1.869667e-03 4.227455e-03 -7.557904e-02 -1.520320e-01 -3.005719e-03
<VARIANCE> 25
 7.703927e+00 1.521152e+01 1.999093e+01 2.688948e+01 2.363110e+01 4.793185e+01 3.443272e+01 3.436430e+01 3.230285e+01 3.177382e+01 2.356982e+01 1.981583e+01 3.118886e-01 8.260184e-01 7.689297e-01 1.003706e+00 8.864037e-01 1.245321e+00 1.158195e+00 1.291605e+00 1.075852e+00 1.066861e+00 9.021597e-01 8.701947e-01 7.197485e-04
<GCONST> 7.573181e+01
<MIXTURE> 60 4.479129e-03
<MEAN> 25
 -4.122051e+00 -2.441894e-01 -7.457903e-01 3.629062e+00 1.898268e+00 2.192350e+00 1.956523e+00 1.566943e+00 2.203920e+00 9.833637e-01 1.715849e+00 1.803123e+00 -3.833779e-02 5.166387e-02 1.328102e-01 1.653361e-01 1.753380e-01 1.514826e-01 1.590549e-01 2.623677e-01 5.296672e-01 6.333323e-01 5.403233e-01 2.931037e-01 -6.513327e-04
<VARIANCE> 25
 6.667098e+00 6.223516e+00 1.085312e+01 1.079887e+01 1.287877e+01 1.586065e+01 1.448703e+01 1.190571e+01 1.197851e+01 1.324335e+01 1.905322e+01 1.224499e+01 8.544692e-02 1.653962e-01 2.694038e-01 4.505451e-01 6.291420e-01 7.386878e-01 8.415840e-01 8.980724e-01 8.830819e-01 8.149664e-01 7.986845e-01 8.151084e-01 2.464775e-05
<GCONST> 5.664164e+01
<MIXTURE> 61 4.479129e-03
<MEAN> 25
 -4.122051e+00 -2.441894e-01 -7.457903e-01 3.629062e+00 1.898268e+00 2.192350e+00 1.956523e+00 1.566943e+00 2.203920e+00 9.833637e-01 1.715849e+00 1.803123e+00 -3.833779e-02 5.166387e-02 1.328102e-01 1.653361e-01 1.753380e-01 1.514826e-01 1.590549e-01 2.623677e-01 5.296672e-01 6.333323e-01 5.403233e-01 2.931037e-01 -6.513327e-04
<VARIANCE> 25
 6.667098e+00 6.223516e+00 1.085312e+01 1.079887e+01 1.287877e+01 1.586065e+01 1.448703e+01 1.190571e+01 1.197851e+01 1.324335e+01 1.905322e+01 1.224499e+01 8.544692e-02 1.653962e-01 2.694038e-01 4.505451e-01 6.291420e-01 7.386878e-01 8.415840e-01 8.980724e-01 8.830819e-01 8.149664e-01 7.986845e-01 8.151084e-01 2.464775e-05
<GCONST> 5.664164e+01
<MIXTURE> 62 3.278034e-03
<MEAN> 25
 -5.089087e+00 1.244179e+00 1.029994e+00 8.813837e+00 6.129672e+00 5.048118e+00 5.499576e+00 4.033437e+00 4.985177e+00 3.911677e+00 4.955757e+00 2.947778e+00 -1.002605e+00 -1.165962e+00 -9.528980e-01 -2.761037e-01 4.273194e-01 1.004083e+00 1.385115e+00 1.552329e+00 1.477868e+00 1.242897e+00 1.065544e+00 7.252600e-01 -1.260216e-03
<VARIANCE> 25
 9.867635e+00 9.967607e+00 1.311965e+01 1.674334e+01 1.740392e+01 1.751976e+01 1.969939e+01 1.910855e+01 1.884235e+01 1.875706e+01 2.166471e+01 1.479636e+01 4.019463e-01 4.321850e-01 5.541880e-01 7.791368e-01 1.034493e+00 1.193687e+00 1.252034e+00 1.281285e+00 1.329747e+00 1.363516e+00 1.402281e+00 1.372026e+00 1.635820e-05
<GCONST> 6.753823e+01
<MIXTURE> 63 4.351215e-03
<MEAN> 25
 -3.480198e+00 -9.313312e-01 -2.910128e+00 2.863217e+00 3.133486e+00 2.317983e-01 3.085009e+00 1.127052e+00 2.186602e+00 -1.507131e+00 -2.914257e+00 2.346241e+00 -1.724139e-01 3.416351e-01 5.117922e-01 5.387852e-01 4.047589e-01 3.867555e-01 3.358815e-01 6.067658e-02 2.076673e-01 2.198340e-01 1.483368e-01 2.763860e-01 -4.189511e-03
<VARIANCE> 25
 8.643679e+00 1.522074e+01 1.842099e+01 1.356356e+01 1.593723e+01 2.245692e+01 1.841039e+01 2.184909e+01 2.011618e+01 2.544822e+01 2.265252e+01 1.637775e+01 2.289506e-01 3.952664e-01 6.715428e-01 6.313227e-01 8.821438e-01 1.075220e+00 1.324973e+00 1.249649e+00 1.504673e+00 1.388815e+00 1.271572e+00 1.078635e+00 1.960470e-04
<GCONST> 7.008565e+01
<MIXTURE> 64 4.351215e-03
<MEAN> 25
 -3.480198e+00 -9.313312e-01 -2.910128e+00 2.863217e+00 3.133486e+00 2.317983e-01 3.085009e+00 1.127052e+00 2.186602e+00 -1.507131e+00 -2.914257e+00 2.346241e+00 -1.724139e-01 3.416351e-01 5.117922e-01 5.387852e-01 4.047589e-01 3.867555e-01 3.358815e-01 6.067658e-02 2.076673e-01 2.198340e-01 1.483368e-01 2.763860e-01 -4.189511e-03
<VARIANCE> 25
 8.643679e+00 1.522074e+01 1.842099e+01 1.356356e+01 1.593723e+01 2.245692e+01 1.841039e+01 2.184909e+01 2.011618e+01 2.544822e+01 2.265252e+01 1.637775e+01 2.289506e-01 3.952664e-01 6.715428e-01 6.313227e-01 8.821438e-01 1.075220e+00 1.324973e+00 1.249649e+00 1.504673e+00 1.388815e+00 1.271572e+00 1.078635e+00 1.960470e-04
<GCONST> 7.008565e+01
<MIXTURE> 65 1.721197e-02
<MEAN> 25
 7.798331e+00 1.981735e+00 2.091223e+00 4.203415e-01 -5.480446e+00 -4.114272e+00 -5.582659e+00 -6.280524e+00 -3.536169e+00 -2.203611e+00 -5.497040e+00 -1.630495e+00 1.239909e-01 1.785222e-01 1.592153e-01 1.897823e-01 -2.201849e-01 2.191335e-01 -7.706094e-02 -1.154352e-01 2.181838e-01 -1.066734e-01 -1.147348e-01 -1.636897e-01 -4.314902e-03
<VARIANCE> 25
 1.068933e+01 1.927134e+01 2.455211e+01 3.703765e+01 3.729119e+01 5.608694e+01 5.714613e+01 5.914860e+01 5.332304e+01 5.519809e+01 5.447417e+01 4.783772e+01 5.631524e-01 9.193215e-01 1.773814e+00 1.772141e+00 1.952768e+00 2.143169e+00 2.173810e+00 2.933311e+00 2.472668e+00 2.496732e+00 2.365181e+00 2.068225e+00 4.503870e-04
<GCONST> 8.918526e+01
<MIXTURE> 66 1.191532e-02
<MEAN> 25
 6.725323e+00 -5.156012e+00 -4.529092e+00 -5.727082e+00 3.558426e-01 -2.350058e+00 -7.013321e+00 1.280300e+00 2.309597e-01 -2.054156e+00 -5.296498e+00 -1.696709e+00 -3.370950e-03 1.520071e+00 2.153534e+00 1.832514e+00 -1.184628e+00 -1.266657e+00 1.778530e-01 -1.586713e-01 2.181125e-01 -9.008580e-01 -5.975276e-01 1.115330e+00 -6.478483e-02
<VARIANCE> 25
 7.388491e+00 2.591256e+01 2.660439e+01 3.353535e+01 3.459763e+01 6.971617e+01 4.557376e+01 3.769798e+01 4.427950e+01 6.041824e+01 3.364743e+01 4.119706e+01 1.089031e+00 2.142915e+00 1.921914e+00 2.932775e+00 3.375468e+00 3.681589e+00 3.560945e+00 4.331493e+00 3.784409e+00 5.997269e+00 3.711967e+00 3.599798e+00 1.195715e-03
<GCONST> 9.517669e+01
<MIXTURE> 67 1.559142e-02
<MEAN> 25
 8.204172e+00 1.835325e+00 -5.769690e+00 -7.418135e+00 1.069034e+00 3.122189e+00 -2.945663e+00 -2.669007e+00 -3.961838e+00 2.019949e+00 1.648943e+00 -3.234905e+00 -1.140729e+00 1.773589e+00 1.132667e+00 2.626814e+00 1.347518e+00 -4.047543e-01 1.127899e+00 8.523250e-03 3.990152e-01 -3.891875e-02 -1.524119e+00 1.255588e+00 -1.251167e-01
<VARIANCE> 25
 8.849912e+00 3.229292e+01 2.416805e+01 5.003312e+01 3.582479e+01 6.355666e+01 5.314414e+01 3.899446e+01 4.878762e+01 4.695331e+01 5.359423e+01 4.178551e+01 1.538917e+00 2.470407e+00 2.362830e+00 3.958369e+00 3.119036e+00 3.659011e+00 3.288302e+00 3.606977e+00 4.432146e+00 3.848269e+00 5.629055e+00 3.248884e+00 2.085296e-03
<GCONST> 9.756655e+01
<MIXTURE> 68 1.485092e-02
<MEAN> 25
 -2.311490e+00 -2.667308e+00 -3.823518e+00 1.476652e+00 4.354434e+00 -1.200818e+00 1.325202e+00 2.329704e+00 2.052302e+00 2.360512e+00 8.732459e-01 1.712420e+00 2.783454e+00 4.829317e-01 5.043023e-02 -2.292423e+00 -2.324026e+00 -1.739823e+00 -2.252927e+00 -1.696705e+00 -1.752596e+00 -1.305595e+00 -1.603324e+00 -1.038063e+00 9.876698e-02
<VARIANCE> 25
 2.364936e+01 3.524866e+01 5.442076e+01 4.726969e+01 5.107942e+01 5.289959e+01 5.016158e+01 4.098951e+01 3.576660e+01 4.221361e+01 3.543936e+01 2.324520e+01 1.994929e+00 3.464020e+00 5.820946e+00 6.335783e+00 4.187754e+00 5.706717e+00 5.962596e+00 4.509467e+00 4.466990e+00 4.961082e+00 5.513072e+00 3.331646e+00 6.048345e-03
<GCONST> 1.029965e+02
<MIXTURE> 69 1.204884e-02
<MEAN> 25
 4.673504e+00 -4.245158e+00 -3.530863e+00 -3.682081e+00 -3.446718e+00 -7.790268e+00 -1.133462e+00 2.164352e+00 -5.978302e-01 -4.409134e+00 -5.575297e+00 6.713765e-01 1.721195e+00 -2.292266e+00 -1.285556e+00 -2.272606e+00 -5.081896e-01 -3.432747e-01 -4.959808e-01 6.016005e-01 -6.801376e-01 -1.316364e+00 -2.167921e+00 -2.448808e-01 6.404660e-02
<VARIANCE> 25
 8.793284e+00 2.207002e+01 2.604777e+01 2.535945e+01 4.152842e+01 3.486321e+01 4.797803e+01 3.084493e+01 4.124596e+01 4.005096e+01 3.065553e+01 2.699119e+01 3.681680e+00 2.951408e+00 3.355579e+00 3.851012e+00 5.671307e+00 4.911847e+00 7.067083e+00 5.968506e+00 5.814060e+00 6.344330e+00 4.382634e+00 3.808047e+00 2.454477e-03
<GCONST> 9.884017e+01
<MIXTURE> 70 1.329190e-02
<MEAN> 25
 7.325513e+00 -2.791584e+00 -3.321864e+00 -3.987169e+00 -7.902332e-01 -1.981438e+00 -7.286704e+00 -3.380132e+00 -1.541495e+00 3.891360e+00 -1.025914e-02 -5.523429e+00 2.216361e+00 -1.617619e+00 -5.586730e-01 -2.165591e+00 -1.471804e+00 8.909009e-01 -1.247783e+00 -3.418595e-01 -3.876704e-02 4.125825e-01 3.391128e-01 -1.332099e+00 6.786267e-02
<VARIANCE> 25
 7.969072e+00 2.336955e+01 2.346833e+01 3.798128e+01 2.826731e+01 3.894310e+01 4.215932e+01 3.614532e+01 4.868837e+01 2.869909e+01 3.620091e+01 2.564145e+01 3.299669e+00 3.186736e+00 3.930883e+00 5.482742e+00 5.251256e+00 5.469584e+00 5.751084e+00 6.151020e+00 5.272280e+00 5.044262e+00 5.086077e+00 4.060293e+00 2.256147e-03
<GCONST> 9.893643e+01
<MIXTURE> 71 1.406903e-02
<MEAN> 25
 6.093009e+00 5.231606e+00 3.932489e+00 2.891787e+00 -3.225940e+00 -3.399390e+00 -3.428575e+00 -5.898874e+00 -4.155583e+00 -2.388113e+00 -5.292267e+00 -2.922377e+00 -1.556263e+00 -8.128119e-01 -3.165479e-01 -1.564979e+00 1.228802e+00 -8.949377e-02 -1.690763e-01 1.484011e+00 1.771512e-01 -2.262857e-01 7.178894e-01 2.019876e-01 4.283433e-02
<VARIANCE> 25
 1.830070e+01 2.496653e+01 2.561806e+01 4.184538e+01 3.901278e+01 3.787062e+01 4.097386e+01 4.771276e+01 3.856839e+01 4.043788e+01 3.380331e+01 3.288194e+01 1.631542e+00 2.981212e+00 5.042384e+00 4.920722e+00 4.645556e+00 4.609934e+00 4.972630e+00 5.020462e+00 4.250034e+00 3.837731e+00 3.344434e+00 3.061061e+00 1.345312e-03
<GCONST> 9.787209e+01
<MIXTURE> 72 8.134747e-03
<MEAN> 25
 3.796375e+00 -3.688062e+00 5.437670e+00 -2.454384e+00 -1.040229e+01 -9.628374e+00 -2.462368e+00 1.933089e+00 -4.941330e+00 -2.196494e+00 -1.868298e+00 5.957373e-01 9.329553e-01 -7.865737e-01 -2.578186e+00 4.617754e-01 2.136719e+00 -6.516146e-01 -1.314896e+00 1.524587e+00 1.811885e+00 -5.936894e-01 -1.285221e+00 3.978569e-01 -6.083853e-03
<VARIANCE> 25
 1.078037e+01 1.945644e+01 3.304741e+01 3.846014e+01 3.226574e+01 3.332859e+01 4.107696e+01 3.619415e+01 4.363509e+01 4.131021e+01 3.892670e+01 2.873524e+01 4.317739e-01 1.025011e+00 2.018183e+00 1.468225e+00 2.180431e+00 2.358889e+00 3.060701e+00 2.729014e+00 2.604547e+00 2.962189e+00 2.031708e+00 2.138498e+00 5.418095e-04
<GCONST> 8.726492e+01
<MIXTURE> 73 1.213625e-02
<MEAN> 25
 -5.279156e+00 -5.304430e-02 -5.189211e-01 4.904024e+00 3.724758e+00 2.146850e+00 5.571453e+00 3.216011e+00 4.236361e+00 3.413658e+00 3.509936e+00 3.153464e+00 1.098280e+00 -7.591293e-01 -1.242975e+00 -2.662717e+00 -1.334995e+00 -2.014425e+00 -6.674893e-01 -4.804838e-01 -9.873792e-01 -4.939196e-01 -9.390396e-01 -1.036184e-01 1.387367e-01
<VARIANCE> 25
 1.198976e+01 1.534633e+01 1.755687e+01 2.100574e+01 2.244428e+01 2.209225e+01 1.792777e+01 1.792871e+01 1.621385e+01 1.687658e+01 2.357591e+01 1.386119e+01 4.925794e+00 3.551148e+00 6.162258e+00 4.631689e+00 5.389678e+00 4.736110e+00 4.795296e+00 3.980146e+00 3.507249e+00 4.166131e+00 3.427555e+00 3.039336e+00 5.445016e-03
<GCONST> 9.266624e+01
<MIXTURE> 74 1.756491e-02
<MEAN> 25
 4.543970e+00 -1.545193e+00 5.015964e+00 -1.208751e+00 -8.471555e+00 -8.170318e+00 -2.744469e+00 6.163585e-01 -4.226675e+00 -2.662566e+00 -1.404086e+00 3.325209e-01 2.172357e-01 1.956188e+00 7.995226e-02 1.659333e+00 1.204148e+00 3.269589e-01 1.112329e-01 -1.270240e+00 2.194804e-01 9.349997e-02 -2.853749e-01 -6.250162e-02 -7.713595e-02
<VARIANCE> 25
 1.202153e+01 2.363700e+01 3.661449e+01 3.821867e+01 3.599763e+01 4.303019e+01 5.347100e+01 4.514922e+01 4.638199e+01 4.431475e+01 4.118915e+01 3.310009e+01 2.146851e+00 1.973918e+00 3.752859e+00 2.492275e+00 3.809045e+00 3.878869e+00 4.853673e+00 4.140487e+00 4.001891e+00 3.945927e+00 3.604649e+00 3.106088e+00 1.800179e-03
<GCONST> 9.704900e+01
<MIXTURE> 75 9.711651e-03
<MEAN> 25
 3.080010e+00 -1.930377e+00 9.826198e+00 2.273939e+00 -1.107421e+01 -8.910910e+00 -5.863475e+00 -1.419798e+00 -4.444754e+00 -3.285479e+00 2.977786e+00 -8.131570e-02 1.536951e+00 -1.443631e+00 1.522824e-01 -2.698573e-01 -1.870782e+00 -9.238329e-01 -1.471099e+00 1.103857e+00 -5.143617e-01 -3.858853e-01 1.236164e+00 -7.397999e-01 4.632009e-02
<VARIANCE> 25
 9.563839e+00 1.608569e+01 2.987091e+01 2.270146e+01 2.253522e+01 3.218639e+01 3.363233e+01 3.395553e+01 2.946294e+01 2.833981e+01 2.025751e+01 2.100181e+01 2.462212e+00 2.155467e+00 3.440768e+00 2.078337e+00 3.771276e+00 4.060629e+00 3.802785e+00 3.493456e+00 3.586436e+00 2.918024e+00 2.646707e+00 2.430473e+00 1.355238e-03
<GCONST> 9.046726e+01
<MIXTURE> 76 1.052359e-02
<MEAN> 25
 -5.792750e+00 -1.385561e+00 -1.369646e+00 3.141699e+00 3.479468e+00 1.758590e+00 4.294626e+00 2.256868e+00 3.124299e+00 -1.212163e+00 1.529282e-01 1.920743e+00 -4.667653e-02 -4.508789e-01 -4.448798e-01 -8.331339e-01 -7.052389e-01 -1.165486e+00 -8.149934e-01 -5.785261e-01 -2.990334e-01 -1.614953e-01 -2.901882e-01 -8.088673e-02 1.409301e-02
<VARIANCE> 25
 2.691818e+01 2.464005e+01 2.529996e+01 2.158900e+01 2.375157e+01 2.626228e+01 2.231371e+01 2.487380e+01 2.200289e+01 2.735586e+01 2.366513e+01 1.635823e+01 9.651654e-01 1.088761e+00 1.159998e+00 1.016087e+00 1.141254e+00 1.655157e+00 1.399294e+00 1.722062e+00 1.440747e+00 1.482642e+00 1.496840e+00 1.142869e+00 1.254453e-03
<GCONST> 8.020503e+01
<MIXTURE> 77 1.244626e-02
<MEAN> 25
 -4.667709e-01 8.572053e+00 1.242199e+01 -1.156819e+01 -6.976660e+00 9.650021e-01 -9.233772e+00 -7.217996e+00 -3.351796e+00 -1.996103e-01 -4.656015e+00 -1.472774e+00 6.595297e-02 1.385453e-01 7.402076e-02 2.493632e-01 -1.995309e-02 7.549758e-02 -7.086567e-02 -6.460459e-02 8.325025e-02 -4.341292e-02 2.502448e-02 1.165199e-01 -9.951941e-03
<VARIANCE> 25
 1.047270e+01 2.005639e+01 2.776444e+01 4.203010e+01 3.335566e+01 3.383138e+01 3.704686e+01 3.178991e+01 3.527872e+01 3.309099e+01 3.742343e+01 3.483529e+01 2.989746e-01 7.775853e-01 6.447792e-01 1.083531e+00 1.235229e+00 9.830611e-01 1.231713e+00 1.071664e+00 1.043103e+00 1.062814e+00 9.686302e-01 9.196832e-01 5.391793e-04
<GCONST> 7.780807e+01
<MIXTURE> 78 9.702551e-03
<MEAN> 25
 -1.165215e+01 2.072587e+00 -2.513972e+00 3.428661e+00 3.676641e+00 -2.948983e+00 4.945967e+00 2.343613e+00 2.446362e+00 5.713024e-02 -3.533181e-03 2.944404e+00 2.360335e+00 -6.143912e-01 3.245582e-01 1.541420e-03 -1.888281e-02 3.428291e-01 -5.309392e-01 2.288024e-01 -9.308974e-02 4.531214e-01 -3.778697e-01 -5.863081e-01 -6.574848e-02
<VARIANCE> 25
 3.470324e+01 2.861485e+01 2.755872e+01 2.739555e+01 3.140166e+01 3.501344e+01 3.741040e+01 2.623544e+01 2.448067e+01 2.318162e+01 2.111427e+01 1.691455e+01 4.116073e+00 2.550905e+00 2.410859e+00 2.887760e+00 2.097530e+00 3.202292e+00 4.693545e+00 2.787943e+00 2.024438e+00 2.166959e+00 1.824010e+00 1.983293e+00 3.735181e-03
<GCONST> 9.152778e+01
<MIXTURE> 79 1.156824e-02
<MEAN> 25
 2.420312e+00 1.567660e+00 9.175675e+00 -6.599537e+00 -1.205739e+01 -1.826756e+00 -1.904437e+00 -6.453299e+00 -6.568526e+00 3.055145e-01 -3.510642e+00 -3.291941e+00 1.220724e+00 -5.217161e-01 -1.429011e+00 2.349802e+00 3.792255e-01 -1.470875e+00 5.378844e-01 8.849576e-01 -4.382450e-01 -5.403578e-01 3.588269e-01 2.782738e-01 -3.632532e-02
<VARIANCE> 25
 1.428314e+01 2.423304e+01 3.792153e+01 4.973256e+01 3.351897e+01 4.354756e+01 4.287055e+01 3.690496e+01 3.894623e+01 3.987300e+01 4.386227e+01 3.063494e+01 9.469826e-01 2.264844e+00 1.897141e+00 2.091451e+00 2.472374e+00 2.812894e+00 3.193213e+00 3.529197e+00 2.513907e+00 2.735841e+00 2.312858e+00 2.029238e+00 1.233549e-03
<GCONST> 9.181877e+01
<MIXTURE> 80 7.550998e-03
<MEAN> 25
 -1.420876e+01 3.539711e+00 -4.029991e-01 3.232486e+00 2.534352e+00 1.075055e+00 5.682242e+00 2.411847e+00 2.503321e+00 1.969586e+00 5.076101e+00 1.134129e+00 4.369475e+00 -2.888413e-01 1.639481e+00 -1.374941e+00 -2.639854e+00 -2.544067e+00 -2.414566e+00 -2.020101e+00 -2.180034e+00 -1.360348e+00 -1.624813e+00 -8.670136e-01 -4.049619e-02
<VARIANCE> 25
 2.043363e+01 1.898241e+01 3.891489e+01 3.147466e+01 2.783032e+01 2.646392e+01 2.827459e+01 2.515770e+01 2.394851e+01 3.005666e+01 2.494161e+01 1.594479e+01 2.133732e+00 3.016638e+00 2.383517e+00 4.070129e+00 3.386542e+00 2.873512e+00 3.012521e+00 2.836939e+00 2.732154e+00 3.049665e+00 2.591517e+00 2.428683e+00 1.439026e-03
<GCONST> 9.072291e+01
<MIXTURE> 81 8.025434e-03
<MEAN> 25
 -1.113961e+00 4.060951e+00 1.018054e+01 -1.478501e+01 -9.077755e+00 -1.427148e+00 -6.768198e+00 -8.429446e+00 -4.143246e+00 -4.186243e-01 -7.572119e+00 -2.242613e+00 1.334128e-01 -5.878784e-01 -7.467028e-04 -5.562382e-01 -4.641009e-01 3.326651e-01 3.168384e-01 1.384634e-01 -1.397693e-01 1.050967e-01 -4.681134e-01 -1.247218e-01 1.155965e-02
<VARIANCE> 25
 1.016428e+01 3.280383e+01 2.643003e+01 2.956445e+01 3.367574e+01 3.051172e+01 4.541234e+01 2.826826e+01 3.801183e+01 3.185999e+01 2.527957e+01 3.103023e+01 7.715847e-01 2.275720e+00 1.547538e+00 2.869328e+00 2.660258e+00 2.129345e+00 3.285789e+00 2.287642e+00 2.353943e+00 2.538299e+00 2.297648e+00 2.076805e+00 1.184483e-03
<GCONST> 8.869098e+01
<MIXTURE> 82 8.213053e-03
<MEAN> 25
 -9.913838e+00 -3.932199e+00 1.596934e+00 -2.922278e+00 3.073645e+00 6.230135e-01 1.907755e+00 9.806080e-01 2.956843e+00 1.753119e+00 1.766091e+00 3.072999e+00 -1.304361e+00 -1.307738e-01 2.913577e-01 -2.571216e+00 -1.109838e+00 -1.277814e+00 -1.020822e+00 -8.683306e-01 -3.261112e-01 -4.769516e-01 -2.982415e-01 -1.100150e-01 1.779174e-01
<VARIANCE> 25
 1.819281e+01 2.510240e+01 3.241660e+01 3.096165e+01 3.314029e+01 3.248863e+01 3.281200e+01 3.304092e+01 3.077838e+01 2.511652e+01 3.065633e+01 1.743122e+01 3.757219e+00 3.058982e+00 3.299260e+00 3.377220e+00 3.540956e+00 3.307332e+00 2.961753e+00 3.005431e+00 2.802139e+00 2.479580e+00 2.470628e+00 1.878986e+00 3.444280e-03
<GCONST> 9.318584e+01
<MIXTURE> 83 1.167529e-02
<MEAN> 25
 -1.993971e+01 5.593046e+00 -1.853859e+00 -2.011150e-01 7.761840e+00 -1.338549e+00 5.550175e+00 2.902420e+00 1.186962e+00 2.112200e+00 8.030638e-01 2.927336e+00 -1.522265e-02 -4.787846e-01 2.340131e-04 -3.691685e-01 -4.886663e-01 -1.209715e-01 -9.723178e-02 -6.783082e-02 -4.056106e-02 -4.114752e-02 -7.012719e-02 -3.578177e-02 4.008332e-03
<VARIANCE> 25
 9.098033e+00 1.654448e+01 2.812265e+01 2.398874e+01 2.119792e+01 2.411680e+01 2.248303e+01 2.380173e+01 2.019733e+01 2.220491e+01 2.322036e+01 1.430196e+01 1.060574e+00 9.785668e-01 1.222748e+00 1.048958e+00 1.344066e+00 1.290560e+00 1.333299e+00 1.432641e+00 1.332250e+00 1.283969e+00 1.278505e+00 1.063240e+00 9.171042e-04
<GCONST> 7.723935e+01
<MIXTURE> 84 1.066614e-02
<MEAN> 25
 1.307195e+00 8.854448e+00 6.643351e+00 7.155226e+00 2.469431e+00 -5.990317e-01 -9.783947e-01 -4.428790e+00 -4.109021e+00 -2.961683e+00 -2.540990e+00 -1.109420e+00 -1.809940e+00 -1.135311e+00 -1.116879e+00 1.367659e+00 2.194217e+00 1.388689e+00 1.388179e+00 1.185711e+00 1.297775e+00 3.827609e-01 2.732590e-01 4.897002e-01 -7.208212e-02
<VARIANCE> 25
 2.231238e+01 1.755549e+01 2.370864e+01 3.020745e+01 2.938910e+01 2.721791e+01 3.010338e+01 2.482847e+01 2.388754e+01 2.325142e+01 2.226823e+01 2.599764e+01 1.985817e+00 2.372187e+00 3.633649e+00 3.204394e+00 3.100650e+00 3.337306e+00 3.108319e+00 3.279178e+00 3.475161e+00 3.031215e+00 3.541692e+00 2.667522e+00 3.356727e-03
<GCONST> 9.203999e+01
<MIXTURE> 85 7.591393e-03
<MEAN> 25
 -2.976037e+00 7.686172e+00 5.423044e+00 1.515494e+00 -3.195074e+00 -5.309121e+00 -3.029851e+00 -5.872885e+00 -3.588381e+00 -2.782760e+00 -3.538772e-01 -1.948628e+00 4.031989e+00 8.972400e-02 1.701907e+00 -2.172954e+00 -3.261740e+00 -2.501311e+00 -2.918740e+00 -2.255839e+00 -2.289765e+00 -9.786772e-01 -2.175723e+00 -7.935577e-01 1.408111e-02
<VARIANCE> 25
 3.981121e+01 2.241951e+01 3.492169e+01 3.599219e+01 3.840201e+01 3.822004e+01 2.970292e+01 2.625027e+01 2.456353e+01 2.583195e+01 2.429412e+01 1.944189e+01 2.604233e+00 4.897357e+00 3.771577e+00 4.993258e+00 4.438803e+00 3.635962e+00 4.050643e+00 3.811674e+00 3.578586e+00 4.777304e+00 3.893102e+00 3.606273e+00 5.246185e-03
<GCONST> 9.766843e+01
<MIXTURE> 86 1.273941e-02
<MEAN> 25
 -4.927944e+00 -1.140039e+00 -5.665528e-01 6.181380e+00 4.854995e+00 4.663905e+00 5.491505e+00 4.642164e+00 4.595695e+00 3.705736e+00 5.129465e+00 2.722510e+00 -1.961868e-02 -1.453816e-02 -5.099267e-03 -3.739657e-02 -1.269099e-01 -1.830158e-01 -2.731627e-01 -3.342682e-01 -3.710544e-01 -3.290620e-01 -2.065302e-01 -1.030563e-01 -4.476267e-04
<VARIANCE> 25
 7.664442e+00 6.266930e+00 1.075569e+01 1.223120e+01 1.609581e+01 1.384143e+01 1.384666e+01 1.317586e+01 1.312910e+01 1.498994e+01 1.598231e+01 1.252232e+01 1.049917e-01 1.894687e-01 3.556065e-01 4.877141e-01 6.375490e-01 7.186884e-01 7.478188e-01 7.417002e-01 8.749838e-01 8.667461e-01 8.952268e-01 9.147509e-01 5.520156e-05
<GCONST> 5.857201e+01
<MIXTURE> 87 1.100681e-02
<MEAN> 25
 -2.970357e+00 4.611885e+00 3.090876e+00 5.706124e+00 4.401962e+00 7.353567e-01 2.299703e+00 -6.398101e-01 -1.272191e-02 -6.049916e-01 -1.329603e+00 5.330633e-01 -2.056101e+00 -3.012868e+00 -2.011154e+00 -1.747926e+00 -4.320531e-02 -4.325379e-01 -1.570369e-01 1.538943e+00 1.320632e+00 1.212602e+00 1.084355e+00 6.201971e-01 1.044366e-01
<VARIANCE> 25
 3.382138e+01 2.593204e+01 2.534594e+01 3.889991e+01 3.273451e+01 2.810563e+01 2.830575e+01 2.497099e+01 2.435588e+01 2.238035e+01 2.338704e+01 2.268093e+01 3.400996e+00 2.856921e+00 3.436260e+00 4.366365e+00 4.285138e+00 4.237035e+00 7.037534e+00 3.791550e+00 3.241084e+00 3.220542e+00 3.107032e+00 3.258597e+00 4.559833e-03
<GCONST> 9.601206e+01
<MIXTURE> 88 1.256585e-02
<MEAN> 25
 -4.183770e+00 -5.475114e-01 -1.934680e-01 5.384945e+00 4.392261e+00 3.144800e+00 4.429080e+00 3.296044e+00 4.122496e+00 1.280939e+00 1.697236e+00 2.902391e+00 -7.931386e-02 2.696150e-01 1.689248e-01 1.892577e-01 5.753611e-02 1.097309e-01 -1.632069e-01 -4.819711e-01 -2.610285e-01 -2.632762e-02 9.128867e-02 -9.338131e-02 -4.138727e-03
<VARIANCE> 25
 8.269689e+00 1.016287e+01 1.549630e+01 1.522756e+01 1.987477e+01 1.918362e+01 2.574520e+01 1.801271e+01 2.060113e+01 2.186179e+01 2.024975e+01 1.433910e+01 1.060080e+00 1.379065e+00 2.263683e+00 1.839318e+00 2.282798e+00 3.466051e+00 2.681306e+00 2.357277e+00 2.188756e+00 2.310911e+00 2.789140e+00 1.850263e+00 1.614625e-03
<GCONST> 8.225777e+01
<MIXTURE> 89 9.333527e-03
<MEAN> 25
 6.022631e+00 -6.753253e+00 -3.444578e+00 -3.203141e+00 -1.638029e+00 -5.304356e+00 -6.047186e+00 4.014744e+00 3.357274e+00 -2.729016e+00 -6.014999e+00 -3.155739e+00 -5.546802e-01 1.688314e-01 1.985753e+00 8.893886e-01 -1.843048e+00 -1.618555e+00 8.625671e-01 1.259308e+00 -7.396472e-01 -1.337263e+00 3.515234e-01 1.526358e+00 -5.672091e-03
<VARIANCE> 25
 9.184295e+00 2.756914e+01 3.097847e+01 3.060818e+01 3.546809e+01 4.409949e+01 5.954477e+01 4.144954e+01 3.870743e+01 4.226872e+01 3.563417e+01 3.234287e+01 3.571663e-01 8.278182e-01 1.439019e+00 1.319872e+00 1.885970e+00 2.123395e+00 2.528670e+00 2.000609e+00 2.303831e+00 2.202311e+00 2.371979e+00 1.554546e+00 3.942177e-04
<GCONST> 8.547370e+01
<MIXTURE> 90 7.114505e-03
<MEAN> 25
 2.238203e+00 -9.326071e+00 -4.320215e+00 -3.771581e+00 -3.346311e+00 -1.517985e+00 3.821822e+00 1.535864e+00 -7.034898e+00 -1.015164e+01 -3.413535e+00 -4.780682e-01 -1.730503e-01 9.170337e-01 1.207535e+00 -7.538028e-01 -1.615617e+00 -2.907104e-01 6.601765e-01 -2.015361e-01 -2.420173e-01 7.125823e-01 1.988861e-01 -5.110591e-01 -1.165692e-02
<VARIANCE> 25
 9.628984e+00 1.932125e+01 2.176546e+01 2.802640e+01 3.515008e+01 3.179198e+01 4.419350e+01 3.645395e+01 3.720169e+01 2.634718e+01 2.564415e+01 2.613742e+01 2.141601e-01 5.829337e-01 7.798954e-01 1.150972e+00 1.396857e+00 1.624981e+00 1.715276e+00 1.567373e+00 1.845901e+00 1.611128e+00 1.460006e+00 1.322360e+00 2.101767e-04
<GCONST> 7.828545e+01
<MIXTURE> 91 7.852945e-03
<MEAN> 25
 6.513986e+00 -7.716715e+00 -8.087488e+00 -5.444231e+00 3.138169e+00 3.947314e-01 -2.803388e+00 5.809961e-01 1.641646e-01 -1.979994e+00 -3.434164e+00 -5.490828e+00 2.500284e-01 9.647565e-01 2.236950e-01 4.349527e-01 -6.411155e-02 -3.961329e-01 -4.817508e-01 -1.003113e-01 -5.700238e-02 3.558168e-01 -1.126489e-01 4.325923e-01 -3.607773e-02
<VARIANCE> 25
 9.234102e+00 2.036376e+01 2.115832e+01 4.033106e+01 3.370914e+01 6.129098e+01 4.930736e+01 3.575463e+01 4.749635e+01 6.467258e+01 5.394520e+01 4.155711e+01 3.900267e-01 9.078741e-01 1.066408e+00 1.236543e+00 2.104927e+00 2.486054e+00 2.266864e+00 2.231935e+00 2.045211e+00 2.364841e+00 2.021369e+00 2.423548e+00 6.217425e-04
<GCONST> 8.708281e+01
<MIXTURE> 92 7.852945e-03
<MEAN> 25
 6.513986e+00 -7.716715e+00 -8.087488e+00 -5.444231e+00 3.138169e+00 3.947314e-01 -2.803388e+00 5.809961e-01 1.641646e-01 -1.979994e+00 -3.434164e+00 -5.490828e+00 2.500284e-01 9.647565e-01 2.236950e-01 4.349527e-01 -6.411155e-02 -3.961329e-01 -4.817508e-01 -1.003113e-01 -5.700238e-02 3.558168e-01 -1.126489e-01 4.325923e-01 -3.607773e-02
<VARIANCE> 25
 9.234102e+00 2.036376e+01 2.115832e+01 4.033106e+01 3.370914e+01 6.129098e+01 4.930736e+01 3.575463e+01 4.749635e+01 6.467258e+01 5.394520e+01 4.155711e+01 3.900267e-01 9.078741e-01 1.066408e+00 1.236543e+00 2.104927e+00 2.486054e+00 2.266864e+00 2.231935e+00 2.045211e+00 2.364841e+00 2.021369e+00 2.423548e+00 6.217425e-04
<GCONST> 8.708281e+01
<MIXTURE> 93 6.122769e-03
<MEAN> 25
 -6.824986e+00 -9.607789e-01 -2.400166e+00 5.797850e+00 5.907555e+00 3.921996e+00 6.123655e+00 3.608586e+00 4.118527e+00 2.507071e+00 1.816532e+00 3.704690e+00 -6.167439e-02 -1.543989e-01 -2.573924e-01 -3.315042e-01 -3.336652e-01 -2.843371e-01 -2.178596e-01 -1.745577e-01 -1.667049e-01 -1.505267e-01 -1.046730e-01 -3.530381e-02 -4.265006e-06
<VARIANCE> 25
 9.093309e+00 6.026772e+00 8.196591e+00 1.136787e+01 1.149159e+01 1.598256e+01 1.527348e+01 1.644675e+01 1.475869e+01 1.455504e+01 1.679469e+01 1.345071e+01 8.277419e-02 1.533470e-01 2.637285e-01 3.805898e-01 4.976619e-01 6.423528e-01 7.793384e-01 8.873002e-01 9.166185e-01 8.762235e-01 8.923991e-01 9.178344e-01 1.001849e-06
<GCONST> 5.360706e+01
<MIXTURE> 94 6.122769e-03
<MEAN> 25
 -6.824986e+00 -9.607789e-01 -2.400166e+00 5.797850e+00 5.907555e+00 3.921996e+00 6.123655e+00 3.608586e+00 4.118527e+00 2.507071e+00 1.816532e+00 3.704690e+00 -6.167439e-02 -1.543989e-01 -2.573924e-01 -3.315042e-01 -3.336652e-01 -2.843371e-01 -2.178596e-01 -1.745577e-01 -1.667049e-01 -1.505267e-01 -1.046730e-01 -3.530381e-02 -4.265006e-06
<VARIANCE> 25
 9.093309e+00 6.026772e+00 8.196591e+00 1.136787e+01 1.149159e+01 1.598256e+01 1.527348e+01 1.644675e+01 1.475869e+01 1.455504e+01 1.679469e+01 1.345071e+01 8.277419e-02 1.533470e-01 2.637285e-01 3.805898e-01 4.976619e-01 6.423528e-01 7.793384e-01 8.873002e-01 9.166185e-01 8.762235e-01 8.923991e-01 9.178344e-01 1.001849e-06
<GCONST> 5.360706e+01
<MIXTURE> 95 5.258835e-03
<MEAN> 25
 -5.566969e+00 -3.459628e-01 -1.549862e+00 4.880780e+00 4.225559e+00 2.705857e+00 4.333687e+00 1.703485e+00 2.411990e+00 6.726744e-01 6.422018e-01 2.678653e+00 1.183032e-01 1.167180e-01 8.733257e-02 -7.348979e-02 -3.889354e-01 -7.281223e-01 -1.091639e+00 -1.242998e+00 -1.178777e+00 -9.741980e-01 -6.368690e-01 -1.891745e-01 -6.601359e-04
<VARIANCE> 25
 1.001863e+01 7.824915e+00 1.332964e+01 1.191769e+01 1.323477e+01 1.744716e+01 1.713351e+01 1.810889e+01 1.655366e+01 1.569646e+01 2.192518e+01 1.422213e+01 2.030013e-01 2.928367e-01 4.460673e-01 5.779069e-01 8.233832e-01 8.808147e-01 8.668699e-01 8.744884e-01 9.798871e-01 1.024286e+00 1.115973e+00 1.164659e+00 4.292807e-05
<GCONST> 6.329195e+01
<MIXTURE> 96 7.034694e-03
<MEAN> 25
 -5.046206e+00 -3.926018e-01 -2.138434e+00 5.064008e+00 3.826298e+00 1.754974e+00 3.550973e+00 1.883018e+00 2.529783e+00 9.380750e-01 9.658269e-01 2.690238e+00 -3.404021e-02 8.363283e-02 2.193318e-01 4.258791e-01 5.618368e-01 5.182870e-01 2.529342e-01 -1.493836e-01 -4.661598e-01 -6.086315e-01 -6.028947e-01 -3.581465e-01 -7.229885e-05
<VARIANCE> 25
 1.073762e+01 9.625979e+00 1.300464e+01 1.419492e+01 1.462132e+01 1.894598e+01 1.753482e+01 1.896435e+01 1.764753e+01 1.618383e+01 2.016483e+01 1.496965e+01 1.192796e-01 2.135324e-01 3.143815e-01 4.036576e-01 5.017939e-01 6.797684e-01 8.567849e-01 1.031752e+00 9.309618e-01 8.954740e-01 8.630681e-01 9.161523e-01 1.115722e-06
<GCONST> 5.754247e+01
<MIXTURE> 97 7.034694e-03
<MEAN> 25
 -5.046206e+00 -3.926018e-01 -2.138434e+00 5.064008e+00 3.826298e+00 1.754974e+00 3.550973e+00 1.883018e+00 2.529783e+00 9.380750e-01 9.658269e-01 2.690238e+00 -3.404021e-02 8.363283e-02 2.193318e-01 4.258791e-01 5.618368e-01 5.182870e-01 2.529342e-01 -1.493836e-01 -4.661598e-01 -6.086315e-01 -6.028947e-01 -3.581465e-01 -7.229885e-05
<VARIANCE> 25
 1.073762e+01 9.625979e+00 1.300464e+01 1.419492e+01 1.462132e+01 1.894598e+01 1.753482e+01 1.896435e+01 1.764753e+01 1.618383e+01 2.016483e+01 1.496965e+01 1.192796e-01 2.135324e-01 3.143815e-01 4.036576e-01 5.017939e-01 6.797684e-01 8.567849e-01 1.031752e+00 9.309618e-01 8.954740e-01 8.630681e-01 9.161523e-01 1.115722e-06
<GCONST> 5.754247e+01
<MIXTURE> 98 9.917808e-03
<MEAN> 25
 -1.336934e+00 1.172811e+00 1.258714e-01 3.764483e+00 2.855967e+00 2.433233e+00 4.176859e+00 1.411944e+00 1.407498e+00 -3.598955e-01 -5.815165e-01 1.579400e+00 -1.567832e+00 -1.234879e+00 -8.205174e-01 3.921314e-01 9.085077e-01 1.021982e+00 9.389792e-01 1.437940e+00 1.927876e+00 1.116030e+00 1.047421e+00 8.106123e-01 -3.511076e-02
<VARIANCE> 25
 1.167956e+01 2.133270e+01 2.422028e+01 2.637685e+01 3.351012e+01 2.851385e+01 3.196602e+01 2.439157e+01 2.303039e+01 2.533342e+01 2.682997e+01 2.313475e+01 1.325271e+00 1.360887e+00 1.970408e+00 2.158256e+00 2.362860e+00 3.361217e+00 3.074261e+00 2.238702e+00 2.813341e+00 2.593585e+00 2.741042e+00 1.768326e+00 2.716045e-03
<GCONST> 8.794126e+01
<MIXTURE> 99 6.696178e-03
<MEAN> 25
 -6.919184e+00 9.904460e+00 6.024714e+00 4.036482e+00 8.512405e-01 -5.628961e+00 -2.202959e+00 -4.119314e+00 -2.891840e+00 -3.522241e+00 -1.200231e+00 4.168901e-01 4.042782e-01 -6.215944e-01 2.470948e-01 -3.871849e-01 -1.099564e+00 -3.644083e-01 -2.452867e-01 -1.371636e-01 -1.506395e-01 -7.931869e-02 2.602412e-01 2.414519e-01 1.008214e-02
<VARIANCE> 25
 3.735279e+01 2.443085e+01 5.089838e+01 3.320325e+01 3.422747e+01 3.446665e+01 2.994181e+01 2.794320e+01 2.925860e+01 2.635422e+01 2.228750e+01 2.807649e+01 2.422625e+00 1.953487e+00 1.432900e+00 1.626494e+00 2.529854e+00 2.284546e+00 1.751718e+00 1.838127e+00 1.480994e+00 1.577755e+00 1.258953e+00 1.307382e+00 1.523294e-03
<GCONST> 8.726929e+01
<MIXTURE> 100 4.498084e-03
<MEAN> 25
 -1.598579e+00 6.340470e+00 1.026749e+01 -7.448980e+00 -1.077454e+01 -5.078477e+00 -4.940025e+00 -9.961316e+00 -4.716943e+00 -8.538845e-01 -2.730059e+00 -2.709633e+00 2.919454e+00 -1.261607e+00 1.299656e+00 -2.186281e+00 -3.416744e+00 -7.851519e-01 -1.218146e+00 -8.194308e-01 -1.476545e+00 3.481946e-01 -1.654750e+00 -2.891987e-01 2.082408e-03
<VARIANCE> 25
 1.362412e+01 2.105616e+01 2.252722e+01 2.656897e+01 2.304761e+01 2.370671e+01 2.908525e+01 2.173888e+01 2.745652e+01 2.263147e+01 2.239674e+01 2.132114e+01 1.802660e+00 3.959859e+00 2.916732e+00 4.287509e+00 4.187752e+00 4.533228e+00 4.013831e+00 4.336002e+00 4.165587e+00 3.901241e+00 3.908346e+00 3.230842e+00 1.677036e-03
<GCONST> 9.257887e+01
<MIXTURE> 101 6.007792e-03
<MEAN> 25
 8.186805e+00 -3.516486e+00 -5.110311e+00 -7.029227e+00 -4.883483e-01 -1.163189e+00 -9.839642e+00 -1.161523e+00 -1.136366e-02 1.617876e+00 -1.404819e+00 -4.597903e+00 6.645873e-01 6.331121e-01 -1.508567e+00 -1.467882e+00 1.149735e+00 2.202069e+00 3.136537e-01 -1.541325e+00 -1.169162e+00 1.172031e+00 1.676094e+00 -3.650644e-01 -2.654765e-03
<VARIANCE> 25
 7.443314e+00 1.505764e+01 3.568949e+01 4.762659e+01 3.375862e+01 4.249916e+01 3.059914e+01 3.394950e+01 3.823484e+01 4.381260e+01 5.358661e+01 3.710768e+01 2.533305e-01 6.145678e-01 9.986690e-01 1.332383e+00 1.431474e+00 2.100955e+00 1.738607e+00 1.683443e+00 2.151456e+00 1.836304e+00 1.761705e+00 1.923207e+00 3.220528e-04
<GCONST> 8.249187e+01
<MIXTURE> 102 6.007792e-03
<MEAN> 25
 8.186805e+00 -3.516486e+00 -5.110311e+00 -7.029227e+00 -4.883483e-01 -1.163189e+00 -9.839642e+00 -1.161523e+00 -1.136366e-02 1.617876e+00 -1.404819e+00 -4.597903e+00 6.645873e-01 6.331121e-01 -1.508567e+00 -1.467882e+00 1.149735e+00 2.202069e+00 3.136537e-01 -1.541325e+00 -1.169162e+00 1.172031e+00 1.676094e+00 -3.650644e-01 -2.654765e-03
<VARIANCE> 25
 7.443314e+00 1.505764e+01 3.568949e+01 4.762659e+01 3.375862e+01 4.249916e+01 3.059914e+01 3.394950e+01 3.823484e+01 4.381260e+01 5.358661e+01 3.710768e+01 2.533305e-01 6.145678e-01 9.986690e-01 1.332383e+00 1.431474e+00 2.100955e+00 1.738607e+00 1.683443e+00 2.151456e+00 1.836304e+00 1.761705e+00 1.923207e+00 3.220528e-04
<GCONST> 8.249187e+01
<MIXTURE> 103 5.694618e-03
<MEAN> 25
 3.365625e+00 -9.425604e+00 -6.119044e+00 -3.078861e+00 -1.323149e+00 -1.973775e+00 2.420444e+00 2.528123e+00 -4.594361e+00 -9.231815e+00 -5.066689e+00 3.559086e-01 -1.616918e-01 -1.489685e+00 -9.831662e-01 3.770427e-01 1.219826e+00 1.021959e+00 1.515917e-01 -2.650962e-01 -7.846661e-01 -9.454986e-01 -3.126036e-02 1.221104e-01 2.703035e-02
<VARIANCE> 25
 1.031550e+01 2.118565e+01 2.288680e+01 3.162212e+01 4.791553e+01 3.489729e+01 4.636037e+01 3.660130e+01 4.207311e+01 2.944887e+01 2.997550e+01 2.633916e+01 6.496554e-01 1.249960e+00 1.534416e+00 1.934070e+00 2.932377e+00 2.403897e+00 2.900687e+00 2.569469e+00 2.559455e+00 2.517708e+00 2.093744e+00 2.011314e+00 8.108230e-04
<GCONST> 8.759475e+01
<MIXTURE> 104 5.694618e-03
<MEAN> 25
 3.365625e+00 -9.425604e+00 -6.119044e+00 -3.078861e+00 -1.323149e+00 -1.973775e+00 2.420444e+00 2.528123e+00 -4.594361e+00 -9.231815e+00 -5.066689e+00 3.559086e-01 -1.616918e-01 -1.489685e+00 -9.831662e-01 3.770427e-01 1.219826e+00 1.021959e+00 1.515917e-01 -2.650962e-01 -7.846661e-01 -9.454986e-01 -3.126036e-02 1.221104e-01 2.703035e-02
<VARIANCE> 25
 1.031550e+01 2.118565e+01 2.288680e+01 3.162212e+01 4.791553e+01 3.489729e+01 4.636037e+01 3.660130e+01 4.207311e+01 2.944887e+01 2.997550e+01 2.633916e+01 6.496554e-01 1.249960e+00 1.534416e+00 1.934070e+00 2.932377e+00 2.403897e+00 2.900687e+00 2.569469e+00 2.559455e+00 2.517708e+00 2.093744e+00 2.011314e+00 8.108230e-04
<GCONST> 8.759475e+01
<MIXTURE> 105 4.710235e-03
<MEAN> 25
 2.206104e+00 -1.502438e+00 9.184734e+00 -2.601160e+00 -1.132458e+01 -5.515265e+00 -4.454981e+00 -7.966580e-01 -3.832804e+00 -3.229215e+00 1.548759e+00 -1.061137e+00 -3.693266e-03 7.752955e-02 5.671825e-02 -1.301076e-02 2.046344e-02 2.226483e-02 1.635876e-02 1.108587e-02 -3.811688e-02 5.214734e-03 1.151970e-02 -2.103209e-02 -2.588680e-03
<VARIANCE> 25
 1.323837e+01 2.759302e+01 3.913797e+01 4.428761e+01 3.805802e+01 6.133347e+01 4.138512e+01 4.227265e+01 3.897135e+01 4.054322e+01 4.259531e+01 2.960352e+01 8.512654e-02 2.249823e-01 3.350333e-01 3.183430e-01 3.723839e-01 4.398896e-01 4.862429e-01 5.015658e-01 5.043104e-01 4.378037e-01 4.126368e-01 4.012457e-01 8.912324e-05
<GCONST> 6.698471e+01
<MIXTURE> 106 4.710235e-03
<MEAN> 25
 2.206104e+00 -1.502438e+00 9.184734e+00 -2.601160e+00 -1.132458e+01 -5.515265e+00 -4.454981e+00 -7.966580e-01 -3.832804e+00 -3.229215e+00 1.548759e+00 -1.061137e+00 -3.693266e-03 7.752955e-02 5.671825e-02 -1.301076e-02 2.046344e-02 2.226483e-02 1.635876e-02 1.108587e-02 -3.811688e-02 5.214734e-03 1.151970e-02 -2.103209e-02 -2.588680e-03
<VARIANCE> 25
 1.323837e+01 2.759302e+01 3.913797e+01 4.428761e+01 3.805802e+01 6.133347e+01 4.138512e+01 4.227265e+01 3.897135e+01 4.054322e+01 4.259531e+01 2.960352e+01 8.512654e-02 2.249823e-01 3.350333e-01 3.183430e-01 3.723839e-01 4.398896e-01 4.862429e-01 5.015658e-01 5.043104e-01 4.378037e-01 4.126368e-01 4.012457e-01 8.912324e-05
<GCONST> 6.698471e+01
<MIXTURE> 107 5.452374e-03
<MEAN> 25
 8.610180e+00 -2.323337e+00 -7.982755e+00 -9.597507e+00 1.944110e+00 3.041382e+00 -8.579175e+00 -4.544886e+00 -8.808275e-01 3.357949e+00 9.076193e-01 -5.095200e+00 -6.057433e-01 -7.604433e-01 8.214098e-01 1.766699e+00 2.217477e-01 -1.994347e+00 -9.096539e-01 8.420030e-01 1.754288e+00 4.443574e-02 -1.649871e+00 -8.111806e-01 -2.078481e-03
<VARIANCE> 25
 9.258403e+00 2.040839e+01 2.838247e+01 4.284387e+01 3.545892e+01 3.875669e+01 5.095045e+01 3.600086e+01 4.527961e+01 4.162949e+01 5.184811e+01 3.026360e+01 3.559649e-01 9.738271e-01 1.475544e+00 2.412130e+00 2.266688e+00 2.834312e+00 2.606188e+00 2.519594e+00 2.283907e+00 3.006499e+00 1.945867e+00 2.231442e+00 7.142501e-04
<GCONST> 8.803469e+01
<MIXTURE> 108 5.452374e-03
<MEAN> 25
 8.610180e+00 -2.323337e+00 -7.982755e+00 -9.597507e+00 1.944110e+00 3.041382e+00 -8.579175e+00 -4.544886e+00 -8.808275e-01 3.357949e+00 9.076193e-01 -5.095200e+00 -6.057433e-01 -7.604433e-01 8.214098e-01 1.766699e+00 2.217477e-01 -1.994347e+00 -9.096539e-01 8.420030e-01 1.754288e+00 4.443574e-02 -1.649871e+00 -8.111806e-01 -2.078481e-03
<VARIANCE> 25
 9.258403e+00 2.040839e+01 2.838247e+01 4.284387e+01 3.545892e+01 3.875669e+01 5.095045e+01 3.600086e+01 4.527961e+01 4.162949e+01 5.184811e+01 3.026360e+01 3.559649e-01 9.738271e-01 1.475544e+00 2.412130e+00 2.266688e+00 2.834312e+00 2.606188e+00 2.519594e+00 2.283907e+00 3.006499e+00 1.945867e+00 2.231442e+00 7.142501e-04
<GCONST> 8.803469e+01
<MIXTURE> 109 6.661064e-03
<MEAN> 25
 4.081611e+00 -1.054077e+01 -8.288467e+00 -1.377256e+00 2.749556e+00 -2.807622e-02 -7.888927e-02 1.447589e+00 -2.572340e+00 -8.335915e+00 -5.375736e+00 4.520852e-02 -3.342406e-02 -1.313728e-01 -3.339289e-02 2.511645e-01 1.942070e-01 1.229468e-01 -1.295057e-01 -1.044525e-01 -3.906381e-02 -1.302860e-01 2.201654e-01 1.717359e-02 -3.508047e-03
<VARIANCE> 25
 9.082870e+00 1.826551e+01 2.006315e+01 3.156047e+01 4.074706e+01 3.677281e+01 4.655745e+01 3.433664e+01 4.596597e+01 3.579857e+01 2.954435e+01 2.829940e+01 1.926866e-01 4.222725e-01 5.380173e-01 6.335486e-01 1.230490e+00 1.006186e+00 1.264398e+00 1.090849e+00 1.117628e+00 9.522653e-01 8.762582e-01 8.957668e-01 1.823302e-04
<GCONST> 7.449319e+01
<MIXTURE> 110 6.661064e-03
<MEAN> 25
 4.081611e+00 -1.054077e+01 -8.288467e+00 -1.377256e+00 2.749556e+00 -2.807622e-02 -7.888927e-02 1.447589e+00 -2.572340e+00 -8.335915e+00 -5.375736e+00 4.520852e-02 -3.342406e-02 -1.313728e-01 -3.339289e-02 2.511645e-01 1.942070e-01 1.229468e-01 -1.295057e-01 -1.044525e-01 -3.906381e-02 -1.302860e-01 2.201654e-01 1.717359e-02 -3.508047e-03
<VARIANCE> 25
 9.082870e+00 1.826551e+01 2.006315e+01 3.156047e+01 4.074706e+01 3.677281e+01 4.655745e+01 3.433664e+01 4.596597e+01 3.579857e+01 2.954435e+01 2.829940e+01 1.926866e-01 4.222725e-01 5.380173e-01 6.335486e-01 1.230490e+00 1.006186e+00 1.264398e+00 1.090849e+00 1.117628e+00 9.522653e-01 8.762582e-01 8.957668e-01 1.823302e-04
<GCONST> 7.449319e+01
<MIXTURE> 111 4.337247e-03
<MEAN> 25
 -4.293302e+00 -3.408764e-01 -1.064970e+00 1.931465e+00 1.338531e+00 1.058983e+00 6.614698e-01 4.515098e-02 3.391889e-01 -6.786615e-01 -1.198910e+00 1.983076e+00 -2.824395e-02 -2.942879e-02 -5.197613e-02 -3.275341e-02 -2.203341e-02 -5.352888e-02 -7.933371e-02 -8.007177e-02 -1.441867e-01 -1.687054e-01 -2.191841e-01 -7.463569e-02 -8.635393e-04
<VARIANCE> 25
 6.552046e+00 7.149762e+00 1.247985e+01 9.253824e+00 1.265689e+01 2.194505e+01 1.454009e+01 1.306654e+01 1.126263e+01 1.102236e+01 1.420270e+01 1.113263e+01 7.521748e-02 1.490659e-01 2.741567e-01 3.970680e-01 5.344941e-01 7.774646e-01 8.383095e-01 8.756232e-01 8.384015e-01 7.953425e-01 8.463501e-01 8.071135e-01 2.533567e-05
<GCONST> 5.603594e+01
<MIXTURE> 112 4.337247e-03
<MEAN> 25
 -4.293302e+00 -3.408764e-01 -1.064970e+00 1.931465e+00 1.338531e+00 1.058983e+00 6.614698e-01 4.515098e-02 3.391889e-01 -6.786615e-01 -1.198910e+00 1.983076e+00 -2.824395e-02 -2.942879e-02 -5.197613e-02 -3.275341e-02 -2.203341e-02 -5.352888e-02 -7.933371e-02 -8.007177e-02 -1.441867e-01 -1.687054e-01 -2.191841e-01 -7.463569e-02 -8.635393e-04
<VARIANCE> 25
 6.552046e+00 7.149762e+00 1.247985e+01 9.253824e+00 1.265689e+01 2.194505e+01 1.454009e+01 1.306654e+01 1.126263e+01 1.102236e+01 1.420270e+01 1.113263e+01 7.521748e-02 1.490659e-01 2.741567e-01 3.970680e-01 5.344941e-01 7.774646e-01 8.383095e-01 8.756232e-01 8.384015e-01 7.953425e-01 8.463501e-01 8.071135e-01 2.533567e-05
<GCONST> 5.603594e+01
<MIXTURE> 113 5.938666e-03
<MEAN> 25
 9.797666e+00 1.485112e+00 -8.263911e+00 -1.701220e+01 -1.130921e+00 6.374077e+00 -4.974752e+00 -2.096817e+00 -5.336819e+00 -2.924307e-01 1.295592e+00 -7.787814e-01 -4.272301e-02 -3.871571e-02 -1.215019e-01 -1.178487e-01 1.782494e-01 1.602522e-01 5.839742e-02 5.359249e-02 4.481391e-02 2.755548e-02 2.699039e-01 -1.357088e-01 6.871881e-04
<VARIANCE> 25
 8.264204e+00 1.528595e+01 2.872216e+01 3.073101e+01 4.781989e+01 3.431992e+01 3.648699e+01 3.828684e+01 3.469628e+01 4.219653e+01 4.055780e+01 2.875084e+01 1.283154e-01 3.282556e-01 3.171829e-01 5.860946e-01 6.124196e-01 5.944321e-01 7.890768e-01 8.218848e-01 9.789817e-01 8.656749e-01 7.415882e-01 8.705090e-01 1.473150e-04
<GCONST> 7.084496e+01
<MIXTURE> 114 5.938666e-03
<MEAN> 25
 9.797666e+00 1.485112e+00 -8.263911e+00 -1.701220e+01 -1.130921e+00 6.374077e+00 -4.974752e+00 -2.096817e+00 -5.336819e+00 -2.924307e-01 1.295592e+00 -7.787814e-01 -4.272301e-02 -3.871571e-02 -1.215019e-01 -1.178487e-01 1.782494e-01 1.602522e-01 5.839742e-02 5.359249e-02 4.481391e-02 2.755548e-02 2.699039e-01 -1.357088e-01 6.871881e-04
<VARIANCE> 25
 8.264204e+00 1.528595e+01 2.872216e+01 3.073101e+01 4.781989e+01 3.431992e+01 3.648699e+01 3.828684e+01 3.469628e+01 4.219653e+01 4.055780e+01 2.875084e+01 1.283154e-01 3.282556e-01 3.171829e-01 5.860946e-01 6.124196e-01 5.944321e-01 7.890768e-01 8.218848e-01 9.789817e-01 8.656749e-01 7.415882e-01 8.705090e-01 1.473150e-04
<GCONST> 7.084496e+01
<MIXTURE> 115 2.935202e-03
<MEAN> 25
 -4.018257e+00 -6.287739e-01 -2.853009e+00 3.690880e+00 2.223926e+00 -6.020263e-01 2.215996e+00 5.167822e-01 1.587628e+00 -3.805304e-01 -4.927725e-01 2.684397e+00 1.388111e-02 -8.922192e-02 -1.749406e-01 -3.975627e-01 -6.140597e-01 -7.346437e-01 -6.278479e-01 -5.181881e-01 -5.108933e-01 -5.027068e-01 -3.617559e-01 -1.053387e-01 -5.183373e-05
<VARIANCE> 25
 8.858512e+00 9.760669e+00 1.427122e+01 1.217378e+01 1.370248e+01 1.743116e+01 1.635202e+01 2.013402e+01 1.802618e+01 1.915199e+01 2.424159e+01 1.401796e+01 2.016422e-01 3.366064e-01 5.328751e-01 5.714705e-01 6.138540e-01 8.527270e-01 9.913304e-01 1.083619e+00 1.039784e+00 9.958352e-01 9.873049e-01 1.090873e+00 1.010341e-06
<GCONST> 6.035843e+01
<MIXTURE> 116 2.935202e-03
<MEAN> 25
 -4.018257e+00 -6.287739e-01 -2.853009e+00 3.690880e+00 2.223926e+00 -6.020263e-01 2.215996e+00 5.167822e-01 1.587628e+00 -3.805304e-01 -4.927725e-01 2.684397e+00 1.388111e-02 -8.922192e-02 -1.749406e-01 -3.975627e-01 -6.140597e-01 -7.346437e-01 -6.278479e-01 -5.181881e-01 -5.108933e-01 -5.027068e-01 -3.617559e-01 -1.053387e-01 -5.183373e-05
<VARIANCE> 25
 8.858512e+00 9.760669e+00 1.427122e+01 1.217378e+01 1.370248e+01 1.743116e+01 1.635202e+01 2.013402e+01 1.802618e+01 1.915199e+01 2.424159e+01 1.401796e+01 2.016422e-01 3.366064e-01 5.328751e-01 5.714705e-01 6.138540e-01 8.527270e-01 9.913304e-01 1.083619e+00 1.039784e+00 9.958352e-01 9.873049e-01 1.090873e+00 1.010341e-06
<GCONST> 6.035843e+01
<MIXTURE> 117 6.506003e-03
<MEAN> 25
 -4.644198e+00 1.118524e+00 1.056079e+00 9.756236e+00 6.259342e+00 6.255553e+00 6.462731e+00 5.044128e+00 6.384946e+00 4.926205e+00 6.363691e+00 2.708622e+00 -7.516392e-02 -2.342305e-01 -3.583294e-01 -4.196043e-01 -3.672919e-01 -3.027109e-01 -2.866454e-01 -3.309657e-01 -3.914845e-01 -3.685908e-01 -2.633005e-01 -1.160904e-01 -8.695196e-06
<VARIANCE> 25
 7.185536e+00 8.756705e+00 9.813310e+00 1.431839e+01 1.561624e+01 1.534777e+01 1.772647e+01 1.796194e+01 1.639850e+01 1.639509e+01 1.677295e+01 1.475412e+01 2.166274e-01 3.074286e-01 4.261472e-01 6.172701e-01 8.536355e-01 1.055479e+00 1.178817e+00 1.234939e+00 1.223974e+00 1.195115e+00 1.167069e+00 1.113504e+00 1.000212e-06
<GCONST> 6.043597e+01
<MIXTURE> 118 6.506003e-03
<MEAN> 25
 -4.644198e+00 1.118524e+00 1.056079e+00 9.756236e+00 6.259342e+00 6.255553e+00 6.462731e+00 5.044128e+00 6.384946e+00 4.926205e+00 6.363691e+00 2.708622e+00 -7.516392e-02 -2.342305e-01 -3.583294e-01 -4.196043e-01 -3.672919e-01 -3.027109e-01 -2.866454e-01 -3.309657e-01 -3.914845e-01 -3.685908e-01 -2.633005e-01 -1.160904e-01 -8.695196e-06
<VARIANCE> 25
 7.185536e+00 8.756705e+00 9.813310e+00 1.431839e+01 1.561624e+01 1.534777e+01 1.772647e+01 1.796194e+01 1.639850e+01 1.639509e+01 1.677295e+01 1.475412e+01 2.166274e-01 3.074286e-01 4.261472e-01 6.172701e-01 8.536355e-01 1.055479e+00 1.178817e+00 1.234939e+00 1.223974e+00 1.195115e+00 1.167069e+00 1.113504e+00 1.000212e-06
<GCONST> 6.043597e+01
<MIXTURE> 119 4.297961e-03
<MEAN> 25
 -5.018711e+00 -7.211756e+00 2.742225e+00 2.081008e+00 2.143262e+00 8.569207e-01 5.995188e+00 6.356832e+00 1.203661e+00 3.358531e-01 6.204036e+00 1.446378e+00 -7.233299e-02 -8.018293e-02 9.631697e-02 4.095583e-02 -6.353403e-02 -1.311400e-01 -1.205752e-01 -7.273502e-02 -1.358390e-01 -9.711840e-02 -1.771299e-03 -1.393718e-01 8.959490e-04
<VARIANCE> 25
 7.675507e+00 1.025987e+01 1.716903e+01 1.808961e+01 2.098109e+01 2.423593e+01 2.703270e+01 2.524883e+01 2.273285e+01 2.936105e+01 1.996714e+01 1.890029e+01 1.643820e-01 2.560505e-01 4.862609e-01 6.418369e-01 7.977114e-01 9.526793e-01 1.067356e+00 1.179691e+00 1.254614e+00 1.214445e+00 1.134284e+00 1.069264e+00 2.175649e-04
<GCONST> 6.905033e+01
<MIXTURE> 120 4.297961e-03
<MEAN> 25
 -5.018711e+00 -7.211756e+00 2.742225e+00 2.081008e+00 2.143262e+00 8.569207e-01 5.995188e+00 6.356832e+00 1.203661e+00 3.358531e-01 6.204036e+00 1.446378e+00 -7.233299e-02 -8.018293e-02 9.631697e-02 4.095583e-02 -6.353403e-02 -1.311400e-01 -1.205752e-01 -7.273502e-02 -1.358390e-01 -9.711840e-02 -1.771299e-03 -1.393718e-01 8.959490e-04
<VARIANCE> 25
 7.675507e+00 1.025987e+01 1.716903e+01 1.808961e+01 2.098109e+01 2.423593e+01 2.703270e+01 2.524883e+01 2.273285e+01 2.936105e+01 1.996714e+01 1.890029e+01 1.643820e-01 2.560505e-01 4.862609e-01 6.418369e-01 7.977114e-01 9.526793e-01 1.067356e+00 1.179691e+00 1.254614e+00 1.214445e+00 1.134284e+00 1.069264e+00 2.175649e-04
<GCONST> 6.905033e+01
<MIXTURE> 121 4.567511e-03
<MEAN> 25
 3.175403e-01 -2.562858e+00 5.181190e+00 -1.285420e+01 -1.260037e+01 -1.653159e+00 8.321972e-01 -4.948577e+00 -4.093946e+00 -6.188672e-01 -5.585794e+00 -4.252781e+00 2.460580e-02 1.436720e-01 -3.491445e-02 7.027406e-02 1.531532e-01 6.633710e-02 -8.023468e-02 -1.942492e-01 -2.919782e-01 -2.512594e-01 -1.131875e-01 1.019762e-02 -7.463124e-03
<VARIANCE> 25
 8.391186e+00 1.550989e+01 1.707791e+01 2.024595e+01 2.418195e+01 2.884458e+01 3.084364e+01 2.575147e+01 3.544945e+01 2.895780e+01 1.989460e+01 2.106757e+01 1.534156e-01 6.418554e-01 6.210927e-01 7.013266e-01 7.624231e-01 1.153700e+00 1.102958e+00 1.112810e+00 1.238115e+00 1.176644e+00 9.307440e-01 8.914319e-01 2.084368e-04
<GCONST> 7.149965e+01
<MIXTURE> 122 4.567511e-03
<MEAN> 25
 3.175403e-01 -2.562858e+00 5.181190e+00 -1.285420e+01 -1.260037e+01 -1.653159e+00 8.321972e-01 -4.948577e+00 -4.093946e+00 -6.188672e-01 -5.585794e+00 -4.252781e+00 2.460580e-02 1.436720e-01 -3.491445e-02 7.027406e-02 1.531532e-01 6.633710e-02 -8.023468e-02 -1.942492e-01 -2.919782e-01 -2.512594e-01 -1.131875e-01 1.019762e-02 -7.463124e-03
<VARIANCE> 25
 8.391186e+00 1.550989e+01 1.707791e+01 2.024595e+01 2.418195e+01 2.884458e+01 3.084364e+01 2.575147e+01 3.544945e+01 2.895780e+01 1.989460e+01 2.106757e+01 1.534156e-01 6.418554e-01 6.210927e-01 7.013266e-01 7.624231e-01 1.153700e+00 1.102958e+00 1.112810e+00 1.238115e+00 1.176644e+00 9.307440e-01 8.914319e-01 2.084368e-04
<GCONST> 7.149965e+01
<MIXTURE> 123 4.393044e-03
<MEAN> 25
 -3.336645e+00 2.116714e+00 7.185153e-01 5.456274e+00 4.754314e+00 3.090501e+00 4.258383e+00 9.517893e-01 1.750020e+00 -4.489279e-01 -2.649740e+00 9.663994e-01 -4.019524e-01 -5.783567e-01 -8.099443e-01 -5.528902e-01 -2.679648e-01 7.555246e-02 4.054393e-01 7.352573e-01 7.854903e-01 7.298284e-01 7.139118e-01 4.281756e-01 -2.197073e-03
<VARIANCE> 25
 9.077383e+00 8.678530e+00 1.195496e+01 1.343837e+01 1.685663e+01 2.224032e+01 1.957287e+01 1.618219e+01 1.797225e+01 1.370385e+01 2.488940e+01 1.474074e+01 2.830217e-01 3.017976e-01 4.634019e-01 9.118832e-01 9.117222e-01 1.053086e+00 1.235796e+00 1.088623e+00 1.128866e+00 1.059176e+00 1.262221e+00 1.460240e+00 1.508184e-04
<GCONST> 6.741415e+01
<MIXTURE> 124 4.069876e-03
<MEAN> 25
 -6.456956e+00 -1.050781e+00 -2.728987e+00 5.061731e+00 4.911657e+00 3.298301e+00 5.400412e+00 2.621425e+00 3.206220e+00 1.186094e+00 8.478848e-01 2.931322e+00 -2.035926e-01 -3.204600e-01 -3.724079e-01 -2.100278e-01 1.160880e-01 5.335627e-01 8.264059e-01 8.614433e-01 6.590645e-01 3.394893e-01 6.018515e-02 -2.028195e-02 2.021959e-04
<VARIANCE> 25
 1.103220e+01 7.731969e+00 1.194081e+01 1.221801e+01 1.188894e+01 1.994754e+01 1.522269e+01 1.681803e+01 1.500453e+01 1.630393e+01 2.135184e+01 1.452191e+01 1.058991e-01 1.657660e-01 2.898761e-01 4.122312e-01 5.888231e-01 7.015355e-01 7.643978e-01 8.448036e-01 8.921982e-01 9.785916e-01 9.909666e-01 9.771053e-01 1.908321e-05
<GCONST> 5.910347e+01
<MIXTURE> 125 4.069876e-03
<MEAN> 25
 -6.456956e+00 -1.050781e+00 -2.728987e+00 5.061731e+00 4.911657e+00 3.298301e+00 5.400412e+00 2.621425e+00 3.206220e+00 1.186094e+00 8.478848e-01 2.931322e+00 -2.035926e-01 -3.204600e-01 -3.724079e-01 -2.100278e-01 1.160880e-01 5.335627e-01 8.264059e-01 8.614433e-01 6.590645e-01 3.394893e-01 6.018515e-02 -2.028195e-02 2.021959e-04
<VARIANCE> 25
 1.103220e+01 7.731969e+00 1.194081e+01 1.221801e+01 1.188894e+01 1.994754e+01 1.522269e+01 1.681803e+01 1.500453e+01 1.630393e+01 2.135184e+01 1.452191e+01 1.058991e-01 1.657660e-01 2.898761e-01 4.122312e-01 5.888231e-01 7.015355e-01 7.643978e-01 8.448036e-01 8.921982e-01 9.785916e-01 9.909666e-01 9.771053e-01 1.908321e-05
<GCONST> 5.910347e+01
<MIXTURE> 126 2.402244e-03
<MEAN> 25
 -3.775518e+00 -6.824101e+00 -5.199809e+00 2.269679e+00 4.225960e+00 -3.189270e+00 1.102589e-01 3.485142e+00 3.320409e+00 -2.774301e+00 -1.451799e+00 3.040386e+00 -3.072543e-03 -6.704022e-03 -3.406356e-02 -1.589312e-01 -3.202367e-01 -3.975253e-01 -2.753896e-01 -1.622547e-01 -1.095118e-01 -9.734464e-02 -9.590727e-02 -3.213965e-02 -1.660478e-03
<VARIANCE> 25
 7.444924e+00 1.320299e+01 1.408699e+01 1.506505e+01 2.468769e+01 2.366862e+01 2.241074e+01 2.859319e+01 3.111105e+01 2.655632e+01 2.149046e+01 1.906328e+01 1.846905e-01 3.481656e-01 4.851813e-01 5.588032e-01 7.566952e-01 1.016580e+00 1.115896e+00 1.247745e+00 1.333813e+00 1.324843e+00 1.198918e+00 1.127877e+00 2.124257e-04
<GCONST> 6.989137e+01
<MIXTURE> 127 2.402244e-03
<MEAN> 25
 -3.775518e+00 -6.824101e+00 -5.199809e+00 2.269679e+00 4.225960e+00 -3.189270e+00 1.102589e-01 3.485142e+00 3.320409e+00 -2.774301e+00 -1.451799e+00 3.040386e+00 -3.072543e-03 -6.704022e-03 -3.406356e-02 -1.589312e-01 -3.202367e-01 -3.975253e-01 -2.753896e-01 -1.622547e-01 -1.095118e-01 -9.734464e-02 -9.590727e-02 -3.213965e-02 -1.660478e-03
<VARIANCE> 25
 7.444924e+00 1.320299e+01 1.408699e+01 1.506505e+01 2.468769e+01 2.366862e+01 2.241074e+01 2.859319e+01 3.111105e+01 2.655632e+01 2.149046e+01 1.906328e+01 1.846905e-01 3.481656e-01 4.851813e-01 5.588032e-01 7.566952e-01 1.016580e+00 1.115896e+00 1.247745e+00 1.333813e+00 1.324843e+00 1.198918e+00 1.127877e+00 2.124257e-04
<GCONST> 6.989137e+01
<MIXTURE> 128 3.790457e-03
<MEAN> 25
 -3.833372e+00 1.927927e+00 1.472315e-01 6.464938e+00 3.820466e+00 1.861681e+00 3.439497e+00 2.194999e+00 4.018434e+00 3.383743e+00 3.022683e+00 3.296696e+00 -3.778064e-01 -2.167581e-01 2.224202e-02 7.165357e-01 1.153435e+00 9.497912e-01 8.550659e-01 3.549005e-01 -4.181998e-01 -7.337791e-01 -7.565635e-01 -4.449300e-01 -6.712043e-06
<VARIANCE> 25
 9.563437e+00 1.255569e+01 1.659157e+01 1.801456e+01 1.901842e+01 1.960298e+01 2.273049e+01 2.320835e+01 2.447535e+01 2.325436e+01 3.122487e+01 1.744853e+01 8.297490e-01 1.065382e+00 1.331935e+00 1.392013e+00 1.474368e+00 2.122511e+00 2.300467e+00 2.737610e+00 1.992851e+00 1.753924e+00 1.648531e+00 1.648914e+00 9.373474e-07
<GCONST> 7.311539e+01
<TRANSP> 3
 0.000000e+00 1.000000e+00 0.000000e+00
 0.000000e+00 9.999990e-01 9.999998e-07
 0.000000e+00 0.000000e+00 0.000000e+00
<ENDHMM>
