~o
<STREAMINFO> 1 25
<VECSIZE> 25<NULLD><MFCC_E_D_N><DIAGC>
~h "jmodel"
<BEGINHMM>
<NUMSTATES> 3
<STATE> 2
<NUMMIXES> 128
<MIXTURE> 1 5.748963e-03
<MEAN> 25
 -2.582910e+00 3.190210e+00 2.312657e+00 8.751148e+00 4.372036e+00 3.427467e+00 4.062834e+00 3.929667e+00 5.830050e+00 5.246226e+00 5.867836e+00 3.075595e+00 -2.003919e+00 -1.628018e+00 -8.605189e-01 1.073089e+00 1.559525e+00 2.231062e+00 2.153338e+00 2.079017e+00 1.693109e+00 1.268242e+00 1.567847e+00 6.159818e-01 -4.698255e-02
<VARIANCE> 25
 1.004807e+01 1.178235e+01 1.492603e+01 1.866194e+01 2.315077e+01 2.237391e+01 2.185611e+01 2.195687e+01 2.096382e+01 2.252398e+01 2.108115e+01 1.706640e+01 1.785945e+00 2.134245e+00 3.028432e+00 3.209043e+00 3.734128e+00 3.351936e+00 3.315132e+00 3.393784e+00 3.517622e+00 3.721804e+00 3.507691e+00 2.832999e+00 3.118298e-03
<GCONST> 8.847424e+01
<MIXTURE> 2 4.549242e-03
<MEAN> 25
 -4.875949e+00 1.312897e+00 9.945752e-01 9.898503e+00 6.692927e+00 7.423182e+00 7.847003e+00 6.956513e+00 8.371819e+00 6.371631e+00 7.622613e+00 3.073897e+00 -6.200355e-02 4.170986e-02 1.424318e-01 2.260039e-01 2.653722e-01 2.814174e-01 2.953333e-01 3.193886e-01 3.497094e-01 3.088427e-01 1.971258e-01 8.007555e-02 1.140406e-06
<VARIANCE> 25
 6.951746e+00 8.910900e+00 1.064958e+01 1.591587e+01 1.723476e+01 1.557027e+01 1.689594e+01 1.849316e+01 1.659417e+01 1.739221e+01 1.812127e+01 1.433991e+01 1.252556e-01 2.266760e-01 3.365357e-01 4.671632e-01 6.492316e-01 8.147893e-01 9.298521e-01 1.003161e+00 1.051562e+00 1.077819e+00 1.075449e+00 1.013839e+00 1.000287e-06
<GCONST> 5.804636e+01
<MIXTURE> 3 4.549242e-03
<MEAN> 25
 -4.875949e+00 1.312897e+00 9.945752e-01 9.898503e+00 6.692927e+00 7.423182e+00 7.847003e+00 6.956513e+00 8.371819e+00 6.371631e+00 7.622613e+00 3.073897e+00 -6.200355e-02 4.170986e-02 1.424318e-01 2.260039e-01 2.653722e-01 2.814174e-01 2.953333e-01 3.193886e-01 3.497094e-01 3.088427e-01 1.971258e-01 8.007555e-02 1.140406e-06
<VARIANCE> 25
 6.951746e+00 8.910900e+00 1.064958e+01 1.591587e+01 1.723476e+01 1.557027e+01 1.689594e+01 1.849316e+01 1.659417e+01 1.739221e+01 1.812127e+01 1.433991e+01 1.252556e-01 2.266760e-01 3.365357e-01 4.671632e-01 6.492316e-01 8.147893e-01 9.298521e-01 1.003161e+00 1.051562e+00 1.077819e+00 1.075449e+00 1.013839e+00 1.000287e-06
<GCONST> 5.804636e+01
<MIXTURE> 4 1.671429e-02
<MEAN> 25
 3.299169e+00 2.765418e+00 -3.701854e+00 1.055764e+00 4.252475e+00 -9.020045e-01 3.915886e-01 5.903123e-02 1.548112e+00 8.007475e-01 -2.088391e+00 -2.213496e-01 -2.593565e+00 1.466375e+00 1.786910e+00 2.429839e+00 9.965070e-01 5.210512e-01 1.570834e+00 9.825751e-01 8.674858e-01 3.658006e-01 1.223078e+00 8.517960e-01 -1.022924e-01
<VARIANCE> 25
 1.944446e+01 2.877935e+01 2.624057e+01 3.909682e+01 4.037703e+01 6.479631e+01 5.970693e+01 4.854824e+01 5.086044e+01 5.655350e+01 4.432079e+01 3.380917e+01 2.221508e+00 4.894888e+00 3.559022e+00 7.725839e+00 4.422478e+00 5.489249e+00 5.460044e+00 5.053029e+00 5.769886e+00 5.861786e+00 5.450986e+00 4.034275e+00 5.351664e-03
<GCONST> 1.039142e+02
<MIXTURE> 5 3.206198e-03
<MEAN> 25
 -3.381160e+00 2.037476e+00 6.724310e-01 9.362907e+00 6.687339e+00 6.280526e+00 7.101033e+00 4.689544e+00 5.505208e+00 3.863683e+00 4.611369e+00 2.582846e+00 -3.386736e-01 7.469099e-01 1.223752e+00 1.023959e+00 2.894907e-01 -9.547734e-02 -6.272541e-02 1.802179e-02 4.288753e-01 6.857709e-01 4.014326e-01 8.530123e-02 -5.575581e-05
<VARIANCE> 25
 1.022334e+01 1.539418e+01 2.338910e+01 2.551637e+01 1.995630e+01 1.923504e+01 1.983981e+01 2.014910e+01 2.114980e+01 2.105398e+01 2.389088e+01 1.615618e+01 1.206666e+00 1.228468e+00 1.338452e+00 1.654154e+00 2.275093e+00 2.344637e+00 2.297969e+00 2.258365e+00 2.337462e+00 2.213014e+00 2.055569e+00 1.848070e+00 1.050724e-06
<GCONST> 7.511416e+01
<MIXTURE> 6 5.475854e-03
<MEAN> 25
 8.690171e+00 -9.001451e-01 -6.120033e+00 -1.052918e+01 -3.505064e+00 7.436980e+00 -7.132246e+00 -5.463285e+00 -3.270509e+00 2.127455e+00 4.949349e+00 -5.122989e-01 4.999166e-01 9.243227e-01 -2.351553e-01 -1.453969e+00 -5.183473e-01 1.189673e+00 1.727431e+00 -6.243389e-02 -1.075569e+00 -1.334588e+00 2.670113e-01 1.291025e+00 -9.742321e-03
<VARIANCE> 25
 1.137866e+01 1.535076e+01 2.101369e+01 3.408567e+01 3.765020e+01 2.719337e+01 4.484153e+01 3.207516e+01 3.424154e+01 3.502335e+01 3.521244e+01 2.689220e+01 2.587702e-01 7.100455e-01 8.356591e-01 1.660052e+00 1.385621e+00 1.816954e+00 1.741108e+00 2.121041e+00 2.118526e+00 1.823935e+00 1.967955e+00 1.227561e+00 4.936302e-04
<GCONST> 8.131194e+01
<MIXTURE> 7 5.475854e-03
<MEAN> 25
 8.690171e+00 -9.001451e-01 -6.120033e+00 -1.052918e+01 -3.505064e+00 7.436980e+00 -7.132246e+00 -5.463285e+00 -3.270509e+00 2.127455e+00 4.949349e+00 -5.122989e-01 4.999166e-01 9.243227e-01 -2.351553e-01 -1.453969e+00 -5.183473e-01 1.189673e+00 1.727431e+00 -6.243389e-02 -1.075569e+00 -1.334588e+00 2.670113e-01 1.291025e+00 -9.742321e-03
<VARIANCE> 25
 1.137866e+01 1.535076e+01 2.101369e+01 3.408567e+01 3.765020e+01 2.719337e+01 4.484153e+01 3.207516e+01 3.424154e+01 3.502335e+01 3.521244e+01 2.689220e+01 2.587702e-01 7.100455e-01 8.356591e-01 1.660052e+00 1.385621e+00 1.816954e+00 1.741108e+00 2.121041e+00 2.118526e+00 1.823935e+00 1.967955e+00 1.227561e+00 4.936302e-04
<GCONST> 8.131194e+01
<MIXTURE> 8 1.165917e-02
<MEAN> 25
 -4.729220e+00 1.361595e+00 1.294294e+00 9.555127e+00 6.574502e+00 6.252115e+00 6.480782e+00 5.687834e+00 6.653889e+00 5.631076e+00 6.569817e+00 3.150426e+00 -6.291416e-01 -1.424534e+00 -1.070711e+00 -1.730546e+00 -2.320641e-01 -9.445391e-01 -1.788163e-01 -2.894360e-01 -2.532687e-01 -1.741480e-01 -2.132498e-01 8.158708e-02 9.881982e-02
<VARIANCE> 25
 9.339277e+00 9.879948e+00 1.161890e+01 1.607018e+01 1.663708e+01 1.571300e+01 1.812188e+01 1.752308e+01 1.708620e+01 1.736726e+01 1.888148e+01 1.400089e+01 2.756100e+00 2.815468e+00 3.905273e+00 3.759802e+00 3.455867e+00 3.315318e+00 3.133915e+00 3.079899e+00 2.870193e+00 2.655009e+00 2.433839e+00 1.901136e+00 6.683872e-03
<GCONST> 8.629431e+01
<MIXTURE> 9 1.199672e-02
<MEAN> 25
 7.677947e+00 3.687613e+00 -5.497748e+00 -1.127628e+01 -3.560710e+00 5.586187e+00 -1.976726e+00 -2.397095e+00 -4.284464e+00 -2.156197e+00 1.278488e+00 7.009302e-01 1.364985e+00 -5.764178e-01 -4.549582e-01 -2.114120e+00 -2.091335e+00 1.145756e+00 -1.146291e+00 -2.908044e-01 -1.638633e-01 -2.173610e-01 5.247005e-01 8.464523e-02 7.336573e-02
<VARIANCE> 25
 1.510231e+01 1.861217e+01 3.175210e+01 4.051685e+01 5.223270e+01 2.728952e+01 3.676253e+01 3.954321e+01 3.375395e+01 3.561277e+01 2.807699e+01 2.560021e+01 1.832738e+00 2.413424e+00 3.744102e+00 4.605441e+00 4.636806e+00 3.726898e+00 3.192321e+00 5.205077e+00 3.947558e+00 3.309177e+00 3.147565e+00 2.921352e+00 1.704220e-03
<GCONST> 9.536679e+01
<MIXTURE> 10 6.596976e-03
<MEAN> 25
 7.704737e-01 7.610683e+00 5.249861e+00 7.098284e+00 1.681721e+00 -2.249720e+00 -3.748742e-01 -1.605278e+00 9.642619e-01 8.853011e-01 6.651004e-01 6.303263e-01 -1.912730e+00 -5.819708e-01 -4.186782e-01 2.926847e+00 2.431139e+00 2.681265e+00 2.368427e+00 2.186140e+00 1.875146e+00 1.527090e+00 2.307516e+00 5.678313e-01 -1.369463e-01
<VARIANCE> 25
 1.911036e+01 2.018130e+01 2.232115e+01 2.855381e+01 3.759326e+01 3.466264e+01 3.491307e+01 3.314425e+01 2.725250e+01 2.830309e+01 2.741940e+01 2.442307e+01 2.178012e+00 3.624744e+00 5.439151e+00 5.381010e+00 5.439451e+00 4.382392e+00 4.586232e+00 4.999175e+00 4.298627e+00 4.897638e+00 4.352285e+00 3.167837e+00 2.681234e-03
<GCONST> 9.723597e+01
<MIXTURE> 11 1.633820e-02
<MEAN> 25
 7.066952e+00 3.853647e+00 2.607378e+00 5.607075e+00 -3.482203e+00 -1.741786e+00 -8.099232e-01 -5.995713e+00 -2.889055e+00 7.840411e-01 -4.327253e+00 -1.470730e+00 -2.213596e-01 5.847842e-01 4.402437e-02 7.611511e-02 5.442991e-01 -1.917203e-01 3.588818e-01 -7.911959e-02 -1.538056e-01 -2.159652e-01 -4.781590e-02 -1.853012e-02 -1.873743e-02
<VARIANCE> 25
 9.370539e+00 2.575499e+01 1.825301e+01 2.529926e+01 2.967521e+01 2.995720e+01 4.294616e+01 3.339118e+01 3.578894e+01 2.876124e+01 3.274537e+01 2.410004e+01 7.553902e-01 1.244745e+00 1.392161e+00 2.053059e+00 1.768896e+00 1.883747e+00 1.748469e+00 2.988202e+00 2.585584e+00 1.959128e+00 1.911407e+00 1.534845e+00 7.870174e-04
<GCONST> 8.463129e+01
<MIXTURE> 12 5.904134e-03
<MEAN> 25
 9.602839e+00 3.283955e+00 -4.156722e+00 -1.493576e+01 -8.739406e+00 8.451424e+00 -1.406097e+00 -3.271653e+00 -1.896668e+00 -4.647609e+00 2.020751e+00 2.430125e+00 6.103865e-02 3.791665e-01 6.521515e-02 -2.800796e-01 -1.785329e-01 -1.529216e-01 4.031970e-01 4.081587e-01 3.036353e-02 -4.000612e-01 -3.470139e-01 3.816685e-02 -7.851580e-03
<VARIANCE> 25
 1.035748e+01 1.723691e+01 1.839034e+01 3.043946e+01 3.267522e+01 2.506904e+01 3.373735e+01 4.384300e+01 3.464429e+01 2.929216e+01 2.958960e+01 3.001547e+01 1.985322e-01 7.519938e-01 5.502900e-01 1.039433e+00 9.860187e-01 9.940155e-01 1.073885e+00 1.166115e+00 1.020960e+00 1.063542e+00 1.016072e+00 8.446009e-01 5.380042e-04
<GCONST> 7.532449e+01
<MIXTURE> 13 5.904134e-03
<MEAN> 25
 9.602839e+00 3.283955e+00 -4.156722e+00 -1.493576e+01 -8.739406e+00 8.451424e+00 -1.406097e+00 -3.271653e+00 -1.896668e+00 -4.647609e+00 2.020751e+00 2.430125e+00 6.103865e-02 3.791665e-01 6.521515e-02 -2.800796e-01 -1.785329e-01 -1.529216e-01 4.031970e-01 4.081587e-01 3.036353e-02 -4.000612e-01 -3.470139e-01 3.816685e-02 -7.851580e-03
<VARIANCE> 25
 1.035748e+01 1.723691e+01 1.839034e+01 3.043946e+01 3.267522e+01 2.506904e+01 3.373735e+01 4.384300e+01 3.464429e+01 2.929216e+01 2.958960e+01 3.001547e+01 1.985322e-01 7.519938e-01 5.502900e-01 1.039433e+00 9.860187e-01 9.940155e-01 1.073885e+00 1.166115e+00 1.020960e+00 1.063542e+00 1.016072e+00 8.446009e-01 5.380042e-04
<GCONST> 7.532449e+01
<MIXTURE> 14 6.488954e-03
<MEAN> 25
 -4.213160e+00 -5.852216e-01 -1.130042e-01 8.818743e+00 7.536392e+00 7.266228e+00 7.818067e+00 7.332482e+00 7.097189e+00 5.068167e+00 6.669864e+00 3.907269e+00 -2.992029e-01 2.072521e-01 4.011536e-01 3.147142e-01 -1.076596e-02 7.169599e-02 1.245833e-01 9.822989e-02 2.537796e-01 5.589573e-01 4.988327e-01 1.025290e-01 -9.879258e-03
<VARIANCE> 25
 9.433424e+00 1.528345e+01 1.934302e+01 1.755643e+01 2.050941e+01 1.941042e+01 2.091812e+01 2.041124e+01 2.047929e+01 2.440218e+01 2.189053e+01 1.672701e+01 9.672762e-01 1.596447e+00 1.771143e+00 1.884186e+00 2.205585e+00 2.196563e+00 2.304811e+00 2.437838e+00 2.278745e+00 2.452206e+00 2.132711e+00 1.791146e+00 1.028709e-03
<GCONST> 8.203131e+01
<MIXTURE> 15 2.475190e-03
<MEAN> 25
 -5.424729e+00 -6.410803e-01 -2.011140e-01 7.366415e+00 5.720938e+00 5.698474e+00 6.061110e+00 4.977682e+00 5.164699e+00 4.154430e+00 5.500254e+00 2.538640e+00 -1.212003e-01 -2.911772e-02 7.518764e-02 2.437814e-01 4.893906e-01 7.864710e-01 1.072309e+00 1.181750e+00 1.058984e+00 7.557102e-01 4.197416e-01 1.534853e-01 -8.089976e-05
<VARIANCE> 25
 6.982439e+00 5.632136e+00 9.029963e+00 1.281621e+01 1.407837e+01 1.431767e+01 1.491707e+01 1.490258e+01 1.409584e+01 1.418041e+01 1.510868e+01 1.251076e+01 1.247263e-01 2.061534e-01 3.201744e-01 5.032322e-01 6.994032e-01 7.936738e-01 7.632564e-01 7.919655e-01 9.090932e-01 1.024443e+00 1.071399e+00 1.041046e+00 2.797679e-05
<GCONST> 5.859536e+01
<MIXTURE> 16 2.475190e-03
<MEAN> 25
 -5.424729e+00 -6.410803e-01 -2.011140e-01 7.366415e+00 5.720938e+00 5.698474e+00 6.061110e+00 4.977682e+00 5.164699e+00 4.154430e+00 5.500254e+00 2.538640e+00 -1.212003e-01 -2.911772e-02 7.518764e-02 2.437814e-01 4.893906e-01 7.864710e-01 1.072309e+00 1.181750e+00 1.058984e+00 7.557102e-01 4.197416e-01 1.534853e-01 -8.089976e-05
<VARIANCE> 25
 6.982439e+00 5.632136e+00 9.029963e+00 1.281621e+01 1.407837e+01 1.431767e+01 1.491707e+01 1.490258e+01 1.409584e+01 1.418041e+01 1.510868e+01 1.251076e+01 1.247263e-01 2.061534e-01 3.201744e-01 5.032322e-01 6.994032e-01 7.936738e-01 7.632564e-01 7.919655e-01 9.090932e-01 1.024443e+00 1.071399e+00 1.041046e+00 2.797679e-05
<GCONST> 5.859536e+01
<MIXTURE> 17 9.518312e-03
<MEAN> 25
 3.370383e+00 -1.037000e+00 6.143080e+00 2.086947e+00 -5.518591e+00 -6.142015e+00 -3.211921e+00 3.737122e-01 -2.392161e+00 -3.035509e+00 4.694116e-01 -1.356853e-01 -6.716114e-01 -1.325239e+00 1.269092e+00 -1.912778e+00 -2.357062e+00 -1.284562e-01 -2.810958e-01 7.222407e-01 -3.438787e-01 -1.836853e-01 1.037892e+00 3.658383e-01 7.901558e-02
<VARIANCE> 25
 1.552501e+01 3.054135e+01 3.026197e+01 3.757085e+01 4.197038e+01 4.584884e+01 4.064343e+01 3.389350e+01 3.527065e+01 2.577748e+01 3.067874e+01 2.535338e+01 1.742580e+00 2.680316e+00 3.654474e+00 3.036493e+00 3.922450e+00 5.092869e+00 7.159450e+00 4.244597e+00 4.701073e+00 3.744560e+00 2.756893e+00 2.443216e+00 2.020948e-03
<GCONST> 9.633190e+01
<MIXTURE> 18 1.221018e-02
<MEAN> 25
 3.565592e+00 3.352409e+00 4.665925e+00 5.091549e+00 -3.324030e+00 -9.048240e+00 -1.880529e+00 -7.102382e-01 -2.649924e+00 -2.269269e+00 -1.335492e+00 -2.569605e-01 -8.041107e-01 2.491607e+00 -2.106270e-01 1.307417e+00 2.978857e+00 1.149369e+00 1.509185e+00 -2.934118e-01 1.069875e+00 4.497964e-01 -5.229214e-01 1.282749e-01 -1.228333e-01
<VARIANCE> 25
 1.349650e+01 3.136347e+01 3.602476e+01 2.586447e+01 3.589215e+01 2.979301e+01 3.650086e+01 2.824389e+01 3.549175e+01 2.686016e+01 2.702802e+01 2.692281e+01 1.996931e+00 2.708357e+00 3.901510e+00 4.691113e+00 3.336932e+00 3.981314e+00 4.887703e+00 3.859263e+00 4.824096e+00 3.602607e+00 4.038345e+00 3.425982e+00 3.200655e-03
<GCONST> 9.605183e+01
<MIXTURE> 19 9.912824e-03
<MEAN> 25
 -9.043303e+00 2.538461e+00 -4.912163e-01 -4.167997e-01 4.148794e+00 2.338142e+00 3.172166e+00 2.193320e+00 9.825006e-01 -2.534086e-01 1.855391e+00 9.769279e-01 1.819097e+00 1.644110e+00 2.259650e+00 7.091148e-01 -9.931393e-01 -1.175358e+00 -1.192867e+00 -1.332518e+00 -1.354731e+00 -1.358977e+00 -6.203902e-01 -5.341774e-01 7.299930e-03
<VARIANCE> 25
 4.631686e+01 2.705441e+01 4.608763e+01 5.969604e+01 2.820198e+01 4.414720e+01 2.592435e+01 2.910191e+01 2.930119e+01 2.963346e+01 2.761703e+01 2.085966e+01 2.369501e+00 1.904750e+00 1.934960e+00 2.045055e+00 2.638173e+00 1.937634e+00 2.106946e+00 2.621240e+00 2.087505e+00 1.986707e+00 1.983814e+00 1.942906e+00 2.364249e-03
<GCONST> 9.082311e+01
<MIXTURE> 20 6.308331e-03
<MEAN> 25
 -1.418048e+01 7.416402e+00 8.450215e-01 6.151542e+00 4.843360e+00 1.636719e+00 5.209411e+00 8.534306e-01 9.220269e-01 7.986773e-01 2.568520e+00 -3.020864e-01 -3.285759e+00 -8.668218e-01 -1.565092e+00 3.325624e-01 1.540999e+00 2.063025e+00 1.979147e+00 2.056084e+00 2.144516e+00 2.040143e+00 1.684660e+00 9.452536e-01 4.731517e-02
<VARIANCE> 25
 1.967437e+01 2.345442e+01 3.095941e+01 3.718241e+01 3.084812e+01 2.789058e+01 2.993107e+01 3.147391e+01 2.796408e+01 2.821205e+01 2.515814e+01 2.091860e+01 2.092376e+00 2.182371e+00 1.909998e+00 2.541275e+00 2.702585e+00 2.313129e+00 2.310131e+00 2.320081e+00 2.235381e+00 2.652236e+00 2.241451e+00 1.865705e+00 1.886945e-03
<GCONST> 8.921970e+01
<MIXTURE> 21 7.928653e-03
<MEAN> 25
 3.838944e+00 -3.878700e+00 5.562350e+00 -1.792956e+00 -9.623680e+00 -8.176018e+00 -2.648367e+00 3.443392e+00 -1.545537e+00 -3.413043e+00 8.437839e-01 -1.205769e-01 -7.604187e-01 1.350684e+00 2.706186e+00 -2.829842e-01 -1.671378e+00 3.436203e-01 5.604679e-01 -1.435940e+00 -2.172353e+00 1.228116e-01 1.477260e+00 2.577659e-01 -1.270458e-02
<VARIANCE> 25
 8.390752e+00 2.112953e+01 2.774165e+01 2.654264e+01 3.470693e+01 3.314903e+01 3.933149e+01 4.100301e+01 4.186573e+01 2.879598e+01 3.433307e+01 2.328064e+01 3.603845e-01 8.836838e-01 1.829388e+00 1.739360e+00 2.164265e+00 2.002621e+00 3.329011e+00 2.318613e+00 2.408567e+00 2.710231e+00 2.062438e+00 2.084229e+00 3.997959e-04
<GCONST> 8.497171e+01
<MIXTURE> 22 8.827789e-03
<MEAN> 25
 -1.790348e+01 7.157469e+00 -4.124487e+00 7.386987e+00 4.609150e+00 2.753722e+00 8.398946e+00 1.744493e+00 5.378480e+00 3.300614e+00 5.707472e+00 1.183557e+00 -3.091349e-01 -2.070635e-01 -1.242655e-01 -1.483805e-01 -6.620334e-03 1.374446e-01 1.812564e-01 1.771157e-01 2.482074e-01 2.061367e-01 1.729552e-01 1.926778e-01 8.851995e-03
<VARIANCE> 25
 8.290083e+00 1.680384e+01 1.738926e+01 2.515327e+01 2.289472e+01 2.084762e+01 1.941015e+01 1.869440e+01 1.811810e+01 2.085297e+01 1.926808e+01 1.377843e+01 1.089128e+00 1.355478e+00 1.363975e+00 1.570486e+00 1.407583e+00 1.527543e+00 1.509166e+00 1.531399e+00 1.612902e+00 1.544931e+00 1.356804e+00 1.166689e+00 1.742856e-03
<GCONST> 7.831723e+01
<MIXTURE> 23 6.455497e-03
<MEAN> 25
 7.170086e+00 1.872377e+00 2.468742e+00 3.447450e+00 -4.794585e+00 -2.778951e+00 -2.686229e+00 -6.358839e+00 -2.014820e+00 -8.433042e-02 -4.995915e+00 -1.195334e+00 5.882619e-02 2.932995e-01 -3.850746e-02 -9.471543e-02 -5.907076e-03 1.021178e-01 -4.236363e-02 -1.045395e-01 3.954272e-02 -6.970374e-02 1.911087e-02 4.661680e-02 -4.479025e-03
<VARIANCE> 25
 1.024512e+01 2.056549e+01 2.063220e+01 4.032798e+01 3.087771e+01 4.396940e+01 5.442783e+01 4.430888e+01 4.448829e+01 4.208688e+01 4.282662e+01 3.535083e+01 9.610595e-02 3.311696e-01 3.177711e-01 5.057927e-01 5.078038e-01 6.235242e-01 6.579088e-01 8.795270e-01 1.156235e+00 7.457750e-01 7.290868e-01 6.292177e-01 7.704354e-05
<GCONST> 7.050917e+01
<MIXTURE> 24 6.455497e-03
<MEAN> 25
 7.170086e+00 1.872377e+00 2.468742e+00 3.447450e+00 -4.794585e+00 -2.778951e+00 -2.686229e+00 -6.358839e+00 -2.014820e+00 -8.433042e-02 -4.995915e+00 -1.195334e+00 5.882619e-02 2.932995e-01 -3.850746e-02 -9.471543e-02 -5.907076e-03 1.021178e-01 -4.236363e-02 -1.045395e-01 3.954272e-02 -6.970374e-02 1.911087e-02 4.661680e-02 -4.479025e-03
<VARIANCE> 25
 1.024512e+01 2.056549e+01 2.063220e+01 4.032798e+01 3.087771e+01 4.396940e+01 5.442783e+01 4.430888e+01 4.448829e+01 4.208688e+01 4.282662e+01 3.535083e+01 9.610595e-02 3.311696e-01 3.177711e-01 5.057927e-01 5.078038e-01 6.235242e-01 6.579088e-01 8.795270e-01 1.156235e+00 7.457750e-01 7.290868e-01 6.292177e-01 7.704354e-05
<GCONST> 7.050917e+01
<MIXTURE> 25 1.118642e-02
<MEAN> 25
 2.944885e-01 3.458790e+00 1.677501e+01 -1.030740e+00 -1.132710e+01 -1.760251e+00 -4.986462e+00 -2.919710e+00 -6.940753e+00 -5.437544e+00 4.103233e+00 -1.642568e+00 -1.343180e-01 4.387670e-01 1.689752e-01 1.518524e-01 2.149884e-01 1.077558e-01 1.920994e-01 -1.689464e-01 -2.491059e-01 7.266057e-02 -7.418782e-02 -1.064558e-01 -1.288861e-02
<VARIANCE> 25
 8.834032e+00 2.244437e+01 2.091057e+01 2.864202e+01 3.158193e+01 4.104519e+01 2.734515e+01 3.035026e+01 2.832810e+01 3.665170e+01 2.091239e+01 2.756185e+01 5.958322e-01 1.445954e+00 1.403912e+00 1.382571e+00 2.285257e+00 2.036483e+00 1.750575e+00 1.628058e+00 1.538442e+00 1.649410e+00 1.346946e+00 1.296293e+00 1.286005e-03
<GCONST> 8.275394e+01
<MIXTURE> 26 7.727677e-03
<MEAN> 25
 1.986473e+00 -5.906132e+00 -9.870411e+00 -1.475328e+00 7.349386e+00 5.556224e+00 3.840709e+00 8.954124e-01 2.115894e+00 -6.527671e-01 -2.236063e+00 -1.298476e+00 -7.749305e-01 7.510307e-01 5.575637e-01 7.885635e-01 2.426770e-01 2.026723e-01 4.178553e-01 4.323572e-01 1.085122e-01 -1.737815e-02 4.404332e-01 4.066781e-01 -5.071173e-02
<VARIANCE> 25
 2.211718e+01 3.896766e+01 2.971583e+01 6.630073e+01 3.582990e+01 4.181931e+01 4.184677e+01 4.696806e+01 3.511216e+01 4.748066e+01 3.684868e+01 4.047721e+01 1.506273e+00 1.770346e+00 1.927994e+00 1.860289e+00 2.066057e+00 2.169832e+00 2.875836e+00 2.776542e+00 2.209192e+00 2.426011e+00 1.914068e+00 1.748107e+00 2.950148e-03
<GCONST> 9.281055e+01
<MIXTURE> 27 7.727677e-03
<MEAN> 25
 1.986473e+00 -5.906132e+00 -9.870411e+00 -1.475328e+00 7.349386e+00 5.556224e+00 3.840709e+00 8.954124e-01 2.115894e+00 -6.527671e-01 -2.236063e+00 -1.298476e+00 -7.749305e-01 7.510307e-01 5.575637e-01 7.885635e-01 2.426770e-01 2.026723e-01 4.178553e-01 4.323572e-01 1.085122e-01 -1.737815e-02 4.404332e-01 4.066781e-01 -5.071173e-02
<VARIANCE> 25
 2.211718e+01 3.896766e+01 2.971583e+01 6.630073e+01 3.582990e+01 4.181931e+01 4.184677e+01 4.696806e+01 3.511216e+01 4.748066e+01 3.684868e+01 4.047721e+01 1.506273e+00 1.770346e+00 1.927994e+00 1.860289e+00 2.066057e+00 2.169832e+00 2.875836e+00 2.776542e+00 2.209192e+00 2.426011e+00 1.914068e+00 1.748107e+00 2.950148e-03
<GCONST> 9.281055e+01
<MIXTURE> 28 5.036674e-03
<MEAN> 25
 -5.504528e+00 2.828682e-01 -1.458240e+00 6.383612e+00 5.364294e+00 3.275650e+00 5.474504e+00 3.005411e+00 3.931807e+00 2.332683e+00 2.416858e+00 3.026901e+00 -1.058768e-01 2.062448e-01 5.035492e-01 8.017191e-01 8.087915e-01 6.788070e-01 5.035681e-01 3.847010e-01 4.495589e-01 4.793115e-01 3.647273e-01 2.219112e-01 -5.510507e-05
<VARIANCE> 25
 1.010049e+01 9.958572e+00 1.187654e+01 1.539759e+01 1.442488e+01 1.814834e+01 1.726473e+01 1.844069e+01 1.660520e+01 1.614026e+01 2.059122e+01 1.497098e+01 2.523108e-01 3.397841e-01 4.143222e-01 4.511686e-01 6.051185e-01 8.210520e-01 1.028641e+00 1.113484e+00 1.067263e+00 1.001235e+00 9.912715e-01 1.070125e+00 1.020712e-06
<GCONST> 6.005248e+01
<MIXTURE> 29 5.036674e-03
<MEAN> 25
 -5.504528e+00 2.828682e-01 -1.458240e+00 6.383612e+00 5.364294e+00 3.275650e+00 5.474504e+00 3.005411e+00 3.931807e+00 2.332683e+00 2.416858e+00 3.026901e+00 -1.058768e-01 2.062448e-01 5.035492e-01 8.017191e-01 8.087915e-01 6.788070e-01 5.035681e-01 3.847010e-01 4.495589e-01 4.793115e-01 3.647273e-01 2.219112e-01 -5.510507e-05
<VARIANCE> 25
 1.010049e+01 9.958572e+00 1.187654e+01 1.539759e+01 1.442488e+01 1.814834e+01 1.726473e+01 1.844069e+01 1.660520e+01 1.614026e+01 2.059122e+01 1.497098e+01 2.523108e-01 3.397841e-01 4.143222e-01 4.511686e-01 6.051185e-01 8.210520e-01 1.028641e+00 1.113484e+00 1.067263e+00 1.001235e+00 9.912715e-01 1.070125e+00 1.020712e-06
<GCONST> 6.005248e+01
<MIXTURE> 30 8.917812e-03
<MEAN> 25
 -4.633197e+00 3.258790e-01 7.148347e-01 8.859096e+00 7.983543e+00 7.150295e+00 7.741592e+00 6.495549e+00 6.380317e+00 4.741368e+00 6.637041e+00 3.196287e+00 -2.441173e-02 3.732887e-02 9.368800e-02 1.180923e-01 6.626631e-02 1.742309e-02 -3.732763e-02 -1.959421e-02 5.606966e-02 3.269943e-02 7.740199e-02 6.215246e-02 -1.885286e-04
<VARIANCE> 25
 6.825904e+00 1.349530e+01 1.003393e+01 1.382710e+01 1.571242e+01 1.752842e+01 1.854609e+01 1.945120e+01 1.581422e+01 1.815221e+01 2.223208e+01 1.560410e+01 9.199072e-02 1.919142e-01 3.829485e-01 4.844275e-01 5.951492e-01 7.219906e-01 7.958815e-01 8.021369e-01 8.693817e-01 9.898912e-01 8.961505e-01 8.428115e-01 5.211053e-05
<GCONST> 6.110999e+01
<MIXTURE> 31 4.136493e-03
<MEAN> 25
 -3.296209e+00 -5.695451e+00 1.105189e-01 4.869385e+00 3.661738e+00 1.687541e+00 5.261220e+00 6.678930e+00 2.688699e+00 1.239019e+00 6.498983e+00 3.126329e+00 2.537508e-01 4.749368e-01 -2.105522e-01 3.054811e-01 1.149454e-01 4.222064e-01 1.838877e-01 1.523993e-02 3.717970e-01 3.809611e-01 1.077907e-01 1.195048e-01 -1.830658e-02
<VARIANCE> 25
 7.134958e+00 1.539238e+01 1.775135e+01 1.792856e+01 2.558919e+01 2.374145e+01 2.389269e+01 2.540521e+01 2.614123e+01 2.790862e+01 2.035785e+01 1.876823e+01 1.940348e-01 4.905106e-01 6.030505e-01 7.693503e-01 9.850521e-01 1.088687e+00 1.253726e+00 1.393805e+00 1.347149e+00 1.310451e+00 1.240356e+00 1.129518e+00 2.608587e-04
<GCONST> 7.192676e+01
<MIXTURE> 32 4.136493e-03
<MEAN> 25
 -3.296209e+00 -5.695451e+00 1.105189e-01 4.869385e+00 3.661738e+00 1.687541e+00 5.261220e+00 6.678930e+00 2.688699e+00 1.239019e+00 6.498983e+00 3.126329e+00 2.537508e-01 4.749368e-01 -2.105522e-01 3.054811e-01 1.149454e-01 4.222064e-01 1.838877e-01 1.523993e-02 3.717970e-01 3.809611e-01 1.077907e-01 1.195048e-01 -1.830658e-02
<VARIANCE> 25
 7.134958e+00 1.539238e+01 1.775135e+01 1.792856e+01 2.558919e+01 2.374145e+01 2.389269e+01 2.540521e+01 2.614123e+01 2.790862e+01 2.035785e+01 1.876823e+01 1.940348e-01 4.905106e-01 6.030505e-01 7.693503e-01 9.850521e-01 1.088687e+00 1.253726e+00 1.393805e+00 1.347149e+00 1.310451e+00 1.240356e+00 1.129518e+00 2.608587e-04
<GCONST> 7.192676e+01
<MIXTURE> 33 1.508826e-02
<MEAN> 25
 6.015469e+00 -5.232052e+00 -1.732876e+00 -1.684747e+00 -1.763430e+00 -3.751619e+00 -6.695111e+00 1.084232e+00 2.589481e+00 3.350634e-01 -4.228179e+00 -2.609538e+00 5.737666e-01 -1.246468e+00 -2.090531e+00 -2.037916e+00 1.197114e+00 1.683475e+00 -1.072088e+00 8.796183e-01 7.081500e-01 2.778711e-01 3.946260e-01 -1.303012e+00 3.958433e-02
<VARIANCE> 25
 9.075480e+00 2.281121e+01 2.431179e+01 3.558408e+01 3.366008e+01 4.498647e+01 5.860543e+01 4.236175e+01 3.200993e+01 3.690039e+01 3.097102e+01 2.544584e+01 9.288910e-01 1.602221e+00 2.182873e+00 2.048123e+00 4.417600e+00 2.990958e+00 4.130919e+00 4.854954e+00 3.344889e+00 4.290513e+00 4.335366e+00 2.232483e+00 1.234778e-03
<GCONST> 9.263802e+01
<MIXTURE> 34 1.588179e-02
<MEAN> 25
 8.027129e+00 -1.797733e+00 3.097879e-01 2.395085e+00 -3.556975e+00 -1.576867e+00 -6.211233e+00 -4.798452e+00 -8.922255e-01 5.732353e-01 -2.053672e+00 -2.916262e+00 9.218778e-03 1.390465e+00 1.244643e+00 2.552838e+00 2.050179e-01 -7.603496e-01 1.092467e+00 -1.599010e+00 -4.123133e-01 -1.942217e-03 -9.799271e-01 2.602341e-01 -6.257029e-02
<VARIANCE> 25
 8.659657e+00 4.052237e+01 2.413834e+01 4.831548e+01 3.894888e+01 4.282062e+01 5.813246e+01 5.048677e+01 4.674218e+01 3.659367e+01 5.230206e+01 2.810028e+01 1.050197e+00 1.930831e+00 3.948212e+00 3.905445e+00 6.037924e+00 6.528394e+00 4.819788e+00 6.510985e+00 5.030461e+00 4.504683e+00 5.095647e+00 3.531775e+00 1.068183e-03
<GCONST> 9.874208e+01
<MIXTURE> 35 1.467755e-02
<MEAN> 25
 -1.916628e+00 -5.941802e+00 -9.893665e+00 -1.099703e+00 9.162378e+00 -1.002815e+00 3.463629e-01 1.832882e+00 2.080614e+00 4.952125e+00 -1.083770e+00 6.690388e-01 6.776840e-01 -1.842017e+00 -1.473593e+00 -1.735183e+00 6.750410e-02 -2.392555e-01 -8.799587e-01 3.377581e-01 1.815601e-01 6.746605e-01 -3.215993e-01 -6.877335e-01 1.105208e-01
<VARIANCE> 25
 1.521977e+01 3.780226e+01 3.294611e+01 5.667135e+01 3.372063e+01 5.887440e+01 5.404298e+01 3.310551e+01 3.803080e+01 3.338626e+01 3.024258e+01 2.551775e+01 2.505917e+00 4.969641e+00 6.865033e+00 4.298181e+00 4.223136e+00 5.570208e+00 4.372548e+00 3.880379e+00 3.960425e+00 4.720294e+00 3.188600e+00 3.300010e+00 5.106026e-03
<GCONST> 1.006125e+02
<MIXTURE> 36 1.093293e-02
<MEAN> 25
 4.183361e+00 -4.189599e+00 6.765687e+00 3.293060e+00 -9.199759e+00 -8.574730e+00 -6.656833e+00 4.306820e+00 -3.158132e+00 -4.029285e+00 2.753177e+00 -6.049291e-01 3.651809e-01 2.969327e-01 -8.381501e-01 1.011791e-01 8.803352e-01 -5.295983e-02 -2.755975e-01 -1.208852e-01 3.569910e-01 4.939137e-01 -5.373292e-01 -3.228243e-01 -1.951546e-02
<VARIANCE> 25
 1.031598e+01 1.484386e+01 1.844908e+01 2.586813e+01 2.884148e+01 2.960021e+01 4.205852e+01 3.420816e+01 3.712655e+01 2.706744e+01 2.242712e+01 2.456198e+01 4.209837e-01 8.114145e-01 1.403966e+00 1.099719e+00 1.685414e+00 1.410926e+00 2.191196e+00 1.593029e+00 1.972007e+00 1.437680e+00 1.231344e+00 1.365087e+00 9.336409e-04
<GCONST> 8.045305e+01
<MIXTURE> 37 1.246826e-02
<MEAN> 25
 6.012518e-01 7.758219e+00 1.184744e+01 -5.602839e+00 -7.967787e+00 -1.039001e+00 -4.982469e+00 -8.258664e+00 -3.742609e+00 -9.574103e-01 -3.578982e+00 -1.228800e+00 1.575248e-01 6.694716e-01 -1.336305e+00 3.552054e+00 1.996373e+00 -3.318025e-01 1.123822e+00 4.307835e-01 5.217567e-01 -3.098898e-01 5.150229e-01 -1.022918e-01 -9.509512e-02
<VARIANCE> 25
 1.590813e+01 2.565795e+01 3.312345e+01 5.038829e+01 3.375668e+01 3.162009e+01 4.429861e+01 3.481879e+01 3.809120e+01 3.557548e+01 3.777805e+01 3.068082e+01 2.950310e+00 3.395368e+00 2.991469e+00 4.092323e+00 4.552653e+00 3.765859e+00 4.212901e+00 3.754717e+00 3.405940e+00 3.584758e+00 3.845432e+00 2.756879e+00 3.869868e-03
<GCONST> 9.768040e+01
<MIXTURE> 38 1.154525e-02
<MEAN> 25
 -4.468269e+00 8.975417e+00 4.591975e+00 3.232004e+00 8.557760e-01 -5.228204e+00 -5.921675e-01 -2.740460e+00 -2.841887e+00 -3.095279e+00 -1.492223e+00 -5.364165e-01 -4.508683e+00 1.252456e+00 -3.080480e-01 1.449903e+00 2.557890e+00 1.390347e+00 2.048614e+00 9.500083e-01 7.857417e-01 6.365370e-01 1.005113e+00 3.277421e-01 4.824082e-02
<VARIANCE> 25
 3.133812e+01 2.947368e+01 3.895987e+01 3.303133e+01 4.874601e+01 3.552133e+01 3.634347e+01 4.154279e+01 3.490285e+01 3.243239e+01 2.423264e+01 2.869435e+01 2.378527e+00 3.932127e+00 3.904075e+00 5.159786e+00 4.244871e+00 5.007990e+00 4.771677e+00 4.638553e+00 4.435174e+00 4.926809e+00 4.383805e+00 3.264102e+00 2.080154e-03
<GCONST> 9.925013e+01
<MIXTURE> 39 9.501865e-03
<MEAN> 25
 1.340278e+00 2.606457e+00 1.021483e+01 -9.220141e+00 -1.129027e+01 -9.895799e-01 -2.965506e+00 -6.575299e+00 -4.523460e+00 8.716714e-01 -3.680081e+00 -2.296157e+00 -7.289842e-01 1.522751e+00 1.626559e+00 -1.390458e+00 7.835109e-02 1.222769e+00 -1.200566e+00 -1.252882e+00 4.291450e-01 4.454609e-01 -5.050175e-01 1.236263e-01 1.317631e-03
<VARIANCE> 25
 8.907332e+00 3.010667e+01 3.165559e+01 3.825510e+01 3.722315e+01 4.270811e+01 4.443901e+01 3.348461e+01 3.944507e+01 3.321397e+01 3.622316e+01 2.944731e+01 6.915962e-01 1.547644e+00 1.512444e+00 2.925798e+00 2.419022e+00 2.822860e+00 3.053109e+00 2.748649e+00 2.437769e+00 2.617976e+00 2.123102e+00 2.070108e+00 1.185153e-03
<GCONST> 8.966418e+01
<MIXTURE> 40 1.030800e-02
<MEAN> 25
 -8.414757e+00 3.616351e+00 -6.259962e-01 6.963264e+00 4.996219e+00 3.896463e+00 5.857352e+00 3.066827e+00 4.438569e+00 3.789558e+00 4.398151e+00 1.367967e+00 -1.262218e-01 -1.732847e-01 8.149493e-03 -1.347592e-01 -1.129412e-01 -1.108355e-01 1.800317e-02 1.760753e-02 6.647500e-02 -4.862249e-02 4.506538e-03 4.569458e-02 1.942812e-03
<VARIANCE> 25
 3.440466e+01 2.598558e+01 2.428030e+01 2.621665e+01 2.544351e+01 2.178575e+01 1.729715e+01 1.758217e+01 1.470947e+01 1.603301e+01 1.896837e+01 1.354015e+01 5.993451e-01 6.035725e-01 9.100683e-01 1.010152e+00 9.669434e-01 1.231626e+00 1.331940e+00 1.171211e+00 1.173658e+00 1.266317e+00 1.124196e+00 9.815115e-01 6.961859e-04
<GCONST> 7.498863e+01
<MIXTURE> 41 6.713375e-03
<MEAN> 25
 1.313220e+00 1.823453e+00 1.039633e+01 -6.994317e+00 -1.042484e+01 -3.807134e+00 -2.496037e+00 -5.009108e+00 -4.622322e+00 2.584730e+00 -1.681955e+00 -9.289746e-01 9.415348e-02 -7.632666e-01 1.693941e+00 -3.530332e+00 -2.480326e+00 -1.140681e-01 -5.138788e-01 -3.748616e-01 -8.224985e-01 1.074983e+00 -1.037117e+00 1.026581e-01 8.619652e-02
<VARIANCE> 25
 1.161126e+01 2.976087e+01 3.326411e+01 3.991320e+01 3.865804e+01 4.022578e+01 3.690386e+01 2.980508e+01 3.293532e+01 2.921472e+01 3.212156e+01 2.707557e+01 3.194886e+00 3.288491e+00 3.799587e+00 3.851536e+00 4.900894e+00 5.842532e+00 4.691443e+00 4.571686e+00 3.995811e+00 4.204901e+00 3.816133e+00 3.249068e+00 2.909354e-03
<GCONST> 9.792775e+01
<MIXTURE> 42 1.106211e-02
<MEAN> 25
 -2.038743e+00 4.302584e+00 4.307880e+00 3.009773e+00 6.725867e-01 -6.889087e+00 -1.114372e+00 -1.319002e+00 -1.405148e+00 -1.771666e+00 -1.935608e+00 1.075098e+00 3.888139e+00 -4.679317e-01 1.402742e+00 2.978505e-01 -2.700633e+00 -1.083552e+00 -2.324531e+00 -6.390539e-01 -9.523113e-01 -6.907524e-01 4.646257e-01 -1.047212e+00 1.795333e-02
<VARIANCE> 25
 3.294008e+01 1.976634e+01 4.319686e+01 2.465954e+01 3.683335e+01 3.920131e+01 3.479229e+01 2.686312e+01 2.585106e+01 2.665637e+01 2.017567e+01 1.638883e+01 3.788660e+00 4.561228e+00 5.668648e+00 4.478291e+00 4.965161e+00 5.424433e+00 4.606101e+00 5.021357e+00 4.831512e+00 4.360630e+00 3.908338e+00 3.177066e+00 4.470786e-03
<GCONST> 9.852314e+01
<MIXTURE> 43 7.108249e-03
<MEAN> 25
 3.165675e+00 -6.308732e+00 -2.242458e+00 -5.162485e+00 -7.374088e+00 -3.395763e+00 4.141960e+00 1.318806e+00 -5.048477e+00 -7.075695e+00 -4.320965e+00 -1.250652e+00 2.358027e-01 2.163170e+00 1.912836e+00 -1.301708e-01 -1.427046e+00 -7.939610e-01 -9.628013e-01 -7.830119e-01 8.207222e-01 1.466786e+00 3.415331e-01 2.328266e-02 -4.511812e-02
<VARIANCE> 25
 9.585227e+00 1.967997e+01 2.733522e+01 3.544880e+01 3.865943e+01 3.660264e+01 3.324131e+01 3.985160e+01 3.968002e+01 3.873687e+01 2.652839e+01 2.949765e+01 6.924522e-01 1.249780e+00 1.570569e+00 2.498645e+00 2.377974e+00 2.379966e+00 2.676030e+00 3.031636e+00 2.604769e+00 2.575531e+00 2.330765e+00 1.918991e+00 9.428766e-04
<GCONST> 8.799128e+01
<MIXTURE> 44 7.328289e-03
<MEAN> 25
 -1.413090e+01 2.408269e+00 3.116846e+00 -3.181352e+00 3.353237e+00 1.697599e+00 7.078688e-01 2.069859e+00 1.449863e+00 -6.337495e-01 1.838566e+00 2.164482e+00 -2.050226e-01 -2.434607e-02 1.557207e-01 3.388378e-01 -5.142371e-02 2.216703e-01 4.336403e-01 9.902800e-02 2.946178e-01 1.387669e-01 7.017131e-02 6.716466e-02 1.759515e-03
<VARIANCE> 25
 5.113437e+01 3.220692e+01 3.386130e+01 2.933527e+01 2.789620e+01 2.916374e+01 2.762097e+01 3.063355e+01 2.608074e+01 2.538114e+01 2.560445e+01 1.877644e+01 1.147065e+00 1.465833e+00 1.317135e+00 1.279261e+00 2.028219e+00 1.580357e+00 1.465340e+00 1.543067e+00 1.504729e+00 1.443909e+00 1.386126e+00 1.188321e+00 1.306748e-03
<GCONST> 8.402415e+01
<MIXTURE> 45 1.364932e-02
<MEAN> 25
 -1.225405e+01 3.523141e+00 -1.223318e+00 2.815528e+00 5.697481e+00 2.007764e-02 4.778699e+00 2.776157e+00 3.266175e+00 2.151591e+00 2.340421e+00 2.588137e+00 -2.886690e+00 5.747815e-01 -4.793461e-01 -5.321127e-01 2.010577e-01 -1.869989e-03 4.513542e-01 6.412346e-02 -6.519839e-02 -7.281993e-02 2.552064e-01 9.272686e-02 1.164710e-01
<VARIANCE> 25
 3.458354e+01 3.042871e+01 3.045692e+01 3.485181e+01 3.109960e+01 2.932369e+01 2.923458e+01 2.643797e+01 2.463858e+01 2.304724e+01 2.769301e+01 1.537941e+01 2.519048e+00 3.074878e+00 2.854630e+00 2.650804e+00 2.464934e+00 2.619162e+00 2.292772e+00 2.254308e+00 2.115151e+00 2.094216e+00 1.972429e+00 1.660333e+00 4.346492e-03
<GCONST> 9.054971e+01
<MIXTURE> 46 9.336259e-03
<MEAN> 25
 -9.351635e+00 2.340731e+00 1.207757e+00 7.503936e+00 5.919865e+00 3.240854e+00 7.054443e+00 4.461271e+00 5.651742e+00 4.632842e+00 4.965111e+00 2.898767e+00 1.031211e+00 -2.226132e-01 5.371910e-02 9.890362e-01 5.999442e-01 9.405074e-01 3.893773e-01 6.510922e-01 4.736032e-01 5.067852e-01 6.475263e-01 5.329662e-01 -1.047483e-01
<VARIANCE> 25
 3.463570e+01 4.410625e+01 3.820571e+01 4.990213e+01 5.033303e+01 4.128592e+01 3.666965e+01 3.530925e+01 3.308097e+01 3.085154e+01 2.834274e+01 2.015181e+01 3.924461e+00 4.122236e+00 3.848712e+00 4.100795e+00 4.132878e+00 3.656420e+00 3.383192e+00 3.132102e+00 2.960445e+00 2.841290e+00 2.291211e+00 1.776806e+00 7.920654e-03
<GCONST> 9.822628e+01
<MIXTURE> 47 7.116147e-03
<MEAN> 25
 6.855071e+00 -8.306482e+00 -6.830983e+00 -6.435312e+00 1.417257e+00 1.406099e+00 -2.616775e+00 1.856902e+00 2.996237e+00 5.985704e-01 -3.624337e+00 -6.755972e+00 -1.419284e-01 -1.236674e+00 -6.310374e-01 -5.181265e-01 4.703084e-01 1.064198e+00 5.220829e-01 5.985247e-01 4.276270e-02 -8.250790e-01 -4.052444e-01 -5.202506e-01 3.069958e-02
<VARIANCE> 25
 1.078120e+01 2.626261e+01 2.386444e+01 3.051541e+01 3.188712e+01 4.880172e+01 4.064449e+01 3.928002e+01 3.792703e+01 4.323355e+01 4.586506e+01 2.946965e+01 4.725477e-01 7.044626e-01 1.104463e+00 1.638658e+00 2.158476e+00 2.708939e+00 2.699687e+00 2.616945e+00 2.156620e+00 1.934290e+00 2.290380e+00 1.836762e+00 4.967994e-04
<GCONST> 8.599248e+01
<MIXTURE> 48 7.116147e-03
<MEAN> 25
 6.855071e+00 -8.306482e+00 -6.830983e+00 -6.435312e+00 1.417257e+00 1.406099e+00 -2.616775e+00 1.856902e+00 2.996237e+00 5.985704e-01 -3.624337e+00 -6.755972e+00 -1.419284e-01 -1.236674e+00 -6.310374e-01 -5.181265e-01 4.703084e-01 1.064198e+00 5.220829e-01 5.985247e-01 4.276270e-02 -8.250790e-01 -4.052444e-01 -5.202506e-01 3.069958e-02
<VARIANCE> 25
 1.078120e+01 2.626261e+01 2.386444e+01 3.051541e+01 3.188712e+01 4.880172e+01 4.064449e+01 3.928002e+01 3.792703e+01 4.323355e+01 4.586506e+01 2.946965e+01 4.725477e-01 7.044626e-01 1.104463e+00 1.638658e+00 2.158476e+00 2.708939e+00 2.699687e+00 2.616945e+00 2.156620e+00 1.934290e+00 2.290380e+00 1.836762e+00 4.967994e-04
<GCONST> 8.599248e+01
<MIXTURE> 49 5.548473e-03
<MEAN> 25
 -5.223905e+00 1.063867e+00 2.948290e-01 8.181817e+00 6.520577e+00 5.252997e+00 6.357872e+00 4.063530e+00 4.891366e+00 3.335129e+00 4.469557e+00 2.650656e+00 3.290130e-01 6.160683e-01 6.301505e-01 3.462806e-01 -1.755196e-01 -6.378295e-01 -1.029145e+00 -1.104452e+00 -8.349836e-01 -7.150588e-01 -4.821077e-01 -2.340897e-01 9.862496e-06
<VARIANCE> 25
 9.083518e+00 1.519188e+01 1.401634e+01 1.543780e+01 1.632576e+01 1.716008e+01 1.903129e+01 1.985906e+01 1.720817e+01 1.827288e+01 2.119212e+01 1.404621e+01 2.753742e-01 2.702840e-01 4.035509e-01 5.682424e-01 8.261091e-01 9.903688e-01 1.005621e+00 9.917681e-01 1.276358e+00 1.288637e+00 1.187722e+00 1.127917e+00 1.501840e-05
<GCONST> 6.467789e+01
<MIXTURE> 50 6.234641e-03
<MEAN> 25
 -4.863792e+00 7.685809e-01 -1.092196e+00 6.129419e+00 4.654847e+00 1.979086e+00 3.971973e+00 1.675493e+00 2.638182e+00 1.157932e+00 1.937138e+00 2.606019e+00 6.951953e-02 1.543570e-01 1.073006e-01 -1.531422e-01 -5.167333e-01 -6.600705e-01 -5.150195e-01 -1.206271e-01 4.119327e-01 8.062755e-01 7.091238e-01 4.840559e-01 7.242124e-07
<VARIANCE> 25
 1.041131e+01 1.543828e+01 1.466020e+01 1.454161e+01 1.667313e+01 1.842928e+01 1.788927e+01 1.925166e+01 1.743981e+01 1.737823e+01 2.084840e+01 1.468102e+01 1.403325e-01 2.391506e-01 3.673591e-01 5.142545e-01 5.825153e-01 7.478015e-01 1.028261e+00 1.113402e+00 1.009426e+00 8.857102e-01 8.938067e-01 9.806762e-01 1.137459e-06
<GCONST> 5.970909e+01
<MIXTURE> 51 6.234641e-03
<MEAN> 25
 -4.863792e+00 7.685809e-01 -1.092196e+00 6.129419e+00 4.654847e+00 1.979086e+00 3.971973e+00 1.675493e+00 2.638182e+00 1.157932e+00 1.937138e+00 2.606019e+00 6.951953e-02 1.543570e-01 1.073006e-01 -1.531422e-01 -5.167333e-01 -6.600705e-01 -5.150195e-01 -1.206271e-01 4.119327e-01 8.062755e-01 7.091238e-01 4.840559e-01 7.242124e-07
<VARIANCE> 25
 1.041131e+01 1.543828e+01 1.466020e+01 1.454161e+01 1.667313e+01 1.842928e+01 1.788927e+01 1.925166e+01 1.743981e+01 1.737823e+01 2.084840e+01 1.468102e+01 1.403325e-01 2.391506e-01 3.673591e-01 5.142545e-01 5.825153e-01 7.478015e-01 1.028261e+00 1.113402e+00 1.009426e+00 8.857102e-01 8.938067e-01 9.806762e-01 1.137459e-06
<GCONST> 5.970909e+01
<MIXTURE> 52 6.367945e-03
<MEAN> 25
 9.073995e+00 1.357208e+00 -5.837893e+00 -1.352064e+01 -6.256668e+00 9.302561e+00 -3.417034e+00 -2.949036e+00 -4.486639e+00 -2.010194e+00 4.120328e+00 1.313816e+00 -3.195759e-01 -6.738651e-01 -9.861945e-02 1.197327e+00 1.146834e+00 -4.902894e-01 -5.670279e-01 -5.910785e-01 3.262157e-02 1.306041e+00 5.431215e-01 -6.082653e-01 -9.606075e-03
<VARIANCE> 25
 1.146503e+01 2.045539e+01 2.138168e+01 3.393793e+01 5.375314e+01 2.940071e+01 4.027122e+01 4.009311e+01 3.533937e+01 3.926179e+01 3.570501e+01 2.610999e+01 4.020241e-01 1.751452e+00 1.244633e+00 2.376367e+00 2.313992e+00 2.487509e+00 2.681883e+00 2.473804e+00 2.755909e+00 2.290453e+00 2.291109e+00 1.915897e+00 1.574073e-03
<GCONST> 8.806045e+01
<MIXTURE> 53 6.367945e-03
<MEAN> 25
 9.073995e+00 1.357208e+00 -5.837893e+00 -1.352064e+01 -6.256668e+00 9.302561e+00 -3.417034e+00 -2.949036e+00 -4.486639e+00 -2.010194e+00 4.120328e+00 1.313816e+00 -3.195759e-01 -6.738651e-01 -9.861945e-02 1.197327e+00 1.146834e+00 -4.902894e-01 -5.670279e-01 -5.910785e-01 3.262157e-02 1.306041e+00 5.431215e-01 -6.082653e-01 -9.606075e-03
<VARIANCE> 25
 1.146503e+01 2.045539e+01 2.138168e+01 3.393793e+01 5.375314e+01 2.940071e+01 4.027122e+01 4.009311e+01 3.533937e+01 3.926179e+01 3.570501e+01 2.610999e+01 4.020241e-01 1.751452e+00 1.244633e+00 2.376367e+00 2.313992e+00 2.487509e+00 2.681883e+00 2.473804e+00 2.755909e+00 2.290453e+00 2.291109e+00 1.915897e+00 1.574073e-03
<GCONST> 8.806045e+01
<MIXTURE> 54 7.368620e-03
<MEAN> 25
 -3.657197e+00 1.082702e-01 -6.678845e-01 7.999342e+00 6.507807e+00 4.587447e+00 4.692458e+00 4.563450e+00 4.033688e+00 3.570178e+00 4.417720e+00 2.304119e+00 -1.920127e-03 2.924566e-02 3.068543e-02 5.469559e-02 5.624653e-02 4.907291e-02 3.627158e-02 2.750248e-02 3.457278e-02 2.749533e-02 1.452660e-02 2.461205e-03 -1.682196e-05
<VARIANCE> 25
 9.139562e+00 1.074656e+01 9.264570e+00 1.825356e+01 1.331189e+01 1.364134e+01 1.192247e+01 1.138647e+01 1.135135e+01 1.352575e+01 1.788136e+01 1.250507e+01 4.072455e-02 9.099805e-02 1.561008e-01 2.318928e-01 3.090734e-01 3.947241e-01 4.600929e-01 5.209632e-01 5.401808e-01 5.195594e-01 5.111183e-01 5.187334e-01 1.001285e-06
<GCONST> 4.736001e+01
<MIXTURE> 55 7.368620e-03
<MEAN> 25
 -3.657197e+00 1.082702e-01 -6.678845e-01 7.999342e+00 6.507807e+00 4.587447e+00 4.692458e+00 4.563450e+00 4.033688e+00 3.570178e+00 4.417720e+00 2.304119e+00 -1.920127e-03 2.924566e-02 3.068543e-02 5.469559e-02 5.624653e-02 4.907291e-02 3.627158e-02 2.750248e-02 3.457278e-02 2.749533e-02 1.452660e-02 2.461205e-03 -1.682196e-05
<VARIANCE> 25
 9.139562e+00 1.074656e+01 9.264570e+00 1.825356e+01 1.331189e+01 1.364134e+01 1.192247e+01 1.138647e+01 1.135135e+01 1.352575e+01 1.788136e+01 1.250507e+01 4.072455e-02 9.099805e-02 1.561008e-01 2.318928e-01 3.090734e-01 3.947241e-01 4.600929e-01 5.209632e-01 5.401808e-01 5.195594e-01 5.111183e-01 5.187334e-01 1.001285e-06
<GCONST> 4.736001e+01
<MIXTURE> 56 6.132464e-03
<MEAN> 25
 7.353850e+00 -7.182219e+00 -8.809561e+00 -8.498610e+00 3.743742e+00 4.136211e+00 -2.465074e+00 -9.463658e-01 1.964905e+00 8.805084e-01 -2.519446e+00 -7.198426e+00 -1.283645e-02 5.458008e-02 -1.212110e-01 3.416715e-02 2.735665e-01 1.303290e-01 6.101571e-02 -8.006132e-02 -7.468366e-02 -2.752549e-02 -1.226734e-01 3.461965e-02 -6.922123e-03
<VARIANCE> 25
 9.802782e+00 2.536277e+01 2.141322e+01 4.005517e+01 3.270332e+01 4.948474e+01 6.079691e+01 4.120333e+01 3.742838e+01 3.759580e+01 3.908935e+01 2.994909e+01 1.985597e-01 4.600881e-01 4.677466e-01 7.536970e-01 7.641649e-01 1.198354e+00 9.345020e-01 9.611246e-01 9.210095e-01 8.956121e-01 1.028519e+00 7.537610e-01 2.357961e-04
<GCONST> 7.531636e+01
<MIXTURE> 57 6.132464e-03
<MEAN> 25
 7.353850e+00 -7.182219e+00 -8.809561e+00 -8.498610e+00 3.743742e+00 4.136211e+00 -2.465074e+00 -9.463658e-01 1.964905e+00 8.805084e-01 -2.519446e+00 -7.198426e+00 -1.283645e-02 5.458008e-02 -1.212110e-01 3.416715e-02 2.735665e-01 1.303290e-01 6.101571e-02 -8.006132e-02 -7.468366e-02 -2.752549e-02 -1.226734e-01 3.461965e-02 -6.922123e-03
<VARIANCE> 25
 9.802782e+00 2.536277e+01 2.141322e+01 4.005517e+01 3.270332e+01 4.948474e+01 6.079691e+01 4.120333e+01 3.742838e+01 3.759580e+01 3.908935e+01 2.994909e+01 1.985597e-01 4.600881e-01 4.677466e-01 7.536970e-01 7.641649e-01 1.198354e+00 9.345020e-01 9.611246e-01 9.210095e-01 8.956121e-01 1.028519e+00 7.537610e-01 2.357961e-04
<GCONST> 7.531636e+01
<MIXTURE> 58 6.172147e-03
<MEAN> 25
 2.327265e+00 -3.615618e+00 7.545572e+00 -4.774875e+00 -1.300009e+01 -5.084977e+00 1.405794e+00 1.757420e+00 -2.681373e+00 1.861078e+00 7.291189e-01 -7.410396e-01 -5.125339e-02 -1.927852e-01 -3.858531e-02 -1.835415e-01 -1.231726e-01 1.503721e-01 2.646236e-01 2.411523e-01 4.593214e-02 -8.460426e-02 -7.229546e-02 -7.243804e-02 8.849260e-05
<VARIANCE> 25
 7.466580e+00 1.634597e+01 1.908087e+01 2.745760e+01 2.356404e+01 4.512877e+01 3.054641e+01 4.044957e+01 3.039448e+01 2.897989e+01 2.165549e+01 1.873585e+01 2.946529e-01 8.003728e-01 7.266611e-01 9.559884e-01 1.048571e+00 1.184716e+00 1.210423e+00 1.194246e+00 1.002089e+00 1.082704e+00 8.445336e-01 8.748356e-01 8.045659e-04
<GCONST> 7.531791e+01
<MIXTURE> 59 6.172147e-03
<MEAN> 25
 2.327265e+00 -3.615618e+00 7.545572e+00 -4.774875e+00 -1.300009e+01 -5.084977e+00 1.405794e+00 1.757420e+00 -2.681373e+00 1.861078e+00 7.291189e-01 -7.410396e-01 -5.125339e-02 -1.927852e-01 -3.858531e-02 -1.835415e-01 -1.231726e-01 1.503721e-01 2.646236e-01 2.411523e-01 4.593214e-02 -8.460426e-02 -7.229546e-02 -7.243804e-02 8.849260e-05
<VARIANCE> 25
 7.466580e+00 1.634597e+01 1.908087e+01 2.745760e+01 2.356404e+01 4.512877e+01 3.054641e+01 4.044957e+01 3.039448e+01 2.897989e+01 2.165549e+01 1.873585e+01 2.946529e-01 8.003728e-01 7.266611e-01 9.559884e-01 1.048571e+00 1.184716e+00 1.210423e+00 1.194246e+00 1.002089e+00 1.082704e+00 8.445336e-01 8.748356e-01 8.045659e-04
<GCONST> 7.531791e+01
<MIXTURE> 60 4.479129e-03
<MEAN> 25
 -4.272944e+00 -6.362123e-01 -1.078632e+00 3.690617e+00 1.753750e+00 2.098882e+00 1.655392e+00 1.525397e+00 2.167053e+00 1.261959e+00 2.362543e+00 1.904659e+00 -2.801339e-02 5.576334e-02 1.015855e-01 1.331860e-01 1.306934e-01 1.291122e-01 1.789860e-01 3.233854e-01 5.456607e-01 6.625767e-01 5.548932e-01 3.050621e-01 -3.847198e-04
<VARIANCE> 25
 6.956927e+00 4.716740e+00 1.024522e+01 1.130936e+01 1.367881e+01 1.702708e+01 1.401866e+01 1.183538e+01 1.270258e+01 1.317331e+01 1.601493e+01 1.228130e+01 8.682168e-02 1.687038e-01 2.790459e-01 4.343343e-01 5.849380e-01 7.259964e-01 8.267127e-01 8.977085e-01 9.003428e-01 8.353808e-01 8.373747e-01 8.625242e-01 2.295250e-05
<GCONST> 5.637314e+01
<MIXTURE> 61 4.479129e-03
<MEAN> 25
 -4.272944e+00 -6.362123e-01 -1.078632e+00 3.690617e+00 1.753750e+00 2.098882e+00 1.655392e+00 1.525397e+00 2.167053e+00 1.261959e+00 2.362543e+00 1.904659e+00 -2.801339e-02 5.576334e-02 1.015855e-01 1.331860e-01 1.306934e-01 1.291122e-01 1.789860e-01 3.233854e-01 5.456607e-01 6.625767e-01 5.548932e-01 3.050621e-01 -3.847198e-04
<VARIANCE> 25
 6.956927e+00 4.716740e+00 1.024522e+01 1.130936e+01 1.367881e+01 1.702708e+01 1.401866e+01 1.183538e+01 1.270258e+01 1.317331e+01 1.601493e+01 1.228130e+01 8.682168e-02 1.687038e-01 2.790459e-01 4.343343e-01 5.849380e-01 7.259964e-01 8.267127e-01 8.977085e-01 9.003428e-01 8.353808e-01 8.373747e-01 8.625242e-01 2.295250e-05
<GCONST> 5.637314e+01
<MIXTURE> 62 3.278034e-03
<MEAN> 25
 -5.091463e+00 1.243071e+00 1.026057e+00 8.817180e+00 6.131733e+00 5.049234e+00 5.500371e+00 4.032590e+00 4.984924e+00 3.917667e+00 4.965252e+00 2.949649e+00 -1.003053e+00 -1.166519e+00 -9.531474e-01 -2.767665e-01 4.274580e-01 1.004964e+00 1.384546e+00 1.552095e+00 1.478586e+00 1.243173e+00 1.066706e+00 7.257473e-01 -1.264966e-03
<VARIANCE> 25
 9.871231e+00 9.970050e+00 1.311374e+01 1.673849e+01 1.741239e+01 1.752964e+01 1.970085e+01 1.911438e+01 1.886339e+01 1.872332e+01 2.156246e+01 1.480584e+01 4.019185e-01 4.321475e-01 5.541251e-01 7.793270e-01 1.034892e+00 1.192234e+00 1.252141e+00 1.278852e+00 1.329795e+00 1.364312e+00 1.400514e+00 1.371665e+00 1.632940e-05
<GCONST> 6.752941e+01
<MIXTURE> 63 4.351215e-03
<MEAN> 25
 -4.695990e+00 -3.130835e-02 -3.568372e+00 3.002016e+00 4.337348e+00 -9.761087e-01 3.463271e+00 1.050540e+00 2.693977e+00 -5.970182e-01 -1.413252e+00 1.726251e+00 -1.242168e-01 2.945796e-01 4.474252e-01 5.259452e-01 3.831331e-01 3.792370e-01 4.564411e-01 1.435249e-01 1.339313e-01 1.541261e-01 2.076724e-01 3.735384e-02 -2.248172e-03
<VARIANCE> 25
 8.285155e+00 2.864438e+01 1.706762e+01 1.366514e+01 1.713995e+01 2.364159e+01 1.991100e+01 2.086165e+01 2.091424e+01 2.073216e+01 1.782294e+01 1.670555e+01 2.278431e-01 3.750923e-01 5.533263e-01 6.172307e-01 8.183044e-01 1.135002e+00 1.198067e+00 1.268730e+00 1.202861e+00 1.298755e+00 1.318842e+00 1.193164e+00 1.724958e-04
<GCONST> 6.971548e+01
<MIXTURE> 64 4.351215e-03
<MEAN> 25
 -4.695990e+00 -3.130835e-02 -3.568372e+00 3.002016e+00 4.337348e+00 -9.761087e-01 3.463271e+00 1.050540e+00 2.693977e+00 -5.970182e-01 -1.413252e+00 1.726251e+00 -1.242168e-01 2.945796e-01 4.474252e-01 5.259452e-01 3.831331e-01 3.792370e-01 4.564411e-01 1.435249e-01 1.339313e-01 1.541261e-01 2.076724e-01 3.735384e-02 -2.248172e-03
<VARIANCE> 25
 8.285155e+00 2.864438e+01 1.706762e+01 1.366514e+01 1.713995e+01 2.364159e+01 1.991100e+01 2.086165e+01 2.091424e+01 2.073216e+01 1.782294e+01 1.670555e+01 2.278431e-01 3.750923e-01 5.533263e-01 6.172307e-01 8.183044e-01 1.135002e+00 1.198067e+00 1.268730e+00 1.202861e+00 1.298755e+00 1.318842e+00 1.193164e+00 1.724958e-04
<GCONST> 6.971548e+01
<MIXTURE> 65 1.721197e-02
<MEAN> 25
 7.655934e+00 1.706760e+00 1.861035e+00 1.475052e+00 -5.296803e+00 -4.061449e+00 -4.881868e+00 -6.538405e+00 -3.357756e+00 -1.606907e+00 -5.944198e+00 -1.627999e+00 1.813679e-01 1.730092e-01 -3.818217e-02 1.504957e-01 -1.709383e-01 2.259098e-01 -3.921677e-02 -3.001687e-01 2.694253e-01 5.335254e-02 -1.144062e-01 -1.470922e-01 -5.199857e-03
<VARIANCE> 25
 1.009109e+01 2.097849e+01 2.371769e+01 3.889243e+01 3.461484e+01 5.341869e+01 6.089563e+01 5.382378e+01 5.269581e+01 5.680601e+01 5.202061e+01 4.706864e+01 5.094014e-01 9.804016e-01 1.528863e+00 1.758124e+00 1.902788e+00 2.080462e+00 2.149330e+00 3.148641e+00 2.619698e+00 2.480066e+00 2.464163e+00 2.047971e+00 3.940045e-04
<GCONST> 8.878725e+01
<MIXTURE> 66 1.191532e-02
<MEAN> 25
 6.135387e+00 -5.373232e+00 -4.852005e+00 -4.279458e+00 1.341350e+00 -3.155934e+00 -6.479669e+00 2.586721e+00 4.456501e-01 -4.484881e-01 -5.821002e+00 -3.894593e+00 5.350161e-03 1.733964e+00 2.120367e+00 2.540272e+00 -1.114001e+00 -1.412977e+00 6.220104e-01 -1.088844e+00 -4.723843e-03 -2.608449e-01 -2.564585e-01 1.199845e+00 -6.478985e-02
<VARIANCE> 25
 8.297726e+00 2.460907e+01 2.428751e+01 3.231715e+01 3.217300e+01 5.726407e+01 4.827143e+01 4.833328e+01 4.637291e+01 6.589506e+01 3.076457e+01 3.082367e+01 1.140237e+00 2.022378e+00 2.012173e+00 2.297153e+00 3.678851e+00 3.653264e+00 4.690368e+00 5.761799e+00 3.715670e+00 4.077519e+00 3.206638e+00 2.794376e+00 1.208804e-03
<GCONST> 9.453891e+01
<MIXTURE> 67 1.559142e-02
<MEAN> 25
 8.397999e+00 2.506338e+00 -5.443510e+00 -8.245426e+00 2.859524e-01 2.666568e+00 -2.694167e+00 -2.329355e+00 -3.960416e+00 1.386735e-01 2.052422e-01 -1.168239e+00 -1.103684e+00 1.871363e+00 9.105489e-01 2.865053e+00 1.516740e+00 -7.154931e-01 1.509892e+00 1.289616e-01 1.398997e-01 2.831086e-01 -3.655497e-01 4.745207e-01 -1.262869e-01
<VARIANCE> 25
 1.227246e+01 3.772023e+01 2.874949e+01 5.090578e+01 4.658178e+01 5.003266e+01 6.132596e+01 4.723305e+01 5.775577e+01 5.268431e+01 5.080025e+01 4.389874e+01 1.932211e+00 3.070806e+00 3.063652e+00 4.345039e+00 4.089405e+00 4.343854e+00 4.416954e+00 4.484262e+00 4.876813e+00 4.297578e+00 4.588431e+00 3.516956e+00 2.764920e-03
<GCONST> 1.009940e+02
<MIXTURE> 68 1.485092e-02
<MEAN> 25
 -2.027623e+00 -2.153128e+00 -3.978880e+00 1.124106e+00 5.183808e+00 -6.363149e-01 2.065620e+00 1.904538e+00 1.816303e+00 1.490349e+00 6.075138e-01 1.756016e+00 2.732639e+00 5.244559e-01 5.345124e-02 -2.506637e+00 -2.405579e+00 -1.560054e+00 -2.351579e+00 -1.771562e+00 -1.612294e+00 -1.453644e+00 -1.914534e+00 -1.006811e+00 1.019588e-01
<VARIANCE> 25
 2.528852e+01 3.302604e+01 5.797677e+01 5.274098e+01 4.568618e+01 5.646742e+01 4.461390e+01 4.136696e+01 4.076479e+01 4.437573e+01 3.701360e+01 2.569128e+01 1.849499e+00 3.688007e+00 5.847564e+00 5.899637e+00 4.631553e+00 5.520253e+00 5.664381e+00 4.966797e+00 4.929741e+00 5.147550e+00 5.032384e+00 3.483083e+00 6.009807e-03
<GCONST> 1.034564e+02
<MIXTURE> 69 1.204884e-02
<MEAN> 25
 4.445648e+00 -4.057045e+00 -3.327357e+00 -3.329058e+00 -3.195621e+00 -7.775138e+00 -1.175616e+00 2.319781e+00 1.345744e-02 -4.550001e+00 -5.474179e+00 7.837719e-01 1.523628e+00 -2.329755e+00 -1.228458e+00 -2.160653e+00 -5.571461e-01 -2.571853e-01 -9.123111e-01 6.506964e-01 -4.679565e-01 -1.287014e+00 -1.958668e+00 -1.545350e-01 6.397317e-02
<VARIANCE> 25
 9.062922e+00 2.229880e+01 2.578270e+01 2.562386e+01 4.120793e+01 3.376450e+01 4.731350e+01 2.979562e+01 3.934095e+01 3.635777e+01 3.005359e+01 2.362998e+01 3.648342e+00 2.884142e+00 3.311298e+00 3.555968e+00 5.449720e+00 4.892347e+00 9.599158e+00 5.699647e+00 6.006866e+00 5.892710e+00 4.837622e+00 3.497048e+00 2.366767e-03
<GCONST> 9.852277e+01
<MIXTURE> 70 1.329190e-02
<MEAN> 25
 6.414906e+00 -3.381770e+00 -3.252745e+00 -3.048533e+00 -4.989697e-01 -9.446400e-01 -8.374296e+00 -2.847735e+00 1.413674e+00 3.017390e+00 -3.308251e-01 -4.566784e+00 1.646679e+00 -1.268515e+00 -5.855963e-01 -1.986332e+00 -1.633279e+00 1.621091e+00 -1.726830e+00 1.484696e-01 1.646432e-01 1.924234e-01 8.482766e-01 -1.304276e+00 5.890008e-02
<VARIANCE> 25
 1.156556e+01 2.605287e+01 2.449045e+01 4.022424e+01 3.066372e+01 4.022224e+01 5.899122e+01 4.125410e+01 3.962507e+01 2.752974e+01 3.608875e+01 2.411658e+01 3.153811e+00 2.758005e+00 4.635881e+00 4.218652e+00 4.505796e+00 5.785889e+00 8.364749e+00 6.578019e+00 5.156662e+00 4.891608e+00 4.893414e+00 3.659346e+00 2.387770e-03
<GCONST> 9.970671e+01
<MIXTURE> 71 1.406903e-02
<MEAN> 25
 6.217170e+00 5.221765e+00 3.805034e+00 3.065264e+00 -3.234473e+00 -3.432710e+00 -2.620863e+00 -6.197959e+00 -4.403475e+00 -2.490936e+00 -5.344352e+00 -3.085020e+00 -1.518145e+00 -8.441148e-01 -2.023846e-01 -1.743771e+00 1.120999e+00 -2.287768e-01 -2.402049e-01 1.568232e+00 4.652887e-01 -2.220703e-01 7.925211e-01 1.194195e-01 3.903310e-02
<VARIANCE> 25
 1.775797e+01 2.452394e+01 2.443156e+01 4.160796e+01 3.791426e+01 3.760671e+01 4.561997e+01 4.139010e+01 3.730711e+01 4.098590e+01 3.370288e+01 3.240229e+01 1.645392e+00 3.143581e+00 4.909006e+00 4.507839e+00 4.343040e+00 4.492366e+00 5.802620e+00 4.958744e+00 4.255479e+00 3.816517e+00 3.459755e+00 3.077145e+00 1.446098e-03
<GCONST> 9.776620e+01
<MIXTURE> 72 8.134747e-03
<MEAN> 25
 3.788557e+00 -3.688917e+00 5.459563e+00 -2.462651e+00 -1.040366e+01 -9.618781e+00 -2.450023e+00 1.932428e+00 -4.943152e+00 -2.198984e+00 -1.883293e+00 6.185381e-01 9.326501e-01 -7.848537e-01 -2.575790e+00 4.637723e-01 2.137533e+00 -6.550971e-01 -1.315591e+00 1.523318e+00 1.813086e+00 -5.966191e-01 -1.289233e+00 4.031882e-01 -6.169157e-03
<VARIANCE> 25
 1.079619e+01 1.948740e+01 3.284441e+01 3.843135e+01 3.229195e+01 3.341177e+01 4.104620e+01 3.628367e+01 4.367656e+01 4.134487e+01 3.880601e+01 2.849632e+01 4.319010e-01 1.027738e+00 2.022910e+00 1.469378e+00 2.182091e+00 2.354525e+00 3.062788e+00 2.736624e+00 2.605585e+00 2.959101e+00 2.023370e+00 2.127445e+00 5.424192e-04
<GCONST> 8.725605e+01
<MIXTURE> 73 1.213625e-02
<MEAN> 25
 -5.610284e+00 -7.640696e-01 -1.316218e+00 4.848561e+00 4.199830e+00 2.270428e+00 5.522718e+00 3.421714e+00 4.321028e+00 3.364646e+00 4.222783e+00 3.025856e+00 8.043931e-01 -1.036187e+00 -9.442918e-01 -2.626150e+00 -1.244213e+00 -1.724918e+00 -9.155242e-01 -4.889139e-01 -9.083606e-01 -6.954566e-01 -1.085533e+00 -2.904920e-01 1.537272e-01
<VARIANCE> 25
 1.279168e+01 1.362908e+01 1.522328e+01 2.275633e+01 2.349406e+01 2.541812e+01 2.039514e+01 2.002669e+01 1.784959e+01 1.926194e+01 2.301974e+01 1.544246e+01 3.995466e+00 3.081644e+00 5.959364e+00 4.697891e+00 6.136749e+00 4.630541e+00 4.291792e+00 4.230414e+00 3.865433e+00 4.189663e+00 3.545580e+00 2.679207e+00 4.348362e-03
<GCONST> 9.276038e+01
<MIXTURE> 74 1.756491e-02
<MEAN> 25
 3.991578e+00 -2.493606e+00 4.680482e+00 5.327075e-01 -7.193927e+00 -7.019127e+00 -2.220230e+00 1.754454e+00 -4.279189e+00 -2.330773e+00 -1.196637e+00 7.294236e-01 3.743073e-01 2.056037e+00 -3.817563e-01 1.717447e+00 1.383523e+00 2.560735e-02 6.842228e-01 -1.711418e+00 4.716448e-01 3.919367e-01 -1.006091e+00 -1.697017e-01 -7.691318e-02
<VARIANCE> 25
 9.445971e+00 2.508607e+01 3.154781e+01 4.175165e+01 3.258376e+01 3.569660e+01 4.702748e+01 4.715260e+01 3.845699e+01 3.388960e+01 3.567842e+01 2.836885e+01 1.781529e+00 1.642379e+00 3.259026e+00 2.441153e+00 3.318957e+00 3.277539e+00 4.571405e+00 4.662404e+00 3.488491e+00 3.400517e+00 3.952466e+00 2.444556e+00 1.485560e-03
<GCONST> 9.427679e+01
<MIXTURE> 75 9.711651e-03
<MEAN> 25
 2.210847e+00 -1.950735e+00 9.427115e+00 2.232416e+00 -1.006945e+01 -7.711145e+00 -4.666773e+00 2.831542e-01 -5.418425e+00 -4.690932e+00 3.875412e+00 -2.224478e-01 1.402196e+00 -1.654985e+00 3.153475e-01 2.072008e-02 -2.561608e+00 -5.414160e-01 -1.310790e+00 6.966301e-01 -9.612054e-01 -4.180761e-01 8.045003e-01 -5.107709e-01 4.296141e-02
<VARIANCE> 25
 8.685120e+00 1.616027e+01 3.096897e+01 2.719032e+01 2.995512e+01 3.039638e+01 3.054154e+01 3.248916e+01 2.992827e+01 2.878328e+01 1.952119e+01 1.663202e+01 2.042267e+00 1.500598e+00 3.312422e+00 2.182797e+00 3.112098e+00 3.465960e+00 4.430036e+00 2.827956e+00 4.973860e+00 3.038908e+00 2.578361e+00 1.934657e+00 1.242676e-03
<GCONST> 8.951913e+01
<MIXTURE> 76 1.052359e-02
<MEAN> 25
 -5.679849e+00 2.055896e-01 -1.041213e+00 3.485122e+00 3.944936e+00 2.861172e-01 4.386574e+00 1.716336e+00 2.177294e+00 7.541876e-01 1.731553e+00 2.133729e+00 2.993882e-02 -5.329780e-01 -1.696934e-01 -6.404893e-01 -7.111597e-01 -7.738945e-01 -9.498965e-01 -1.782432e-01 -3.384943e-01 -3.944165e-01 -7.107988e-02 -1.021785e-03 2.023161e-02
<VARIANCE> 25
 2.543111e+01 4.086518e+01 2.655854e+01 2.047048e+01 3.282740e+01 3.082257e+01 2.103183e+01 2.770034e+01 2.578095e+01 1.901885e+01 2.150892e+01 1.482895e+01 8.504677e-01 9.998434e-01 1.282490e+00 1.020331e+00 1.646605e+00 1.419475e+00 2.466845e+00 1.790971e+00 1.389755e+00 1.270171e+00 1.358753e+00 1.273474e+00 1.096045e-03
<GCONST> 8.118065e+01
<MIXTURE> 77 1.244626e-02
<MEAN> 25
 -4.647425e-01 8.593449e+00 1.241796e+01 -1.160198e+01 -6.985526e+00 9.539463e-01 -9.229050e+00 -7.222802e+00 -3.368704e+00 -1.971903e-01 -4.631294e+00 -1.462616e+00 6.609777e-02 1.359210e-01 7.317005e-02 2.529476e-01 -1.975218e-02 7.988119e-02 -6.398436e-02 -6.120780e-02 8.477160e-02 -4.480708e-02 2.510340e-02 1.159735e-01 -9.982805e-03
<VARIANCE> 25
 1.042972e+01 2.003321e+01 2.808488e+01 4.160381e+01 3.327988e+01 3.374230e+01 3.749952e+01 3.178171e+01 3.516159e+01 3.314043e+01 3.768838e+01 3.502782e+01 2.994985e-01 7.784297e-01 6.436957e-01 1.084875e+00 1.236078e+00 9.848652e-01 1.221157e+00 1.071183e+00 1.043248e+00 1.063848e+00 9.729205e-01 9.220954e-01 5.402038e-04
<GCONST> 7.782770e+01
<MIXTURE> 78 9.702551e-03
<MEAN> 25
 -1.098633e+01 1.318538e+00 -1.536726e+00 2.171538e+00 4.217011e+00 -2.624532e+00 3.780120e+00 2.511032e+00 2.535266e+00 5.469202e-01 -2.627287e-01 3.022282e+00 2.244987e+00 -2.611749e-01 2.233652e-01 5.812349e-01 3.387073e-02 -7.238416e-03 -3.573616e-01 -2.407809e-02 1.837342e-01 1.023923e-01 -3.111089e-01 -4.491219e-01 -5.502037e-02
<VARIANCE> 25
 4.250800e+01 3.401151e+01 3.129588e+01 3.173127e+01 3.923096e+01 3.774186e+01 3.422770e+01 3.158301e+01 2.688519e+01 2.684117e+01 2.686528e+01 1.946568e+01 4.923968e+00 2.502669e+00 2.824962e+00 2.940422e+00 2.780209e+00 3.448080e+00 3.271624e+00 2.770056e+00 2.319923e+00 2.269664e+00 2.255938e+00 2.109516e+00 5.133470e-03
<GCONST> 9.429324e+01
<MIXTURE> 79 1.156824e-02
<MEAN> 25
 2.426268e+00 1.566524e+00 9.172614e+00 -6.588704e+00 -1.207784e+01 -1.824546e+00 -1.913633e+00 -6.470918e+00 -6.584683e+00 2.985478e-01 -3.483476e+00 -3.284080e+00 1.217226e+00 -5.241698e-01 -1.427866e+00 2.355398e+00 3.753457e-01 -1.478012e+00 5.400879e-01 8.824906e-01 -4.427800e-01 -5.459075e-01 3.519162e-01 2.776040e-01 -3.622199e-02
<VARIANCE> 25
 1.419884e+01 2.421326e+01 3.794014e+01 4.988338e+01 3.328117e+01 4.358428e+01 4.284795e+01 3.672062e+01 3.901857e+01 3.999139e+01 4.415843e+01 3.066605e+01 9.470082e-01 2.262877e+00 1.896286e+00 2.084203e+00 2.500983e+00 2.824921e+00 3.196856e+00 3.533210e+00 2.548718e+00 2.733817e+00 2.323355e+00 2.028175e+00 1.241621e-03
<GCONST> 9.185314e+01
<MIXTURE> 80 7.550998e-03
<MEAN> 25
 -1.460727e+01 3.983352e+00 6.882201e-01 2.864401e+00 2.449616e+00 1.411398e+00 6.396350e+00 2.497138e+00 2.718339e+00 2.372168e+00 4.853173e+00 1.186188e+00 4.285951e+00 -1.585494e-02 1.638044e+00 -1.135458e+00 -2.889408e+00 -2.777457e+00 -2.323136e+00 -2.021558e+00 -1.974725e+00 -1.685247e+00 -1.650575e+00 -6.024519e-01 -4.422016e-02
<VARIANCE> 25
 2.096124e+01 1.984638e+01 3.444417e+01 3.472226e+01 3.017756e+01 2.921417e+01 2.828670e+01 2.855323e+01 2.675561e+01 2.882217e+01 2.685133e+01 1.810947e+01 2.358095e+00 2.666073e+00 2.672942e+00 4.119478e+00 3.393792e+00 2.704847e+00 3.025040e+00 3.203873e+00 2.749473e+00 2.701439e+00 2.782310e+00 2.146139e+00 1.513165e-03
<GCONST> 9.139914e+01
<MIXTURE> 81 8.025434e-03
<MEAN> 25
 -1.112239e+00 4.065664e+00 1.016773e+01 -1.480129e+01 -9.085468e+00 -1.410717e+00 -6.765624e+00 -8.421319e+00 -4.148943e+00 -4.217163e-01 -7.562652e+00 -2.239024e+00 1.343043e-01 -5.894047e-01 -3.663056e-03 -5.553215e-01 -4.667231e-01 3.381177e-01 3.177511e-01 1.370768e-01 -1.413460e-01 1.075482e-01 -4.683368e-01 -1.252038e-01 1.156333e-02
<VARIANCE> 25
 1.018012e+01 3.277732e+01 2.656095e+01 2.924454e+01 3.370470e+01 3.062812e+01 4.541062e+01 2.824881e+01 3.795965e+01 3.188322e+01 2.541242e+01 3.107726e+01 7.715919e-01 2.278853e+00 1.545313e+00 2.870877e+00 2.667694e+00 2.131519e+00 3.281414e+00 2.285870e+00 2.353886e+00 2.537350e+00 2.297559e+00 2.076895e+00 1.184528e-03
<GCONST> 8.869769e+01
<MIXTURE> 82 8.213053e-03
<MEAN> 25
 -9.937505e+00 -3.896512e+00 1.623261e+00 -2.955124e+00 3.084736e+00 6.289427e-01 1.992392e+00 9.478371e-01 2.967565e+00 1.708671e+00 1.755513e+00 3.084507e+00 -1.301735e+00 -1.268052e-01 2.934912e-01 -2.589000e+00 -1.099869e+00 -1.267345e+00 -1.020390e+00 -8.596253e-01 -3.153552e-01 -4.797036e-01 -3.085838e-01 -9.332822e-02 1.779087e-01
<VARIANCE> 25
 1.809652e+01 2.490773e+01 3.233584e+01 3.081312e+01 3.308504e+01 3.266305e+01 3.167786e+01 3.288111e+01 3.079250e+01 2.513642e+01 3.075771e+01 1.746428e+01 3.766935e+00 3.043941e+00 3.311098e+00 3.305398e+00 3.570236e+00 3.274009e+00 2.942865e+00 3.028327e+00 2.783131e+00 2.482347e+00 2.451493e+00 1.859525e+00 3.471571e-03
<GCONST> 9.309861e+01
<MIXTURE> 83 1.167529e-02
<MEAN> 25
 -2.002516e+01 5.509000e+00 -1.786936e+00 -4.003731e-01 7.829643e+00 -1.235982e+00 5.461361e+00 3.040788e+00 1.195668e+00 2.189214e+00 7.209184e-01 2.878725e+00 -2.647698e-02 -4.496916e-01 5.038870e-03 -3.650553e-01 -4.973087e-01 -1.264719e-01 -1.342781e-01 -9.942586e-02 -4.124377e-02 -3.882582e-02 -3.082133e-02 -3.492502e-02 4.400133e-03
<VARIANCE> 25
 9.010177e+00 1.645432e+01 2.849099e+01 2.248376e+01 2.125235e+01 2.405685e+01 2.200830e+01 2.335688e+01 2.041956e+01 2.220437e+01 2.318791e+01 1.448304e+01 1.059701e+00 9.354621e-01 1.239848e+00 1.065128e+00 1.358243e+00 1.291219e+00 1.282903e+00 1.386815e+00 1.348345e+00 1.310395e+00 1.219967e+00 1.071274e+00 8.914252e-04
<GCONST> 7.704230e+01
<MIXTURE> 84 1.066614e-02
<MEAN> 25
 9.990980e-01 8.992760e+00 6.986707e+00 7.824397e+00 2.947517e+00 -1.250015e+00 -1.299938e+00 -4.386229e+00 -3.802274e+00 -2.801171e+00 -2.483783e+00 -1.597038e+00 -1.737534e+00 -1.078394e+00 -1.122539e+00 1.227391e+00 2.196583e+00 1.464349e+00 1.443230e+00 1.244628e+00 1.149122e+00 3.666123e-01 3.927433e-01 3.885841e-01 -7.000515e-02
<VARIANCE> 25
 2.317346e+01 1.741010e+01 2.203681e+01 2.413489e+01 2.831828e+01 2.918044e+01 2.782306e+01 2.587389e+01 2.642742e+01 2.440301e+01 2.286848e+01 2.403464e+01 2.083454e+00 2.690158e+00 3.814387e+00 3.234718e+00 3.189181e+00 3.272220e+00 3.162859e+00 3.383896e+00 3.366446e+00 3.169734e+00 3.624686e+00 2.967123e+00 3.491359e-03
<GCONST> 9.233532e+01
<MIXTURE> 85 7.591393e-03
<MEAN> 25
 -2.904757e+00 7.954488e+00 5.407738e+00 6.822445e-01 -3.474055e+00 -4.974797e+00 -2.968286e+00 -5.853811e+00 -3.412346e+00 -3.363346e+00 -3.002435e-01 -1.835919e+00 3.894060e+00 2.924960e-01 1.755432e+00 -2.021439e+00 -3.472068e+00 -2.515051e+00 -2.831545e+00 -2.403517e+00 -2.092922e+00 -1.211706e+00 -2.229643e+00 -4.365163e-01 1.304648e-02
<VARIANCE> 25
 4.136967e+01 2.242915e+01 3.669782e+01 4.353039e+01 3.806526e+01 4.188514e+01 3.067647e+01 2.800085e+01 2.587033e+01 2.550437e+01 2.565730e+01 1.973703e+01 2.626453e+00 4.148002e+00 3.867747e+00 5.032875e+00 4.284449e+00 3.787150e+00 3.729364e+00 3.881897e+00 4.142615e+00 3.911878e+00 3.860916e+00 3.949228e+00 5.470344e-03
<GCONST> 9.812271e+01
<MIXTURE> 86 1.273941e-02
<MEAN> 25
 -4.989198e+00 -1.132969e+00 -7.882412e-01 6.322314e+00 5.057827e+00 4.636055e+00 5.333615e+00 4.525254e+00 4.655615e+00 3.894996e+00 5.290999e+00 2.679359e+00 -6.779598e-03 -6.980594e-03 -4.223862e-02 -6.741235e-02 -1.160294e-01 -1.834945e-01 -2.684387e-01 -3.276462e-01 -3.494247e-01 -3.236746e-01 -2.346680e-01 -1.056858e-01 -5.773685e-04
<VARIANCE> 25
 7.849325e+00 6.303013e+00 9.974603e+00 1.225949e+01 1.596041e+01 1.441858e+01 1.350195e+01 1.323608e+01 1.312501e+01 1.424263e+01 1.452122e+01 1.276615e+01 9.932382e-02 1.927549e-01 3.235491e-01 4.868604e-01 6.333558e-01 7.369882e-01 7.485653e-01 7.689908e-01 8.323488e-01 8.909830e-01 9.112819e-01 8.993067e-01 5.346492e-05
<GCONST> 5.827976e+01
<MIXTURE> 87 1.100681e-02
<MEAN> 25
 -3.643603e+00 5.612230e+00 2.945698e+00 6.073824e+00 6.000586e+00 -5.347865e-01 2.474270e+00 -1.133456e+00 -5.281583e-01 -1.775571e+00 -1.935296e+00 -8.015938e-01 -1.481463e+00 -3.206672e+00 -2.220370e+00 -2.100655e+00 -1.629405e-01 -1.188330e-01 -1.935660e-01 1.037226e+00 1.179710e+00 1.287210e+00 9.763607e-01 8.140681e-01 1.080545e-01
<VARIANCE> 25
 3.049614e+01 2.714651e+01 2.504753e+01 2.991399e+01 2.432374e+01 3.150360e+01 2.495420e+01 2.113187e+01 1.998512e+01 2.319197e+01 2.486182e+01 2.349725e+01 3.994462e+00 3.101575e+00 3.283795e+00 2.953924e+00 4.347512e+00 3.729481e+00 5.202612e+00 3.309884e+00 2.912707e+00 4.014610e+00 2.802169e+00 2.550947e+00 4.754573e-03
<GCONST> 9.420141e+01
<MIXTURE> 88 1.256585e-02
<MEAN> 25
 -3.875696e+00 -1.552352e+00 -2.533116e-01 5.340408e+00 4.910471e+00 2.985068e+00 5.027398e+00 3.653913e+00 2.989815e+00 2.032481e+00 2.513206e+00 2.056413e+00 -8.478452e-02 2.407392e-01 3.734633e-01 3.147071e-01 9.023210e-02 1.303136e-01 5.174322e-02 -3.067688e-01 -4.665126e-01 -1.124160e-01 3.018705e-04 7.443082e-02 -5.273308e-03
<VARIANCE> 25
 9.183180e+00 1.742555e+01 1.895291e+01 1.336264e+01 2.014051e+01 2.184887e+01 1.719314e+01 2.008165e+01 1.757855e+01 1.755701e+01 1.873425e+01 1.448127e+01 1.284675e+00 1.374825e+00 1.946605e+00 1.955671e+00 2.475615e+00 2.287943e+00 3.555465e+00 2.963877e+00 2.289830e+00 2.335458e+00 1.949812e+00 1.810143e+00 1.523516e-03
<GCONST> 8.226906e+01
<MIXTURE> 89 9.333527e-03
<MEAN> 25
 6.040370e+00 -7.243472e+00 -3.376534e+00 -3.079580e+00 -1.353105e+00 -4.998117e+00 -6.119928e+00 4.208551e+00 3.648619e+00 -2.742515e+00 -5.722589e+00 -3.384146e+00 -5.779086e-01 1.816965e-01 1.887959e+00 9.604784e-01 -1.744673e+00 -1.634873e+00 8.814893e-01 1.328524e+00 -7.301450e-01 -1.268567e+00 2.972804e-01 1.492529e+00 -5.532701e-03
<VARIANCE> 25
 8.589292e+00 2.854458e+01 3.018082e+01 2.914376e+01 3.566654e+01 4.607137e+01 5.686702e+01 4.059412e+01 3.773173e+01 4.057722e+01 3.609367e+01 3.101613e+01 3.405447e-01 8.253243e-01 1.591543e+00 1.317089e+00 2.106859e+00 2.027778e+00 2.485921e+00 2.094995e+00 2.218324e+00 2.063848e+00 2.427408e+00 1.437583e+00 3.647709e-04
<GCONST> 8.515958e+01
<MIXTURE> 90 7.114505e-03
<MEAN> 25
 2.448349e+00 -9.724101e+00 -4.754572e+00 -3.977923e+00 -3.383671e+00 -1.813722e+00 3.366020e+00 1.181577e+00 -7.532815e+00 -1.021678e+01 -3.429714e+00 -7.392160e-01 -1.636552e-01 9.090592e-01 1.168838e+00 -8.538930e-01 -1.613003e+00 -2.119266e-01 6.448249e-01 -2.099766e-01 -1.688947e-01 7.371297e-01 1.829579e-01 -5.501445e-01 -1.114853e-02
<VARIANCE> 25
 8.492373e+00 1.778180e+01 1.981611e+01 2.802612e+01 3.684022e+01 3.217806e+01 3.852737e+01 3.640617e+01 3.521484e+01 2.769657e+01 2.700375e+01 2.613678e+01 2.237567e-01 6.127418e-01 7.866657e-01 1.042932e+00 1.470091e+00 1.591624e+00 1.780461e+00 1.654691e+00 1.810417e+00 1.678344e+00 1.495358e+00 1.308646e+00 2.150238e-04
<GCONST> 7.813359e+01
<MIXTURE> 91 7.852945e-03
<MEAN> 25
 6.081257e+00 -8.316676e+00 -7.969356e+00 -4.977734e+00 3.734905e+00 6.010822e-01 -2.728833e+00 1.680766e+00 9.221455e-01 -2.363613e+00 -4.873223e+00 -5.321279e+00 2.193227e-01 1.055808e+00 1.564423e-01 5.712607e-01 1.807580e-02 -5.506943e-01 -2.340708e-01 -3.158445e-02 -1.647617e-01 4.241742e-01 -1.780566e-01 2.686357e-01 -3.533439e-02
<VARIANCE> 25
 1.011561e+01 2.430760e+01 2.141726e+01 3.814364e+01 3.272666e+01 5.476836e+01 5.220241e+01 4.401806e+01 4.814185e+01 6.295292e+01 3.575835e+01 3.818692e+01 4.588977e-01 8.536984e-01 1.047588e+00 1.424748e+00 2.055134e+00 2.289884e+00 2.487027e+00 2.479462e+00 2.098568e+00 2.019432e+00 1.894873e+00 1.677391e+00 5.575005e-04
<GCONST> 8.656397e+01
<MIXTURE> 92 7.852945e-03
<MEAN> 25
 6.081257e+00 -8.316676e+00 -7.969356e+00 -4.977734e+00 3.734905e+00 6.010822e-01 -2.728833e+00 1.680766e+00 9.221455e-01 -2.363613e+00 -4.873223e+00 -5.321279e+00 2.193227e-01 1.055808e+00 1.564423e-01 5.712607e-01 1.807580e-02 -5.506943e-01 -2.340708e-01 -3.158445e-02 -1.647617e-01 4.241742e-01 -1.780566e-01 2.686357e-01 -3.533439e-02
<VARIANCE> 25
 1.011561e+01 2.430760e+01 2.141726e+01 3.814364e+01 3.272666e+01 5.476836e+01 5.220241e+01 4.401806e+01 4.814185e+01 6.295292e+01 3.575835e+01 3.818692e+01 4.588977e-01 8.536984e-01 1.047588e+00 1.424748e+00 2.055134e+00 2.289884e+00 2.487027e+00 2.479462e+00 2.098568e+00 2.019432e+00 1.894873e+00 1.677391e+00 5.575005e-04
<GCONST> 8.656397e+01
<MIXTURE> 93 6.122769e-03
<MEAN> 25
 -6.827400e+00 -9.404833e-01 -2.390618e+00 5.796621e+00 5.914742e+00 3.907625e+00 6.130141e+00 3.590089e+00 4.117690e+00 2.502353e+00 1.809542e+00 3.699704e+00 -6.206719e-02 -1.561880e-01 -2.569173e-01 -3.310192e-01 -3.349723e-01 -2.851765e-01 -2.169176e-01 -1.747577e-01 -1.702578e-01 -1.512005e-01 -1.052063e-01 -3.599161e-02 -6.913188e-06
<VARIANCE> 25
 9.071995e+00 6.174467e+00 8.216450e+00 1.134946e+01 1.148322e+01 1.604420e+01 1.525742e+01 1.654708e+01 1.473270e+01 1.455300e+01 1.677370e+01 1.344238e+01 8.274431e-02 1.549307e-01 2.632938e-01 3.818525e-01 4.993685e-01 6.422418e-01 7.824396e-01 8.863330e-01 9.264660e-01 8.755915e-01 8.905836e-01 9.175196e-01 1.003325e-06
<GCONST> 5.366088e+01
<MIXTURE> 94 6.122769e-03
<MEAN> 25
 -6.827400e+00 -9.404833e-01 -2.390618e+00 5.796621e+00 5.914742e+00 3.907625e+00 6.130141e+00 3.590089e+00 4.117690e+00 2.502353e+00 1.809542e+00 3.699704e+00 -6.206719e-02 -1.561880e-01 -2.569173e-01 -3.310192e-01 -3.349723e-01 -2.851765e-01 -2.169176e-01 -1.747577e-01 -1.702578e-01 -1.512005e-01 -1.052063e-01 -3.599161e-02 -6.913188e-06
<VARIANCE> 25
 9.071995e+00 6.174467e+00 8.216450e+00 1.134946e+01 1.148322e+01 1.604420e+01 1.525742e+01 1.654708e+01 1.473270e+01 1.455300e+01 1.677370e+01 1.344238e+01 8.274431e-02 1.549307e-01 2.632938e-01 3.818525e-01 4.993685e-01 6.422418e-01 7.824396e-01 8.863330e-01 9.264660e-01 8.755915e-01 8.905836e-01 9.175196e-01 1.003325e-06
<GCONST> 5.366088e+01
<MIXTURE> 95 5.258835e-03
<MEAN> 25
 -5.989947e+00 2.402322e-01 -1.608536e+00 4.995158e+00 4.693853e+00 2.357505e+00 4.322114e+00 1.018043e+00 2.357469e+00 4.770121e-01 9.886854e-01 2.395050e+00 1.265304e-01 1.173117e-01 5.692319e-02 -7.001996e-02 -3.350927e-01 -7.138943e-01 -1.102928e+00 -1.199017e+00 -1.211268e+00 -8.859020e-01 -6.550852e-01 -2.978313e-01 -6.109118e-04
<VARIANCE> 25
 9.397241e+00 1.311404e+01 1.276722e+01 1.183250e+01 1.473641e+01 1.858445e+01 1.699276e+01 1.863309e+01 1.478253e+01 1.562667e+01 1.911554e+01 1.356896e+01 1.938379e-01 2.895552e-01 4.154184e-01 6.228352e-01 7.513341e-01 8.455527e-01 8.708328e-01 9.409491e-01 9.936983e-01 1.102585e+00 1.049702e+00 1.017930e+00 4.059307e-05
<GCONST> 6.331062e+01
<MIXTURE> 96 7.034694e-03
<MEAN> 25
 -5.196688e+00 1.375519e+00 -1.372548e+00 5.063867e+00 4.790605e+00 5.386337e-01 3.930905e+00 8.581648e-01 2.137490e+00 3.095459e-01 4.128146e-01 2.280493e+00 -3.260960e-02 1.089426e-01 1.477616e-01 4.223974e-01 5.891211e-01 5.019784e-01 3.086704e-01 -7.468887e-02 -4.557686e-01 -6.803201e-01 -6.888272e-01 -5.092539e-01 -3.958794e-05
<VARIANCE> 25
 9.043472e+00 1.832329e+01 1.297358e+01 1.188134e+01 1.597225e+01 2.581927e+01 1.836337e+01 2.074024e+01 1.565877e+01 1.566150e+01 1.893894e+01 1.461826e+01 1.027468e-01 2.086016e-01 3.052795e-01 4.476386e-01 4.200279e-01 6.185111e-01 8.997384e-01 1.076500e+00 8.801525e-01 9.440209e-01 9.405430e-01 1.218900e+00 1.684956e-06
<GCONST> 5.862984e+01
<MIXTURE> 97 7.034694e-03
<MEAN> 25
 -5.196688e+00 1.375519e+00 -1.372548e+00 5.063867e+00 4.790605e+00 5.386337e-01 3.930905e+00 8.581648e-01 2.137490e+00 3.095459e-01 4.128146e-01 2.280493e+00 -3.260960e-02 1.089426e-01 1.477616e-01 4.223974e-01 5.891211e-01 5.019784e-01 3.086704e-01 -7.468887e-02 -4.557686e-01 -6.803201e-01 -6.888272e-01 -5.092539e-01 -3.958794e-05
<VARIANCE> 25
 9.043472e+00 1.832329e+01 1.297358e+01 1.188134e+01 1.597225e+01 2.581927e+01 1.836337e+01 2.074024e+01 1.565877e+01 1.566150e+01 1.893894e+01 1.461826e+01 1.027468e-01 2.086016e-01 3.052795e-01 4.476386e-01 4.200279e-01 6.185111e-01 8.997384e-01 1.076500e+00 8.801525e-01 9.440209e-01 9.405430e-01 1.218900e+00 1.684956e-06
<GCONST> 5.862984e+01
<MIXTURE> 98 9.917808e-03
<MEAN> 25
 -1.414306e+00 1.828668e+00 -3.269110e-01 3.849350e+00 3.546571e+00 2.049857e+00 3.541158e+00 1.329606e+00 1.292556e+00 8.399441e-01 7.404471e-01 1.356145e+00 -1.761430e+00 -1.261430e+00 -8.982891e-01 1.965835e-01 6.631907e-01 7.794306e-01 1.225111e+00 1.304712e+00 1.660691e+00 1.129209e+00 1.314143e+00 9.565942e-01 -3.744795e-02
<VARIANCE> 25
 1.313578e+01 2.529348e+01 2.980951e+01 3.750246e+01 3.911951e+01 3.713729e+01 3.054595e+01 2.810269e+01 2.765244e+01 2.768223e+01 2.471682e+01 2.310867e+01 1.258757e+00 1.931606e+00 2.321764e+00 2.295286e+00 2.621851e+00 2.688893e+00 2.764721e+00 2.767272e+00 2.414338e+00 2.772133e+00 2.565633e+00 2.017303e+00 2.268205e-03
<GCONST> 8.980229e+01
<MIXTURE> 99 6.696178e-03
<MEAN> 25
 -6.250011e+00 9.534186e+00 5.634938e+00 3.690142e+00 2.305829e+00 -5.400312e+00 -5.145994e-01 -3.867373e+00 -2.176243e+00 -3.202851e+00 -1.987610e+00 2.298374e-01 4.538979e-01 -8.425416e-01 2.119283e-01 -4.601189e-01 -1.239603e+00 -5.090808e-01 -3.086662e-01 -1.419016e-01 -1.966621e-01 -1.262908e-01 3.396700e-01 1.853899e-01 1.195892e-02
<VARIANCE> 25
 2.907255e+01 2.136345e+01 4.216449e+01 2.734591e+01 3.638367e+01 2.939757e+01 2.751872e+01 2.457814e+01 2.950538e+01 2.502720e+01 1.929911e+01 2.464241e+01 1.868542e+00 2.152200e+00 1.547297e+00 1.549646e+00 2.970387e+00 1.855904e+00 1.493040e+00 1.623326e+00 1.415438e+00 1.376693e+00 1.364076e+00 1.237240e+00 1.508366e-03
<GCONST> 8.524167e+01
<MIXTURE> 100 4.498084e-03
<MEAN> 25
 -1.592683e+00 6.349838e+00 1.025663e+01 -7.470550e+00 -1.076918e+01 -5.062702e+00 -4.937746e+00 -9.951942e+00 -4.710406e+00 -8.664671e-01 -2.721901e+00 -2.703104e+00 2.917757e+00 -1.259071e+00 1.300315e+00 -2.182902e+00 -3.422074e+00 -7.845631e-01 -1.219606e+00 -8.249254e-01 -1.470964e+00 3.459165e-01 -1.653979e+00 -2.797186e-01 2.181975e-03
<VARIANCE> 25
 1.362139e+01 2.103808e+01 2.264561e+01 2.641573e+01 2.306565e+01 2.376687e+01 2.906735e+01 2.181745e+01 2.746739e+01 2.267735e+01 2.244147e+01 2.131788e+01 1.796401e+00 3.947516e+00 2.914915e+00 4.283273e+00 4.180079e+00 4.529251e+00 4.008900e+00 4.346879e+00 4.173005e+00 3.889347e+00 3.904637e+00 3.241857e+00 1.686410e-03
<GCONST> 9.258493e+01
<MIXTURE> 101 6.007792e-03
<MEAN> 25
 7.583746e+00 -3.701055e+00 -6.117302e+00 -6.537170e+00 -1.957301e-02 -6.222447e-01 -1.137938e+01 -1.837131e+00 1.634746e+00 3.009004e+00 -1.903759e+00 -4.710001e+00 6.417506e-01 6.414755e-01 -1.387809e+00 -1.604625e+00 8.198552e-01 2.325876e+00 3.005421e-01 -1.443622e+00 -1.103076e+00 1.021600e+00 1.447752e+00 -3.667598e-01 -4.815705e-03
<VARIANCE> 25
 1.094072e+01 1.569937e+01 2.762527e+01 4.028328e+01 4.016805e+01 3.663137e+01 4.043264e+01 3.378369e+01 3.460261e+01 4.106032e+01 4.979650e+01 2.387776e+01 2.780779e-01 6.193535e-01 1.125249e+00 1.415738e+00 2.003160e+00 1.920153e+00 2.052167e+00 1.858850e+00 2.163959e+00 2.050722e+00 1.697249e+00 1.799128e+00 3.234406e-04
<GCONST> 8.292381e+01
<MIXTURE> 102 6.007792e-03
<MEAN> 25
 7.583746e+00 -3.701055e+00 -6.117302e+00 -6.537170e+00 -1.957301e-02 -6.222447e-01 -1.137938e+01 -1.837131e+00 1.634746e+00 3.009004e+00 -1.903759e+00 -4.710001e+00 6.417506e-01 6.414755e-01 -1.387809e+00 -1.604625e+00 8.198552e-01 2.325876e+00 3.005421e-01 -1.443622e+00 -1.103076e+00 1.021600e+00 1.447752e+00 -3.667598e-01 -4.815705e-03
<VARIANCE> 25
 1.094072e+01 1.569937e+01 2.762527e+01 4.028328e+01 4.016805e+01 3.663137e+01 4.043264e+01 3.378369e+01 3.460261e+01 4.106032e+01 4.979650e+01 2.387776e+01 2.780779e-01 6.193535e-01 1.125249e+00 1.415738e+00 2.003160e+00 1.920153e+00 2.052167e+00 1.858850e+00 2.163959e+00 2.050722e+00 1.697249e+00 1.799128e+00 3.234406e-04
<GCONST> 8.292381e+01
<MIXTURE> 103 5.694618e-03
<MEAN> 25
 3.369200e+00 -9.477727e+00 -6.109287e+00 -3.084761e+00 -1.344175e+00 -1.953944e+00 2.417047e+00 2.511217e+00 -4.591157e+00 -9.217604e+00 -5.049227e+00 3.540014e-01 -1.560008e-01 -1.488432e+00 -9.788508e-01 3.709192e-01 1.207130e+00 1.025138e+00 1.536303e-01 -2.604480e-01 -7.812506e-01 -9.439989e-01 -3.156092e-02 1.170317e-01 2.697300e-02
<VARIANCE> 25
 1.031427e+01 2.041109e+01 2.298805e+01 3.182999e+01 4.805611e+01 3.512711e+01 4.644578e+01 3.669557e+01 4.214782e+01 2.974954e+01 3.011241e+01 2.642170e+01 6.427091e-01 1.248782e+00 1.536776e+00 1.946159e+00 2.941261e+00 2.417407e+00 2.890054e+00 2.582653e+00 2.557386e+00 2.521326e+00 2.103685e+00 2.014034e+00 8.055731e-04
<GCONST> 8.760823e+01
<MIXTURE> 104 5.694618e-03
<MEAN> 25
 3.369200e+00 -9.477727e+00 -6.109287e+00 -3.084761e+00 -1.344175e+00 -1.953944e+00 2.417047e+00 2.511217e+00 -4.591157e+00 -9.217604e+00 -5.049227e+00 3.540014e-01 -1.560008e-01 -1.488432e+00 -9.788508e-01 3.709192e-01 1.207130e+00 1.025138e+00 1.536303e-01 -2.604480e-01 -7.812506e-01 -9.439989e-01 -3.156092e-02 1.170317e-01 2.697300e-02
<VARIANCE> 25
 1.031427e+01 2.041109e+01 2.298805e+01 3.182999e+01 4.805611e+01 3.512711e+01 4.644578e+01 3.669557e+01 4.214782e+01 2.974954e+01 3.011241e+01 2.642170e+01 6.427091e-01 1.248782e+00 1.536776e+00 1.946159e+00 2.941261e+00 2.417407e+00 2.890054e+00 2.582653e+00 2.557386e+00 2.521326e+00 2.103685e+00 2.014034e+00 8.055731e-04
<GCONST> 8.760823e+01
<MIXTURE> 105 4.710235e-03
<MEAN> 25
 2.042503e+00 -1.964567e+00 8.554953e+00 -2.096444e+00 -1.088795e+01 -4.620450e+00 -4.286207e+00 8.564592e-02 -4.023607e+00 -3.103965e+00 1.579635e+00 -8.585799e-01 7.367478e-03 7.021855e-02 1.103790e-02 -3.029071e-02 1.997845e-02 -6.964699e-03 -1.581018e-03 6.439403e-02 -4.522019e-02 -1.546637e-02 1.615870e-02 -3.730712e-02 -2.176516e-03
<VARIANCE> 25
 1.271990e+01 3.128684e+01 4.038974e+01 4.655625e+01 3.799917e+01 5.168064e+01 3.954390e+01 5.000377e+01 3.602837e+01 3.673591e+01 3.759385e+01 3.018100e+01 7.749975e-02 1.837184e-01 3.264823e-01 2.707328e-01 3.682980e-01 4.066166e-01 4.426792e-01 4.463705e-01 4.512555e-01 5.219982e-01 3.775843e-01 4.595452e-01 1.029722e-04
<GCONST> 6.629035e+01
<MIXTURE> 106 4.710235e-03
<MEAN> 25
 2.042503e+00 -1.964567e+00 8.554953e+00 -2.096444e+00 -1.088795e+01 -4.620450e+00 -4.286207e+00 8.564592e-02 -4.023607e+00 -3.103965e+00 1.579635e+00 -8.585799e-01 7.367478e-03 7.021855e-02 1.103790e-02 -3.029071e-02 1.997845e-02 -6.964699e-03 -1.581018e-03 6.439403e-02 -4.522019e-02 -1.546637e-02 1.615870e-02 -3.730712e-02 -2.176516e-03
<VARIANCE> 25
 1.271990e+01 3.128684e+01 4.038974e+01 4.655625e+01 3.799917e+01 5.168064e+01 3.954390e+01 5.000377e+01 3.602837e+01 3.673591e+01 3.759385e+01 3.018100e+01 7.749975e-02 1.837184e-01 3.264823e-01 2.707328e-01 3.682980e-01 4.066166e-01 4.426792e-01 4.463705e-01 4.512555e-01 5.219982e-01 3.775843e-01 4.595452e-01 1.029722e-04
<GCONST> 6.629035e+01
<MIXTURE> 107 5.452374e-03
<MEAN> 25
 8.304561e+00 -3.000260e+00 -7.459786e+00 -8.936862e+00 6.434741e-01 3.305634e+00 -8.855433e+00 -4.744565e+00 -7.870888e-01 3.394960e+00 1.850850e+00 -4.607890e+00 -5.463796e-01 -8.770679e-01 8.789277e-01 2.037297e+00 3.779227e-01 -2.303746e+00 -9.668292e-01 6.638155e-01 1.838433e+00 8.265279e-03 -1.601684e+00 -7.840844e-01 -2.487462e-03
<VARIANCE> 25
 9.415715e+00 2.316492e+01 2.934844e+01 4.373526e+01 4.873946e+01 3.752466e+01 4.723046e+01 3.369231e+01 4.260678e+01 3.805050e+01 5.594978e+01 2.964948e+01 3.607334e-01 1.035817e+00 1.390976e+00 2.880202e+00 2.308784e+00 3.442302e+00 2.567158e+00 2.720102e+00 2.150311e+00 2.822234e+00 2.007619e+00 2.031402e+00 6.633233e-04
<GCONST> 8.848832e+01
<MIXTURE> 108 5.452374e-03
<MEAN> 25
 8.304561e+00 -3.000260e+00 -7.459786e+00 -8.936862e+00 6.434741e-01 3.305634e+00 -8.855433e+00 -4.744565e+00 -7.870888e-01 3.394960e+00 1.850850e+00 -4.607890e+00 -5.463796e-01 -8.770679e-01 8.789277e-01 2.037297e+00 3.779227e-01 -2.303746e+00 -9.668292e-01 6.638155e-01 1.838433e+00 8.265279e-03 -1.601684e+00 -7.840844e-01 -2.487462e-03
<VARIANCE> 25
 9.415715e+00 2.316492e+01 2.934844e+01 4.373526e+01 4.873946e+01 3.752466e+01 4.723046e+01 3.369231e+01 4.260678e+01 3.805050e+01 5.594978e+01 2.964948e+01 3.607334e-01 1.035817e+00 1.390976e+00 2.880202e+00 2.308784e+00 3.442302e+00 2.567158e+00 2.720102e+00 2.150311e+00 2.822234e+00 2.007619e+00 2.031402e+00 6.633233e-04
<GCONST> 8.848832e+01
<MIXTURE> 109 6.661064e-03
<MEAN> 25
 4.097792e+00 -1.059037e+01 -8.133073e+00 -1.313664e+00 2.683210e+00 3.182854e-02 -1.343168e-01 1.461465e+00 -2.435312e+00 -8.147881e+00 -5.350632e+00 -1.060818e-02 -3.277031e-02 -1.386720e-01 -4.206588e-02 2.403051e-01 2.101636e-01 1.306497e-01 -1.336737e-01 -7.951582e-02 -3.827491e-02 -1.401726e-01 2.190653e-01 1.223012e-02 -3.301481e-03
<VARIANCE> 25
 8.954648e+00 1.814062e+01 2.114853e+01 3.183510e+01 4.047889e+01 3.667062e+01 4.623213e+01 3.446814e+01 4.617429e+01 3.742630e+01 2.981675e+01 2.822166e+01 1.906644e-01 4.290320e-01 5.374470e-01 6.484458e-01 1.219515e+00 1.001039e+00 1.248064e+00 1.126896e+00 1.110817e+00 9.427693e-01 8.978485e-01 8.714978e-01 1.837011e-04
<GCONST> 7.459747e+01
<MIXTURE> 110 6.661064e-03
<MEAN> 25
 4.097792e+00 -1.059037e+01 -8.133073e+00 -1.313664e+00 2.683210e+00 3.182854e-02 -1.343168e-01 1.461465e+00 -2.435312e+00 -8.147881e+00 -5.350632e+00 -1.060818e-02 -3.277031e-02 -1.386720e-01 -4.206588e-02 2.403051e-01 2.101636e-01 1.306497e-01 -1.336737e-01 -7.951582e-02 -3.827491e-02 -1.401726e-01 2.190653e-01 1.223012e-02 -3.301481e-03
<VARIANCE> 25
 8.954648e+00 1.814062e+01 2.114853e+01 3.183510e+01 4.047889e+01 3.667062e+01 4.623213e+01 3.446814e+01 4.617429e+01 3.742630e+01 2.981675e+01 2.822166e+01 1.906644e-01 4.290320e-01 5.374470e-01 6.484458e-01 1.219515e+00 1.001039e+00 1.248064e+00 1.126896e+00 1.110817e+00 9.427693e-01 8.978485e-01 8.714978e-01 1.837011e-04
<GCONST> 7.459747e+01
<MIXTURE> 111 4.337247e-03
<MEAN> 25
 -4.484986e+00 -8.257488e-01 -1.693654e+00 1.706977e+00 1.030857e+00 9.263817e-01 3.531666e-01 1.930639e-01 1.053824e-01 -5.598812e-01 -6.551113e-01 1.951231e+00 -2.147887e-02 -2.864957e-02 -7.213792e-02 -7.384808e-02 -3.601630e-02 4.901237e-03 -1.799578e-04 -5.015306e-02 -1.386222e-01 -2.057756e-01 -1.948587e-01 -1.094954e-01 -2.049033e-04
<VARIANCE> 25
 7.019491e+00 5.657091e+00 1.023425e+01 9.453535e+00 1.355070e+01 2.380223e+01 1.470982e+01 1.316979e+01 1.155722e+01 1.188631e+01 1.361197e+01 1.152792e+01 7.880315e-02 1.648200e-01 2.734407e-01 4.211350e-01 5.656111e-01 7.005223e-01 8.007696e-01 8.672879e-01 8.940079e-01 8.515735e-01 8.591865e-01 8.450562e-01 2.239363e-05
<GCONST> 5.612666e+01
<MIXTURE> 112 4.337247e-03
<MEAN> 25
 -4.484986e+00 -8.257488e-01 -1.693654e+00 1.706977e+00 1.030857e+00 9.263817e-01 3.531666e-01 1.930639e-01 1.053824e-01 -5.598812e-01 -6.551113e-01 1.951231e+00 -2.147887e-02 -2.864957e-02 -7.213792e-02 -7.384808e-02 -3.601630e-02 4.901237e-03 -1.799578e-04 -5.015306e-02 -1.386222e-01 -2.057756e-01 -1.948587e-01 -1.094954e-01 -2.049033e-04
<VARIANCE> 25
 7.019491e+00 5.657091e+00 1.023425e+01 9.453535e+00 1.355070e+01 2.380223e+01 1.470982e+01 1.316979e+01 1.155722e+01 1.188631e+01 1.361197e+01 1.152792e+01 7.880315e-02 1.648200e-01 2.734407e-01 4.211350e-01 5.656111e-01 7.005223e-01 8.007696e-01 8.672879e-01 8.940079e-01 8.515735e-01 8.591865e-01 8.450562e-01 2.239363e-05
<GCONST> 5.612666e+01
<MIXTURE> 113 5.938666e-03
<MEAN> 25
 9.373691e+00 1.830720e+00 -7.936040e+00 -1.622757e+01 -2.128423e+00 5.692333e+00 -4.675522e+00 -2.441485e+00 -5.159124e+00 -1.087548e+00 6.191663e-01 1.045750e+00 7.844089e-03 -1.383472e-02 -2.463185e-02 -1.690610e-01 1.098368e-01 8.645222e-02 6.024725e-02 1.567010e-01 -1.156909e-01 -3.539491e-02 1.692138e-01 1.088299e-02 -3.441434e-04
<VARIANCE> 25
 9.388713e+00 1.437720e+01 2.891787e+01 3.297366e+01 5.095426e+01 2.902172e+01 3.579139e+01 3.834326e+01 3.341034e+01 4.140835e+01 3.150719e+01 3.196405e+01 1.054260e-01 3.656098e-01 2.819183e-01 6.206319e-01 5.394687e-01 6.057688e-01 6.948009e-01 8.530687e-01 8.620455e-01 7.838217e-01 6.412026e-01 6.264427e-01 1.331178e-04
<GCONST> 6.951371e+01
<MIXTURE> 114 5.938666e-03
<MEAN> 25
 9.373691e+00 1.830720e+00 -7.936040e+00 -1.622757e+01 -2.128423e+00 5.692333e+00 -4.675522e+00 -2.441485e+00 -5.159124e+00 -1.087548e+00 6.191663e-01 1.045750e+00 7.844089e-03 -1.383472e-02 -2.463185e-02 -1.690610e-01 1.098368e-01 8.645222e-02 6.024725e-02 1.567010e-01 -1.156909e-01 -3.539491e-02 1.692138e-01 1.088299e-02 -3.441434e-04
<VARIANCE> 25
 9.388713e+00 1.437720e+01 2.891787e+01 3.297366e+01 5.095426e+01 2.902172e+01 3.579139e+01 3.834326e+01 3.341034e+01 4.140835e+01 3.150719e+01 3.196405e+01 1.054260e-01 3.656098e-01 2.819183e-01 6.206319e-01 5.394687e-01 6.057688e-01 6.948009e-01 8.530687e-01 8.620455e-01 7.838217e-01 6.412026e-01 6.264427e-01 1.331178e-04
<GCONST> 6.951371e+01
<MIXTURE> 115 2.935202e-03
<MEAN> 25
 -4.180875e+00 -2.383354e-01 -2.738947e+00 3.773504e+00 2.613166e+00 -7.528139e-01 2.444236e+00 1.453191e-01 1.470617e+00 -6.633975e-02 -2.841255e-02 2.720752e+00 8.841450e-03 -1.024067e-01 -2.305218e-01 -4.432640e-01 -6.154361e-01 -6.573592e-01 -5.675206e-01 -5.513489e-01 -5.623871e-01 -4.814043e-01 -3.802832e-01 -1.995284e-01 -5.747592e-05
<VARIANCE> 25
 9.179100e+00 1.324325e+01 1.472227e+01 1.216952e+01 1.374766e+01 1.911614e+01 1.751279e+01 2.066229e+01 1.710057e+01 1.672049e+01 1.819129e+01 1.405184e+01 1.997648e-01 3.584242e-01 4.593362e-01 5.417734e-01 6.676391e-01 7.678533e-01 1.032473e+00 1.134625e+00 1.175221e+00 9.613249e-01 9.990669e-01 1.031015e+00 1.007469e-06
<GCONST> 6.040385e+01
<MIXTURE> 116 2.935202e-03
<MEAN> 25
 -4.180875e+00 -2.383354e-01 -2.738947e+00 3.773504e+00 2.613166e+00 -7.528139e-01 2.444236e+00 1.453191e-01 1.470617e+00 -6.633975e-02 -2.841255e-02 2.720752e+00 8.841450e-03 -1.024067e-01 -2.305218e-01 -4.432640e-01 -6.154361e-01 -6.573592e-01 -5.675206e-01 -5.513489e-01 -5.623871e-01 -4.814043e-01 -3.802832e-01 -1.995284e-01 -5.747592e-05
<VARIANCE> 25
 9.179100e+00 1.324325e+01 1.472227e+01 1.216952e+01 1.374766e+01 1.911614e+01 1.751279e+01 2.066229e+01 1.710057e+01 1.672049e+01 1.819129e+01 1.405184e+01 1.997648e-01 3.584242e-01 4.593362e-01 5.417734e-01 6.676391e-01 7.678533e-01 1.032473e+00 1.134625e+00 1.175221e+00 9.613249e-01 9.990669e-01 1.031015e+00 1.007469e-06
<GCONST> 6.040385e+01
<MIXTURE> 117 6.506003e-03
<MEAN> 25
 -4.694216e+00 1.206100e+00 1.079096e+00 9.698532e+00 6.282761e+00 6.104884e+00 6.509284e+00 4.895631e+00 6.352385e+00 4.878651e+00 6.248717e+00 2.716672e+00 -8.045568e-02 -2.485118e-01 -3.522176e-01 -4.236152e-01 -3.844046e-01 -3.063191e-01 -2.688676e-01 -3.316126e-01 -4.299021e-01 -3.773514e-01 -2.656990e-01 -1.220342e-01 -1.905780e-05
<VARIANCE> 25
 7.234374e+00 9.153515e+00 9.688762e+00 1.429206e+01 1.540750e+01 1.651916e+01 1.757566e+01 1.901726e+01 1.622904e+01 1.630794e+01 1.730703e+01 1.453882e+01 2.153691e-01 3.178335e-01 4.222042e-01 6.107486e-01 8.608804e-01 1.041458e+00 1.186306e+00 1.214530e+00 1.302904e+00 1.183951e+00 1.148943e+00 1.099462e+00 1.000573e-06
<GCONST> 6.059942e+01
<MIXTURE> 118 6.506003e-03
<MEAN> 25
 -4.694216e+00 1.206100e+00 1.079096e+00 9.698532e+00 6.282761e+00 6.104884e+00 6.509284e+00 4.895631e+00 6.352385e+00 4.878651e+00 6.248717e+00 2.716672e+00 -8.045568e-02 -2.485118e-01 -3.522176e-01 -4.236152e-01 -3.844046e-01 -3.063191e-01 -2.688676e-01 -3.316126e-01 -4.299021e-01 -3.773514e-01 -2.656990e-01 -1.220342e-01 -1.905780e-05
<VARIANCE> 25
 7.234374e+00 9.153515e+00 9.688762e+00 1.429206e+01 1.540750e+01 1.651916e+01 1.757566e+01 1.901726e+01 1.622904e+01 1.630794e+01 1.730703e+01 1.453882e+01 2.153691e-01 3.178335e-01 4.222042e-01 6.107486e-01 8.608804e-01 1.041458e+00 1.186306e+00 1.214530e+00 1.302904e+00 1.183951e+00 1.148943e+00 1.099462e+00 1.000573e-06
<GCONST> 6.059942e+01
<MIXTURE> 119 4.297961e-03
<MEAN> 25
 -4.710103e+00 -7.576202e+00 2.863824e+00 2.351223e+00 2.348963e+00 3.883124e-01 6.132586e+00 6.494946e+00 4.788057e-01 1.023794e+00 6.049596e+00 1.026713e+00 -5.078491e-02 -2.212569e-02 8.589776e-02 -1.202262e-01 -2.476464e-01 -1.217966e-01 1.161193e-02 2.080802e-01 -2.852387e-01 -8.083373e-02 2.527640e-02 -7.402593e-02 3.662782e-03
<VARIANCE> 25
 8.074208e+00 8.804818e+00 1.763003e+01 1.938663e+01 2.304753e+01 2.082955e+01 3.179518e+01 2.725044e+01 2.622613e+01 2.504424e+01 2.048120e+01 2.066323e+01 1.815161e-01 2.843159e-01 4.379986e-01 6.161173e-01 8.476210e-01 9.551899e-01 1.353177e+00 1.618065e+00 1.530668e+00 1.162048e+00 1.129627e+00 1.108930e+00 2.608678e-04
<GCONST> 7.036692e+01
<MIXTURE> 120 4.297961e-03
<MEAN> 25
 -4.710103e+00 -7.576202e+00 2.863824e+00 2.351223e+00 2.348963e+00 3.883124e-01 6.132586e+00 6.494946e+00 4.788057e-01 1.023794e+00 6.049596e+00 1.026713e+00 -5.078491e-02 -2.212569e-02 8.589776e-02 -1.202262e-01 -2.476464e-01 -1.217966e-01 1.161193e-02 2.080802e-01 -2.852387e-01 -8.083373e-02 2.527640e-02 -7.402593e-02 3.662782e-03
<VARIANCE> 25
 8.074208e+00 8.804818e+00 1.763003e+01 1.938663e+01 2.304753e+01 2.082955e+01 3.179518e+01 2.725044e+01 2.622613e+01 2.504424e+01 2.048120e+01 2.066323e+01 1.815161e-01 2.843159e-01 4.379986e-01 6.161173e-01 8.476210e-01 9.551899e-01 1.353177e+00 1.618065e+00 1.530668e+00 1.162048e+00 1.129627e+00 1.108930e+00 2.608678e-04
<GCONST> 7.036692e+01
<MIXTURE> 121 4.567511e-03
<MEAN> 25
 2.099731e-01 -2.522249e+00 5.149752e+00 -1.290266e+01 -1.264492e+01 -1.661604e+00 9.973474e-01 -5.108136e+00 -4.199086e+00 -4.911932e-01 -5.504639e+00 -4.307727e+00 2.406339e-02 1.326344e-01 -4.138992e-02 7.971942e-02 1.586294e-01 7.804558e-02 -7.923043e-02 -1.828801e-01 -2.686376e-01 -2.576346e-01 -1.144383e-01 7.310727e-04 -7.438086e-03
<VARIANCE> 25
 7.742635e+00 1.560776e+01 1.729590e+01 2.035794e+01 2.440790e+01 2.926813e+01 2.953215e+01 2.457206e+01 3.527450e+01 2.833173e+01 1.976533e+01 2.123999e+01 1.549507e-01 6.433168e-01 6.228419e-01 7.048692e-01 7.703255e-01 1.149927e+00 1.117868e+00 1.120951e+00 1.217087e+00 1.192188e+00 9.413247e-01 8.718957e-01 2.109343e-04
<GCONST> 7.139694e+01
<MIXTURE> 122 4.567511e-03
<MEAN> 25
 2.099731e-01 -2.522249e+00 5.149752e+00 -1.290266e+01 -1.264492e+01 -1.661604e+00 9.973474e-01 -5.108136e+00 -4.199086e+00 -4.911932e-01 -5.504639e+00 -4.307727e+00 2.406339e-02 1.326344e-01 -4.138992e-02 7.971942e-02 1.586294e-01 7.804558e-02 -7.923043e-02 -1.828801e-01 -2.686376e-01 -2.576346e-01 -1.144383e-01 7.310727e-04 -7.438086e-03
<VARIANCE> 25
 7.742635e+00 1.560776e+01 1.729590e+01 2.035794e+01 2.440790e+01 2.926813e+01 2.953215e+01 2.457206e+01 3.527450e+01 2.833173e+01 1.976533e+01 2.123999e+01 1.549507e-01 6.433168e-01 6.228419e-01 7.048692e-01 7.703255e-01 1.149927e+00 1.117868e+00 1.120951e+00 1.217087e+00 1.192188e+00 9.413247e-01 8.718957e-01 2.109343e-04
<GCONST> 7.139694e+01
<MIXTURE> 123 4.393044e-03
<MEAN> 25
 -5.101751e+00 3.527299e+00 6.303151e-01 5.219851e+00 6.347010e+00 1.802853e+00 4.185782e+00 -6.426369e-01 3.682821e-01 -1.022173e-01 -3.269345e-01 -1.404073e-01 -2.730581e-01 -6.411722e-01 -8.301138e-01 -7.012079e-01 -3.295575e-01 -7.754976e-02 2.798273e-01 5.987619e-01 7.489512e-01 6.870927e-01 3.887143e-01 2.185813e-01 -3.606800e-03
<VARIANCE> 25
 8.031823e+00 1.623178e+01 1.213672e+01 1.507134e+01 1.717125e+01 2.491619e+01 2.025614e+01 1.580340e+01 1.481547e+01 1.913889e+01 1.635112e+01 1.918473e+01 3.204201e-01 3.216856e-01 4.282229e-01 7.258083e-01 7.276235e-01 9.731200e-01 1.122433e+00 9.363859e-01 1.079169e+00 9.487266e-01 1.061541e+00 1.107044e+00 8.484752e-05
<GCONST> 6.632357e+01
<MIXTURE> 124 4.069876e-03
<MEAN> 25
 -6.560276e+00 -8.626022e-01 -2.836826e+00 5.025183e+00 5.130939e+00 3.193880e+00 5.425294e+00 2.437487e+00 3.113469e+00 1.253847e+00 1.056686e+00 2.953006e+00 -2.022359e-01 -3.165648e-01 -3.594611e-01 -2.083406e-01 1.319017e-01 5.133105e-01 8.046777e-01 8.649113e-01 6.410383e-01 3.072695e-01 4.508114e-02 -6.189357e-02 -4.083139e-05
<VARIANCE> 25
 1.062846e+01 9.966375e+00 1.101767e+01 1.223415e+01 1.235688e+01 2.025660e+01 1.506903e+01 1.696191e+01 1.531446e+01 1.582621e+01 1.877555e+01 1.423068e+01 1.023596e-01 1.739537e-01 2.736325e-01 4.327517e-01 5.759777e-01 6.939936e-01 7.301967e-01 7.956333e-01 9.029155e-01 9.948790e-01 1.002403e+00 1.027959e+00 1.850711e-05
<GCONST> 5.906168e+01
<MIXTURE> 125 4.069876e-03
<MEAN> 25
 -6.560276e+00 -8.626022e-01 -2.836826e+00 5.025183e+00 5.130939e+00 3.193880e+00 5.425294e+00 2.437487e+00 3.113469e+00 1.253847e+00 1.056686e+00 2.953006e+00 -2.022359e-01 -3.165648e-01 -3.594611e-01 -2.083406e-01 1.319017e-01 5.133105e-01 8.046777e-01 8.649113e-01 6.410383e-01 3.072695e-01 4.508114e-02 -6.189357e-02 -4.083139e-05
<VARIANCE> 25
 1.062846e+01 9.966375e+00 1.101767e+01 1.223415e+01 1.235688e+01 2.025660e+01 1.506903e+01 1.696191e+01 1.531446e+01 1.582621e+01 1.877555e+01 1.423068e+01 1.023596e-01 1.739537e-01 2.736325e-01 4.327517e-01 5.759777e-01 6.939936e-01 7.301967e-01 7.956333e-01 9.029155e-01 9.948790e-01 1.002403e+00 1.027959e+00 1.850711e-05
<GCONST> 5.906168e+01
<MIXTURE> 126 2.402244e-03
<MEAN> 25
 -3.790462e+00 -6.928546e+00 -5.277728e+00 2.321888e+00 4.278967e+00 -3.241301e+00 7.196821e-02 3.549603e+00 3.341399e+00 -2.694556e+00 -1.430305e+00 3.053028e+00 -2.364843e-03 -6.505744e-03 -3.546776e-02 -1.579946e-01 -3.187166e-01 -3.897089e-01 -2.733999e-01 -1.576188e-01 -1.130487e-01 -1.153307e-01 -9.823274e-02 -3.044370e-02 -1.467028e-03
<VARIANCE> 25
 7.434446e+00 1.276878e+01 1.386051e+01 1.511936e+01 2.467299e+01 2.367924e+01 2.273874e+01 2.841410e+01 3.127286e+01 2.623783e+01 2.175919e+01 1.918276e+01 1.706272e-01 3.517388e-01 4.831777e-01 5.668206e-01 7.533720e-01 9.955374e-01 1.122580e+00 1.262523e+00 1.329739e+00 1.309919e+00 1.213056e+00 1.146950e+00 2.108081e-04
<GCONST> 6.980383e+01
<MIXTURE> 127 2.402244e-03
<MEAN> 25
 -3.790462e+00 -6.928546e+00 -5.277728e+00 2.321888e+00 4.278967e+00 -3.241301e+00 7.196821e-02 3.549603e+00 3.341399e+00 -2.694556e+00 -1.430305e+00 3.053028e+00 -2.364843e-03 -6.505744e-03 -3.546776e-02 -1.579946e-01 -3.187166e-01 -3.897089e-01 -2.733999e-01 -1.576188e-01 -1.130487e-01 -1.153307e-01 -9.823274e-02 -3.044370e-02 -1.467028e-03
<VARIANCE> 25
 7.434446e+00 1.276878e+01 1.386051e+01 1.511936e+01 2.467299e+01 2.367924e+01 2.273874e+01 2.841410e+01 3.127286e+01 2.623783e+01 2.175919e+01 1.918276e+01 1.706272e-01 3.517388e-01 4.831777e-01 5.668206e-01 7.533720e-01 9.955374e-01 1.122580e+00 1.262523e+00 1.329739e+00 1.309919e+00 1.213056e+00 1.146950e+00 2.108081e-04
<GCONST> 6.980383e+01
<MIXTURE> 128 3.790457e-03
<MEAN> 25
 -4.066185e+00 2.030680e+00 -1.081417e-01 6.555384e+00 4.020857e+00 1.427475e+00 3.868288e+00 2.124690e+00 3.813315e+00 3.359664e+00 3.250711e+00 3.213724e+00 -3.709444e-01 -1.697244e-01 1.049713e-01 6.833978e-01 1.133688e+00 1.097297e+00 7.731408e-01 2.012185e-01 -4.716667e-01 -8.307723e-01 -7.477480e-01 -5.072479e-01 3.748131e-05
<VARIANCE> 25
 9.856592e+00 1.444439e+01 1.465332e+01 1.807270e+01 2.085484e+01 2.358852e+01 2.414658e+01 2.400024e+01 2.522968e+01 2.394920e+01 2.886801e+01 1.853810e+01 8.433474e-01 1.097176e+00 1.276423e+00 1.460877e+00 1.543156e+00 1.789201e+00 2.149264e+00 2.355615e+00 2.075188e+00 1.861565e+00 1.699377e+00 1.898526e+00 1.255348e-06
<GCONST> 7.384920e+01
<TRANSP> 3
 0.000000e+00 1.000000e+00 0.000000e+00
 0.000000e+00 9.999990e-01 9.999998e-07
 0.000000e+00 0.000000e+00 0.000000e+00
<ENDHMM>
