~o
<STREAMINFO> 1 25
<VECSIZE> 25<NULLD><MFCC_E_D_N><DIAGC>
~h "jmodel"
<BEGINHMM>
<NUMSTATES> 3
<STATE> 2
<NUMMIXES> 128
<MIXTURE> 1 5.748963e-03
<MEAN> 25
 -2.566337e+00 3.222918e+00 2.369201e+00 8.532422e+00 4.278455e+00 3.294651e+00 4.084633e+00 3.980135e+00 5.838900e+00 5.229598e+00 5.867976e+00 3.139862e+00 -1.978729e+00 -1.587556e+00 -8.770991e-01 1.061437e+00 1.576965e+00 2.214507e+00 2.138492e+00 2.016377e+00 1.689385e+00 1.244116e+00 1.494298e+00 6.372257e-01 -4.710784e-02
<VARIANCE> 25
 9.855618e+00 1.157454e+01 1.477186e+01 2.037208e+01 2.306163e+01 2.269057e+01 2.144955e+01 2.164334e+01 2.052914e+01 2.209076e+01 2.057680e+01 1.691156e+01 1.777126e+00 2.161930e+00 2.981454e+00 3.148262e+00 3.668943e+00 3.295080e+00 3.259406e+00 3.508388e+00 3.447134e+00 3.675719e+00 3.672046e+00 2.797127e+00 3.059772e-03
<GCONST> 8.835387e+01
<MIXTURE> 2 4.549242e-03
<MEAN> 25
 -4.866497e+00 1.336859e+00 1.010992e+00 9.867237e+00 6.666118e+00 7.394249e+00 7.820440e+00 6.936972e+00 8.395919e+00 6.341065e+00 7.599848e+00 3.077358e+00 -6.444733e-02 3.803508e-02 1.435122e-01 2.228243e-01 2.674992e-01 2.857455e-01 2.985681e-01 3.058049e-01 3.469112e-01 3.094091e-01 1.963527e-01 8.443659e-02 1.266671e-06
<VARIANCE> 25
 6.937616e+00 8.967353e+00 1.064229e+01 1.601584e+01 1.728123e+01 1.565269e+01 1.693098e+01 1.848639e+01 1.665834e+01 1.746987e+01 1.811959e+01 1.432805e+01 1.256782e-01 2.287301e-01 3.353088e-01 4.662264e-01 6.465430e-01 8.148352e-01 9.277540e-01 1.033916e+00 1.049549e+00 1.071817e+00 1.070199e+00 1.013765e+00 9.944872e-07
<GCONST> 5.808559e+01
<MIXTURE> 3 4.549242e-03
<MEAN> 25
 -4.866497e+00 1.336859e+00 1.010992e+00 9.867237e+00 6.666118e+00 7.394249e+00 7.820440e+00 6.936972e+00 8.395919e+00 6.341065e+00 7.599848e+00 3.077358e+00 -6.444733e-02 3.803508e-02 1.435122e-01 2.228243e-01 2.674992e-01 2.857455e-01 2.985681e-01 3.058049e-01 3.469112e-01 3.094091e-01 1.963527e-01 8.443659e-02 1.266671e-06
<VARIANCE> 25
 6.937616e+00 8.967353e+00 1.064229e+01 1.601584e+01 1.728123e+01 1.565269e+01 1.693098e+01 1.848639e+01 1.665834e+01 1.746987e+01 1.811959e+01 1.432805e+01 1.256782e-01 2.287301e-01 3.353088e-01 4.662264e-01 6.465430e-01 8.148352e-01 9.277540e-01 1.033916e+00 1.049549e+00 1.071817e+00 1.070199e+00 1.013765e+00 9.944872e-07
<GCONST> 5.808559e+01
<MIXTURE> 4 1.671429e-02
<MEAN> 25
 3.425933e+00 2.599992e+00 -4.122698e+00 8.044708e-01 4.509367e+00 2.830908e-01 3.491750e-01 -5.312816e-01 1.621199e+00 9.400917e-01 -1.856134e+00 -3.650562e-01 -2.733944e+00 1.317611e+00 1.825536e+00 2.776141e+00 8.225636e-01 4.812418e-01 1.500472e+00 9.177021e-01 1.040200e+00 1.304649e-01 1.077501e+00 7.833745e-01 -1.047598e-01
<VARIANCE> 25
 1.938253e+01 2.811095e+01 2.897941e+01 3.551257e+01 4.401348e+01 6.262148e+01 5.860444e+01 5.030478e+01 5.136816e+01 5.654971e+01 4.605353e+01 3.336450e+01 2.113247e+00 4.634192e+00 3.319908e+00 5.071755e+00 4.878873e+00 5.426538e+00 5.428869e+00 5.278978e+00 5.286842e+00 6.543002e+00 5.536519e+00 4.089294e+00 5.552166e-03
<GCONST> 1.036126e+02
<MIXTURE> 5 3.206198e-03
<MEAN> 25
 -3.411899e+00 2.220871e+00 6.181313e-01 9.365426e+00 6.688339e+00 6.296986e+00 7.086684e+00 4.673098e+00 5.476306e+00 3.808062e+00 4.625302e+00 2.591481e+00 -3.281918e-01 7.423225e-01 1.221057e+00 1.032658e+00 3.209869e-01 -1.004899e-01 -9.544159e-02 2.256384e-02 4.544106e-01 6.776213e-01 3.992135e-01 8.849025e-02 -4.164518e-05
<VARIANCE> 25
 1.018500e+01 1.404831e+01 2.332753e+01 2.596634e+01 2.009261e+01 1.933042e+01 2.004546e+01 2.055763e+01 2.140614e+01 2.133357e+01 2.406673e+01 1.630340e+01 1.202521e+00 1.250134e+00 1.349710e+00 1.663270e+00 2.293531e+00 2.359964e+00 2.309618e+00 2.274939e+00 2.301168e+00 2.226352e+00 2.072930e+00 1.863762e+00 1.022810e-06
<GCONST> 7.515272e+01
<MIXTURE> 6 5.475854e-03
<MEAN> 25
 9.654539e+00 -4.913502e-01 -6.716661e+00 -1.104936e+01 -2.002958e+00 6.736754e+00 -5.842325e+00 -5.171108e+00 -3.700879e+00 1.814089e+00 4.666028e+00 -1.374258e+00 4.824466e-01 9.002618e-01 -3.521624e-01 -1.459765e+00 -6.106516e-01 1.325536e+00 1.528070e+00 2.365894e-01 -1.219574e+00 -1.228056e+00 3.366677e-01 1.225013e+00 -8.340128e-03
<VARIANCE> 25
 9.112184e+00 1.761942e+01 2.380031e+01 3.876134e+01 3.772082e+01 3.044071e+01 4.401347e+01 3.945518e+01 4.057354e+01 3.912358e+01 4.176197e+01 2.963671e+01 3.092454e-01 8.509117e-01 9.429331e-01 2.030360e+00 1.666349e+00 2.009311e+00 1.908509e+00 2.063196e+00 2.386189e+00 1.967773e+00 2.252314e+00 1.469487e+00 5.834918e-04
<GCONST> 8.403954e+01
<MIXTURE> 7 5.475854e-03
<MEAN> 25
 9.654539e+00 -4.913502e-01 -6.716661e+00 -1.104936e+01 -2.002958e+00 6.736754e+00 -5.842325e+00 -5.171108e+00 -3.700879e+00 1.814089e+00 4.666028e+00 -1.374258e+00 4.824466e-01 9.002618e-01 -3.521624e-01 -1.459765e+00 -6.106516e-01 1.325536e+00 1.528070e+00 2.365894e-01 -1.219574e+00 -1.228056e+00 3.366677e-01 1.225013e+00 -8.340128e-03
<VARIANCE> 25
 9.112184e+00 1.761942e+01 2.380031e+01 3.876134e+01 3.772082e+01 3.044071e+01 4.401347e+01 3.945518e+01 4.057354e+01 3.912358e+01 4.176197e+01 2.963671e+01 3.092454e-01 8.509117e-01 9.429331e-01 2.030360e+00 1.666349e+00 2.009311e+00 1.908509e+00 2.063196e+00 2.386189e+00 1.967773e+00 2.252314e+00 1.469487e+00 5.834918e-04
<GCONST> 8.403954e+01
<MIXTURE> 8 1.165917e-02
<MEAN> 25
 -4.726693e+00 1.368051e+00 1.297247e+00 9.536337e+00 6.561982e+00 6.252316e+00 6.473640e+00 5.662489e+00 6.639074e+00 5.598878e+00 6.555169e+00 3.149956e+00 -6.258429e-01 -1.430367e+00 -1.066696e+00 -1.728617e+00 -2.353046e-01 -9.436029e-01 -1.775438e-01 -2.860855e-01 -2.524108e-01 -1.735020e-01 -2.092241e-01 8.665931e-02 9.886051e-02
<VARIANCE> 25
 9.315995e+00 9.841490e+00 1.159782e+01 1.615799e+01 1.664412e+01 1.569757e+01 1.809176e+01 1.765508e+01 1.711649e+01 1.763994e+01 1.893637e+01 1.396442e+01 2.757259e+00 2.829252e+00 3.900507e+00 3.750660e+00 3.455634e+00 3.306802e+00 3.119773e+00 3.077161e+00 2.865172e+00 2.646568e+00 2.449427e+00 1.909628e+00 6.669233e-03
<GCONST> 8.631179e+01
<MIXTURE> 9 1.199672e-02
<MEAN> 25
 9.259895e+00 3.376129e+00 -6.210946e+00 -1.062711e+01 -2.170173e+00 4.942924e+00 -2.204010e+00 -2.292967e+00 -5.383240e+00 -1.225709e+00 5.490771e-01 -2.203518e-02 1.439399e+00 -1.391833e-01 -4.813277e-01 -2.696229e+00 -1.651276e+00 8.510410e-01 -9.680628e-01 -2.240520e-01 -1.809426e-01 -5.788328e-01 6.184519e-01 -1.496818e-01 7.330080e-02
<VARIANCE> 25
 1.244886e+01 2.141933e+01 3.341582e+01 5.358522e+01 5.024173e+01 3.221684e+01 4.307582e+01 5.196420e+01 4.198552e+01 4.166738e+01 3.601863e+01 2.687115e+01 2.076496e+00 2.457866e+00 4.589153e+00 4.869790e+00 4.994365e+00 4.099288e+00 4.229830e+00 6.014648e+00 5.029081e+00 4.056946e+00 3.995341e+00 2.805537e+00 2.216030e-03
<GCONST> 9.878070e+01
<MIXTURE> 10 6.596976e-03
<MEAN> 25
 8.155879e-01 7.627049e+00 5.336008e+00 7.085931e+00 1.536269e+00 -2.123323e+00 -4.912762e-01 -1.631365e+00 9.311816e-01 8.456639e-01 8.093976e-01 6.397758e-01 -1.914744e+00 -6.535115e-01 -4.387952e-01 2.993050e+00 2.455171e+00 2.688098e+00 2.353984e+00 2.228967e+00 1.868796e+00 1.545754e+00 2.313906e+00 5.256928e-01 -1.375664e-01
<VARIANCE> 25
 1.934074e+01 2.047582e+01 2.222427e+01 2.913400e+01 3.820760e+01 3.459110e+01 3.492181e+01 3.383496e+01 2.776390e+01 2.889593e+01 2.686931e+01 2.478874e+01 2.220773e+00 3.428826e+00 5.528131e+00 5.227454e+00 5.507101e+00 4.465193e+00 4.706233e+00 5.015283e+00 4.352128e+00 4.976514e+00 4.443891e+00 3.160434e+00 2.701047e-03
<GCONST> 9.741261e+01
<MIXTURE> 11 1.633820e-02
<MEAN> 25
 7.076662e+00 4.294019e+00 2.983859e+00 5.118053e+00 -2.983159e+00 -2.333730e+00 -2.623263e+00 -5.771937e+00 -2.666141e+00 -1.695047e-01 -2.683729e+00 -2.171598e+00 -2.535543e-01 4.849872e-01 1.991394e-01 2.849742e-01 5.019808e-01 -3.771079e-02 1.716594e-01 -1.395603e-01 -2.682270e-01 -7.532957e-02 -5.640707e-02 1.672948e-01 -1.608806e-02
<VARIANCE> 25
 1.299886e+01 2.233256e+01 2.224928e+01 2.839663e+01 3.665046e+01 3.460924e+01 4.625539e+01 4.383556e+01 4.529267e+01 3.487520e+01 3.088073e+01 2.571113e+01 9.270374e-01 1.233659e+00 1.613466e+00 1.946831e+00 2.101914e+00 1.939510e+00 2.190519e+00 2.781129e+00 2.144180e+00 1.801898e+00 1.723232e+00 1.458282e+00 1.165426e-03
<GCONST> 8.687805e+01
<MIXTURE> 12 5.904134e-03
<MEAN> 25
 1.076546e+01 3.743758e+00 -4.502582e+00 -1.599348e+01 -8.696250e+00 8.642568e+00 -8.969718e-01 -1.922041e+00 -1.722881e+00 -4.886595e+00 1.774685e+00 7.165656e-01 6.774744e-02 2.937608e-01 7.962015e-02 -3.682736e-01 -3.103104e-01 2.956033e-02 3.054994e-01 4.477890e-01 1.410463e-01 -3.847028e-01 -3.855589e-01 5.392581e-02 -6.302446e-03
<VARIANCE> 25
 8.883755e+00 2.100187e+01 2.335639e+01 3.503804e+01 4.206076e+01 3.096128e+01 4.179761e+01 4.898204e+01 4.406412e+01 3.738889e+01 3.799769e+01 2.892780e+01 2.468021e-01 6.883506e-01 6.860307e-01 1.169901e+00 1.186452e+00 1.053869e+00 1.171086e+00 1.386179e+00 1.240565e+00 1.222229e+00 1.221501e+00 9.564543e-01 5.786536e-04
<GCONST> 7.892095e+01
<MIXTURE> 13 5.904134e-03
<MEAN> 25
 1.076546e+01 3.743758e+00 -4.502582e+00 -1.599348e+01 -8.696250e+00 8.642568e+00 -8.969718e-01 -1.922041e+00 -1.722881e+00 -4.886595e+00 1.774685e+00 7.165656e-01 6.774744e-02 2.937608e-01 7.962015e-02 -3.682736e-01 -3.103104e-01 2.956033e-02 3.054994e-01 4.477890e-01 1.410463e-01 -3.847028e-01 -3.855589e-01 5.392581e-02 -6.302446e-03
<VARIANCE> 25
 8.883755e+00 2.100187e+01 2.335639e+01 3.503804e+01 4.206076e+01 3.096128e+01 4.179761e+01 4.898204e+01 4.406412e+01 3.738889e+01 3.799769e+01 2.892780e+01 2.468021e-01 6.883506e-01 6.860307e-01 1.169901e+00 1.186452e+00 1.053869e+00 1.171086e+00 1.386179e+00 1.240565e+00 1.222229e+00 1.221501e+00 9.564543e-01 5.786536e-04
<GCONST> 7.892095e+01
<MIXTURE> 14 6.488954e-03
<MEAN> 25
 -4.300866e+00 -3.530003e-01 -3.437591e-01 8.783540e+00 7.474626e+00 7.377393e+00 7.842544e+00 7.240802e+00 7.193365e+00 5.170766e+00 6.856920e+00 4.040616e+00 -2.819237e-01 1.982200e-01 3.797213e-01 3.108997e-01 1.426845e-02 6.499644e-02 1.005007e-01 1.761028e-01 3.039073e-01 5.385591e-01 4.954978e-01 8.232708e-02 -9.390253e-03
<VARIANCE> 25
 9.170840e+00 1.435072e+01 1.850844e+01 1.853205e+01 2.094896e+01 1.963264e+01 2.120883e+01 2.081358e+01 2.059257e+01 2.376757e+01 2.151906e+01 1.622086e+01 9.822815e-01 1.623852e+00 1.791900e+00 1.911775e+00 2.302245e+00 2.236560e+00 2.230772e+00 2.221182e+00 2.260452e+00 2.471919e+00 2.209603e+00 1.805798e+00 1.020003e-03
<GCONST> 8.197617e+01
<MIXTURE> 15 2.475190e-03
<MEAN> 25
 -5.423408e+00 -6.182280e-01 -1.907711e-01 7.348708e+00 5.712886e+00 5.708224e+00 6.062856e+00 4.965259e+00 5.168502e+00 4.139932e+00 5.484023e+00 2.533368e+00 -1.225205e-01 -2.798307e-02 7.628315e-02 2.432259e-01 4.921283e-01 7.855492e-01 1.066853e+00 1.179099e+00 1.056206e+00 7.527282e-01 4.182656e-01 1.519923e-01 -1.019270e-04
<VARIANCE> 25
 6.972036e+00 5.755861e+00 9.051515e+00 1.285556e+01 1.403885e+01 1.426570e+01 1.488939e+01 1.489198e+01 1.406024e+01 1.419044e+01 1.513198e+01 1.249263e+01 1.249277e-01 2.062917e-01 3.215035e-01 5.017434e-01 7.024587e-01 7.940711e-01 7.690774e-01 7.924009e-01 9.112436e-01 1.022924e+00 1.068559e+00 1.045904e+00 2.807784e-05
<GCONST> 5.863327e+01
<MIXTURE> 16 2.475190e-03
<MEAN> 25
 -5.423408e+00 -6.182280e-01 -1.907711e-01 7.348708e+00 5.712886e+00 5.708224e+00 6.062856e+00 4.965259e+00 5.168502e+00 4.139932e+00 5.484023e+00 2.533368e+00 -1.225205e-01 -2.798307e-02 7.628315e-02 2.432259e-01 4.921283e-01 7.855492e-01 1.066853e+00 1.179099e+00 1.056206e+00 7.527282e-01 4.182656e-01 1.519923e-01 -1.019270e-04
<VARIANCE> 25
 6.972036e+00 5.755861e+00 9.051515e+00 1.285556e+01 1.403885e+01 1.426570e+01 1.488939e+01 1.489198e+01 1.406024e+01 1.419044e+01 1.513198e+01 1.249263e+01 1.249277e-01 2.062917e-01 3.215035e-01 5.017434e-01 7.024587e-01 7.940711e-01 7.690774e-01 7.924009e-01 9.112436e-01 1.022924e+00 1.068559e+00 1.045904e+00 2.807784e-05
<GCONST> 5.863327e+01
<MIXTURE> 17 9.518312e-03
<MEAN> 25
 3.163421e+00 -1.402940e+00 5.811701e+00 1.798063e+00 -5.460957e+00 -4.156623e+00 -3.296090e+00 1.462047e-01 -1.756521e+00 -4.103559e+00 1.485664e+00 4.323650e-01 -6.477649e-01 -1.579418e+00 1.816551e+00 -2.108705e+00 -2.624079e+00 2.242699e-01 -4.940635e-02 8.069597e-01 -9.219778e-01 -2.431682e-01 1.421093e+00 6.108529e-01 8.373922e-02
<VARIANCE> 25
 1.269753e+01 3.061525e+01 3.189875e+01 3.496978e+01 3.575513e+01 4.030006e+01 3.191036e+01 2.886518e+01 2.831701e+01 1.947126e+01 3.077991e+01 2.454547e+01 1.409104e+00 2.302149e+00 3.245302e+00 2.878082e+00 2.829776e+00 4.435853e+00 3.521488e+00 3.314373e+00 3.281967e+00 2.811783e+00 2.396874e+00 1.838981e+00 1.767749e-03
<GCONST> 9.173108e+01
<MIXTURE> 18 1.221018e-02
<MEAN> 25
 3.187163e+00 5.066401e+00 5.434071e+00 4.155756e+00 -4.930004e+00 -7.149988e+00 -8.467233e-01 9.312052e-02 -2.433214e+00 -2.583101e+00 -1.043866e+00 -1.042081e-01 -8.032947e-01 2.044079e+00 -1.156814e-01 1.480733e+00 2.985092e+00 1.097616e+00 1.120046e+00 -2.809273e-01 1.016294e+00 6.082878e-01 -3.602113e-01 -6.058849e-02 -1.170590e-01
<VARIANCE> 25
 1.357495e+01 1.982742e+01 2.874317e+01 2.294291e+01 3.203551e+01 2.800741e+01 3.647809e+01 3.148518e+01 4.041968e+01 3.227987e+01 2.941440e+01 2.505171e+01 1.974646e+00 2.312202e+00 3.829134e+00 4.142130e+00 3.722905e+00 3.911364e+00 4.586204e+00 3.491366e+00 3.710076e+00 3.576502e+00 3.616921e+00 2.905720e+00 3.220554e-03
<GCONST> 9.458906e+01
<MIXTURE> 19 9.912824e-03
<MEAN> 25
 -9.711211e+00 2.115116e+00 7.554402e-01 1.365996e+00 3.702103e+00 1.372509e+00 3.131893e+00 1.871231e-01 2.433650e+00 9.517130e-01 1.244410e+00 2.505720e+00 1.985981e+00 1.725260e+00 2.094655e+00 6.103391e-01 -1.111349e+00 -8.155814e-01 -1.010009e+00 -1.342219e+00 -1.485888e+00 -1.205024e+00 -7.577059e-01 -9.588374e-01 2.187893e-03
<VARIANCE> 25
 5.069284e+01 2.831612e+01 4.585370e+01 4.942817e+01 3.184452e+01 3.092463e+01 2.926006e+01 3.931806e+01 2.710448e+01 2.606333e+01 2.893813e+01 2.106875e+01 2.327672e+00 2.079567e+00 2.054495e+00 2.784266e+00 2.601730e+00 2.486790e+00 2.254884e+00 2.263288e+00 2.112119e+00 1.914764e+00 2.140282e+00 1.905425e+00 2.472178e-03
<GCONST> 9.147403e+01
<MIXTURE> 20 6.308331e-03
<MEAN> 25
 -1.417901e+01 7.416387e+00 8.457487e-01 6.151797e+00 4.843003e+00 1.637272e+00 5.208891e+00 8.528037e-01 9.231187e-01 7.983734e-01 2.567311e+00 -3.025416e-01 -3.285396e+00 -8.674027e-01 -1.565012e+00 3.324381e-01 1.540551e+00 2.063078e+00 1.979026e+00 2.055644e+00 2.144239e+00 2.039881e+00 1.684793e+00 9.456733e-01 4.732618e-02
<VARIANCE> 25
 1.968700e+01 2.345111e+01 3.095671e+01 3.716962e+01 3.084464e+01 2.788495e+01 2.992715e+01 3.147217e+01 2.796123e+01 2.820857e+01 2.516225e+01 2.091636e+01 2.093050e+00 2.183474e+00 1.909644e+00 2.541019e+00 2.703676e+00 2.312727e+00 2.309903e+00 2.321041e+00 2.235536e+00 2.652348e+00 2.241604e+00 1.865867e+00 1.886126e-03
<GCONST> 8.922002e+01
<MIXTURE> 21 7.928653e-03
<MEAN> 25
 3.962007e+00 -4.866463e+00 5.794096e+00 -1.458553e+00 -1.019314e+01 -8.426617e+00 -3.003916e+00 4.001891e+00 -2.092240e+00 -3.399792e+00 4.637428e-02 9.893302e-01 -7.653203e-01 1.226223e+00 2.511803e+00 -1.096935e-01 -1.587923e+00 2.982052e-01 5.239416e-01 -1.244446e+00 -2.022961e+00 3.442676e-01 1.219479e+00 2.167416e-01 -8.683182e-03
<VARIANCE> 25
 8.205878e+00 1.831006e+01 2.734908e+01 2.642899e+01 2.761194e+01 3.140299e+01 4.081107e+01 3.605722e+01 3.928731e+01 2.882250e+01 3.183602e+01 2.534808e+01 3.718879e-01 9.978565e-01 1.820371e+00 1.222621e+00 2.056185e+00 2.012715e+00 3.378857e+00 2.895517e+00 2.043305e+00 2.435897e+00 1.962056e+00 2.094924e+00 5.601491e-04
<GCONST> 8.436780e+01
<MIXTURE> 22 8.827789e-03
<MEAN> 25
 -1.791694e+01 7.153338e+00 -4.128008e+00 7.391846e+00 4.605068e+00 2.763661e+00 8.398794e+00 1.744960e+00 5.377772e+00 3.300698e+00 5.714509e+00 1.185815e+00 -3.094971e-01 -2.071663e-01 -1.255644e-01 -1.488487e-01 -7.271800e-03 1.357572e-01 1.798454e-01 1.774321e-01 2.486652e-01 2.070298e-01 1.731335e-01 1.931544e-01 8.850719e-03
<VARIANCE> 25
 8.139759e+00 1.681937e+01 1.739268e+01 2.515831e+01 2.289466e+01 2.083738e+01 1.942180e+01 1.872125e+01 1.813392e+01 2.085550e+01 1.923719e+01 1.378001e+01 1.090223e+00 1.356938e+00 1.363242e+00 1.571421e+00 1.408038e+00 1.528679e+00 1.509562e+00 1.532554e+00 1.613413e+00 1.544006e+00 1.357110e+00 1.168277e+00 1.744684e-03
<GCONST> 7.830788e+01
<MIXTURE> 23 6.455497e-03
<MEAN> 25
 7.394479e+00 2.770216e+00 2.312590e+00 2.417416e+00 -4.221575e+00 -3.093519e+00 -4.393956e+00 -6.584327e+00 -2.679797e+00 -9.374636e-01 -4.151675e+00 -2.259101e+00 3.755514e-02 1.364218e-01 6.446442e-04 7.152960e-02 -5.218837e-02 6.465746e-02 -5.597679e-02 3.260792e-03 -8.720020e-03 -1.437781e-02 1.167386e-01 2.312908e-02 -2.812569e-03
<VARIANCE> 25
 1.268476e+01 2.166835e+01 2.801790e+01 3.754459e+01 3.978420e+01 4.947545e+01 5.454193e+01 5.196421e+01 5.156501e+01 4.559138e+01 4.565761e+01 3.756379e+01 1.131361e-01 2.898618e-01 3.497221e-01 4.955763e-01 6.099522e-01 6.925717e-01 7.843083e-01 8.464809e-01 8.166484e-01 8.497057e-01 8.901663e-01 7.061502e-01 1.116773e-04
<GCONST> 7.289471e+01
<MIXTURE> 24 6.455497e-03
<MEAN> 25
 7.394479e+00 2.770216e+00 2.312590e+00 2.417416e+00 -4.221575e+00 -3.093519e+00 -4.393956e+00 -6.584327e+00 -2.679797e+00 -9.374636e-01 -4.151675e+00 -2.259101e+00 3.755514e-02 1.364218e-01 6.446442e-04 7.152960e-02 -5.218837e-02 6.465746e-02 -5.597679e-02 3.260792e-03 -8.720020e-03 -1.437781e-02 1.167386e-01 2.312908e-02 -2.812569e-03
<VARIANCE> 25
 1.268476e+01 2.166835e+01 2.801790e+01 3.754459e+01 3.978420e+01 4.947545e+01 5.454193e+01 5.196421e+01 5.156501e+01 4.559138e+01 4.565761e+01 3.756379e+01 1.131361e-01 2.898618e-01 3.497221e-01 4.955763e-01 6.099522e-01 6.925717e-01 7.843083e-01 8.464809e-01 8.166484e-01 8.497057e-01 8.901663e-01 7.061502e-01 1.116773e-04
<GCONST> 7.289471e+01
<MIXTURE> 25 1.118642e-02
<MEAN> 25
 2.054016e-01 2.950659e+00 1.635295e+01 -1.810040e+00 -1.112093e+01 -1.582839e+00 -4.511210e+00 -2.874739e+00 -6.994710e+00 -4.992945e+00 4.472774e+00 -1.023587e+00 -1.465709e-01 4.406079e-01 1.915188e-01 7.652581e-02 1.165430e-01 -1.768480e-02 2.229739e-01 -1.414267e-01 -3.029061e-01 2.073184e-01 -4.915482e-02 -5.246156e-02 -1.082466e-02
<VARIANCE> 25
 7.889630e+00 2.461009e+01 2.055185e+01 2.981873e+01 2.915231e+01 3.697804e+01 2.624326e+01 2.877413e+01 2.561737e+01 3.402672e+01 1.980429e+01 2.772608e+01 5.362795e-01 1.321737e+00 1.389485e+00 1.323240e+00 2.210045e+00 2.007697e+00 1.605807e+00 1.492766e+00 1.436540e+00 1.713562e+00 1.356878e+00 1.222591e+00 1.271009e-03
<GCONST> 8.169029e+01
<MIXTURE> 26 7.727677e-03
<MEAN> 25
 1.997550e+00 -5.753057e+00 -9.938787e+00 -7.249110e-01 8.418672e+00 5.514872e+00 3.782852e+00 -8.130643e-01 9.119287e-01 -1.056893e+00 -1.796056e+00 -1.585781e+00 -8.124923e-01 7.412287e-01 5.564332e-01 8.147637e-01 1.113768e-01 1.867656e-01 4.410887e-01 1.762236e-01 3.702205e-01 -1.406131e-01 2.792327e-01 5.063492e-01 -5.419340e-02
<VARIANCE> 25
 2.513749e+01 3.300909e+01 2.292733e+01 5.243618e+01 3.610329e+01 3.583494e+01 3.927968e+01 4.093708e+01 4.332123e+01 4.871406e+01 4.492798e+01 4.039206e+01 2.050198e+00 1.916253e+00 2.064429e+00 2.311511e+00 2.449749e+00 2.220000e+00 2.274092e+00 2.664719e+00 1.962206e+00 2.244367e+00 2.220402e+00 1.799764e+00 3.006705e-03
<GCONST> 9.295353e+01
<MIXTURE> 27 7.727677e-03
<MEAN> 25
 1.997550e+00 -5.753057e+00 -9.938787e+00 -7.249110e-01 8.418672e+00 5.514872e+00 3.782852e+00 -8.130643e-01 9.119287e-01 -1.056893e+00 -1.796056e+00 -1.585781e+00 -8.124923e-01 7.412287e-01 5.564332e-01 8.147637e-01 1.113768e-01 1.867656e-01 4.410887e-01 1.762236e-01 3.702205e-01 -1.406131e-01 2.792327e-01 5.063492e-01 -5.419340e-02
<VARIANCE> 25
 2.513749e+01 3.300909e+01 2.292733e+01 5.243618e+01 3.610329e+01 3.583494e+01 3.927968e+01 4.093708e+01 4.332123e+01 4.871406e+01 4.492798e+01 4.039206e+01 2.050198e+00 1.916253e+00 2.064429e+00 2.311511e+00 2.449749e+00 2.220000e+00 2.274092e+00 2.664719e+00 1.962206e+00 2.244367e+00 2.220402e+00 1.799764e+00 3.006705e-03
<GCONST> 9.295353e+01
<MIXTURE> 28 5.036674e-03
<MEAN> 25
 -5.459967e+00 1.605573e-01 -1.357828e+00 6.562655e+00 5.253458e+00 3.554184e+00 5.348637e+00 2.964372e+00 3.883537e+00 2.272319e+00 2.533289e+00 2.936087e+00 -1.322049e-01 2.113744e-01 5.174581e-01 7.733773e-01 8.264692e-01 7.062310e-01 5.062444e-01 3.504775e-01 4.371415e-01 4.719491e-01 3.776452e-01 2.055527e-01 -7.373501e-06
<VARIANCE> 25
 1.015391e+01 8.702531e+00 1.289105e+01 1.451899e+01 1.431639e+01 1.719510e+01 1.749656e+01 1.916323e+01 1.732445e+01 1.658796e+01 2.037997e+01 1.715874e+01 2.564488e-01 3.388478e-01 4.085423e-01 4.642598e-01 6.111554e-01 8.364670e-01 1.048773e+00 1.164222e+00 1.107504e+00 9.972942e-01 1.006816e+00 1.133855e+00 9.982425e-07
<GCONST> 6.033703e+01
<MIXTURE> 29 5.036674e-03
<MEAN> 25
 -5.459967e+00 1.605573e-01 -1.357828e+00 6.562655e+00 5.253458e+00 3.554184e+00 5.348637e+00 2.964372e+00 3.883537e+00 2.272319e+00 2.533289e+00 2.936087e+00 -1.322049e-01 2.113744e-01 5.174581e-01 7.733773e-01 8.264692e-01 7.062310e-01 5.062444e-01 3.504775e-01 4.371415e-01 4.719491e-01 3.776452e-01 2.055527e-01 -7.373501e-06
<VARIANCE> 25
 1.015391e+01 8.702531e+00 1.289105e+01 1.451899e+01 1.431639e+01 1.719510e+01 1.749656e+01 1.916323e+01 1.732445e+01 1.658796e+01 2.037997e+01 1.715874e+01 2.564488e-01 3.388478e-01 4.085423e-01 4.642598e-01 6.111554e-01 8.364670e-01 1.048773e+00 1.164222e+00 1.107504e+00 9.972942e-01 1.006816e+00 1.133855e+00 9.982425e-07
<GCONST> 6.033703e+01
<MIXTURE> 30 8.917812e-03
<MEAN> 25
 -4.615603e+00 1.792555e-01 8.579273e-01 8.701910e+00 7.528886e+00 7.502828e+00 7.508719e+00 6.557911e+00 6.466019e+00 4.617757e+00 6.658660e+00 3.389910e+00 -4.441258e-02 4.459801e-02 4.592853e-02 7.081349e-02 1.165698e-01 5.027153e-02 -3.415348e-02 2.597480e-02 6.833726e-02 3.085446e-02 5.101325e-02 -2.005968e-02 -9.301553e-04
<VARIANCE> 25
 6.894029e+00 1.119685e+01 1.026749e+01 1.482968e+01 1.569777e+01 1.555096e+01 1.851900e+01 1.855103e+01 1.531627e+01 1.856381e+01 2.171458e+01 1.359603e+01 9.688408e-02 2.005795e-01 3.107835e-01 4.613505e-01 6.130133e-01 7.716846e-01 7.823300e-01 8.117923e-01 8.879893e-01 8.809522e-01 8.679806e-01 8.876522e-01 5.098028e-05
<GCONST> 6.051772e+01
<MIXTURE> 31 4.136493e-03
<MEAN> 25
 -3.370245e+00 -5.380826e+00 2.171519e-02 4.602833e+00 3.483747e+00 1.634960e+00 5.276650e+00 6.377465e+00 2.890288e+00 1.385747e+00 6.481334e+00 3.139123e+00 2.304500e-01 4.890329e-01 -1.868663e-01 3.538501e-01 1.435977e-01 4.564416e-01 1.263748e-01 -6.754981e-02 3.702824e-01 3.194900e-01 3.221424e-02 7.910469e-02 -1.975279e-02
<VARIANCE> 25
 6.767237e+00 1.726905e+01 1.653221e+01 1.826323e+01 2.589692e+01 2.332616e+01 2.223948e+01 2.541621e+01 2.666460e+01 2.688655e+01 1.907146e+01 1.954292e+01 1.864914e-01 5.019642e-01 5.697784e-01 8.034450e-01 9.578355e-01 1.058890e+00 1.209841e+00 1.406011e+00 1.255098e+00 1.296510e+00 1.358676e+00 1.145133e+00 2.705709e-04
<GCONST> 7.176425e+01
<MIXTURE> 32 4.136493e-03
<MEAN> 25
 -3.370245e+00 -5.380826e+00 2.171519e-02 4.602833e+00 3.483747e+00 1.634960e+00 5.276650e+00 6.377465e+00 2.890288e+00 1.385747e+00 6.481334e+00 3.139123e+00 2.304500e-01 4.890329e-01 -1.868663e-01 3.538501e-01 1.435977e-01 4.564416e-01 1.263748e-01 -6.754981e-02 3.702824e-01 3.194900e-01 3.221424e-02 7.910469e-02 -1.975279e-02
<VARIANCE> 25
 6.767237e+00 1.726905e+01 1.653221e+01 1.826323e+01 2.589692e+01 2.332616e+01 2.223948e+01 2.541621e+01 2.666460e+01 2.688655e+01 1.907146e+01 1.954292e+01 1.864914e-01 5.019642e-01 5.697784e-01 8.034450e-01 9.578355e-01 1.058890e+00 1.209841e+00 1.406011e+00 1.255098e+00 1.296510e+00 1.358676e+00 1.145133e+00 2.705709e-04
<GCONST> 7.176425e+01
<MIXTURE> 33 1.508826e-02
<MEAN> 25
 5.860761e+00 -4.020275e+00 -2.645894e+00 -2.819095e+00 -1.234019e+00 -6.121025e+00 -6.709795e+00 1.740305e+00 1.780635e+00 1.408593e+00 -4.209995e+00 -2.950343e+00 6.603848e-01 -1.467043e+00 -2.316160e+00 -1.716855e+00 1.328584e+00 1.370879e+00 -5.411741e-01 6.797538e-01 9.597954e-01 8.410135e-01 -2.685345e-01 -1.718107e+00 4.140492e-02
<VARIANCE> 25
 8.922962e+00 1.889282e+01 2.322510e+01 2.985312e+01 3.464248e+01 3.781388e+01 3.388674e+01 3.695138e+01 3.392402e+01 4.541893e+01 2.823741e+01 2.430391e+01 8.973551e-01 1.832197e+00 1.782565e+00 1.930423e+00 3.416235e+00 2.960837e+00 3.638579e+00 4.300184e+00 3.042151e+00 3.871064e+00 2.720999e+00 2.572633e+00 1.266337e-03
<GCONST> 9.033524e+01
<MIXTURE> 34 1.588179e-02
<MEAN> 25
 8.856258e+00 3.249206e-02 8.465834e-02 1.241638e+00 -2.940099e+00 -1.541047e+00 -6.155043e+00 -4.615935e+00 -1.821855e+00 1.455765e-01 -2.665825e+00 -3.667488e+00 -2.080517e-02 1.351605e+00 1.465167e+00 2.361037e+00 -3.286793e-02 -1.544456e-01 8.054948e-01 -1.622859e+00 -8.969563e-01 2.520792e-01 -5.483590e-01 2.390855e-01 -6.265138e-02
<VARIANCE> 25
 7.934718e+00 3.080595e+01 2.945797e+01 4.955596e+01 4.237837e+01 4.887394e+01 5.448499e+01 5.648578e+01 5.214528e+01 4.359306e+01 4.774903e+01 3.130029e+01 1.253499e+00 1.967711e+00 4.215339e+00 4.088585e+00 5.580475e+00 5.752981e+00 5.512250e+00 6.144202e+00 5.155400e+00 4.923738e+00 4.961005e+00 3.848161e+00 1.146774e-03
<GCONST> 9.959198e+01
<MIXTURE> 35 1.467755e-02
<MEAN> 25
 -1.495091e+00 -4.691226e+00 -9.418538e+00 3.431470e-01 1.056320e+01 2.093719e+00 2.355569e+00 2.038714e+00 8.042809e-01 4.081166e+00 -1.190400e+00 1.119564e+00 8.359660e-01 -7.129641e-01 -1.452052e+00 -1.282723e+00 3.038245e-01 -1.212688e+00 -8.400245e-01 2.024445e-01 8.047910e-02 5.089574e-01 -1.161917e+00 -4.045196e-01 9.625715e-02
<VARIANCE> 25
 1.798618e+01 2.507929e+01 3.775943e+01 5.103034e+01 3.671975e+01 5.888540e+01 4.482210e+01 3.631572e+01 4.208635e+01 3.537047e+01 3.959990e+01 2.697940e+01 3.102305e+00 3.528247e+00 5.507108e+00 4.548975e+00 4.693508e+00 5.532927e+00 4.181659e+00 4.246764e+00 4.362755e+00 4.254680e+00 4.562387e+00 3.130315e+00 4.725155e-03
<GCONST> 1.009485e+02
<MIXTURE> 36 1.093293e-02
<MEAN> 25
 4.190189e+00 -3.431580e+00 6.057220e+00 1.745493e+00 -9.691556e+00 -8.261048e+00 -5.423892e+00 3.171295e+00 -2.422190e+00 -3.425287e+00 2.317571e+00 1.178852e+00 4.003063e-01 2.163918e-01 -1.037408e+00 2.941561e-02 8.157248e-01 -1.589151e-01 -2.989714e-01 5.854385e-02 4.860512e-01 5.866809e-01 -4.779323e-01 -3.658520e-01 -1.664531e-02
<VARIANCE> 25
 9.683280e+00 1.604772e+01 2.151925e+01 2.713370e+01 2.924823e+01 2.750434e+01 3.978915e+01 2.733399e+01 3.457027e+01 2.946426e+01 2.676089e+01 2.804521e+01 4.358485e-01 7.972845e-01 1.442465e+00 1.014597e+00 1.630750e+00 1.608431e+00 2.156879e+00 1.483794e+00 2.048698e+00 1.642682e+00 1.244616e+00 1.428440e+00 8.360443e-04
<GCONST> 8.074493e+01
<MIXTURE> 37 1.246826e-02
<MEAN> 25
 5.758015e-01 7.770489e+00 1.194317e+01 -5.490848e+00 -8.035826e+00 -1.065770e+00 -4.950679e+00 -8.211409e+00 -3.707008e+00 -9.458517e-01 -3.615904e+00 -1.319831e+00 1.672425e-01 6.537718e-01 -1.348390e+00 3.554949e+00 2.011113e+00 -3.099720e-01 1.085825e+00 4.378914e-01 5.479330e-01 -3.159888e-01 5.081242e-01 -9.047989e-02 -9.451409e-02
<VARIANCE> 25
 1.582346e+01 2.570368e+01 3.129396e+01 5.063863e+01 3.388445e+01 3.162419e+01 4.451654e+01 3.549769e+01 3.874715e+01 3.565712e+01 3.763444e+01 3.059420e+01 2.948804e+00 3.375957e+00 3.001008e+00 4.089847e+00 4.645218e+00 3.726627e+00 4.160235e+00 3.779834e+00 3.448630e+00 3.579412e+00 3.879688e+00 2.764614e+00 3.885880e-03
<GCONST> 9.769269e+01
<MIXTURE> 38 1.154525e-02
<MEAN> 25
 -4.468124e+00 8.982755e+00 4.598806e+00 3.218149e+00 8.529013e-01 -5.208821e+00 -5.949259e-01 -2.747623e+00 -2.839169e+00 -3.107157e+00 -1.503218e+00 -5.465047e-01 -4.509202e+00 1.249875e+00 -3.078833e-01 1.453554e+00 2.562925e+00 1.391482e+00 2.043423e+00 9.462028e-01 7.858905e-01 6.362340e-01 1.000537e+00 3.279388e-01 4.826986e-02
<VARIANCE> 25
 3.133930e+01 2.949876e+01 3.890215e+01 3.297359e+01 4.874386e+01 3.552809e+01 3.630164e+01 4.152369e+01 3.494078e+01 3.241512e+01 2.426490e+01 2.865253e+01 2.371810e+00 3.932840e+00 3.901922e+00 5.148254e+00 4.240055e+00 5.005787e+00 4.787321e+00 4.647130e+00 4.433693e+00 4.924457e+00 4.383758e+00 3.255585e+00 2.073566e-03
<GCONST> 9.923827e+01
<MIXTURE> 39 9.501865e-03
<MEAN> 25
 1.252756e+00 2.705804e+00 1.002018e+01 -8.854602e+00 -1.103279e+01 -1.031144e+00 -2.952718e+00 -6.376057e+00 -4.227944e+00 9.129393e-01 -3.562081e+00 -2.237090e+00 -7.415715e-01 1.486590e+00 1.625653e+00 -1.337496e+00 1.209041e-01 1.218555e+00 -1.199829e+00 -1.318559e+00 4.601901e-01 4.972399e-01 -4.487568e-01 1.435710e-01 -2.324238e-04
<VARIANCE> 25
 8.851413e+00 2.969696e+01 3.182506e+01 4.097483e+01 3.803986e+01 4.140007e+01 4.303918e+01 3.357897e+01 4.090124e+01 3.228016e+01 3.558740e+01 2.863294e+01 6.746315e-01 1.536446e+00 1.468732e+00 2.914482e+00 2.403970e+00 2.737348e+00 2.964271e+00 2.808296e+00 2.401795e+00 2.614835e+00 2.154327e+00 2.016675e+00 1.225125e-03
<GCONST> 8.953679e+01
<MIXTURE> 40 1.030800e-02
<MEAN> 25
 -8.418176e+00 2.764474e+00 -2.937454e-01 7.412332e+00 3.623299e+00 5.020838e+00 5.004015e+00 3.360163e+00 4.778159e+00 3.576747e+00 5.048200e+00 1.590481e+00 -6.849489e-02 -2.269982e-01 -1.054426e-02 -2.047841e-01 -1.382594e-02 -6.152789e-02 7.157267e-02 -2.813134e-02 -1.265229e-01 -5.473299e-02 1.679187e-02 6.903321e-03 3.603610e-03
<VARIANCE> 25
 4.046891e+01 1.930679e+01 2.841920e+01 2.580401e+01 2.292352e+01 1.894331e+01 1.745487e+01 2.150575e+01 1.606909e+01 1.803315e+01 1.966345e+01 1.374251e+01 7.840316e-01 7.378929e-01 8.447266e-01 9.950102e-01 1.119162e+00 1.293816e+00 1.216666e+00 1.306473e+00 1.317646e+00 1.059001e+00 1.061783e+00 1.009588e+00 7.844795e-04
<GCONST> 7.584023e+01
<MIXTURE> 41 6.713375e-03
<MEAN> 25
 1.165752e+00 1.806652e+00 1.059056e+01 -6.857950e+00 -9.759388e+00 -3.375619e+00 -2.449361e+00 -5.210912e+00 -4.745076e+00 1.931153e+00 -1.208180e+00 -3.193192e-01 1.244103e-01 -7.738874e-01 1.992473e+00 -3.473386e+00 -2.531923e+00 -2.140102e-01 -5.733736e-01 -2.930804e-01 -1.032562e+00 9.555805e-01 -7.402484e-01 1.558857e-01 8.976176e-02
<VARIANCE> 25
 1.070969e+01 2.789821e+01 3.229668e+01 3.682669e+01 3.928752e+01 3.811212e+01 3.359454e+01 2.797244e+01 3.068227e+01 3.076019e+01 3.119417e+01 2.781769e+01 2.910135e+00 2.983367e+00 4.199387e+00 3.549121e+00 4.520492e+00 5.366206e+00 4.283443e+00 4.126618e+00 3.906945e+00 3.927383e+00 4.167624e+00 2.988087e+00 2.800222e-03
<GCONST> 9.679916e+01
<MIXTURE> 42 1.106211e-02
<MEAN> 25
 -1.939467e+00 4.551468e+00 4.444894e+00 2.824716e+00 1.034308e-01 -5.814184e+00 -1.048041e+00 -2.294189e+00 -1.094571e+00 -1.508594e+00 -2.271945e+00 1.378100e+00 3.978671e+00 -3.104414e-01 1.561753e+00 4.689411e-02 -2.962924e+00 -1.071294e+00 -2.126981e+00 -6.659753e-01 -8.842055e-01 -7.472542e-01 5.344247e-01 -1.078028e+00 1.305385e-02
<VARIANCE> 25
 3.428077e+01 1.972899e+01 4.524973e+01 2.567527e+01 3.666741e+01 3.935016e+01 3.690022e+01 2.954113e+01 2.851405e+01 2.698525e+01 1.904746e+01 1.819028e+01 3.792588e+00 4.666354e+00 5.762411e+00 4.885824e+00 4.374481e+00 5.782139e+00 4.887462e+00 5.294275e+00 4.918181e+00 4.533622e+00 3.924378e+00 3.496023e+00 4.386666e-03
<GCONST> 9.927229e+01
<MIXTURE> 43 7.108249e-03
<MEAN> 25
 3.156746e+00 -6.283953e+00 -2.238206e+00 -5.163743e+00 -7.375027e+00 -3.409542e+00 4.105155e+00 1.320712e+00 -5.054654e+00 -7.050815e+00 -4.310616e+00 -1.240026e+00 2.335273e-01 2.162312e+00 1.905882e+00 -1.347908e-01 -1.417328e+00 -7.897559e-01 -9.590662e-01 -7.803447e-01 8.261127e-01 1.468096e+00 3.434000e-01 1.832565e-02 -4.531860e-02
<VARIANCE> 25
 9.611535e+00 1.990756e+01 2.749712e+01 3.523972e+01 3.845759e+01 3.644326e+01 3.339890e+01 3.965006e+01 3.955598e+01 3.903122e+01 2.650486e+01 2.955391e+01 6.917259e-01 1.246567e+00 1.578253e+00 2.478634e+00 2.393628e+00 2.376398e+00 2.667577e+00 3.029944e+00 2.613568e+00 2.567338e+00 2.319041e+00 1.918577e+00 9.499619e-04
<GCONST> 8.799799e+01
<MIXTURE> 44 7.328289e-03
<MEAN> 25
 -1.462360e+01 1.809398e+00 3.530928e+00 -2.957018e+00 3.323377e+00 1.975012e+00 1.460736e-01 2.116356e+00 1.732112e+00 -7.685544e-01 1.673788e+00 1.939587e+00 -1.971674e-01 -9.232846e-03 1.668145e-01 2.944497e-01 -6.516466e-02 2.133607e-01 4.365382e-01 3.937949e-02 2.305025e-01 1.047375e-01 3.342084e-02 1.325658e-01 4.121478e-03
<VARIANCE> 25
 4.676874e+01 2.806759e+01 3.335182e+01 3.020025e+01 2.809621e+01 2.913481e+01 2.419325e+01 3.287694e+01 2.760760e+01 2.616402e+01 2.715541e+01 1.934055e+01 1.231131e+00 1.489183e+00 1.364294e+00 1.293999e+00 2.154953e+00 1.612085e+00 1.484421e+00 1.705238e+00 1.556076e+00 1.457126e+00 1.343064e+00 1.247290e+00 1.345093e-03
<GCONST> 8.434623e+01
<MIXTURE> 45 1.364932e-02
<MEAN> 25
 -1.203804e+01 3.487134e+00 -1.120945e+00 2.798910e+00 5.630092e+00 1.488398e-01 4.702292e+00 2.496162e+00 3.454153e+00 2.036005e+00 2.146854e+00 2.665768e+00 -2.869952e+00 5.153965e-01 -4.611269e-01 -5.378417e-01 2.050631e-01 -1.123992e-03 4.779989e-01 -1.163738e-02 -3.439310e-02 -8.927248e-02 2.250044e-01 1.964324e-01 1.164371e-01
<VARIANCE> 25
 3.539566e+01 2.922996e+01 2.997047e+01 3.343406e+01 3.018214e+01 2.786977e+01 2.841328e+01 2.819989e+01 2.435996e+01 2.277166e+01 2.823124e+01 1.515389e+01 2.413234e+00 3.049360e+00 2.765391e+00 2.576886e+00 2.421276e+00 2.527042e+00 2.250127e+00 2.297917e+00 2.076455e+00 2.034425e+00 1.898952e+00 1.791979e+00 4.060135e-03
<GCONST> 9.016955e+01
<MIXTURE> 46 9.336259e-03
<MEAN> 25
 -9.279444e+00 2.356301e+00 1.237380e+00 7.398734e+00 5.772411e+00 3.229075e+00 7.021156e+00 4.499080e+00 5.702666e+00 4.667396e+00 5.033326e+00 2.896284e+00 1.030883e+00 -1.964366e-01 2.563290e-02 9.925944e-01 6.323060e-01 9.413967e-01 3.999549e-01 6.470317e-01 4.990795e-01 5.072637e-01 5.949322e-01 5.223026e-01 -1.047338e-01
<VARIANCE> 25
 3.485275e+01 4.337436e+01 3.794268e+01 5.005597e+01 5.194908e+01 4.154363e+01 3.654965e+01 3.489953e+01 3.268090e+01 3.038398e+01 2.787648e+01 2.005284e+01 3.887653e+00 4.151230e+00 3.856104e+00 4.068260e+00 4.147294e+00 3.624109e+00 3.352560e+00 3.105421e+00 2.954943e+00 2.840319e+00 2.388680e+00 1.784783e+00 7.850625e-03
<GCONST> 9.818945e+01
<MIXTURE> 47 7.116147e-03
<MEAN> 25
 6.703039e+00 -7.507157e+00 -8.050350e+00 -5.828413e+00 1.755730e+00 6.765450e-01 -2.438407e+00 1.673792e+00 1.556027e+00 2.315758e+00 -3.568021e+00 -6.631385e+00 1.415732e-02 -1.324214e+00 -8.690341e-01 -4.155983e-01 6.174052e-01 1.192346e+00 9.455589e-01 4.416509e-01 -2.380371e-02 -8.403978e-01 -1.773755e-01 -6.660845e-01 2.937310e-02
<VARIANCE> 25
 9.108870e+00 1.913392e+01 1.755497e+01 2.843168e+01 2.924264e+01 4.331002e+01 3.589447e+01 3.335771e+01 4.124124e+01 4.948927e+01 4.052771e+01 2.851830e+01 5.209253e-01 7.508149e-01 1.044279e+00 1.387293e+00 1.967587e+00 2.386581e+00 1.826062e+00 2.071514e+00 2.534659e+00 2.393452e+00 2.304653e+00 1.780388e+00 5.189430e-04
<GCONST> 8.418599e+01
<MIXTURE> 48 7.116147e-03
<MEAN> 25
 6.703039e+00 -7.507157e+00 -8.050350e+00 -5.828413e+00 1.755730e+00 6.765450e-01 -2.438407e+00 1.673792e+00 1.556027e+00 2.315758e+00 -3.568021e+00 -6.631385e+00 1.415732e-02 -1.324214e+00 -8.690341e-01 -4.155983e-01 6.174052e-01 1.192346e+00 9.455589e-01 4.416509e-01 -2.380371e-02 -8.403978e-01 -1.773755e-01 -6.660845e-01 2.937310e-02
<VARIANCE> 25
 9.108870e+00 1.913392e+01 1.755497e+01 2.843168e+01 2.924264e+01 4.331002e+01 3.589447e+01 3.335771e+01 4.124124e+01 4.948927e+01 4.052771e+01 2.851830e+01 5.209253e-01 7.508149e-01 1.044279e+00 1.387293e+00 1.967587e+00 2.386581e+00 1.826062e+00 2.071514e+00 2.534659e+00 2.393452e+00 2.304653e+00 1.780388e+00 5.189430e-04
<GCONST> 8.418599e+01
<MIXTURE> 49 5.548473e-03
<MEAN> 25
 -5.449969e+00 6.584904e-01 3.067381e-01 8.297997e+00 6.289104e+00 5.655199e+00 6.036485e+00 3.906256e+00 4.897619e+00 3.607580e+00 4.758445e+00 2.771692e+00 3.340286e-01 6.386163e-01 6.524071e-01 3.677617e-01 -1.866689e-01 -7.360876e-01 -1.028955e+00 -1.086263e+00 -8.706452e-01 -6.651251e-01 -4.090978e-01 -1.809063e-01 -3.057858e-04
<VARIANCE> 25
 1.080598e+01 1.049832e+01 1.357151e+01 1.517862e+01 1.532490e+01 1.654176e+01 1.849514e+01 2.242807e+01 1.722926e+01 1.711233e+01 1.968840e+01 1.360600e+01 2.886404e-01 2.576044e-01 3.688114e-01 5.724088e-01 8.331176e-01 1.018369e+00 9.455931e-01 1.009523e+00 1.186956e+00 1.150752e+00 1.314066e+00 1.294850e+00 1.485059e-05
<GCONST> 6.420698e+01
<MIXTURE> 50 6.234641e-03
<MEAN> 25
 -4.820868e+00 4.354402e-01 -1.130154e+00 6.047526e+00 4.240677e+00 2.491493e+00 3.717629e+00 1.827702e+00 3.060478e+00 1.276596e+00 1.962194e+00 2.458080e+00 2.274076e-02 1.805453e-01 6.731169e-02 -1.645741e-01 -4.393544e-01 -6.173330e-01 -4.613669e-01 -7.926543e-02 4.648509e-01 7.466428e-01 7.458646e-01 5.138823e-01 -4.759564e-05
<VARIANCE> 25
 1.005752e+01 1.167357e+01 1.459031e+01 1.476480e+01 1.462266e+01 1.780586e+01 1.727159e+01 1.851578e+01 1.852301e+01 1.647068e+01 2.066832e+01 1.628391e+01 1.532290e-01 2.267427e-01 3.614511e-01 4.814951e-01 6.364740e-01 7.118247e-01 9.591359e-01 1.046072e+00 1.025200e+00 8.674989e-01 8.807137e-01 1.028995e+00 9.648397e-07
<GCONST> 5.899067e+01
<MIXTURE> 51 6.234641e-03
<MEAN> 25
 -4.820868e+00 4.354402e-01 -1.130154e+00 6.047526e+00 4.240677e+00 2.491493e+00 3.717629e+00 1.827702e+00 3.060478e+00 1.276596e+00 1.962194e+00 2.458080e+00 2.274076e-02 1.805453e-01 6.731169e-02 -1.645741e-01 -4.393544e-01 -6.173330e-01 -4.613669e-01 -7.926543e-02 4.648509e-01 7.466428e-01 7.458646e-01 5.138823e-01 -4.759564e-05
<VARIANCE> 25
 1.005752e+01 1.167357e+01 1.459031e+01 1.476480e+01 1.462266e+01 1.780586e+01 1.727159e+01 1.851578e+01 1.852301e+01 1.647068e+01 2.066832e+01 1.628391e+01 1.532290e-01 2.267427e-01 3.614511e-01 4.814951e-01 6.364740e-01 7.118247e-01 9.591359e-01 1.046072e+00 1.025200e+00 8.674989e-01 8.807137e-01 1.028995e+00 9.648397e-07
<GCONST> 5.899067e+01
<MIXTURE> 52 6.367945e-03
<MEAN> 25
 1.011445e+01 2.038203e+00 -6.210426e+00 -1.428402e+01 -4.185950e+00 8.543382e+00 -2.739695e+00 -3.049265e+00 -4.411496e+00 -2.125336e+00 3.364135e+00 7.155579e-01 -3.841398e-01 -4.755425e-01 -7.310869e-02 1.144550e+00 1.341435e+00 -4.681041e-01 -5.996094e-01 -6.640902e-01 4.283967e-02 1.241510e+00 3.874675e-01 -5.357900e-01 -1.385260e-02
<VARIANCE> 25
 9.303583e+00 2.049213e+01 2.533125e+01 3.849564e+01 4.616814e+01 3.065702e+01 4.650600e+01 4.888488e+01 4.296496e+01 4.595440e+01 3.989277e+01 3.033609e+01 4.494701e-01 1.486475e+00 1.312477e+00 2.758263e+00 2.324437e+00 2.206635e+00 2.983504e+00 2.802990e+00 2.999057e+00 2.670549e+00 2.514455e+00 2.313368e+00 1.542872e-03
<GCONST> 8.975993e+01
<MIXTURE> 53 6.367945e-03
<MEAN> 25
 1.011445e+01 2.038203e+00 -6.210426e+00 -1.428402e+01 -4.185950e+00 8.543382e+00 -2.739695e+00 -3.049265e+00 -4.411496e+00 -2.125336e+00 3.364135e+00 7.155579e-01 -3.841398e-01 -4.755425e-01 -7.310869e-02 1.144550e+00 1.341435e+00 -4.681041e-01 -5.996094e-01 -6.640902e-01 4.283967e-02 1.241510e+00 3.874675e-01 -5.357900e-01 -1.385260e-02
<VARIANCE> 25
 9.303583e+00 2.049213e+01 2.533125e+01 3.849564e+01 4.616814e+01 3.065702e+01 4.650600e+01 4.888488e+01 4.296496e+01 4.595440e+01 3.989277e+01 3.033609e+01 4.494701e-01 1.486475e+00 1.312477e+00 2.758263e+00 2.324437e+00 2.206635e+00 2.983504e+00 2.802990e+00 2.999057e+00 2.670549e+00 2.514455e+00 2.313368e+00 1.542872e-03
<GCONST> 8.975993e+01
<MIXTURE> 54 7.368620e-03
<MEAN> 25
 -3.664425e+00 8.385932e-02 -6.599236e-01 7.994791e+00 6.468758e+00 4.611996e+00 4.657196e+00 4.560483e+00 4.074917e+00 3.545906e+00 4.389029e+00 2.281687e+00 -1.493484e-03 2.620581e-02 3.327449e-02 4.892320e-02 4.835938e-02 4.260826e-02 3.855777e-02 2.667238e-02 2.509806e-02 2.457199e-02 1.468986e-02 2.964078e-03 -1.373356e-05
<VARIANCE> 25
 9.179170e+00 1.041531e+01 9.283458e+00 1.823977e+01 1.328472e+01 1.349480e+01 1.195110e+01 1.137368e+01 1.132091e+01 1.371098e+01 1.819479e+01 1.271027e+01 4.090709e-02 8.711506e-02 1.542781e-01 2.251632e-01 3.101598e-01 4.019529e-01 4.659458e-01 5.182306e-01 5.482532e-01 5.202729e-01 5.162548e-01 5.187716e-01 1.002343e-06
<GCONST> 4.734337e+01
<MIXTURE> 55 7.368620e-03
<MEAN> 25
 -3.664425e+00 8.385932e-02 -6.599236e-01 7.994791e+00 6.468758e+00 4.611996e+00 4.657196e+00 4.560483e+00 4.074917e+00 3.545906e+00 4.389029e+00 2.281687e+00 -1.493484e-03 2.620581e-02 3.327449e-02 4.892320e-02 4.835938e-02 4.260826e-02 3.855777e-02 2.667238e-02 2.509806e-02 2.457199e-02 1.468986e-02 2.964078e-03 -1.373356e-05
<VARIANCE> 25
 9.179170e+00 1.041531e+01 9.283458e+00 1.823977e+01 1.328472e+01 1.349480e+01 1.195110e+01 1.137368e+01 1.132091e+01 1.371098e+01 1.819479e+01 1.271027e+01 4.090709e-02 8.711506e-02 1.542781e-01 2.251632e-01 3.101598e-01 4.019529e-01 4.659458e-01 5.182306e-01 5.482532e-01 5.202729e-01 5.162548e-01 5.187716e-01 1.002343e-06
<GCONST> 4.734337e+01
<MIXTURE> 56 6.132464e-03
<MEAN> 25
 7.341228e+00 -6.775372e+00 -9.168087e+00 -8.219403e+00 3.925023e+00 3.854132e+00 -2.215049e+00 -1.304787e+00 1.635023e+00 1.115310e+00 -2.555149e+00 -6.945915e+00 1.118472e-02 5.280402e-02 -1.169701e-01 3.404886e-02 2.884818e-01 6.140843e-02 1.143948e-01 -1.602759e-01 -7.031966e-03 -2.953877e-02 -1.344084e-01 4.778611e-02 -6.786317e-03
<VARIANCE> 25
 9.485962e+00 2.416560e+01 1.883232e+01 4.103765e+01 3.099642e+01 4.872276e+01 5.760381e+01 3.637866e+01 3.776637e+01 3.800159e+01 3.845102e+01 3.002202e+01 2.192731e-01 4.288658e-01 4.411461e-01 7.989331e-01 7.758817e-01 1.100864e+00 8.641285e-01 8.971099e-01 9.940318e-01 9.134174e-01 1.230611e+00 7.942715e-01 2.345210e-04
<GCONST> 7.502316e+01
<MIXTURE> 57 6.132464e-03
<MEAN> 25
 7.341228e+00 -6.775372e+00 -9.168087e+00 -8.219403e+00 3.925023e+00 3.854132e+00 -2.215049e+00 -1.304787e+00 1.635023e+00 1.115310e+00 -2.555149e+00 -6.945915e+00 1.118472e-02 5.280402e-02 -1.169701e-01 3.404886e-02 2.884818e-01 6.140843e-02 1.143948e-01 -1.602759e-01 -7.031966e-03 -2.953877e-02 -1.344084e-01 4.778611e-02 -6.786317e-03
<VARIANCE> 25
 9.485962e+00 2.416560e+01 1.883232e+01 4.103765e+01 3.099642e+01 4.872276e+01 5.760381e+01 3.637866e+01 3.776637e+01 3.800159e+01 3.845102e+01 3.002202e+01 2.192731e-01 4.288658e-01 4.411461e-01 7.989331e-01 7.758817e-01 1.100864e+00 8.641285e-01 8.971099e-01 9.940318e-01 9.134174e-01 1.230611e+00 7.942715e-01 2.345210e-04
<GCONST> 7.502316e+01
<MIXTURE> 58 6.172147e-03
<MEAN> 25
 2.176715e+00 -3.304403e+00 7.023282e+00 -4.588359e+00 -1.292223e+01 -5.609806e+00 6.695984e-01 1.572731e+00 -3.150911e+00 1.522858e+00 1.847966e+00 1.521552e+00 -1.926037e-01 -6.916872e-02 -6.580145e-02 -2.192571e-01 7.976553e-03 1.059649e-01 3.805631e-01 3.625347e-01 6.591657e-02 2.942255e-01 -7.959143e-02 -1.253207e-01 -2.133897e-03
<VARIANCE> 25
 5.930153e+00 1.504704e+01 1.637260e+01 2.164921e+01 1.812865e+01 3.802819e+01 2.662107e+01 2.698627e+01 2.510312e+01 2.294661e+01 2.662460e+01 2.618819e+01 3.623868e-01 1.078947e+00 7.060634e-01 8.252574e-01 7.785017e-01 1.149865e+00 1.032300e+00 1.185686e+00 1.105183e+00 1.259524e+00 8.422847e-01 7.550308e-01 7.470172e-04
<GCONST> 7.361579e+01
<MIXTURE> 59 6.172147e-03
<MEAN> 25
 2.176715e+00 -3.304403e+00 7.023282e+00 -4.588359e+00 -1.292223e+01 -5.609806e+00 6.695984e-01 1.572731e+00 -3.150911e+00 1.522858e+00 1.847966e+00 1.521552e+00 -1.926037e-01 -6.916872e-02 -6.580145e-02 -2.192571e-01 7.976553e-03 1.059649e-01 3.805631e-01 3.625347e-01 6.591657e-02 2.942255e-01 -7.959143e-02 -1.253207e-01 -2.133897e-03
<VARIANCE> 25
 5.930153e+00 1.504704e+01 1.637260e+01 2.164921e+01 1.812865e+01 3.802819e+01 2.662107e+01 2.698627e+01 2.510312e+01 2.294661e+01 2.662460e+01 2.618819e+01 3.623868e-01 1.078947e+00 7.060634e-01 8.252574e-01 7.785017e-01 1.149865e+00 1.032300e+00 1.185686e+00 1.105183e+00 1.259524e+00 8.422847e-01 7.550308e-01 7.470172e-04
<GCONST> 7.361579e+01
<MIXTURE> 60 4.479129e-03
<MEAN> 25
 -4.353382e+00 -5.192629e-01 -9.657126e-01 3.689416e+00 1.752217e+00 2.194893e+00 1.727124e+00 1.472392e+00 2.286868e+00 1.200792e+00 2.293629e+00 1.872115e+00 -2.345788e-02 5.805126e-02 1.032381e-01 1.349298e-01 1.122268e-01 1.233277e-01 1.909683e-01 3.125634e-01 5.226172e-01 6.428270e-01 5.130996e-01 2.727839e-01 -4.624515e-04
<VARIANCE> 25
 6.975449e+00 4.956395e+00 1.036691e+01 1.096454e+01 1.348778e+01 1.666366e+01 1.399203e+01 1.162006e+01 1.286290e+01 1.298074e+01 1.580800e+01 1.218907e+01 9.142891e-02 1.724238e-01 2.729461e-01 4.211177e-01 6.074309e-01 7.263198e-01 8.201847e-01 8.781099e-01 9.016702e-01 8.220829e-01 8.704833e-01 8.773963e-01 2.365718e-05
<GCONST> 5.642781e+01
<MIXTURE> 61 4.479129e-03
<MEAN> 25
 -4.353382e+00 -5.192629e-01 -9.657126e-01 3.689416e+00 1.752217e+00 2.194893e+00 1.727124e+00 1.472392e+00 2.286868e+00 1.200792e+00 2.293629e+00 1.872115e+00 -2.345788e-02 5.805126e-02 1.032381e-01 1.349298e-01 1.122268e-01 1.233277e-01 1.909683e-01 3.125634e-01 5.226172e-01 6.428270e-01 5.130996e-01 2.727839e-01 -4.624515e-04
<VARIANCE> 25
 6.975449e+00 4.956395e+00 1.036691e+01 1.096454e+01 1.348778e+01 1.666366e+01 1.399203e+01 1.162006e+01 1.286290e+01 1.298074e+01 1.580800e+01 1.218907e+01 9.142891e-02 1.724238e-01 2.729461e-01 4.211177e-01 6.074309e-01 7.263198e-01 8.201847e-01 8.781099e-01 9.016702e-01 8.220829e-01 8.704833e-01 8.773963e-01 2.365718e-05
<GCONST> 5.642781e+01
<MIXTURE> 62 3.278034e-03
<MEAN> 25
 -5.088678e+00 1.253807e+00 1.033629e+00 8.808029e+00 6.122441e+00 5.049652e+00 5.492640e+00 4.019703e+00 4.984318e+00 3.905915e+00 4.955645e+00 2.943023e+00 -1.002474e+00 -1.164495e+00 -9.519214e-01 -2.769533e-01 4.293288e-01 1.005911e+00 1.383401e+00 1.546683e+00 1.475742e+00 1.239817e+00 1.063768e+00 7.259719e-01 -1.265512e-03
<VARIANCE> 25
 9.858653e+00 1.001152e+01 1.310909e+01 1.674511e+01 1.741325e+01 1.749330e+01 1.968666e+01 1.921949e+01 1.882817e+01 1.875511e+01 2.157447e+01 1.481906e+01 4.012269e-01 4.335940e-01 5.539228e-01 7.778254e-01 1.034486e+00 1.190705e+00 1.251272e+00 1.289401e+00 1.333434e+00 1.366737e+00 1.402298e+00 1.371131e+00 1.635277e-05
<GCONST> 6.754834e+01
<MIXTURE> 63 4.351215e-03
<MEAN> 25
 -3.869013e+00 -9.839192e-01 -4.184421e+00 2.258181e+00 3.051502e+00 2.114518e-01 2.934021e+00 8.218024e-01 2.537189e+00 -9.203954e-01 -1.266999e+00 2.004601e+00 -1.821237e-01 3.373556e-01 4.736923e-01 4.675581e-01 4.601595e-01 4.916570e-01 4.160542e-01 2.040696e-01 1.791711e-01 2.282577e-01 2.490359e-01 2.302191e-01 -6.035601e-03
<VARIANCE> 25
 7.885413e+00 2.026475e+01 1.631433e+01 1.561275e+01 1.623949e+01 2.581920e+01 2.146401e+01 2.673951e+01 2.250459e+01 2.087971e+01 1.811982e+01 1.929355e+01 2.717299e-01 4.223065e-01 5.838389e-01 6.344299e-01 9.299713e-01 1.044203e+00 1.201002e+00 1.386770e+00 1.352428e+00 1.177263e+00 1.182974e+00 1.142907e+00 1.806314e-04
<GCONST> 7.043162e+01
<MIXTURE> 64 4.351215e-03
<MEAN> 25
 -3.869013e+00 -9.839192e-01 -4.184421e+00 2.258181e+00 3.051502e+00 2.114518e-01 2.934021e+00 8.218024e-01 2.537189e+00 -9.203954e-01 -1.266999e+00 2.004601e+00 -1.821237e-01 3.373556e-01 4.736923e-01 4.675581e-01 4.601595e-01 4.916570e-01 4.160542e-01 2.040696e-01 1.791711e-01 2.282577e-01 2.490359e-01 2.302191e-01 -6.035601e-03
<VARIANCE> 25
 7.885413e+00 2.026475e+01 1.631433e+01 1.561275e+01 1.623949e+01 2.581920e+01 2.146401e+01 2.673951e+01 2.250459e+01 2.087971e+01 1.811982e+01 1.929355e+01 2.717299e-01 4.223065e-01 5.838389e-01 6.344299e-01 9.299713e-01 1.044203e+00 1.201002e+00 1.386770e+00 1.352428e+00 1.177263e+00 1.182974e+00 1.142907e+00 1.806314e-04
<GCONST> 7.043162e+01
<MIXTURE> 65 1.721197e-02
<MEAN> 25
 7.531137e+00 2.194418e+00 1.509955e+00 1.135318e+00 -5.135644e+00 -4.287890e+00 -5.976971e+00 -6.239125e+00 -3.241256e+00 -2.519705e+00 -5.215857e+00 -1.958478e+00 1.866328e-01 5.841809e-02 4.562177e-02 1.606127e-01 -2.343830e-01 2.324642e-01 -1.557142e-01 -5.130887e-02 5.595716e-02 -4.387305e-02 1.564449e-02 -1.312054e-01 -2.741415e-03
<VARIANCE> 25
 1.148644e+01 1.822621e+01 2.608701e+01 3.545454e+01 3.702431e+01 5.334135e+01 5.630502e+01 5.954874e+01 5.521859e+01 5.423837e+01 5.249419e+01 4.732059e+01 5.189096e-01 9.229607e-01 1.559609e+00 1.671373e+00 1.924020e+00 2.052248e+00 2.227906e+00 2.982647e+00 2.459853e+00 2.305914e+00 2.246526e+00 1.970410e+00 4.884522e-04
<GCONST> 8.873689e+01
<MIXTURE> 66 1.191532e-02
<MEAN> 25
 6.632992e+00 -4.057352e+00 -5.965873e+00 -4.608321e+00 1.714096e+00 -4.786683e+00 -6.476690e+00 1.148708e+00 5.956317e-01 -1.352101e+00 -6.222645e+00 -3.217360e+00 -2.861954e-02 1.579331e+00 2.202360e+00 2.177375e+00 -1.298441e+00 -1.226326e+00 -5.227215e-02 -5.777577e-01 -3.778066e-02 -2.967141e-01 -8.819725e-02 1.121655e+00 -6.148045e-02
<VARIANCE> 25
 8.330576e+00 2.073966e+01 2.608045e+01 3.093108e+01 3.752497e+01 4.994444e+01 5.333967e+01 4.256065e+01 5.040296e+01 6.640343e+01 3.445056e+01 3.466000e+01 1.225684e+00 2.679079e+00 2.274048e+00 2.461859e+00 4.409642e+00 3.952703e+00 4.211909e+00 4.537924e+00 4.040552e+00 4.756904e+00 3.691603e+00 3.187395e+00 1.655900e-03
<GCONST> 9.599416e+01
<MIXTURE> 67 1.559142e-02
<MEAN> 25
 8.651033e+00 1.252747e+00 -6.835237e+00 -8.124468e+00 2.189197e+00 3.810557e+00 -2.856945e+00 -1.620588e+00 -3.821408e+00 8.012263e-01 9.326371e-01 -2.527031e+00 -1.133290e+00 1.902156e+00 1.002385e+00 3.099803e+00 1.378202e+00 -3.582231e-01 1.335510e+00 -1.476229e-01 2.614866e-01 -1.298074e-01 -2.901272e-01 8.050030e-01 -1.243415e-01
<VARIANCE> 25
 1.056468e+01 3.782284e+01 3.069122e+01 5.134196e+01 5.156812e+01 5.160696e+01 5.472426e+01 5.237836e+01 5.931874e+01 5.031897e+01 5.945036e+01 4.651693e+01 1.963928e+00 3.047601e+00 3.019393e+00 4.668641e+00 4.055187e+00 4.035622e+00 4.052265e+00 5.073820e+00 4.762777e+00 4.910449e+00 4.446628e+00 3.738758e+00 2.980261e-03
<GCONST> 1.014746e+02
<MIXTURE> 68 1.485092e-02
<MEAN> 25
 -1.903353e+00 -2.108426e+00 -4.147019e+00 1.160084e+00 5.430625e+00 -3.100978e-01 2.273395e+00 1.454207e+00 1.854146e+00 1.599229e+00 1.977059e-01 1.877898e+00 2.700011e+00 5.215523e-01 2.863895e-02 -2.527308e+00 -2.380966e+00 -1.652480e+00 -2.299284e+00 -1.615664e+00 -1.594909e+00 -1.348059e+00 -1.935841e+00 -9.919782e-01 1.017944e-01
<VARIANCE> 25
 2.508877e+01 3.144197e+01 5.680917e+01 4.969730e+01 4.771440e+01 5.405637e+01 4.291389e+01 4.268826e+01 3.854179e+01 4.183751e+01 3.811252e+01 2.526367e+01 1.810021e+00 3.619497e+00 6.001853e+00 5.589179e+00 4.625632e+00 5.535417e+00 5.478156e+00 5.078813e+00 4.909785e+00 5.285387e+00 5.144578e+00 3.388092e+00 5.882720e-03
<GCONST> 1.031268e+02
<MIXTURE> 69 1.204884e-02
<MEAN> 25
 4.651365e+00 -4.208138e+00 -3.599110e+00 -3.578076e+00 -3.429351e+00 -7.819219e+00 -1.144627e+00 2.196279e+00 -3.303690e-01 -4.664881e+00 -5.695515e+00 9.392093e-01 1.668537e+00 -2.223177e+00 -1.327236e+00 -2.219976e+00 -5.384935e-01 -3.553469e-01 -4.779989e-01 6.245307e-01 -6.339949e-01 -1.443686e+00 -2.181557e+00 -1.711978e-01 6.220664e-02
<VARIANCE> 25
 8.827806e+00 2.177085e+01 2.668610e+01 2.604244e+01 4.333593e+01 3.565002e+01 4.884199e+01 3.143729e+01 3.949598e+01 3.825438e+01 3.087134e+01 2.449731e+01 3.519370e+00 2.910952e+00 3.348994e+00 3.725516e+00 5.744305e+00 4.999298e+00 7.057184e+00 6.035283e+00 5.880433e+00 5.841407e+00 4.360127e+00 3.694179e+00 2.433148e-03
<GCONST> 9.863453e+01
<MIXTURE> 70 1.329190e-02
<MEAN> 25
 7.335493e+00 -2.042303e+00 -4.022676e+00 -3.602417e+00 -1.396071e-01 -6.531799e-01 -7.556432e+00 -3.855618e+00 2.628262e-01 3.118791e+00 -2.348094e-01 -4.895907e+00 1.891791e+00 -1.206827e+00 -8.118620e-01 -2.152233e+00 -1.502835e+00 1.205709e+00 -1.227063e+00 -2.164575e-02 3.268930e-01 -6.527840e-02 7.049853e-01 -1.435478e+00 5.853460e-02
<VARIANCE> 25
 1.016423e+01 2.180728e+01 2.736293e+01 4.545242e+01 3.543433e+01 4.260896e+01 4.826864e+01 4.268895e+01 4.768032e+01 3.306032e+01 4.320999e+01 2.611412e+01 3.375695e+00 3.169039e+00 4.558732e+00 4.809052e+00 4.996386e+00 6.246479e+00 6.774568e+00 7.295144e+00 5.920640e+00 5.186793e+00 5.598640e+00 4.173267e+00 2.419513e-03
<GCONST> 1.011660e+02
<MIXTURE> 71 1.406903e-02
<MEAN> 25
 6.195047e+00 5.141118e+00 3.903480e+00 3.225936e+00 -3.338000e+00 -3.422577e+00 -3.698436e+00 -6.618779e+00 -4.280963e+00 -2.560706e+00 -5.190406e+00 -3.159549e+00 -1.520226e+00 -7.310732e-01 -1.972441e-01 -1.669169e+00 1.021098e+00 -1.401839e-01 -9.910418e-03 1.585629e+00 2.263849e-01 -2.087947e-01 6.743693e-01 2.235692e-01 4.127562e-02
<VARIANCE> 25
 1.915957e+01 2.489670e+01 2.664403e+01 4.362112e+01 3.965449e+01 3.909639e+01 4.318584e+01 4.033984e+01 4.139903e+01 4.254437e+01 3.525766e+01 3.344643e+01 1.766867e+00 2.964809e+00 5.184191e+00 5.006742e+00 4.844705e+00 4.574238e+00 4.790449e+00 5.313112e+00 4.329021e+00 3.969154e+00 3.517311e+00 3.219440e+00 1.381556e-03
<GCONST> 9.846191e+01
<MIXTURE> 72 8.134747e-03
<MEAN> 25
 3.413787e+00 -3.658684e+00 4.368814e+00 -2.232959e+00 -9.182219e+00 -8.845964e+00 -2.717586e+00 2.475294e+00 -4.255428e+00 -1.436002e+00 -2.127666e+00 1.514967e+00 9.319795e-01 -6.989035e-01 -2.530861e+00 4.394840e-01 2.019039e+00 -5.968070e-01 -1.148665e+00 1.143051e+00 1.745742e+00 -3.721870e-01 -1.318758e+00 -2.408780e-02 -6.950586e-03
<VARIANCE> 25
 8.808434e+00 1.881267e+01 2.968567e+01 3.012099e+01 3.044534e+01 3.027559e+01 3.371216e+01 3.009804e+01 3.731590e+01 3.503561e+01 3.405051e+01 2.466507e+01 3.614824e-01 1.001912e+00 1.604871e+00 1.217131e+00 1.985351e+00 2.071497e+00 2.849188e+00 2.521187e+00 2.057342e+00 2.679202e+00 1.617277e+00 2.269510e+00 5.673322e-04
<GCONST> 8.408309e+01
<MIXTURE> 73 1.213625e-02
<MEAN> 25
 -5.445928e+00 -6.122963e-01 -1.209706e+00 4.521685e+00 3.842775e+00 2.502599e+00 5.425618e+00 2.872408e+00 4.068859e+00 2.991519e+00 4.224317e+00 3.215067e+00 8.438390e-01 -1.096381e+00 -7.122362e-01 -2.607350e+00 -1.423331e+00 -1.753738e+00 -9.327979e-01 -4.205631e-01 -1.010919e+00 -6.823264e-01 -9.092121e-01 -1.552663e-01 1.534714e-01
<VARIANCE> 25
 1.265275e+01 1.420701e+01 1.481762e+01 2.357616e+01 2.471850e+01 2.375893e+01 1.921466e+01 2.352973e+01 1.789854e+01 2.019530e+01 2.282310e+01 1.603602e+01 3.806164e+00 3.066916e+00 6.410066e+00 4.442593e+00 6.161359e+00 4.274366e+00 4.068766e+00 4.072714e+00 3.905937e+00 3.959749e+00 3.950113e+00 2.756455e+00 4.105673e-03
<GCONST> 9.279279e+01
<MIXTURE> 74 1.756491e-02
<MEAN> 25
 3.130476e+00 -1.717206e+00 5.116339e+00 -1.394651e+00 -8.751194e+00 -7.448337e+00 -1.995094e+00 2.081389e+00 -3.608719e+00 -1.609303e+00 3.510159e-01 1.247875e+00 2.141383e-01 1.978518e+00 -2.964934e-01 1.322931e+00 1.486353e+00 1.883394e-02 3.381429e-01 -8.537950e-01 5.888153e-01 3.476826e-01 -4.559070e-01 -1.636035e-01 -8.137428e-02
<VARIANCE> 25
 1.164068e+01 2.296580e+01 2.888332e+01 3.415018e+01 2.707747e+01 2.923996e+01 4.219508e+01 3.715858e+01 3.990049e+01 4.007854e+01 4.522565e+01 2.760317e+01 1.525398e+00 1.487925e+00 3.396564e+00 2.285244e+00 3.268467e+00 3.686810e+00 4.826473e+00 3.469111e+00 3.763005e+00 3.021898e+00 2.706888e+00 2.624298e+00 1.308142e-03
<GCONST> 9.289658e+01
<MIXTURE> 75 9.711651e-03
<MEAN> 25
 2.222987e+00 -1.611804e+00 1.089028e+01 1.165136e+00 -1.162276e+01 -6.732546e+00 -4.382609e+00 -2.302808e-01 -4.891548e+00 -4.657874e+00 3.904122e+00 1.279804e+00 1.674722e+00 -1.492694e+00 2.344556e-01 -3.716806e-01 -2.513941e+00 -1.071791e+00 -1.474466e+00 1.035817e+00 -4.689495e-01 -7.055102e-02 8.711277e-01 -4.276729e-01 4.278369e-02
<VARIANCE> 25
 9.634285e+00 1.547573e+01 2.820670e+01 2.537530e+01 2.452491e+01 2.995508e+01 2.631130e+01 2.616845e+01 2.919673e+01 2.654610e+01 1.969742e+01 2.209520e+01 2.088644e+00 1.880141e+00 3.861822e+00 2.101522e+00 3.415676e+00 4.984277e+00 3.490919e+00 2.908074e+00 3.612029e+00 3.059520e+00 2.800581e+00 2.199876e+00 1.551728e-03
<GCONST> 8.975394e+01
<MIXTURE> 76 1.052359e-02
<MEAN> 25
 -5.449597e+00 2.530579e-01 -1.228064e+00 3.749464e+00 4.394819e+00 1.949549e+00 3.494153e+00 -4.070894e-01 2.602146e+00 -7.052112e-01 8.954804e-01 1.641773e+00 6.957781e-02 -5.758744e-01 -1.208514e-01 -6.271299e-01 -7.626152e-01 -7.394565e-01 -5.861598e-01 -4.894435e-01 -5.155163e-01 -4.551656e-01 -2.900828e-01 8.249941e-02 2.794095e-02
<VARIANCE> 25
 2.856656e+01 2.387670e+01 2.427482e+01 1.927017e+01 2.177311e+01 2.464266e+01 2.104667e+01 3.019552e+01 2.028903e+01 1.783435e+01 2.817144e+01 1.865194e+01 1.425860e+00 7.951252e-01 1.269153e+00 9.774984e-01 1.284844e+00 1.255854e+00 1.220724e+00 2.093054e+00 1.465029e+00 1.133984e+00 1.260521e+00 1.265185e+00 1.107561e-03
<GCONST> 7.944152e+01
<MIXTURE> 77 1.244626e-02
<MEAN> 25
 -5.287070e-01 8.425602e+00 1.232521e+01 -1.089237e+01 -6.789313e+00 7.744423e-01 -8.931000e+00 -7.185789e+00 -3.042485e+00 -2.436612e-01 -4.373359e+00 -1.322685e+00 3.959985e-02 1.260195e-01 8.028432e-02 2.352619e-01 3.397574e-03 1.008312e-01 -5.254037e-02 -1.235850e-01 4.183533e-02 -5.318074e-02 6.153466e-02 1.493282e-01 -9.717519e-03
<VARIANCE> 25
 9.987110e+00 1.961567e+01 2.753708e+01 5.057832e+01 3.270293e+01 3.258136e+01 3.679007e+01 3.013581e+01 3.809487e+01 3.157328e+01 3.788369e+01 3.393230e+01 2.984071e-01 7.421400e-01 6.362174e-01 1.049691e+00 1.273940e+00 9.712718e-01 1.167188e+00 1.165315e+00 1.016576e+00 1.018103e+00 9.465552e-01 8.997521e-01 5.436482e-04
<GCONST> 7.766295e+01
<MIXTURE> 78 9.702551e-03
<MEAN> 25
 -1.115341e+01 1.270554e+00 -1.450779e+00 2.342570e+00 4.247861e+00 -2.187389e+00 3.707758e+00 2.555357e+00 2.702666e+00 7.096753e-01 -3.787583e-01 2.950319e+00 2.315114e+00 -2.020755e-01 2.079347e-01 5.799547e-01 -2.094517e-02 3.786558e-02 -3.103504e-01 -9.624205e-02 2.722373e-01 1.257300e-01 -4.045238e-01 -4.754098e-01 -5.983939e-02
<VARIANCE> 25
 4.276146e+01 3.248838e+01 3.266816e+01 3.144334e+01 3.923851e+01 3.669546e+01 3.445130e+01 3.248079e+01 2.760769e+01 2.703735e+01 2.740329e+01 1.989918e+01 4.936393e+00 2.607540e+00 2.781235e+00 3.026333e+00 2.837544e+00 3.475254e+00 3.138036e+00 2.835109e+00 2.349569e+00 2.381505e+00 2.235143e+00 2.130051e+00 4.741897e-03
<GCONST> 9.441787e+01
<MIXTURE> 79 1.156824e-02
<MEAN> 25
 2.529883e+00 2.305975e+00 8.797445e+00 -6.572269e+00 -1.240476e+01 -1.266373e+00 -1.470239e+00 -5.943338e+00 -6.857195e+00 -5.397344e-01 -2.352648e+00 -3.216859e+00 1.195618e+00 -3.145833e-01 -1.529841e+00 2.227906e+00 3.984271e-01 -1.593194e+00 5.535949e-01 1.105200e+00 -3.691581e-01 -2.643561e-01 2.098923e-01 2.499489e-01 -3.660526e-02
<VARIANCE> 25
 1.196655e+01 2.701731e+01 3.361061e+01 4.159940e+01 2.765179e+01 3.798547e+01 3.614881e+01 3.289822e+01 3.264611e+01 3.687418e+01 4.104297e+01 2.657362e+01 8.710670e-01 2.038347e+00 1.626858e+00 1.796649e+00 2.752350e+00 2.350333e+00 2.627259e+00 3.316284e+00 2.922972e+00 2.520242e+00 2.230778e+00 1.767886e+00 1.125440e-03
<GCONST> 8.935218e+01
<MIXTURE> 80 7.550998e-03
<MEAN> 25
 -1.460843e+01 3.982990e+00 6.889643e-01 2.866023e+00 2.449371e+00 1.410276e+00 6.396797e+00 2.496283e+00 2.719728e+00 2.373319e+00 4.852762e+00 1.187204e+00 4.286247e+00 -1.598396e-02 1.637939e+00 -1.135595e+00 -2.889477e+00 -2.777466e+00 -2.323186e+00 -2.021415e+00 -1.975050e+00 -1.685197e+00 -1.650781e+00 -6.028162e-01 -4.422978e-02
<VARIANCE> 25
 2.095091e+01 1.984606e+01 3.444390e+01 3.470671e+01 3.018006e+01 2.920804e+01 2.828753e+01 2.856245e+01 2.674595e+01 2.881153e+01 2.685392e+01 1.810844e+01 2.357437e+00 2.666162e+00 2.673048e+00 4.119843e+00 3.394037e+00 2.705465e+00 3.025279e+00 3.204077e+00 2.749053e+00 2.701619e+00 2.782212e+00 2.145854e+00 1.512335e-03
<GCONST> 9.139723e+01
<MIXTURE> 81 8.025434e-03
<MEAN> 25
 -1.117048e+00 4.068626e+00 1.018107e+01 -1.480007e+01 -9.081638e+00 -1.420235e+00 -6.764271e+00 -8.424815e+00 -4.152532e+00 -4.194700e-01 -7.569161e+00 -2.245630e+00 1.345397e-01 -5.867516e-01 -2.764409e-03 -5.558634e-01 -4.649217e-01 3.342038e-01 3.198636e-01 1.381745e-01 -1.416455e-01 1.071662e-01 -4.685359e-01 -1.255861e-01 1.151046e-02
<VARIANCE> 25
 1.015201e+01 3.280856e+01 2.644316e+01 2.928566e+01 3.369662e+01 3.052029e+01 4.543734e+01 2.824708e+01 3.797700e+01 3.188729e+01 2.534300e+01 3.104712e+01 7.734604e-01 2.276632e+00 1.546660e+00 2.872429e+00 2.663412e+00 2.127026e+00 3.279027e+00 2.289965e+00 2.357294e+00 2.538204e+00 2.298720e+00 2.078153e+00 1.183349e-03
<GCONST> 8.868857e+01
<MIXTURE> 82 8.213053e-03
<MEAN> 25
 -9.654737e+00 -3.695351e+00 1.671719e+00 -2.855270e+00 2.781378e+00 8.781234e-01 2.115606e+00 4.460585e-01 2.825200e+00 1.482299e+00 1.960408e+00 3.400766e+00 -1.186728e+00 -2.455783e-01 3.841298e-01 -2.546705e+00 -1.253175e+00 -1.293433e+00 -1.056722e+00 -8.000056e-01 -4.439588e-01 -4.981224e-01 -1.779949e-01 7.619520e-03 1.759824e-01
<VARIANCE> 25
 1.873070e+01 2.499220e+01 3.086310e+01 2.946277e+01 3.350781e+01 3.125873e+01 3.022290e+01 3.521539e+01 3.016603e+01 2.466114e+01 3.117934e+01 1.843358e+01 3.826592e+00 3.185040e+00 3.333726e+00 3.173793e+00 3.778741e+00 3.182119e+00 2.844497e+00 3.011983e+00 2.944311e+00 2.370587e+00 2.678357e+00 1.989816e+00 3.385460e-03
<GCONST> 9.322076e+01
<MIXTURE> 83 1.167529e-02
<MEAN> 25
 -2.003974e+01 5.504102e+00 -1.789317e+00 -4.043639e-01 7.829619e+00 -1.233706e+00 5.460139e+00 3.043747e+00 1.192433e+00 2.190803e+00 7.246228e-01 2.881655e+00 -2.627159e-02 -4.501080e-01 4.810312e-03 -3.654985e-01 -4.974574e-01 -1.260033e-01 -1.344510e-01 -9.941285e-02 -4.142099e-02 -3.922569e-02 -3.053142e-02 -3.455161e-02 4.403461e-03
<VARIANCE> 25
 8.829324e+00 1.645247e+01 2.851103e+01 2.248833e+01 2.127326e+01 2.408307e+01 2.202528e+01 2.336742e+01 2.042776e+01 2.221721e+01 2.319371e+01 1.448628e+01 1.060890e+00 9.361810e-01 1.240744e+00 1.065665e+00 1.359278e+00 1.291511e+00 1.283432e+00 1.388155e+00 1.348919e+00 1.310601e+00 1.220751e+00 1.071699e+00 8.923127e-04
<GCONST> 7.703564e+01
<MIXTURE> 84 1.066614e-02
<MEAN> 25
 9.561430e-01 9.210678e+00 7.055822e+00 7.304659e+00 2.587967e+00 -9.145995e-01 -1.153757e+00 -4.402994e+00 -3.795279e+00 -3.118233e+00 -2.505044e+00 -1.589174e+00 -1.748288e+00 -1.067844e+00 -1.036259e+00 1.268248e+00 2.216042e+00 1.471418e+00 1.330048e+00 1.102355e+00 1.098455e+00 3.973698e-01 4.148756e-01 4.634235e-01 -6.860311e-02
<VARIANCE> 25
 2.227527e+01 1.757380e+01 2.071144e+01 2.666418e+01 2.846078e+01 2.631931e+01 2.706479e+01 2.507361e+01 2.702785e+01 2.390730e+01 2.216763e+01 2.257385e+01 1.939369e+00 2.614141e+00 3.791146e+00 3.055011e+00 3.282815e+00 3.146377e+00 3.209626e+00 3.500642e+00 3.385031e+00 2.997862e+00 3.444262e+00 2.577644e+00 3.408014e-03
<GCONST> 9.170220e+01
<MIXTURE> 85 7.591393e-03
<MEAN> 25
 -3.118689e+00 7.841084e+00 5.733658e+00 1.169296e+00 -3.480685e+00 -5.121275e+00 -2.866998e+00 -6.236879e+00 -3.402135e+00 -3.331927e+00 -5.395549e-01 -1.838880e+00 3.909106e+00 3.518043e-01 1.764269e+00 -2.121478e+00 -3.433067e+00 -2.499801e+00 -2.834824e+00 -2.249370e+00 -2.274576e+00 -1.258486e+00 -2.238564e+00 -6.825498e-01 9.742795e-03
<VARIANCE> 25
 4.148388e+01 2.296928e+01 3.578410e+01 3.795780e+01 3.885490e+01 4.182263e+01 3.191236e+01 2.783245e+01 2.681350e+01 2.655324e+01 2.582182e+01 2.043085e+01 2.691592e+00 4.271375e+00 3.979697e+00 5.093616e+00 4.317400e+00 4.073704e+00 3.862418e+00 4.232027e+00 3.783563e+00 3.945354e+00 4.012172e+00 3.638998e+00 5.364154e-03
<GCONST> 9.830783e+01
<MIXTURE> 86 1.273941e-02
<MEAN> 25
 -5.306962e+00 -4.763907e-01 -2.403752e-01 5.846950e+00 4.968501e+00 4.833191e+00 5.167522e+00 3.940154e+00 4.713372e+00 3.417914e+00 4.899982e+00 2.680366e+00 -2.912425e-02 -2.957601e-02 -1.634838e-02 -9.918350e-03 -8.019043e-02 -1.832910e-01 -2.527895e-01 -2.610514e-01 -3.018407e-01 -3.032822e-01 -2.450879e-01 -1.990894e-01 -4.611576e-04
<VARIANCE> 25
 7.462317e+00 7.563785e+00 1.017624e+01 1.191648e+01 1.463879e+01 1.294610e+01 1.310187e+01 1.340319e+01 1.150879e+01 1.361054e+01 1.406645e+01 1.138973e+01 1.013464e-01 2.268574e-01 2.876469e-01 4.518827e-01 6.487553e-01 7.360368e-01 7.264757e-01 7.222769e-01 8.420227e-01 7.686937e-01 8.127342e-01 9.215910e-01 5.380098e-05
<GCONST> 5.757000e+01
<MIXTURE> 87 1.100681e-02
<MEAN> 25
 -3.268450e+00 4.774988e+00 3.608787e+00 6.451045e+00 4.928551e+00 1.539420e+00 2.092774e+00 -1.202561e+00 -9.388737e-02 -1.191518e+00 -8.123061e-01 -6.168282e-03 -1.801603e+00 -3.027624e+00 -1.759987e+00 -1.946895e+00 -3.421569e-01 1.893623e-03 5.105023e-01 1.123348e+00 1.160053e+00 8.938850e-01 1.256089e+00 1.267653e+00 1.039107e-01
<VARIANCE> 25
 3.184819e+01 2.653478e+01 2.364048e+01 2.943147e+01 2.539383e+01 2.925243e+01 2.447898e+01 2.309866e+01 2.336528e+01 2.160616e+01 2.254154e+01 2.114535e+01 3.710642e+00 2.626281e+00 3.798651e+00 3.425812e+00 4.437950e+00 4.035820e+00 3.572969e+00 3.442947e+00 3.205606e+00 2.911139e+00 3.344567e+00 2.554537e+00 4.278189e-03
<GCONST> 9.373278e+01
<MIXTURE> 88 1.256585e-02
<MEAN> 25
 -4.072687e+00 -3.150913e-02 -9.174649e-01 4.630307e+00 4.186475e+00 3.286496e+00 4.759717e+00 2.677455e+00 3.508252e+00 1.887072e+00 2.951683e+00 2.209208e+00 8.727374e-02 2.524084e-01 2.237200e-01 3.080973e-01 2.605107e-01 1.850004e-01 -2.065578e-03 -1.530520e-01 -1.639602e-02 -1.596088e-01 -3.768573e-01 -6.378264e-02 -5.532409e-03
<VARIANCE> 25
 7.509218e+00 1.494252e+01 1.495802e+01 1.472929e+01 2.125955e+01 2.559830e+01 1.794342e+01 1.868523e+01 1.736236e+01 1.602761e+01 2.268404e+01 1.560803e+01 1.754882e+00 1.488907e+00 1.994317e+00 1.875568e+00 2.701138e+00 2.347845e+00 2.175898e+00 2.336457e+00 2.369541e+00 2.159529e+00 2.420831e+00 1.867554e+00 1.556037e-03
<GCONST> 8.210332e+01
<MIXTURE> 89 9.333527e-03
<MEAN> 25
 5.670232e+00 -5.977673e+00 -3.730188e+00 -1.827712e+00 -1.141539e+00 -4.978209e+00 -6.033267e+00 3.444361e+00 3.282160e+00 -2.335862e+00 -5.912673e+00 -1.387917e+00 -3.856674e-01 -2.183211e-01 2.269185e+00 8.660381e-01 -2.303402e+00 -1.465296e+00 2.558191e-01 1.093646e+00 -7.286747e-01 -1.362386e+00 6.113607e-01 1.633092e+00 2.138030e-03
<VARIANCE> 25
 8.171843e+00 2.468063e+01 2.806214e+01 3.087177e+01 3.622041e+01 3.209768e+01 5.074458e+01 3.369774e+01 3.081655e+01 3.502219e+01 2.794415e+01 3.532374e+01 4.427874e-01 9.881930e-01 1.642393e+00 1.038357e+00 2.007146e+00 1.721758e+00 3.036481e+00 2.189512e+00 2.514685e+00 1.645282e+00 1.908154e+00 1.484557e+00 4.958409e-04
<GCONST> 8.409309e+01
<MIXTURE> 90 7.114505e-03
<MEAN> 25
 2.447495e+00 -9.712457e+00 -4.746829e+00 -3.962442e+00 -3.390035e+00 -1.813033e+00 3.340415e+00 1.187853e+00 -7.521805e+00 -1.020270e+01 -3.427284e+00 -7.369093e-01 -1.634371e-01 9.079953e-01 1.168101e+00 -8.526228e-01 -1.611843e+00 -2.122327e-01 6.450223e-01 -2.070156e-01 -1.724682e-01 7.368250e-01 1.826823e-01 -5.495817e-01 -1.115640e-02
<VARIANCE> 25
 8.477482e+00 1.785461e+01 1.988313e+01 2.816096e+01 3.684182e+01 3.212292e+01 3.884470e+01 3.636176e+01 3.520713e+01 2.779593e+01 2.700123e+01 2.611154e+01 2.242003e-01 6.125978e-01 7.866546e-01 1.042290e+00 1.469615e+00 1.588848e+00 1.778103e+00 1.662583e+00 1.813554e+00 1.678044e+00 1.493356e+00 1.306177e+00 2.155198e-04
<GCONST> 7.815482e+01
<MIXTURE> 91 7.852945e-03
<MEAN> 25
 6.044228e+00 -7.415084e+00 -8.780537e+00 -4.616851e+00 4.157703e+00 -1.122895e-01 -2.314672e+00 1.115466e+00 -5.612386e-01 -3.884577e-01 -4.509485e+00 -5.269197e+00 2.267806e-01 1.193790e+00 1.926518e-01 3.455388e-01 1.475125e-01 -4.714423e-01 -4.082276e-01 -5.197637e-01 -1.687220e-01 3.908606e-01 9.378395e-02 2.939218e-01 -3.769787e-02
<VARIANCE> 25
 8.560056e+00 2.057529e+01 1.565342e+01 3.568949e+01 2.816185e+01 4.719829e+01 4.250953e+01 3.738057e+01 4.478645e+01 6.443339e+01 3.748771e+01 3.615598e+01 4.262834e-01 8.736467e-01 9.567478e-01 1.422368e+00 2.001753e+00 2.207376e+00 1.846339e+00 2.610039e+00 1.988441e+00 2.011885e+00 1.880912e+00 1.677567e+00 6.177945e-04
<GCONST> 8.471121e+01
<MIXTURE> 92 7.852945e-03
<MEAN> 25
 6.044228e+00 -7.415084e+00 -8.780537e+00 -4.616851e+00 4.157703e+00 -1.122895e-01 -2.314672e+00 1.115466e+00 -5.612386e-01 -3.884577e-01 -4.509485e+00 -5.269197e+00 2.267806e-01 1.193790e+00 1.926518e-01 3.455388e-01 1.475125e-01 -4.714423e-01 -4.082276e-01 -5.197637e-01 -1.687220e-01 3.908606e-01 9.378395e-02 2.939218e-01 -3.769787e-02
<VARIANCE> 25
 8.560056e+00 2.057529e+01 1.565342e+01 3.568949e+01 2.816185e+01 4.719829e+01 4.250953e+01 3.738057e+01 4.478645e+01 6.443339e+01 3.748771e+01 3.615598e+01 4.262834e-01 8.736467e-01 9.567478e-01 1.422368e+00 2.001753e+00 2.207376e+00 1.846339e+00 2.610039e+00 1.988441e+00 2.011885e+00 1.880912e+00 1.677567e+00 6.177945e-04
<GCONST> 8.471121e+01
<MIXTURE> 93 6.122769e-03
<MEAN> 25
 -6.889929e+00 -7.912561e-01 -2.219753e+00 5.744654e+00 5.931370e+00 3.972826e+00 6.000570e+00 3.461166e+00 4.215802e+00 2.303861e+00 1.635119e+00 3.530482e+00 -5.795307e-02 -1.529884e-01 -2.604114e-01 -3.104496e-01 -3.511421e-01 -3.164648e-01 -2.228226e-01 -1.766224e-01 -1.805667e-01 -1.708605e-01 -1.048069e-01 -9.698844e-03 -4.324394e-05
<VARIANCE> 25
 8.902102e+00 6.573092e+00 8.756299e+00 1.104071e+01 1.113186e+01 1.566704e+01 1.526147e+01 1.642672e+01 1.448711e+01 1.513037e+01 1.708019e+01 1.398499e+01 8.044206e-02 1.486023e-01 2.548084e-01 3.791280e-01 4.917255e-01 6.516928e-01 7.708884e-01 8.571236e-01 8.939701e-01 8.685937e-01 8.730482e-01 9.264513e-01 1.052671e-06
<GCONST> 5.359352e+01
<MIXTURE> 94 6.122769e-03
<MEAN> 25
 -6.889929e+00 -7.912561e-01 -2.219753e+00 5.744654e+00 5.931370e+00 3.972826e+00 6.000570e+00 3.461166e+00 4.215802e+00 2.303861e+00 1.635119e+00 3.530482e+00 -5.795307e-02 -1.529884e-01 -2.604114e-01 -3.104496e-01 -3.511421e-01 -3.164648e-01 -2.228226e-01 -1.766224e-01 -1.805667e-01 -1.708605e-01 -1.048069e-01 -9.698844e-03 -4.324394e-05
<VARIANCE> 25
 8.902102e+00 6.573092e+00 8.756299e+00 1.104071e+01 1.113186e+01 1.566704e+01 1.526147e+01 1.642672e+01 1.448711e+01 1.513037e+01 1.708019e+01 1.398499e+01 8.044206e-02 1.486023e-01 2.548084e-01 3.791280e-01 4.917255e-01 6.516928e-01 7.708884e-01 8.571236e-01 8.939701e-01 8.685937e-01 8.730482e-01 9.264513e-01 1.052671e-06
<GCONST> 5.359352e+01
<MIXTURE> 95 5.258835e-03
<MEAN> 25
 -5.756049e+00 6.335214e-01 -1.377404e+00 4.395841e+00 4.318660e+00 2.800801e+00 3.532491e+00 5.931224e-01 2.382826e+00 2.712719e-01 1.191768e+00 1.818858e+00 1.440613e-01 4.092051e-02 3.627436e-02 3.117596e-02 -3.713078e-01 -7.882126e-01 -1.122069e+00 -1.207407e+00 -1.165145e+00 -9.695467e-01 -5.673895e-01 -2.820926e-01 -4.776519e-04
<VARIANCE> 25
 1.006506e+01 1.004581e+01 1.434252e+01 1.410138e+01 1.179582e+01 1.587403e+01 1.549880e+01 1.683203e+01 1.356071e+01 1.331855e+01 1.703546e+01 1.329077e+01 2.504132e-01 2.781727e-01 3.657311e-01 5.368198e-01 8.216435e-01 7.851180e-01 8.686472e-01 1.032010e+00 8.742699e-01 9.186841e-01 1.034049e+00 9.847073e-01 5.670357e-05
<GCONST> 6.246925e+01
<MIXTURE> 96 7.034694e-03
<MEAN> 25
 -5.177369e+00 -4.434894e-02 -1.774921e+00 4.994491e+00 3.905628e+00 1.827161e+00 3.472708e+00 1.595252e+00 2.614510e+00 6.977378e-01 7.319350e-01 2.120384e+00 -3.266858e-02 6.019700e-02 2.362605e-01 4.143704e-01 5.269399e-01 5.316564e-01 2.797109e-01 -1.627944e-01 -5.160441e-01 -5.762962e-01 -5.286912e-01 -3.891187e-01 4.144957e-05
<VARIANCE> 25
 1.019234e+01 1.039289e+01 1.375322e+01 1.348091e+01 1.412481e+01 1.792514e+01 1.670007e+01 1.805895e+01 1.831365e+01 1.573265e+01 1.985386e+01 1.879851e+01 1.196709e-01 2.163144e-01 3.069302e-01 3.830609e-01 5.070236e-01 6.583005e-01 8.221464e-01 9.565684e-01 9.347901e-01 8.322912e-01 9.054345e-01 8.891013e-01 9.792649e-07
<GCONST> 5.722436e+01
<MIXTURE> 97 7.034694e-03
<MEAN> 25
 -5.177369e+00 -4.434894e-02 -1.774921e+00 4.994491e+00 3.905628e+00 1.827161e+00 3.472708e+00 1.595252e+00 2.614510e+00 6.977378e-01 7.319350e-01 2.120384e+00 -3.266858e-02 6.019700e-02 2.362605e-01 4.143704e-01 5.269399e-01 5.316564e-01 2.797109e-01 -1.627944e-01 -5.160441e-01 -5.762962e-01 -5.286912e-01 -3.891187e-01 4.144957e-05
<VARIANCE> 25
 1.019234e+01 1.039289e+01 1.375322e+01 1.348091e+01 1.412481e+01 1.792514e+01 1.670007e+01 1.805895e+01 1.831365e+01 1.573265e+01 1.985386e+01 1.879851e+01 1.196709e-01 2.163144e-01 3.069302e-01 3.830609e-01 5.070236e-01 6.583005e-01 8.221464e-01 9.565684e-01 9.347901e-01 8.322912e-01 9.054345e-01 8.891013e-01 9.792649e-07
<GCONST> 5.722436e+01
<MIXTURE> 98 9.917808e-03
<MEAN> 25
 -1.447789e+00 1.447899e+00 1.530560e-02 4.256372e+00 3.372644e+00 2.272187e+00 3.172757e+00 1.689047e+00 2.029824e+00 8.598410e-01 7.058480e-01 1.065320e+00 -1.752522e+00 -1.344519e+00 -8.680145e-01 1.109500e-01 6.886213e-01 8.234057e-01 1.218112e+00 1.125635e+00 1.694310e+00 1.111965e+00 1.190245e+00 1.003255e+00 -3.507117e-02
<VARIANCE> 25
 1.311451e+01 2.071905e+01 2.968900e+01 3.065176e+01 4.037460e+01 3.490549e+01 2.991073e+01 2.779420e+01 2.704312e+01 2.803370e+01 2.627417e+01 2.270889e+01 1.266042e+00 1.641371e+00 2.604392e+00 2.266638e+00 2.755072e+00 2.659814e+00 2.705657e+00 3.471063e+00 2.497660e+00 2.854434e+00 2.789908e+00 2.005785e+00 2.507627e-03
<GCONST> 8.979752e+01
<MIXTURE> 99 6.696178e-03
<MEAN> 25
 -4.646510e+00 9.110154e+00 5.149036e+00 3.517107e+00 1.076676e+00 -4.254193e+00 -1.624581e+00 -4.576980e+00 -1.436373e+00 -3.705293e+00 -2.172550e+00 -8.934030e-02 4.238559e-01 -6.792549e-01 3.632072e-01 -1.321008e-01 -9.007503e-01 -3.864452e-01 -4.141583e-01 -1.647858e-01 -2.165868e-01 -6.526214e-02 3.281040e-01 2.825446e-01 1.570882e-02
<VARIANCE> 25
 3.234242e+01 2.309121e+01 4.675534e+01 2.389629e+01 2.856995e+01 2.828884e+01 2.598074e+01 2.607689e+01 3.206602e+01 2.062000e+01 1.575173e+01 2.228599e+01 2.089219e+00 1.518932e+00 1.126375e+00 1.630837e+00 2.461593e+00 2.156698e+00 1.298901e+00 1.622843e+00 1.480294e+00 1.225145e+00 1.172050e+00 1.218464e+00 1.577810e-03
<GCONST> 8.382751e+01
<MIXTURE> 100 4.498084e-03
<MEAN> 25
 -1.642142e+00 6.443227e+00 1.021467e+01 -7.375108e+00 -1.015033e+01 -3.686061e+00 -3.923301e+00 -9.998672e+00 -4.137546e+00 -1.727722e+00 -2.635028e+00 -2.819029e+00 2.907751e+00 -9.186660e-01 1.221457e+00 -2.246854e+00 -3.545934e+00 -6.417090e-01 -1.087746e+00 -3.992065e-01 -1.796566e+00 2.531114e-01 -1.346912e+00 -7.343902e-01 4.930675e-03
<VARIANCE> 25
 1.201720e+01 1.834078e+01 2.012062e+01 2.345189e+01 2.263183e+01 3.117234e+01 3.075082e+01 1.882681e+01 2.616410e+01 2.474469e+01 1.967562e+01 1.924425e+01 1.552783e+00 4.071861e+00 2.666765e+00 3.775272e+00 3.696192e+00 4.091487e+00 3.583335e+00 4.719726e+00 4.165630e+00 3.453196e+00 3.905064e+00 3.886210e+00 1.497244e-03
<GCONST> 9.140826e+01
<MIXTURE> 101 6.007792e-03
<MEAN> 25
 7.931586e+00 -3.809533e+00 -6.392904e+00 -7.012326e+00 1.159814e+00 -1.034188e+00 -1.022654e+01 -1.538477e+00 1.182015e+00 2.633374e+00 -1.999896e+00 -5.525849e+00 6.550490e-01 6.721865e-01 -1.393197e+00 -1.640223e+00 1.077324e+00 2.330182e+00 2.058682e-01 -1.393495e+00 -1.097677e+00 8.839678e-01 1.417362e+00 -4.239088e-01 -5.537585e-03
<VARIANCE> 25
 9.510452e+00 1.861592e+01 2.879908e+01 4.175851e+01 3.704002e+01 3.559837e+01 3.851952e+01 4.107251e+01 4.084721e+01 4.261898e+01 5.358445e+01 2.687050e+01 2.900824e-01 6.591126e-01 1.220451e+00 1.520114e+00 1.668841e+00 2.023657e+00 2.011790e+00 2.018896e+00 2.287865e+00 2.685990e+00 1.763513e+00 1.867802e+00 3.456784e-04
<GCONST> 8.412073e+01
<MIXTURE> 102 6.007792e-03
<MEAN> 25
 7.931586e+00 -3.809533e+00 -6.392904e+00 -7.012326e+00 1.159814e+00 -1.034188e+00 -1.022654e+01 -1.538477e+00 1.182015e+00 2.633374e+00 -1.999896e+00 -5.525849e+00 6.550490e-01 6.721865e-01 -1.393197e+00 -1.640223e+00 1.077324e+00 2.330182e+00 2.058682e-01 -1.393495e+00 -1.097677e+00 8.839678e-01 1.417362e+00 -4.239088e-01 -5.537585e-03
<VARIANCE> 25
 9.510452e+00 1.861592e+01 2.879908e+01 4.175851e+01 3.704002e+01 3.559837e+01 3.851952e+01 4.107251e+01 4.084721e+01 4.261898e+01 5.358445e+01 2.687050e+01 2.900824e-01 6.591126e-01 1.220451e+00 1.520114e+00 1.668841e+00 2.023657e+00 2.011790e+00 2.018896e+00 2.287865e+00 2.685990e+00 1.763513e+00 1.867802e+00 3.456784e-04
<GCONST> 8.412073e+01
<MIXTURE> 103 5.694618e-03
<MEAN> 25
 3.427965e+00 -9.459525e+00 -6.106983e+00 -2.877277e+00 -1.487178e+00 -1.983681e+00 2.128748e+00 2.711259e+00 -4.229913e+00 -8.838593e+00 -5.182090e+00 4.205400e-01 -1.158247e-01 -1.466102e+00 -1.032772e+00 3.699870e-01 1.243632e+00 9.886487e-01 1.822772e-01 -2.273335e-01 -7.613046e-01 -8.460782e-01 -7.313041e-02 3.509411e-02 2.637268e-02
<VARIANCE> 25
 1.000620e+01 1.972726e+01 2.194945e+01 3.097041e+01 4.644615e+01 3.333315e+01 4.589297e+01 3.576857e+01 4.288290e+01 3.116800e+01 2.905992e+01 2.541813e+01 6.567290e-01 1.204276e+00 1.543923e+00 1.859337e+00 2.830207e+00 2.311239e+00 2.761460e+00 2.483526e+00 2.493566e+00 2.638287e+00 2.028606e+00 2.054142e+00 7.757362e-04
<GCONST> 8.707770e+01
<MIXTURE> 104 5.694618e-03
<MEAN> 25
 3.427965e+00 -9.459525e+00 -6.106983e+00 -2.877277e+00 -1.487178e+00 -1.983681e+00 2.128748e+00 2.711259e+00 -4.229913e+00 -8.838593e+00 -5.182090e+00 4.205400e-01 -1.158247e-01 -1.466102e+00 -1.032772e+00 3.699870e-01 1.243632e+00 9.886487e-01 1.822772e-01 -2.273335e-01 -7.613046e-01 -8.460782e-01 -7.313041e-02 3.509411e-02 2.637268e-02
<VARIANCE> 25
 1.000620e+01 1.972726e+01 2.194945e+01 3.097041e+01 4.644615e+01 3.333315e+01 4.589297e+01 3.576857e+01 4.288290e+01 3.116800e+01 2.905992e+01 2.541813e+01 6.567290e-01 1.204276e+00 1.543923e+00 1.859337e+00 2.830207e+00 2.311239e+00 2.761460e+00 2.483526e+00 2.493566e+00 2.638287e+00 2.028606e+00 2.054142e+00 7.757362e-04
<GCONST> 8.707770e+01
<MIXTURE> 105 4.710235e-03
<MEAN> 25
 2.052561e+00 -1.564437e+00 8.720140e+00 -2.571587e+00 -1.133945e+01 -5.111108e+00 -4.087656e+00 -1.977511e-01 -3.723546e+00 -2.732623e+00 1.353528e+00 -2.956420e-01 -2.033467e-02 1.972849e-02 5.392489e-03 -4.887133e-02 5.751432e-02 7.385585e-02 -2.295445e-02 1.146193e-01 6.449882e-02 2.795645e-02 1.160849e-02 -3.630083e-02 -2.117337e-03
<VARIANCE> 25
 1.228356e+01 2.671987e+01 3.916879e+01 4.077365e+01 3.500321e+01 4.888203e+01 3.854010e+01 4.226643e+01 3.611869e+01 3.931330e+01 3.968489e+01 3.366436e+01 1.028354e-01 1.881625e-01 3.392071e-01 2.723367e-01 3.747727e-01 3.980463e-01 4.389907e-01 4.949049e-01 5.401856e-01 4.135100e-01 4.006153e-01 3.680321e-01 9.179896e-05
<GCONST> 6.594743e+01
<MIXTURE> 106 4.710235e-03
<MEAN> 25
 2.052561e+00 -1.564437e+00 8.720140e+00 -2.571587e+00 -1.133945e+01 -5.111108e+00 -4.087656e+00 -1.977511e-01 -3.723546e+00 -2.732623e+00 1.353528e+00 -2.956420e-01 -2.033467e-02 1.972849e-02 5.392489e-03 -4.887133e-02 5.751432e-02 7.385585e-02 -2.295445e-02 1.146193e-01 6.449882e-02 2.795645e-02 1.160849e-02 -3.630083e-02 -2.117337e-03
<VARIANCE> 25
 1.228356e+01 2.671987e+01 3.916879e+01 4.077365e+01 3.500321e+01 4.888203e+01 3.854010e+01 4.226643e+01 3.611869e+01 3.931330e+01 3.968489e+01 3.366436e+01 1.028354e-01 1.881625e-01 3.392071e-01 2.723367e-01 3.747727e-01 3.980463e-01 4.389907e-01 4.949049e-01 5.401856e-01 4.135100e-01 4.006153e-01 3.680321e-01 9.179896e-05
<GCONST> 6.594743e+01
<MIXTURE> 107 5.452374e-03
<MEAN> 25
 8.637096e+00 -2.307260e+00 -8.041362e+00 -9.553515e+00 1.967311e+00 2.955016e+00 -8.638910e+00 -4.554395e+00 -8.805160e-01 3.386657e+00 8.498110e-01 -5.073187e+00 -6.092725e-01 -7.685969e-01 8.355897e-01 1.772431e+00 2.242730e-01 -2.012175e+00 -9.222438e-01 8.486580e-01 1.766164e+00 4.662450e-02 -1.656970e+00 -8.185406e-01 -1.766545e-03
<VARIANCE> 25
 9.268643e+00 2.049027e+01 2.833257e+01 4.288285e+01 3.576186e+01 3.847359e+01 5.116452e+01 3.627861e+01 4.579939e+01 4.172996e+01 5.137899e+01 3.035233e+01 3.564180e-01 9.681854e-01 1.461712e+00 2.413887e+00 2.288090e+00 2.823724e+00 2.613424e+00 2.540803e+00 2.299647e+00 3.029456e+00 1.946435e+00 2.209698e+00 7.037274e-04
<GCONST> 8.805338e+01
<MIXTURE> 108 5.452374e-03
<MEAN> 25
 8.637096e+00 -2.307260e+00 -8.041362e+00 -9.553515e+00 1.967311e+00 2.955016e+00 -8.638910e+00 -4.554395e+00 -8.805160e-01 3.386657e+00 8.498110e-01 -5.073187e+00 -6.092725e-01 -7.685969e-01 8.355897e-01 1.772431e+00 2.242730e-01 -2.012175e+00 -9.222438e-01 8.486580e-01 1.766164e+00 4.662450e-02 -1.656970e+00 -8.185406e-01 -1.766545e-03
<VARIANCE> 25
 9.268643e+00 2.049027e+01 2.833257e+01 4.288285e+01 3.576186e+01 3.847359e+01 5.116452e+01 3.627861e+01 4.579939e+01 4.172996e+01 5.137899e+01 3.035233e+01 3.564180e-01 9.681854e-01 1.461712e+00 2.413887e+00 2.288090e+00 2.823724e+00 2.613424e+00 2.540803e+00 2.299647e+00 3.029456e+00 1.946435e+00 2.209698e+00 7.037274e-04
<GCONST> 8.805338e+01
<MIXTURE> 109 6.661064e-03
<MEAN> 25
 4.094483e+00 -1.053118e+01 -8.300493e+00 -1.251310e+00 2.698664e+00 -1.604647e-01 -2.592371e-01 1.985385e+00 -2.452923e+00 -7.367042e+00 -5.643487e+00 -9.552179e-02 -7.257333e-02 -8.636885e-02 -7.862996e-02 1.972455e-01 3.009972e-01 1.063419e-01 -1.201959e-01 -1.121373e-01 -1.400686e-01 6.782702e-03 2.538445e-01 -7.218273e-02 -2.818572e-03
<VARIANCE> 25
 8.463929e+00 1.757852e+01 1.864821e+01 2.925560e+01 3.797226e+01 3.419234e+01 4.358898e+01 3.526914e+01 4.282165e+01 4.444244e+01 2.854799e+01 2.641552e+01 2.039565e-01 4.361581e-01 5.295471e-01 6.214984e-01 1.304036e+00 9.261403e-01 1.182524e+00 1.041655e+00 1.153995e+00 1.118783e+00 8.536028e-01 9.069059e-01 1.847450e-04
<GCONST> 7.420385e+01
<MIXTURE> 110 6.661064e-03
<MEAN> 25
 4.094483e+00 -1.053118e+01 -8.300493e+00 -1.251310e+00 2.698664e+00 -1.604647e-01 -2.592371e-01 1.985385e+00 -2.452923e+00 -7.367042e+00 -5.643487e+00 -9.552179e-02 -7.257333e-02 -8.636885e-02 -7.862996e-02 1.972455e-01 3.009972e-01 1.063419e-01 -1.201959e-01 -1.121373e-01 -1.400686e-01 6.782702e-03 2.538445e-01 -7.218273e-02 -2.818572e-03
<VARIANCE> 25
 8.463929e+00 1.757852e+01 1.864821e+01 2.925560e+01 3.797226e+01 3.419234e+01 4.358898e+01 3.526914e+01 4.282165e+01 4.444244e+01 2.854799e+01 2.641552e+01 2.039565e-01 4.361581e-01 5.295471e-01 6.214984e-01 1.304036e+00 9.261403e-01 1.182524e+00 1.041655e+00 1.153995e+00 1.118783e+00 8.536028e-01 9.069059e-01 1.847450e-04
<GCONST> 7.420385e+01
<MIXTURE> 111 4.337247e-03
<MEAN> 25
 -4.431791e+00 -5.008180e-01 -1.548583e+00 1.739805e+00 1.144758e+00 1.067329e+00 4.128625e-01 5.346467e-02 3.497887e-01 -6.064494e-01 -7.169588e-01 1.765635e+00 -2.872355e-02 -4.086079e-02 -5.468690e-02 -4.357285e-02 -6.768040e-02 -6.020830e-03 1.623574e-02 -1.246945e-01 -1.796306e-01 -2.299575e-01 -2.122504e-01 -1.243531e-01 -4.115716e-04
<VARIANCE> 25
 7.094029e+00 6.414823e+00 1.062471e+01 8.766700e+00 1.339474e+01 2.220925e+01 1.449605e+01 1.299366e+01 1.220537e+01 1.187151e+01 1.274359e+01 1.155839e+01 8.247358e-02 1.611597e-01 2.676679e-01 4.067760e-01 6.414146e-01 7.127654e-01 8.081943e-01 9.520314e-01 8.860872e-01 8.005679e-01 8.096207e-01 8.441139e-01 2.367277e-05
<GCONST> 5.624297e+01
<MIXTURE> 112 4.337247e-03
<MEAN> 25
 -4.431791e+00 -5.008180e-01 -1.548583e+00 1.739805e+00 1.144758e+00 1.067329e+00 4.128625e-01 5.346467e-02 3.497887e-01 -6.064494e-01 -7.169588e-01 1.765635e+00 -2.872355e-02 -4.086079e-02 -5.468690e-02 -4.357285e-02 -6.768040e-02 -6.020830e-03 1.623574e-02 -1.246945e-01 -1.796306e-01 -2.299575e-01 -2.122504e-01 -1.243531e-01 -4.115716e-04
<VARIANCE> 25
 7.094029e+00 6.414823e+00 1.062471e+01 8.766700e+00 1.339474e+01 2.220925e+01 1.449605e+01 1.299366e+01 1.220537e+01 1.187151e+01 1.274359e+01 1.155839e+01 8.247358e-02 1.611597e-01 2.676679e-01 4.067760e-01 6.414146e-01 7.127654e-01 8.081943e-01 9.520314e-01 8.860872e-01 8.005679e-01 8.096207e-01 8.441139e-01 2.367277e-05
<GCONST> 5.624297e+01
<MIXTURE> 113 5.938666e-03
<MEAN> 25
 9.963131e+00 1.756867e+00 -8.775843e+00 -1.701932e+01 -1.019876e+00 5.643494e+00 -5.284821e+00 -1.469626e+00 -5.691620e+00 -4.743928e-01 2.923151e-01 -1.982422e-01 4.194101e-03 1.378674e-02 -5.918188e-02 -1.154208e-01 1.049765e-01 1.529415e-01 5.905256e-02 3.796517e-02 -5.819534e-02 -5.133169e-02 1.806013e-01 3.461724e-02 -1.397385e-03
<VARIANCE> 25
 8.990982e+00 1.636613e+01 2.964292e+01 3.461628e+01 5.277063e+01 3.395857e+01 3.965034e+01 3.908597e+01 3.733140e+01 4.656569e+01 3.626437e+01 2.839672e+01 1.218300e-01 3.200736e-01 3.156742e-01 6.330048e-01 6.122132e-01 6.559615e-01 7.753873e-01 8.459118e-01 9.586862e-01 9.037523e-01 7.237548e-01 7.125856e-01 1.246936e-04
<GCONST> 7.112277e+01
<MIXTURE> 114 5.938666e-03
<MEAN> 25
 9.963131e+00 1.756867e+00 -8.775843e+00 -1.701932e+01 -1.019876e+00 5.643494e+00 -5.284821e+00 -1.469626e+00 -5.691620e+00 -4.743928e-01 2.923151e-01 -1.982422e-01 4.194101e-03 1.378674e-02 -5.918188e-02 -1.154208e-01 1.049765e-01 1.529415e-01 5.905256e-02 3.796517e-02 -5.819534e-02 -5.133169e-02 1.806013e-01 3.461724e-02 -1.397385e-03
<VARIANCE> 25
 8.990982e+00 1.636613e+01 2.964292e+01 3.461628e+01 5.277063e+01 3.395857e+01 3.965034e+01 3.908597e+01 3.733140e+01 4.656569e+01 3.626437e+01 2.839672e+01 1.218300e-01 3.200736e-01 3.156742e-01 6.330048e-01 6.122132e-01 6.559615e-01 7.753873e-01 8.459118e-01 9.586862e-01 9.037523e-01 7.237548e-01 7.125856e-01 1.246936e-04
<GCONST> 7.112277e+01
<MIXTURE> 115 2.935202e-03
<MEAN> 25
 -4.066271e+00 -7.126179e-01 -3.046486e+00 3.661995e+00 2.456070e+00 -4.017223e-01 2.213817e+00 4.070921e-01 1.448095e+00 -5.079106e-02 -8.406814e-04 2.617495e+00 3.247779e-02 -7.413434e-02 -2.319047e-01 -4.303142e-01 -6.340127e-01 -6.695173e-01 -5.808304e-01 -5.049037e-01 -4.845689e-01 -4.523506e-01 -3.481440e-01 -1.675005e-01 1.087421e-06
<VARIANCE> 25
 9.308559e+00 9.952574e+00 1.375136e+01 1.258922e+01 1.359312e+01 1.751299e+01 1.701688e+01 2.060605e+01 1.811113e+01 1.713419e+01 1.917127e+01 1.508727e+01 2.019719e-01 3.428559e-01 4.814235e-01 5.627886e-01 6.311218e-01 7.932288e-01 1.017966e+00 1.122324e+00 1.067508e+00 9.895335e-01 1.021591e+00 1.062778e+00 1.011147e-06
<GCONST> 6.016485e+01
<MIXTURE> 116 2.935202e-03
<MEAN> 25
 -4.066271e+00 -7.126179e-01 -3.046486e+00 3.661995e+00 2.456070e+00 -4.017223e-01 2.213817e+00 4.070921e-01 1.448095e+00 -5.079106e-02 -8.406814e-04 2.617495e+00 3.247779e-02 -7.413434e-02 -2.319047e-01 -4.303142e-01 -6.340127e-01 -6.695173e-01 -5.808304e-01 -5.049037e-01 -4.845689e-01 -4.523506e-01 -3.481440e-01 -1.675005e-01 1.087421e-06
<VARIANCE> 25
 9.308559e+00 9.952574e+00 1.375136e+01 1.258922e+01 1.359312e+01 1.751299e+01 1.701688e+01 2.060605e+01 1.811113e+01 1.713419e+01 1.917127e+01 1.508727e+01 2.019719e-01 3.428559e-01 4.814235e-01 5.627886e-01 6.311218e-01 7.932288e-01 1.017966e+00 1.122324e+00 1.067508e+00 9.895335e-01 1.021591e+00 1.062778e+00 1.011147e-06
<GCONST> 6.016485e+01
<MIXTURE> 117 6.506003e-03
<MEAN> 25
 -4.618376e+00 1.209552e+00 1.109992e+00 9.645353e+00 6.176769e+00 6.172038e+00 6.395567e+00 5.009371e+00 6.506871e+00 4.842659e+00 6.302370e+00 2.729903e+00 -8.270389e-02 -2.419277e-01 -3.449719e-01 -4.177353e-01 -3.484790e-01 -2.768784e-01 -2.649579e-01 -3.668762e-01 -3.890224e-01 -3.549444e-01 -2.578013e-01 -9.848231e-02 -9.471459e-06
<VARIANCE> 25
 7.126695e+00 9.008666e+00 9.774526e+00 1.467308e+01 1.572352e+01 1.544497e+01 1.761037e+01 1.774693e+01 1.701549e+01 1.643238e+01 1.666527e+01 1.467641e+01 2.156733e-01 3.073930e-01 4.283500e-01 6.058625e-01 8.567468e-01 1.074352e+00 1.184180e+00 1.280734e+00 1.206402e+00 1.182413e+00 1.147242e+00 1.112864e+00 9.833914e-07
<GCONST> 6.048314e+01
<MIXTURE> 118 6.506003e-03
<MEAN> 25
 -4.618376e+00 1.209552e+00 1.109992e+00 9.645353e+00 6.176769e+00 6.172038e+00 6.395567e+00 5.009371e+00 6.506871e+00 4.842659e+00 6.302370e+00 2.729903e+00 -8.270389e-02 -2.419277e-01 -3.449719e-01 -4.177353e-01 -3.484790e-01 -2.768784e-01 -2.649579e-01 -3.668762e-01 -3.890224e-01 -3.549444e-01 -2.578013e-01 -9.848231e-02 -9.471459e-06
<VARIANCE> 25
 7.126695e+00 9.008666e+00 9.774526e+00 1.467308e+01 1.572352e+01 1.544497e+01 1.761037e+01 1.774693e+01 1.701549e+01 1.643238e+01 1.666527e+01 1.467641e+01 2.156733e-01 3.073930e-01 4.283500e-01 6.058625e-01 8.567468e-01 1.074352e+00 1.184180e+00 1.280734e+00 1.206402e+00 1.182413e+00 1.147242e+00 1.112864e+00 9.833914e-07
<GCONST> 6.048314e+01
<MIXTURE> 119 4.297961e-03
<MEAN> 25
 -4.975539e+00 -7.512851e+00 2.112374e+00 1.900003e+00 2.287138e+00 1.768699e-01 5.309091e+00 5.810634e+00 1.112115e+00 1.021451e+00 6.565766e+00 1.653177e+00 -6.098088e-02 -8.929095e-02 4.222856e-02 -4.036595e-02 -8.051226e-02 -1.319751e-01 -7.776717e-02 -6.321260e-02 -9.069207e-02 -1.113284e-01 -9.023783e-02 -2.375282e-02 3.120341e-04
<VARIANCE> 25
 8.200294e+00 1.018844e+01 1.643562e+01 2.076217e+01 2.281915e+01 2.387992e+01 2.415002e+01 2.656982e+01 2.431394e+01 2.736591e+01 1.991295e+01 2.220319e+01 1.634635e-01 2.750396e-01 4.444060e-01 6.366112e-01 8.242903e-01 1.032721e+00 1.063137e+00 1.301608e+00 1.238162e+00 1.199468e+00 1.281713e+00 1.100347e+00 2.390525e-04
<GCONST> 6.976126e+01
<MIXTURE> 120 4.297961e-03
<MEAN> 25
 -4.975539e+00 -7.512851e+00 2.112374e+00 1.900003e+00 2.287138e+00 1.768699e-01 5.309091e+00 5.810634e+00 1.112115e+00 1.021451e+00 6.565766e+00 1.653177e+00 -6.098088e-02 -8.929095e-02 4.222856e-02 -4.036595e-02 -8.051226e-02 -1.319751e-01 -7.776717e-02 -6.321260e-02 -9.069207e-02 -1.113284e-01 -9.023783e-02 -2.375282e-02 3.120341e-04
<VARIANCE> 25
 8.200294e+00 1.018844e+01 1.643562e+01 2.076217e+01 2.281915e+01 2.387992e+01 2.415002e+01 2.656982e+01 2.431394e+01 2.736591e+01 1.991295e+01 2.220319e+01 1.634635e-01 2.750396e-01 4.444060e-01 6.366112e-01 8.242903e-01 1.032721e+00 1.063137e+00 1.301608e+00 1.238162e+00 1.199468e+00 1.281713e+00 1.100347e+00 2.390525e-04
<GCONST> 6.976126e+01
<MIXTURE> 121 4.567511e-03
<MEAN> 25
 2.074122e-01 -2.528398e+00 5.157914e+00 -1.289658e+01 -1.264657e+01 -1.662677e+00 9.989604e-01 -5.099577e+00 -4.202716e+00 -4.892996e-01 -5.494502e+00 -4.307329e+00 2.395555e-02 1.332385e-01 -4.233985e-02 7.959524e-02 1.589558e-01 7.652862e-02 -7.787504e-02 -1.835717e-01 -2.688186e-01 -2.548143e-01 -1.158883e-01 1.955137e-03 -7.450422e-03
<VARIANCE> 25
 7.725400e+00 1.561245e+01 1.728575e+01 2.038071e+01 2.438800e+01 2.924269e+01 2.951229e+01 2.461826e+01 3.526495e+01 2.831013e+01 1.990649e+01 2.120028e+01 1.549425e-01 6.433118e-01 6.233484e-01 7.043464e-01 7.701372e-01 1.152858e+00 1.119338e+00 1.119926e+00 1.216951e+00 1.200032e+00 9.426479e-01 8.723419e-01 2.110063e-04
<GCONST> 7.141071e+01
<MIXTURE> 122 4.567511e-03
<MEAN> 25
 2.074122e-01 -2.528398e+00 5.157914e+00 -1.289658e+01 -1.264657e+01 -1.662677e+00 9.989604e-01 -5.099577e+00 -4.202716e+00 -4.892996e-01 -5.494502e+00 -4.307329e+00 2.395555e-02 1.332385e-01 -4.233985e-02 7.959524e-02 1.589558e-01 7.652862e-02 -7.787504e-02 -1.835717e-01 -2.688186e-01 -2.548143e-01 -1.158883e-01 1.955137e-03 -7.450422e-03
<VARIANCE> 25
 7.725400e+00 1.561245e+01 1.728575e+01 2.038071e+01 2.438800e+01 2.924269e+01 2.951229e+01 2.461826e+01 3.526495e+01 2.831013e+01 1.990649e+01 2.120028e+01 1.549425e-01 6.433118e-01 6.233484e-01 7.043464e-01 7.701372e-01 1.152858e+00 1.119338e+00 1.119926e+00 1.216951e+00 1.200032e+00 9.426479e-01 8.723419e-01 2.110063e-04
<GCONST> 7.141071e+01
<MIXTURE> 123 4.393044e-03
<MEAN> 25
 -4.477224e+00 1.753956e+00 8.902498e-01 5.524064e+00 4.740839e+00 4.040853e+00 3.410198e+00 -2.355137e-01 7.321597e-01 -8.610595e-01 -2.063381e-01 1.055549e-01 -5.503258e-01 -6.485546e-01 -8.152897e-01 -4.950269e-01 4.559250e-02 2.969698e-01 5.380700e-01 4.458723e-01 6.301304e-01 5.590310e-01 4.830194e-01 4.876157e-01 -2.526318e-03
<VARIANCE> 25
 9.339365e+00 1.081243e+01 1.379619e+01 1.492527e+01 1.849955e+01 2.378749e+01 1.902015e+01 2.030305e+01 1.594314e+01 1.550014e+01 1.897160e+01 1.997123e+01 3.161488e-01 3.499553e-01 4.169412e-01 6.529641e-01 1.072749e+00 1.070080e+00 1.075856e+00 1.406462e+00 1.153819e+00 1.129895e+00 1.273291e+00 1.208462e+00 9.239075e-05
<GCONST> 6.783589e+01
<MIXTURE> 124 4.069876e-03
<MEAN> 25
 -6.538068e+00 -1.024068e+00 -2.723921e+00 5.044614e+00 4.926666e+00 3.465379e+00 5.324933e+00 2.518497e+00 3.218749e+00 1.138949e+00 1.036594e+00 2.920776e+00 -2.117276e-01 -3.206457e-01 -3.613238e-01 -2.049440e-01 1.413745e-01 5.339571e-01 8.018054e-01 8.417528e-01 6.385705e-01 3.102437e-01 5.092746e-02 -4.291209e-02 -8.315201e-05
<VARIANCE> 25
 1.076893e+01 7.946281e+00 1.192483e+01 1.223261e+01 1.195544e+01 1.954484e+01 1.538790e+01 1.679551e+01 1.521294e+01 1.634509e+01 1.906993e+01 1.489099e+01 1.067235e-01 1.662224e-01 2.681291e-01 4.134113e-01 5.971908e-01 7.180793e-01 7.333254e-01 8.444456e-01 9.093555e-01 9.642854e-01 1.004691e+00 9.869793e-01 1.995673e-05
<GCONST> 5.903333e+01
<MIXTURE> 125 4.069876e-03
<MEAN> 25
 -6.538068e+00 -1.024068e+00 -2.723921e+00 5.044614e+00 4.926666e+00 3.465379e+00 5.324933e+00 2.518497e+00 3.218749e+00 1.138949e+00 1.036594e+00 2.920776e+00 -2.117276e-01 -3.206457e-01 -3.613238e-01 -2.049440e-01 1.413745e-01 5.339571e-01 8.018054e-01 8.417528e-01 6.385705e-01 3.102437e-01 5.092746e-02 -4.291209e-02 -8.315201e-05
<VARIANCE> 25
 1.076893e+01 7.946281e+00 1.192483e+01 1.223261e+01 1.195544e+01 1.954484e+01 1.538790e+01 1.679551e+01 1.521294e+01 1.634509e+01 1.906993e+01 1.489099e+01 1.067235e-01 1.662224e-01 2.681291e-01 4.134113e-01 5.971908e-01 7.180793e-01 7.333254e-01 8.444456e-01 9.093555e-01 9.642854e-01 1.004691e+00 9.869793e-01 1.995673e-05
<GCONST> 5.903333e+01
<MIXTURE> 126 2.402244e-03
<MEAN> 25
 -3.773175e+00 -6.920331e+00 -5.277937e+00 2.308385e+00 4.268494e+00 -3.235911e+00 6.160943e-02 3.549312e+00 3.324936e+00 -2.669950e+00 -1.433655e+00 3.045285e+00 -3.182891e-03 -6.161397e-03 -3.644675e-02 -1.582734e-01 -3.152645e-01 -3.866257e-01 -2.745420e-01 -1.592920e-01 -1.151189e-01 -1.140538e-01 -9.562333e-02 -3.146106e-02 -1.483552e-03
<VARIANCE> 25
 7.507423e+00 1.281028e+01 1.387467e+01 1.512673e+01 2.467348e+01 2.365854e+01 2.275759e+01 2.845042e+01 3.125090e+01 2.641314e+01 2.176985e+01 1.925809e+01 1.709660e-01 3.521564e-01 4.819809e-01 5.672150e-01 7.557551e-01 9.962164e-01 1.118825e+00 1.264136e+00 1.327233e+00 1.309150e+00 1.214392e+00 1.144383e+00 2.108964e-04
<GCONST> 6.982993e+01
<MIXTURE> 127 2.402244e-03
<MEAN> 25
 -3.773175e+00 -6.920331e+00 -5.277937e+00 2.308385e+00 4.268494e+00 -3.235911e+00 6.160943e-02 3.549312e+00 3.324936e+00 -2.669950e+00 -1.433655e+00 3.045285e+00 -3.182891e-03 -6.161397e-03 -3.644675e-02 -1.582734e-01 -3.152645e-01 -3.866257e-01 -2.745420e-01 -1.592920e-01 -1.151189e-01 -1.140538e-01 -9.562333e-02 -3.146106e-02 -1.483552e-03
<VARIANCE> 25
 7.507423e+00 1.281028e+01 1.387467e+01 1.512673e+01 2.467348e+01 2.365854e+01 2.275759e+01 2.845042e+01 3.125090e+01 2.641314e+01 2.176985e+01 1.925809e+01 1.709660e-01 3.521564e-01 4.819809e-01 5.672150e-01 7.557551e-01 9.962164e-01 1.118825e+00 1.264136e+00 1.327233e+00 1.309150e+00 1.214392e+00 1.144383e+00 2.108964e-04
<GCONST> 6.982993e+01
<MIXTURE> 128 3.790457e-03
<MEAN> 25
 -3.840160e+00 1.916749e+00 -1.911897e-01 6.235831e+00 3.678444e+00 1.942721e+00 3.575684e+00 2.182811e+00 4.054464e+00 3.389047e+00 3.584653e+00 3.420997e+00 -4.166435e-01 -2.323069e-01 1.405761e-01 7.302674e-01 1.226659e+00 1.071202e+00 5.989857e-01 1.180940e-02 -4.239953e-01 -7.391848e-01 -6.708612e-01 -3.616218e-01 -1.331534e-04
<VARIANCE> 25
 9.670709e+00 1.286019e+01 1.442312e+01 1.975630e+01 1.907537e+01 1.997703e+01 2.272834e+01 2.411415e+01 2.686725e+01 2.369156e+01 2.571317e+01 1.745461e+01 8.417032e-01 1.088333e+00 1.303313e+00 1.443166e+00 1.540706e+00 1.831252e+00 2.425736e+00 2.379165e+00 2.012684e+00 1.772941e+00 1.644994e+00 1.657905e+00 1.137136e-06
<GCONST> 7.315710e+01
<TRANSP> 3
 0.000000e+00 1.000000e+00 0.000000e+00
 0.000000e+00 9.999990e-01 9.999998e-07
 0.000000e+00 0.000000e+00 0.000000e+00
<ENDHMM>
