~o
<STREAMINFO> 1 25
<VECSIZE> 25<NULLD><MFCC_E_D_N><DIAGC>
~h "jmodel"
<BEGINHMM>
<NUMSTATES> 3
<STATE> 2
<NUMMIXES> 128
<MIXTURE> 1 5.748963e-03
<MEAN> 25
 -2.626655e+00 3.132341e+00 2.305161e+00 8.383687e+00 4.312681e+00 3.336493e+00 4.111534e+00 4.050726e+00 5.769639e+00 5.176294e+00 5.732114e+00 3.036419e+00 -1.959368e+00 -1.536848e+00 -8.201218e-01 1.103556e+00 1.579184e+00 2.231979e+00 2.159987e+00 2.020582e+00 1.709776e+00 1.302517e+00 1.509941e+00 5.921076e-01 -4.696840e-02
<VARIANCE> 25
 9.803325e+00 1.146605e+01 1.456780e+01 2.199523e+01 2.273025e+01 2.179673e+01 2.159391e+01 2.226479e+01 2.083313e+01 2.201020e+01 2.126338e+01 1.673975e+01 1.788476e+00 2.361453e+00 3.034341e+00 3.134033e+00 3.628748e+00 3.291725e+00 3.255384e+00 3.403412e+00 3.420125e+00 3.719642e+00 3.511665e+00 2.753309e+00 3.052691e-03
<GCONST> 8.842118e+01
<MIXTURE> 2 4.549242e-03
<MEAN> 25
 -4.875888e+00 1.311701e+00 9.940082e-01 9.899558e+00 6.692677e+00 7.424582e+00 7.847317e+00 6.958004e+00 8.373119e+00 6.372903e+00 7.624030e+00 3.074623e+00 -6.198829e-02 4.156944e-02 1.425168e-01 2.258779e-01 2.653280e-01 2.815121e-01 2.954916e-01 3.194975e-01 3.496983e-01 3.088046e-01 1.970732e-01 7.996960e-02 1.288436e-06
<VARIANCE> 25
 6.952935e+00 8.901472e+00 1.065318e+01 1.591150e+01 1.723832e+01 1.556242e+01 1.689926e+01 1.848489e+01 1.658635e+01 1.738563e+01 1.811229e+01 1.433944e+01 1.252484e-01 2.266683e-01 3.364586e-01 4.671125e-01 6.492767e-01 8.152953e-01 9.299120e-01 1.003196e+00 1.051683e+00 1.077979e+00 1.075828e+00 1.014076e+00 1.000027e-06
<GCONST> 5.804455e+01
<MIXTURE> 3 4.549242e-03
<MEAN> 25
 -4.875888e+00 1.311701e+00 9.940082e-01 9.899558e+00 6.692677e+00 7.424582e+00 7.847317e+00 6.958004e+00 8.373119e+00 6.372903e+00 7.624030e+00 3.074623e+00 -6.198829e-02 4.156944e-02 1.425168e-01 2.258779e-01 2.653280e-01 2.815121e-01 2.954916e-01 3.194975e-01 3.496983e-01 3.088046e-01 1.970732e-01 7.996960e-02 1.288436e-06
<VARIANCE> 25
 6.952935e+00 8.901472e+00 1.065318e+01 1.591150e+01 1.723832e+01 1.556242e+01 1.689926e+01 1.848489e+01 1.658635e+01 1.738563e+01 1.811229e+01 1.433944e+01 1.252484e-01 2.266683e-01 3.364586e-01 4.671125e-01 6.492767e-01 8.152953e-01 9.299120e-01 1.003196e+00 1.051683e+00 1.077979e+00 1.075828e+00 1.014076e+00 1.000027e-06
<GCONST> 5.804455e+01
<MIXTURE> 4 1.671429e-02
<MEAN> 25
 3.198449e+00 2.243165e+00 -3.511410e+00 1.165953e+00 4.184596e+00 -5.110828e-01 -5.825608e-01 -8.018510e-01 2.455142e+00 1.538843e+00 -2.125572e+00 3.633016e-01 -2.551742e+00 1.298893e+00 1.596899e+00 2.811445e+00 8.134435e-01 5.438108e-01 1.901948e+00 7.632236e-01 8.752956e-01 3.233880e-01 1.137440e+00 7.959842e-01 -1.042071e-01
<VARIANCE> 25
 1.930715e+01 2.692391e+01 2.619312e+01 3.534973e+01 4.073926e+01 6.059400e+01 6.090253e+01 5.336157e+01 5.593607e+01 5.513536e+01 4.427542e+01 3.196280e+01 2.327881e+00 4.506570e+00 3.474340e+00 4.747941e+00 4.500814e+00 5.816100e+00 6.323823e+00 5.393549e+00 5.284097e+00 5.806867e+00 5.429699e+00 3.961569e+00 5.338655e-03
<GCONST> 1.034255e+02
<MIXTURE> 5 3.206198e-03
<MEAN> 25
 -3.423434e+00 2.181570e+00 6.042203e-01 9.423747e+00 6.703935e+00 6.314627e+00 7.116201e+00 4.722467e+00 5.495646e+00 3.847617e+00 4.653666e+00 2.605732e+00 -3.239770e-01 7.509184e-01 1.223344e+00 1.032019e+00 3.086151e-01 -9.721849e-02 -8.262666e-02 3.323329e-02 4.567252e-01 6.814904e-01 4.019432e-01 8.594524e-02 -2.646597e-05
<VARIANCE> 25
 1.028010e+01 1.393926e+01 2.350211e+01 2.561621e+01 2.025505e+01 1.941187e+01 2.011881e+01 2.034574e+01 2.139828e+01 2.126437e+01 2.409800e+01 1.634607e+01 1.209331e+00 1.247069e+00 1.357988e+00 1.672409e+00 2.283496e+00 2.383550e+00 2.301518e+00 2.274554e+00 2.314939e+00 2.241699e+00 2.087840e+00 1.876368e+00 1.000823e-06
<GCONST> 7.517562e+01
<MIXTURE> 6 5.475854e-03
<MEAN> 25
 9.697537e+00 -4.198857e-01 -6.688804e+00 -1.103779e+01 -2.117623e+00 6.730763e+00 -5.904323e+00 -5.293435e+00 -3.655957e+00 1.829959e+00 4.643783e+00 -1.252977e+00 4.850204e-01 8.950193e-01 -3.505931e-01 -1.467386e+00 -6.383908e-01 1.313042e+00 1.536565e+00 2.472942e-01 -1.218060e+00 -1.217451e+00 3.223396e-01 1.228193e+00 -8.149504e-03
<VARIANCE> 25
 8.989262e+00 1.707292e+01 2.395056e+01 3.917440e+01 3.676294e+01 3.066906e+01 4.413750e+01 3.806513e+01 4.073786e+01 3.944902e+01 4.208966e+01 2.840497e+01 3.116758e-01 8.588355e-01 9.453210e-01 1.981443e+00 1.605355e+00 2.020063e+00 1.919475e+00 2.054348e+00 2.398203e+00 1.963231e+00 2.246218e+00 1.438064e+00 5.860861e-04
<GCONST> 8.388526e+01
<MIXTURE> 7 5.475854e-03
<MEAN> 25
 9.697537e+00 -4.198857e-01 -6.688804e+00 -1.103779e+01 -2.117623e+00 6.730763e+00 -5.904323e+00 -5.293435e+00 -3.655957e+00 1.829959e+00 4.643783e+00 -1.252977e+00 4.850204e-01 8.950193e-01 -3.505931e-01 -1.467386e+00 -6.383908e-01 1.313042e+00 1.536565e+00 2.472942e-01 -1.218060e+00 -1.217451e+00 3.223396e-01 1.228193e+00 -8.149504e-03
<VARIANCE> 25
 8.989262e+00 1.707292e+01 2.395056e+01 3.917440e+01 3.676294e+01 3.066906e+01 4.413750e+01 3.806513e+01 4.073786e+01 3.944902e+01 4.208966e+01 2.840497e+01 3.116758e-01 8.588355e-01 9.453210e-01 1.981443e+00 1.605355e+00 2.020063e+00 1.919475e+00 2.054348e+00 2.398203e+00 1.963231e+00 2.246218e+00 1.438064e+00 5.860861e-04
<GCONST> 8.388526e+01
<MIXTURE> 8 1.165917e-02
<MEAN> 25
 -4.719858e+00 1.346530e+00 1.260740e+00 9.477022e+00 6.616201e+00 6.215920e+00 6.487636e+00 5.636977e+00 6.653437e+00 5.600639e+00 6.442577e+00 3.113024e+00 -6.179476e-01 -1.421233e+00 -1.080362e+00 -1.709695e+00 -2.243001e-01 -9.401411e-01 -1.820088e-01 -2.738518e-01 -2.381309e-01 -1.585876e-01 -2.053731e-01 7.748886e-02 9.793300e-02
<VARIANCE> 25
 9.260007e+00 9.809822e+00 1.160375e+01 1.632842e+01 1.665404e+01 1.569230e+01 1.801295e+01 1.758901e+01 1.702821e+01 1.737123e+01 1.984610e+01 1.396914e+01 2.738985e+00 2.793626e+00 3.874723e+00 3.755457e+00 3.430224e+00 3.289945e+00 3.128681e+00 3.085888e+00 2.863616e+00 2.653429e+00 2.415226e+00 1.886171e+00 6.654926e-03
<GCONST> 8.627442e+01
<MIXTURE> 9 1.199672e-02
<MEAN> 25
 9.263345e+00 3.368281e+00 -6.202894e+00 -1.062708e+01 -2.196108e+00 4.942855e+00 -2.200045e+00 -2.287489e+00 -5.344920e+00 -1.201448e+00 5.434405e-01 -3.420579e-02 1.439788e+00 -1.302017e-01 -4.882314e-01 -2.697914e+00 -1.640049e+00 8.592464e-01 -9.657815e-01 -2.191679e-01 -1.841476e-01 -5.657907e-01 6.084480e-01 -1.583081e-01 7.309411e-02
<VARIANCE> 25
 1.234904e+01 2.143675e+01 3.342599e+01 5.368464e+01 5.001071e+01 3.223924e+01 4.305558e+01 5.191182e+01 4.220253e+01 4.185432e+01 3.605072e+01 2.688843e+01 2.088197e+00 2.437211e+00 4.562181e+00 4.851983e+00 4.990213e+00 4.086499e+00 4.252522e+00 6.023983e+00 5.011454e+00 4.082232e+00 4.015307e+00 2.801819e+00 2.207402e-03
<GCONST> 9.877439e+01
<MIXTURE> 10 6.596976e-03
<MEAN> 25
 8.078216e-01 7.575864e+00 5.331215e+00 7.085932e+00 1.584892e+00 -2.102594e+00 -5.142264e-01 -1.682963e+00 9.075069e-01 8.538480e-01 7.990059e-01 6.814257e-01 -1.921447e+00 -6.486771e-01 -4.560826e-01 3.006776e+00 2.445964e+00 2.695116e+00 2.385740e+00 2.249679e+00 1.854688e+00 1.532081e+00 2.321550e+00 5.198718e-01 -1.375749e-01
<VARIANCE> 25
 1.945800e+01 2.088629e+01 2.231134e+01 2.924504e+01 3.799820e+01 3.464869e+01 3.502597e+01 3.406923e+01 2.760951e+01 2.882142e+01 2.693585e+01 2.496893e+01 2.220087e+00 3.459060e+00 5.490536e+00 5.170783e+00 5.540584e+00 4.478924e+00 4.687266e+00 4.892603e+00 4.361849e+00 5.016806e+00 4.423984e+00 3.163064e+00 2.705550e-03
<GCONST> 9.743320e+01
<MIXTURE> 11 1.633820e-02
<MEAN> 25
 6.327670e+00 3.910496e+00 1.905968e+00 4.426582e+00 -1.972531e+00 -2.256993e+00 -1.615402e+00 -5.616184e+00 -2.266568e+00 3.044135e-01 -2.991637e+00 -1.932246e+00 -3.357560e-01 6.404089e-01 4.292207e-01 2.339990e-01 1.675203e-01 -6.895128e-02 3.902806e-01 -2.630613e-01 -2.640961e-01 -5.385179e-02 -5.973045e-02 1.250386e-01 -2.251043e-02
<VARIANCE> 25
 1.238721e+01 2.232677e+01 2.035546e+01 2.463966e+01 3.422388e+01 2.930436e+01 4.593875e+01 3.734982e+01 3.542695e+01 2.789155e+01 2.846593e+01 2.245074e+01 7.731989e-01 1.163499e+00 1.474014e+00 2.052251e+00 1.990250e+00 1.819379e+00 2.027924e+00 2.440669e+00 1.795594e+00 1.536831e+00 1.614272e+00 1.375098e+00 8.767436e-04
<GCONST> 8.416158e+01
<MIXTURE> 12 5.904134e-03
<MEAN> 25
 1.076240e+01 3.741597e+00 -4.500719e+00 -1.598814e+01 -8.693426e+00 8.637936e+00 -8.971588e-01 -1.919329e+00 -1.721583e+00 -4.884281e+00 1.774222e+00 7.175741e-01 6.752171e-02 2.938251e-01 7.969217e-02 -3.683574e-01 -3.104018e-01 2.958571e-02 3.059545e-01 4.479913e-01 1.409384e-01 -3.846538e-01 -3.854444e-01 5.374300e-02 -6.303541e-03
<VARIANCE> 25
 8.901688e+00 2.100808e+01 2.335632e+01 3.508837e+01 4.206351e+01 3.100219e+01 4.178962e+01 4.898241e+01 4.405659e+01 3.738636e+01 3.798567e+01 2.892129e+01 2.469147e-01 6.881827e-01 6.858661e-01 1.169560e+00 1.186215e+00 1.053511e+00 1.171163e+00 1.386181e+00 1.240224e+00 1.221745e+00 1.221307e+00 9.566752e-01 5.786271e-04
<GCONST> 7.892368e+01
<MIXTURE> 13 5.904134e-03
<MEAN> 25
 1.076240e+01 3.741597e+00 -4.500719e+00 -1.598814e+01 -8.693426e+00 8.637936e+00 -8.971588e-01 -1.919329e+00 -1.721583e+00 -4.884281e+00 1.774222e+00 7.175741e-01 6.752171e-02 2.938251e-01 7.969217e-02 -3.683574e-01 -3.104018e-01 2.958571e-02 3.059545e-01 4.479913e-01 1.409384e-01 -3.846538e-01 -3.854444e-01 5.374300e-02 -6.303541e-03
<VARIANCE> 25
 8.901688e+00 2.100808e+01 2.335632e+01 3.508837e+01 4.206351e+01 3.100219e+01 4.178962e+01 4.898241e+01 4.405659e+01 3.738636e+01 3.798567e+01 2.892129e+01 2.469147e-01 6.881827e-01 6.858661e-01 1.169560e+00 1.186215e+00 1.053511e+00 1.171163e+00 1.386181e+00 1.240224e+00 1.221745e+00 1.221307e+00 9.566752e-01 5.786271e-04
<GCONST> 7.892368e+01
<MIXTURE> 14 6.488954e-03
<MEAN> 25
 -4.304844e+00 -3.283655e-01 -3.397256e-01 8.566496e+00 7.503114e+00 7.192899e+00 7.859444e+00 7.193640e+00 7.334826e+00 5.253512e+00 6.553426e+00 3.949520e+00 -2.654121e-01 1.747399e-01 3.214046e-01 3.125491e-01 3.212209e-02 7.431173e-02 1.112098e-01 1.543770e-01 2.925609e-01 5.383012e-01 4.915285e-01 5.878987e-02 -8.927851e-03
<VARIANCE> 25
 8.891075e+00 1.369397e+01 1.803139e+01 1.953904e+01 2.077061e+01 1.965223e+01 2.092911e+01 2.053152e+01 1.988484e+01 2.322604e+01 2.277123e+01 1.590011e+01 9.319832e-01 1.620163e+00 1.798857e+00 1.880304e+00 2.199949e+00 2.239496e+00 2.246390e+00 2.275126e+00 2.245053e+00 2.502961e+00 2.121089e+00 1.758563e+00 1.029409e-03
<GCONST> 8.173592e+01
<MIXTURE> 15 2.475190e-03
<MEAN> 25
 -5.420938e+00 -6.324328e-01 -1.935795e-01 7.361225e+00 5.722877e+00 5.699056e+00 6.066213e+00 4.968338e+00 5.153876e+00 4.136120e+00 5.483917e+00 2.533468e+00 -1.210456e-01 -2.842813e-02 7.528298e-02 2.453083e-01 4.913550e-01 7.872128e-01 1.070508e+00 1.180271e+00 1.058260e+00 7.544839e-01 4.179183e-01 1.560697e-01 -9.178664e-05
<VARIANCE> 25
 6.972368e+00 5.659053e+00 9.049171e+00 1.280620e+01 1.405447e+01 1.427681e+01 1.490348e+01 1.492205e+01 1.415008e+01 1.433547e+01 1.521010e+01 1.249748e+01 1.245817e-01 2.063549e-01 3.192371e-01 5.031930e-01 6.997502e-01 7.927741e-01 7.632452e-01 7.923106e-01 9.080279e-01 1.022934e+00 1.070294e+00 1.042502e+00 2.804661e-05
<GCONST> 5.861302e+01
<MIXTURE> 16 2.475190e-03
<MEAN> 25
 -5.420938e+00 -6.324328e-01 -1.935795e-01 7.361225e+00 5.722877e+00 5.699056e+00 6.066213e+00 4.968338e+00 5.153876e+00 4.136120e+00 5.483917e+00 2.533468e+00 -1.210456e-01 -2.842813e-02 7.528298e-02 2.453083e-01 4.913550e-01 7.872128e-01 1.070508e+00 1.180271e+00 1.058260e+00 7.544839e-01 4.179183e-01 1.560697e-01 -9.178664e-05
<VARIANCE> 25
 6.972368e+00 5.659053e+00 9.049171e+00 1.280620e+01 1.405447e+01 1.427681e+01 1.490348e+01 1.492205e+01 1.415008e+01 1.433547e+01 1.521010e+01 1.249748e+01 1.245817e-01 2.063549e-01 3.192371e-01 5.031930e-01 6.997502e-01 7.927741e-01 7.632452e-01 7.923106e-01 9.080279e-01 1.022934e+00 1.070294e+00 1.042502e+00 2.804661e-05
<GCONST> 5.861302e+01
<MIXTURE> 17 9.518312e-03
<MEAN> 25
 3.040220e+00 -2.327841e-01 5.274840e+00 1.884187e+00 -5.646111e+00 -4.823170e+00 -2.301342e+00 -3.690604e-01 -3.084245e+00 -2.613616e+00 7.416925e-01 2.178075e-01 -6.595502e-01 -1.262308e+00 1.689550e+00 -2.043747e+00 -2.296145e+00 3.187843e-01 -8.658401e-01 6.824763e-01 -9.003472e-01 -1.625713e-01 1.519042e+00 5.311998e-01 7.868605e-02
<VARIANCE> 25
 1.288614e+01 2.744832e+01 2.922234e+01 3.059476e+01 3.574998e+01 3.694578e+01 3.809192e+01 2.728842e+01 2.938725e+01 2.278390e+01 2.167393e+01 2.012960e+01 1.335998e+00 2.323605e+00 3.125646e+00 2.818215e+00 3.212002e+00 4.842762e+00 4.856093e+00 3.483352e+00 3.674853e+00 2.874997e+00 2.485820e+00 2.160840e+00 2.084796e-03
<GCONST> 9.207526e+01
<MIXTURE> 18 1.221018e-02
<MEAN> 25
 3.266481e+00 4.094928e+00 5.873904e+00 3.800091e+00 -4.632352e+00 -7.401348e+00 -1.372299e+00 -1.010542e+00 -3.520979e+00 -2.653458e+00 -9.723262e-01 6.603971e-01 -8.342292e-01 2.192338e+00 -4.980828e-01 1.782770e+00 3.018039e+00 1.137376e+00 9.627132e-01 -2.803183e-01 1.013375e+00 4.821727e-01 -3.927580e-01 -4.064579e-02 -1.193523e-01
<VARIANCE> 25
 1.503486e+01 2.274152e+01 3.011586e+01 2.548089e+01 3.463744e+01 3.076899e+01 4.054958e+01 3.159279e+01 3.653999e+01 2.948869e+01 2.738430e+01 3.182543e+01 2.210709e+00 2.476948e+00 4.432588e+00 3.660661e+00 3.532584e+00 4.252971e+00 4.218860e+00 3.905918e+00 4.371159e+00 3.747342e+00 4.307727e+00 2.981235e+00 3.460645e-03
<GCONST> 9.598521e+01
<MIXTURE> 19 9.912824e-03
<MEAN> 25
 -9.414787e+00 1.669600e+00 -8.687285e-02 1.158714e+00 4.272387e+00 1.528959e+00 3.384892e+00 1.105964e+00 2.042367e+00 1.228949e+00 6.430637e-01 1.776671e+00 2.040432e+00 1.716353e+00 2.105154e+00 6.735929e-01 -1.065188e+00 -1.042193e+00 -1.063365e+00 -1.366903e+00 -1.407964e+00 -1.084068e+00 -8.349522e-01 -8.167734e-01 1.804879e-03
<VARIANCE> 25
 5.865560e+01 2.992244e+01 4.780954e+01 5.144789e+01 3.367850e+01 3.143638e+01 2.956702e+01 2.889994e+01 2.703506e+01 2.611176e+01 3.238585e+01 1.988297e+01 2.369083e+00 2.132204e+00 2.117594e+00 2.374627e+00 2.478918e+00 2.184135e+00 2.400532e+00 2.350175e+00 2.122471e+00 1.985931e+00 2.160451e+00 1.701006e+00 2.365904e-03
<GCONST> 9.131505e+01
<MIXTURE> 20 6.308331e-03
<MEAN> 25
 -1.414284e+01 7.442887e+00 8.358714e-01 6.167446e+00 4.822223e+00 1.602285e+00 5.197081e+00 8.117408e-01 9.201465e-01 7.870947e-01 2.546538e+00 -2.462067e-01 -3.264711e+00 -8.673833e-01 -1.561075e+00 3.270099e-01 1.545036e+00 2.053574e+00 1.968363e+00 2.051826e+00 2.133261e+00 2.034521e+00 1.671888e+00 9.338371e-01 4.709525e-02
<VARIANCE> 25
 1.972805e+01 2.340788e+01 3.075916e+01 3.695765e+01 3.069480e+01 2.785377e+01 2.975038e+01 3.151871e+01 2.776626e+01 2.802833e+01 2.504640e+01 2.119979e+01 2.137373e+00 2.170002e+00 1.899915e+00 2.528451e+00 2.685678e+00 2.309261e+00 2.310549e+00 2.306803e+00 2.237456e+00 2.639008e+00 2.249030e+00 1.870047e+00 1.880860e-03
<GCONST> 8.918235e+01
<MIXTURE> 21 7.928653e-03
<MEAN> 25
 3.978933e+00 -4.474094e+00 5.666687e+00 -1.571728e+00 -1.045180e+01 -8.598059e+00 -2.593075e+00 4.190052e+00 -1.992279e+00 -3.356642e+00 2.578127e-01 3.700460e-01 -7.279488e-01 1.334961e+00 2.546869e+00 -4.882949e-02 -1.540403e+00 3.320336e-01 5.983942e-01 -1.468769e+00 -1.926065e+00 3.005171e-01 1.315101e+00 2.295556e-01 -1.306615e-02
<VARIANCE> 25
 8.829169e+00 1.870072e+01 2.980380e+01 2.821986e+01 2.906651e+01 3.375792e+01 4.252267e+01 3.923218e+01 4.270091e+01 3.131355e+01 3.345637e+01 2.303905e+01 3.818953e-01 9.533484e-01 1.943864e+00 1.278363e+00 2.201464e+00 2.163165e+00 3.608977e+00 2.512141e+00 2.192650e+00 2.565512e+00 2.001608e+00 2.279509e+00 4.362304e-04
<GCONST> 8.511523e+01
<MIXTURE> 22 8.827789e-03
<MEAN> 25
 -1.777364e+01 7.197325e+00 -4.107302e+00 7.348225e+00 4.604708e+00 2.679230e+00 8.310765e+00 1.672705e+00 5.336943e+00 3.260553e+00 5.627605e+00 1.256488e+00 -2.985440e-01 -2.248782e-01 -1.366931e-01 -1.499205e-01 2.178418e-02 1.495267e-01 1.743747e-01 1.980766e-01 2.439672e-01 2.078554e-01 1.675912e-01 1.608501e-01 8.682157e-03
<VARIANCE> 25
 9.086958e+00 1.663243e+01 1.711914e+01 2.487550e+01 2.278127e+01 2.097030e+01 1.951735e+01 1.871797e+01 1.801910e+01 2.061306e+01 1.939795e+01 1.386080e+01 1.081807e+00 1.370014e+00 1.347869e+00 1.548767e+00 1.438981e+00 1.507256e+00 1.495518e+00 1.548664e+00 1.589417e+00 1.529841e+00 1.338211e+00 1.212286e+00 1.719027e-03
<GCONST> 7.835053e+01
<MIXTURE> 23 6.455497e-03
<MEAN> 25
 7.452424e+00 2.124182e+00 2.004694e+00 2.522689e+00 -3.771039e+00 -3.111327e+00 -3.952287e+00 -6.092232e+00 -2.881273e+00 -7.223479e-01 -4.039821e+00 -1.873079e+00 9.894278e-03 1.854448e-01 5.416336e-02 6.380738e-02 -9.956422e-02 -4.729843e-03 2.856377e-02 1.275181e-02 6.053555e-02 2.806587e-02 2.262985e-02 3.584894e-02 -4.986154e-03
<VARIANCE> 25
 1.017820e+01 2.126915e+01 2.700528e+01 3.756758e+01 3.978973e+01 4.702273e+01 5.381958e+01 5.197589e+01 4.416684e+01 4.118755e+01 4.348180e+01 3.673463e+01 1.146189e-01 2.815543e-01 4.158244e-01 4.851832e-01 6.124188e-01 6.760989e-01 7.450663e-01 8.487436e-01 8.628379e-01 8.403398e-01 8.302648e-01 7.710333e-01 1.027156e-04
<GCONST> 7.227402e+01
<MIXTURE> 24 6.455497e-03
<MEAN> 25
 7.452424e+00 2.124182e+00 2.004694e+00 2.522689e+00 -3.771039e+00 -3.111327e+00 -3.952287e+00 -6.092232e+00 -2.881273e+00 -7.223479e-01 -4.039821e+00 -1.873079e+00 9.894278e-03 1.854448e-01 5.416336e-02 6.380738e-02 -9.956422e-02 -4.729843e-03 2.856377e-02 1.275181e-02 6.053555e-02 2.806587e-02 2.262985e-02 3.584894e-02 -4.986154e-03
<VARIANCE> 25
 1.017820e+01 2.126915e+01 2.700528e+01 3.756758e+01 3.978973e+01 4.702273e+01 5.381958e+01 5.197589e+01 4.416684e+01 4.118755e+01 4.348180e+01 3.673463e+01 1.146189e-01 2.815543e-01 4.158244e-01 4.851832e-01 6.124188e-01 6.760989e-01 7.450663e-01 8.487436e-01 8.628379e-01 8.403398e-01 8.302648e-01 7.710333e-01 1.027156e-04
<GCONST> 7.227402e+01
<MIXTURE> 25 1.118642e-02
<MEAN> 25
 4.826154e-01 2.409762e+00 1.524184e+01 -4.344777e+00 -1.079097e+01 8.975271e-01 -3.344735e+00 -2.553430e+00 -7.700131e+00 -5.717952e+00 4.954082e+00 -1.911962e+00 -9.051041e-02 2.379244e-01 -6.210743e-02 2.796145e-01 1.102769e-01 2.182444e-02 3.119513e-01 -1.791802e-01 -1.499132e-01 -4.315253e-02 -1.378362e-01 -1.658143e-01 -8.440787e-03
<VARIANCE> 25
 5.486117e+00 1.617987e+01 1.632283e+01 2.806399e+01 2.331444e+01 3.160604e+01 2.269489e+01 1.900478e+01 1.858743e+01 2.874916e+01 1.488945e+01 1.715321e+01 3.637733e-01 1.151278e+00 1.678687e+00 1.379031e+00 1.919487e+00 1.689357e+00 2.552311e+00 1.190253e+00 1.129795e+00 1.135824e+00 1.282354e+00 1.118996e+00 1.572794e-03
<GCONST> 7.746539e+01
<MIXTURE> 26 7.727677e-03
<MEAN> 25
 2.141921e+00 -6.076148e+00 -1.018642e+01 -3.292732e-01 7.719288e+00 4.767656e+00 3.966035e+00 -1.206822e-02 2.397593e+00 -8.140610e-01 -3.077550e+00 -9.980236e-01 -6.139575e-01 7.100922e-01 4.136067e-01 6.796948e-01 1.886626e-01 1.646673e-01 2.700851e-01 2.302966e-01 2.862751e-01 6.598964e-02 3.917993e-01 4.781262e-01 -5.124628e-02
<VARIANCE> 25
 2.364374e+01 3.367711e+01 2.550658e+01 5.791497e+01 3.876628e+01 4.466879e+01 4.401708e+01 4.262026e+01 3.706918e+01 5.011217e+01 3.729824e+01 4.300005e+01 1.556833e+00 2.049032e+00 2.097618e+00 1.896354e+00 2.159714e+00 2.277978e+00 2.604264e+00 2.714152e+00 2.211191e+00 2.198941e+00 2.066671e+00 2.086715e+00 3.258576e-03
<GCONST> 9.323191e+01
<MIXTURE> 27 7.727677e-03
<MEAN> 25
 2.141921e+00 -6.076148e+00 -1.018642e+01 -3.292732e-01 7.719288e+00 4.767656e+00 3.966035e+00 -1.206822e-02 2.397593e+00 -8.140610e-01 -3.077550e+00 -9.980236e-01 -6.139575e-01 7.100922e-01 4.136067e-01 6.796948e-01 1.886626e-01 1.646673e-01 2.700851e-01 2.302966e-01 2.862751e-01 6.598964e-02 3.917993e-01 4.781262e-01 -5.124628e-02
<VARIANCE> 25
 2.364374e+01 3.367711e+01 2.550658e+01 5.791497e+01 3.876628e+01 4.466879e+01 4.401708e+01 4.262026e+01 3.706918e+01 5.011217e+01 3.729824e+01 4.300005e+01 1.556833e+00 2.049032e+00 2.097618e+00 1.896354e+00 2.159714e+00 2.277978e+00 2.604264e+00 2.714152e+00 2.211191e+00 2.198941e+00 2.066671e+00 2.086715e+00 3.258576e-03
<GCONST> 9.323191e+01
<MIXTURE> 28 5.036674e-03
<MEAN> 25
 -5.456688e+00 1.730671e-02 -1.573222e+00 6.613738e+00 5.239616e+00 3.518114e+00 5.421041e+00 3.129180e+00 3.923730e+00 2.393749e+00 2.634528e+00 3.219078e+00 -1.148634e-01 2.218988e-01 5.280786e-01 7.845819e-01 8.228201e-01 7.051437e-01 5.236721e-01 3.911326e-01 4.434173e-01 4.802062e-01 3.684903e-01 1.874907e-01 -1.213650e-05
<VARIANCE> 25
 1.044115e+01 8.394265e+00 1.216226e+01 1.483016e+01 1.477551e+01 1.772489e+01 1.806262e+01 1.901015e+01 1.716552e+01 1.672164e+01 2.059464e+01 1.498693e+01 2.564153e-01 3.380073e-01 4.069009e-01 4.638258e-01 6.213645e-01 8.515124e-01 1.056392e+00 1.145103e+00 1.102896e+00 1.033660e+00 1.041070e+00 1.069995e+00 1.003478e-06
<GCONST> 6.028140e+01
<MIXTURE> 29 5.036674e-03
<MEAN> 25
 -5.456688e+00 1.730671e-02 -1.573222e+00 6.613738e+00 5.239616e+00 3.518114e+00 5.421041e+00 3.129180e+00 3.923730e+00 2.393749e+00 2.634528e+00 3.219078e+00 -1.148634e-01 2.218988e-01 5.280786e-01 7.845819e-01 8.228201e-01 7.051437e-01 5.236721e-01 3.911326e-01 4.434173e-01 4.802062e-01 3.684903e-01 1.874907e-01 -1.213650e-05
<VARIANCE> 25
 1.044115e+01 8.394265e+00 1.216226e+01 1.483016e+01 1.477551e+01 1.772489e+01 1.806262e+01 1.901015e+01 1.716552e+01 1.672164e+01 2.059464e+01 1.498693e+01 2.564153e-01 3.380073e-01 4.069009e-01 4.638258e-01 6.213645e-01 8.515124e-01 1.056392e+00 1.145103e+00 1.102896e+00 1.033660e+00 1.041070e+00 1.069995e+00 1.003478e-06
<GCONST> 6.028140e+01
<MIXTURE> 30 8.917812e-03
<MEAN> 25
 -4.415807e+00 1.632466e-01 8.875554e-01 8.829357e+00 7.808773e+00 7.310047e+00 7.646949e+00 6.393626e+00 6.580604e+00 4.739767e+00 6.259459e+00 3.066546e+00 -4.161156e-02 7.297783e-04 6.844637e-02 1.353417e-01 1.488309e-01 5.448468e-02 -2.869847e-02 -9.443384e-02 5.900822e-02 8.110622e-02 2.119915e-02 7.916646e-02 -3.524253e-05
<VARIANCE> 25
 6.442868e+00 1.068170e+01 1.067419e+01 1.351275e+01 1.485049e+01 1.569658e+01 1.805677e+01 1.922625e+01 1.509450e+01 1.740951e+01 2.523411e+01 1.513217e+01 9.733364e-02 1.958710e-01 3.038107e-01 4.668645e-01 6.193319e-01 6.773328e-01 7.407777e-01 8.576223e-01 8.699576e-01 8.960426e-01 8.761107e-01 8.198205e-01 5.254813e-05
<GCONST> 6.029839e+01
<MIXTURE> 31 4.136493e-03
<MEAN> 25
 -3.336596e+00 -5.312120e+00 3.867249e-02 4.687099e+00 3.683125e+00 1.719503e+00 5.442680e+00 6.662115e+00 3.081855e+00 1.465746e+00 6.375080e+00 3.099845e+00 2.406166e-01 4.740622e-01 -1.957613e-01 3.347075e-01 1.315304e-01 4.318694e-01 2.129217e-01 -6.594353e-02 3.455102e-01 3.325245e-01 9.351811e-02 7.539536e-02 -1.868465e-02
<VARIANCE> 25
 7.039500e+00 1.806610e+01 1.696558e+01 1.814441e+01 2.436667e+01 2.323235e+01 2.385585e+01 2.457314e+01 2.800003e+01 2.852728e+01 2.011120e+01 1.841883e+01 1.887180e-01 4.745779e-01 5.886930e-01 7.532344e-01 9.323218e-01 1.058784e+00 1.197582e+00 1.501012e+00 1.323580e+00 1.319896e+00 1.205958e+00 1.132421e+00 2.535509e-04
<GCONST> 7.176921e+01
<MIXTURE> 32 4.136493e-03
<MEAN> 25
 -3.336596e+00 -5.312120e+00 3.867249e-02 4.687099e+00 3.683125e+00 1.719503e+00 5.442680e+00 6.662115e+00 3.081855e+00 1.465746e+00 6.375080e+00 3.099845e+00 2.406166e-01 4.740622e-01 -1.957613e-01 3.347075e-01 1.315304e-01 4.318694e-01 2.129217e-01 -6.594353e-02 3.455102e-01 3.325245e-01 9.351811e-02 7.539536e-02 -1.868465e-02
<VARIANCE> 25
 7.039500e+00 1.806610e+01 1.696558e+01 1.814441e+01 2.436667e+01 2.323235e+01 2.385585e+01 2.457314e+01 2.800003e+01 2.852728e+01 2.011120e+01 1.841883e+01 1.887180e-01 4.745779e-01 5.886930e-01 7.532344e-01 9.323218e-01 1.058784e+00 1.197582e+00 1.501012e+00 1.323580e+00 1.319896e+00 1.205958e+00 1.132421e+00 2.535509e-04
<GCONST> 7.176921e+01
<MIXTURE> 33 1.508826e-02
<MEAN> 25
 5.595393e+00 -4.207158e+00 -3.141534e+00 -2.401284e+00 -1.219784e+00 -4.658297e+00 -6.784086e+00 1.133177e+00 2.907676e+00 2.094425e-01 -4.113312e+00 -2.661697e+00 9.331183e-01 -1.186191e+00 -2.285756e+00 -1.794985e+00 1.078155e+00 1.250047e+00 -5.199884e-01 6.302261e-01 8.203474e-01 7.223513e-01 -5.552375e-01 -1.358608e+00 4.277349e-02
<VARIANCE> 25
 1.312503e+01 2.156340e+01 2.534885e+01 3.222601e+01 3.555619e+01 4.324126e+01 4.334916e+01 3.803160e+01 3.488110e+01 3.956398e+01 3.116231e+01 2.648071e+01 1.305438e+00 1.832226e+00 2.229201e+00 1.951793e+00 3.777141e+00 3.155286e+00 4.149929e+00 4.851186e+00 3.314008e+00 3.800680e+00 2.869864e+00 2.280740e+00 1.384765e-03
<GCONST> 9.264176e+01
<MIXTURE> 34 1.588179e-02
<MEAN> 25
 7.928810e+00 -1.004834e+00 -4.940297e-01 1.642423e+00 -2.837594e+00 -1.381424e+00 -6.814338e+00 -5.405298e+00 -1.412107e+00 6.170918e-01 -2.015085e+00 -2.885437e+00 7.592572e-02 1.154024e+00 1.093137e+00 2.376898e+00 1.178054e-01 -4.506125e-01 1.367047e+00 -1.713999e+00 -5.819531e-01 1.801463e-01 -7.699748e-01 3.729384e-01 -6.063958e-02
<VARIANCE> 25
 9.329497e+00 2.894120e+01 2.532992e+01 4.178300e+01 3.789265e+01 4.278533e+01 5.186853e+01 5.014000e+01 4.556792e+01 3.532787e+01 4.395765e+01 2.771134e+01 1.143586e+00 1.860016e+00 4.093503e+00 3.401648e+00 4.692260e+00 6.194023e+00 5.917402e+00 5.040856e+00 4.548355e+00 4.087558e+00 4.449048e+00 3.318215e+00 1.108973e-03
<GCONST> 9.721718e+01
<MIXTURE> 35 1.467755e-02
<MEAN> 25
 -2.200659e+00 -4.992199e+00 -9.294084e+00 1.147405e+00 9.954391e+00 8.890570e-01 2.322800e+00 2.093086e+00 2.199188e+00 3.533180e+00 -1.925819e-01 1.683487e+00 6.540294e-01 -9.719381e-01 -1.712277e+00 -1.094888e+00 5.359029e-01 -6.505533e-01 -6.996066e-01 -1.437787e-01 2.782248e-01 3.223422e-01 -7.930265e-01 -7.259532e-01 9.087054e-02
<VARIANCE> 25
 1.577362e+01 2.505803e+01 3.669920e+01 5.119112e+01 3.888906e+01 5.376367e+01 6.136602e+01 3.589501e+01 4.385715e+01 3.357689e+01 3.004666e+01 2.657760e+01 2.975923e+00 3.049280e+00 5.985528e+00 5.528529e+00 4.392258e+00 4.621337e+00 4.136366e+00 3.896884e+00 4.569832e+00 3.753554e+00 3.348547e+00 3.167521e+00 4.710997e-03
<GCONST> 1.001262e+02
<MIXTURE> 36 1.093293e-02
<MEAN> 25
 3.491407e+00 -3.954926e+00 6.488152e+00 2.065823e+00 -1.034896e+01 -7.051005e+00 -8.303590e+00 3.460682e+00 -3.533069e+00 -3.182035e+00 3.296017e+00 1.287818e+00 2.378837e-01 3.237155e-01 -9.024152e-01 3.167257e-03 1.120184e+00 -1.286222e-01 -3.170650e-01 1.553763e-01 4.748123e-01 6.055899e-01 -6.904611e-01 -8.500007e-02 -1.882880e-02
<VARIANCE> 25
 1.189226e+01 1.267472e+01 2.150056e+01 2.179372e+01 2.608933e+01 3.187171e+01 4.901545e+01 2.812581e+01 4.047474e+01 2.887197e+01 2.141132e+01 2.950793e+01 4.176035e-01 6.359512e-01 1.378038e+00 1.191961e+00 1.501961e+00 1.331620e+00 1.776666e+00 1.455774e+00 1.512780e+00 2.018337e+00 1.279459e+00 1.331615e+00 7.414740e-04
<GCONST> 7.983233e+01
<MIXTURE> 37 1.246826e-02
<MEAN> 25
 5.520986e-01 7.543268e+00 1.186879e+01 -5.476921e+00 -8.031094e+00 -1.032377e+00 -4.816791e+00 -8.114097e+00 -3.860324e+00 -1.043183e+00 -3.462233e+00 -1.353497e+00 1.581070e-01 6.846098e-01 -1.387060e+00 3.514803e+00 1.988103e+00 -3.205391e-01 1.117420e+00 4.336055e-01 5.625063e-01 -2.842079e-01 4.383199e-01 -9.581313e-02 -9.487627e-02
<VARIANCE> 25
 1.542072e+01 2.678771e+01 3.147470e+01 4.962111e+01 3.374028e+01 3.141958e+01 4.497124e+01 3.539270e+01 3.874251e+01 3.562262e+01 3.840355e+01 3.025379e+01 2.880798e+00 3.369893e+00 3.046981e+00 4.082176e+00 4.512349e+00 3.657013e+00 4.131050e+00 3.713567e+00 3.426946e+00 3.572180e+00 4.092534e+00 2.719860e+00 3.834813e-03
<GCONST> 9.762920e+01
<MIXTURE> 38 1.154525e-02
<MEAN> 25
 -4.511701e+00 8.866878e+00 4.487327e+00 3.158345e+00 8.005903e-01 -5.261129e+00 -6.488653e-01 -2.647460e+00 -2.789087e+00 -3.077260e+00 -1.366639e+00 -3.589783e-01 -4.473774e+00 1.276339e+00 -3.205092e-01 1.429906e+00 2.522294e+00 1.336260e+00 2.035175e+00 8.919985e-01 7.834502e-01 6.613948e-01 1.022104e+00 3.134313e-01 4.640526e-02
<VARIANCE> 25
 3.084264e+01 2.936226e+01 3.869370e+01 3.253696e+01 4.782174e+01 3.508377e+01 3.571111e+01 4.114848e+01 3.430185e+01 3.180245e+01 2.453300e+01 2.946373e+01 2.387604e+00 3.894972e+00 3.827940e+00 5.071516e+00 4.223566e+00 5.036233e+00 4.703026e+00 4.709472e+00 4.350984e+00 4.862217e+00 4.309538e+00 3.195654e+00 2.202515e-03
<GCONST> 9.909682e+01
<MIXTURE> 39 9.501865e-03
<MEAN> 25
 1.241891e+00 2.302656e+00 1.000745e+01 -8.974714e+00 -1.043939e+01 7.561007e-02 -2.915924e+00 -5.477458e+00 -4.939676e+00 3.316019e-01 -2.004582e+00 -2.045819e+00 -7.048636e-01 1.263077e+00 1.791476e+00 -1.711326e+00 -4.882086e-02 1.272153e+00 -1.281860e+00 -9.463812e-01 1.384897e-01 2.683897e-01 -1.438925e-01 1.463525e-01 7.707541e-03
<VARIANCE> 25
 7.218175e+00 2.674658e+01 2.895930e+01 3.370613e+01 3.383877e+01 3.975142e+01 4.049490e+01 3.149924e+01 3.753493e+01 2.915606e+01 4.249008e+01 2.415882e+01 5.860086e-01 1.627766e+00 1.427625e+00 2.959354e+00 2.056273e+00 2.429343e+00 2.661974e+00 2.565106e+00 2.261923e+00 2.300814e+00 2.258004e+00 1.692147e+00 1.136286e-03
<GCONST> 8.751407e+01
<MIXTURE> 40 1.030800e-02
<MEAN> 25
 -8.379077e+00 2.447509e+00 -1.077126e+00 7.334147e+00 4.180696e+00 4.810970e+00 5.269398e+00 3.525673e+00 4.849431e+00 3.902760e+00 4.600054e+00 1.550031e+00 -1.360335e-01 -2.449571e-01 -5.350408e-02 -1.805474e-01 -1.604427e-02 -5.375313e-02 8.753269e-02 5.049266e-02 -1.763139e-02 -1.502368e-02 6.452873e-02 -6.971600e-03 2.498183e-03
<VARIANCE> 25
 3.985209e+01 2.171856e+01 2.550475e+01 2.606017e+01 2.839079e+01 2.199817e+01 1.801400e+01 1.912641e+01 1.694607e+01 1.806844e+01 2.055532e+01 1.450575e+01 6.860582e-01 7.446442e-01 8.684630e-01 1.034948e+00 1.098930e+00 1.175446e+00 1.231979e+00 1.356470e+00 1.209283e+00 1.253031e+00 1.083562e+00 1.056211e+00 8.115735e-04
<GCONST> 7.633581e+01
<MIXTURE> 41 6.713375e-03
<MEAN> 25
 1.276406e+00 1.748468e+00 1.037906e+01 -6.899925e+00 -1.027614e+01 -3.537894e+00 -2.408043e+00 -4.838039e+00 -4.766239e+00 2.421207e+00 -1.435685e+00 -9.525607e-01 3.861817e-02 -7.433643e-01 1.765103e+00 -3.533883e+00 -2.384509e+00 -3.509541e-03 -5.927784e-01 -3.487150e-01 -8.670617e-01 1.022107e+00 -8.885393e-01 9.323958e-02 8.442821e-02
<VARIANCE> 25
 1.117676e+01 2.876774e+01 3.152497e+01 3.861110e+01 3.802263e+01 4.003569e+01 3.628089e+01 2.928282e+01 3.244608e+01 2.870035e+01 3.211037e+01 2.598816e+01 3.047112e+00 3.190906e+00 3.739503e+00 3.728183e+00 4.780507e+00 5.851326e+00 4.616059e+00 4.330376e+00 3.826889e+00 4.098020e+00 4.106550e+00 3.073785e+00 2.856024e-03
<GCONST> 9.734940e+01
<MIXTURE> 42 1.106211e-02
<MEAN> 25
 -1.999509e+00 4.522747e+00 4.467293e+00 3.009903e+00 4.603364e-01 -5.943894e+00 -1.073238e+00 -1.810380e+00 -1.440173e+00 -1.339277e+00 -2.194211e+00 1.187898e+00 4.043376e+00 -5.370541e-01 1.501131e+00 1.053863e-01 -2.870385e+00 -1.189857e+00 -2.382147e+00 -7.877048e-01 -8.373861e-01 -7.108196e-01 4.773082e-01 -9.214344e-01 1.573981e-02
<VARIANCE> 25
 3.446594e+01 2.041575e+01 4.486647e+01 2.573957e+01 3.919707e+01 3.813490e+01 3.580590e+01 2.622045e+01 2.697322e+01 2.638774e+01 1.907817e+01 1.688118e+01 3.683549e+00 5.011441e+00 5.740365e+00 4.629818e+00 4.486532e+00 5.664711e+00 4.996922e+00 4.966228e+00 4.771248e+00 4.546404e+00 4.209615e+00 3.471637e+00 4.646760e-03
<GCONST> 9.908162e+01
<MIXTURE> 43 7.108249e-03
<MEAN> 25
 3.287831e+00 -5.861457e+00 -2.538046e+00 -4.266379e+00 -6.409876e+00 -3.641301e+00 3.854293e+00 1.780267e+00 -4.269427e+00 -6.567002e+00 -4.394701e+00 -7.540808e-01 2.095101e-01 2.239219e+00 1.944085e+00 -1.684412e-01 -1.208785e+00 -6.630090e-01 -8.987897e-01 -9.165069e-01 7.290972e-01 1.361695e+00 3.670294e-01 1.163642e-01 -4.852152e-02
<VARIANCE> 25
 8.908365e+00 1.980567e+01 2.637120e+01 3.891161e+01 4.282078e+01 3.356047e+01 3.088518e+01 3.880003e+01 4.098222e+01 3.723030e+01 2.485728e+01 2.956439e+01 6.368406e-01 1.199065e+00 1.451793e+00 2.303170e+00 2.573679e+00 2.352079e+00 2.455217e+00 2.946929e+00 2.457083e+00 2.438117e+00 2.130436e+00 1.887943e+00 9.649956e-04
<GCONST> 8.729816e+01
<MIXTURE> 44 7.328289e-03
<MEAN> 25
 -1.281501e+01 2.846941e+00 2.859985e+00 -2.340124e+00 2.156073e+00 6.999202e-01 -2.840308e-01 1.548472e+00 1.068685e+00 -1.794856e-02 2.441510e+00 2.466133e+00 -2.999641e-01 1.286984e-01 6.743934e-02 3.452120e-01 7.334665e-02 2.373071e-01 5.887542e-01 1.619523e-02 1.844226e-01 1.530596e-01 1.585866e-01 9.134772e-03 1.956143e-04
<VARIANCE> 25
 4.823227e+01 2.787713e+01 3.172904e+01 3.096277e+01 2.593596e+01 3.449918e+01 2.197956e+01 2.975901e+01 2.360653e+01 2.435258e+01 2.296119e+01 1.866043e+01 1.112056e+00 1.637339e+00 1.207899e+00 1.181471e+00 1.857226e+00 1.348590e+00 1.440930e+00 1.466522e+00 1.556366e+00 1.290317e+00 1.317893e+00 1.024671e+00 1.245104e-03
<GCONST> 8.266532e+01
<MIXTURE> 45 1.364932e-02
<MEAN> 25
 -1.203033e+01 3.553919e+00 -1.208233e+00 2.746030e+00 5.288938e+00 -3.403029e-01 4.358107e+00 2.660362e+00 3.065419e+00 1.968644e+00 2.444118e+00 2.877757e+00 -2.875887e+00 6.686562e-01 -4.985420e-01 -4.702041e-01 2.338099e-01 -6.285330e-02 4.862986e-01 -1.166771e-02 -3.144605e-02 3.518454e-02 3.323098e-01 6.526731e-02 1.086393e-01
<VARIANCE> 25
 3.377339e+01 2.893224e+01 2.889858e+01 3.325840e+01 3.227858e+01 3.058111e+01 3.052553e+01 2.587181e+01 2.405281e+01 2.270928e+01 2.689495e+01 1.589424e+01 2.384346e+00 3.058357e+00 2.697077e+00 2.596664e+00 2.380053e+00 2.537576e+00 2.226639e+00 2.316861e+00 2.047786e+00 2.158454e+00 1.970514e+00 1.548354e+00 5.162334e-03
<GCONST> 9.033458e+01
<MIXTURE> 46 9.336259e-03
<MEAN> 25
 -9.202548e+00 2.271843e+00 1.204517e+00 7.154537e+00 5.851177e+00 3.211388e+00 7.061501e+00 4.567323e+00 5.594846e+00 4.602757e+00 4.886724e+00 2.906270e+00 9.866959e-01 -1.963895e-01 3.001577e-02 1.042542e+00 6.719021e-01 9.801453e-01 4.586944e-01 6.332669e-01 5.330874e-01 5.571238e-01 5.923764e-01 4.988839e-01 -1.026897e-01
<VARIANCE> 25
 3.424589e+01 4.220972e+01 3.726430e+01 5.158263e+01 4.956066e+01 3.969220e+01 3.610339e+01 3.461698e+01 3.291038e+01 2.994174e+01 2.812503e+01 1.967905e+01 3.864215e+00 4.092527e+00 3.889395e+00 4.045873e+00 4.111094e+00 3.655524e+00 3.421464e+00 3.056809e+00 2.954702e+00 2.925807e+00 2.303819e+00 1.737085e+00 7.827360e-03
<GCONST> 9.797656e+01
<MIXTURE> 47 7.116147e-03
<MEAN> 25
 7.154272e+00 -7.163225e+00 -8.074014e+00 -6.151968e+00 1.585736e+00 8.657622e-01 -1.950494e+00 1.326081e+00 3.223902e+00 8.835660e-01 -4.385843e+00 -6.540474e+00 -7.855453e-02 -1.234497e+00 -8.107464e-01 -4.057799e-01 5.653864e-01 6.536285e-01 7.975724e-01 4.339057e-01 1.166804e-02 -8.028344e-01 -4.830655e-01 -4.814323e-01 3.123725e-02
<VARIANCE> 25
 9.697150e+00 2.115941e+01 1.985469e+01 3.105379e+01 3.276874e+01 4.707598e+01 4.220518e+01 3.686207e+01 3.909406e+01 4.753267e+01 4.372829e+01 3.029546e+01 5.922705e-01 7.336306e-01 1.174114e+00 1.526601e+00 1.817693e+00 2.249022e+00 2.132737e+00 2.348263e+00 2.031498e+00 2.070847e+00 2.097674e+00 1.846956e+00 5.211520e-04
<GCONST> 8.510314e+01
<MIXTURE> 48 7.116147e-03
<MEAN> 25
 7.154272e+00 -7.163225e+00 -8.074014e+00 -6.151968e+00 1.585736e+00 8.657622e-01 -1.950494e+00 1.326081e+00 3.223902e+00 8.835660e-01 -4.385843e+00 -6.540474e+00 -7.855453e-02 -1.234497e+00 -8.107464e-01 -4.057799e-01 5.653864e-01 6.536285e-01 7.975724e-01 4.339057e-01 1.166804e-02 -8.028344e-01 -4.830655e-01 -4.814323e-01 3.123725e-02
<VARIANCE> 25
 9.697150e+00 2.115941e+01 1.985469e+01 3.105379e+01 3.276874e+01 4.707598e+01 4.220518e+01 3.686207e+01 3.909406e+01 4.753267e+01 4.372829e+01 3.029546e+01 5.922705e-01 7.336306e-01 1.174114e+00 1.526601e+00 1.817693e+00 2.249022e+00 2.132737e+00 2.348263e+00 2.031498e+00 2.070847e+00 2.097674e+00 1.846956e+00 5.211520e-04
<GCONST> 8.510314e+01
<MIXTURE> 49 5.548473e-03
<MEAN> 25
 -5.034378e+00 7.665423e-01 4.233940e-01 7.994247e+00 6.163000e+00 5.584286e+00 6.453129e+00 4.406049e+00 4.974622e+00 3.382342e+00 4.515933e+00 2.246658e+00 3.487386e-01 6.482238e-01 7.286974e-01 4.598823e-01 -8.161768e-02 -5.546667e-01 -9.438989e-01 -1.117248e+00 -1.001396e+00 -7.827356e-01 -5.649758e-01 -2.891263e-01 -5.320811e-04
<VARIANCE> 25
 8.822850e+00 1.089855e+01 1.370145e+01 1.667183e+01 1.457712e+01 1.572144e+01 1.930094e+01 1.790049e+01 1.673958e+01 1.762299e+01 2.065876e+01 1.689286e+01 2.601299e-01 2.431434e-01 3.373272e-01 6.752192e-01 9.287179e-01 1.024723e+00 9.518944e-01 9.649396e-01 1.071388e+00 1.232888e+00 1.226781e+00 1.112737e+00 1.603445e-05
<GCONST> 6.393974e+01
<MIXTURE> 50 6.234641e-03
<MEAN> 25
 -4.582229e+00 1.002473e-01 -1.451876e+00 6.162097e+00 4.192705e+00 2.217786e+00 3.714466e+00 1.945664e+00 2.718464e+00 1.395500e+00 2.119457e+00 2.774065e+00 5.836335e-02 1.754407e-01 9.514420e-02 -1.773080e-01 -5.297945e-01 -6.110998e-01 -4.195841e-01 -3.653254e-02 4.279276e-01 7.599477e-01 7.483279e-01 4.460798e-01 -3.022473e-05
<VARIANCE> 25
 1.116735e+01 1.105720e+01 1.420816e+01 1.542174e+01 1.527744e+01 1.874601e+01 1.840147e+01 1.947656e+01 1.874907e+01 1.732932e+01 2.158663e+01 1.559566e+01 1.438198e-01 2.371484e-01 3.748829e-01 5.124028e-01 6.259706e-01 7.295193e-01 9.526065e-01 1.129218e+00 1.067866e+00 9.211742e-01 9.181901e-01 9.799252e-01 1.022798e-06
<GCONST> 5.964027e+01
<MIXTURE> 51 6.234641e-03
<MEAN> 25
 -4.582229e+00 1.002473e-01 -1.451876e+00 6.162097e+00 4.192705e+00 2.217786e+00 3.714466e+00 1.945664e+00 2.718464e+00 1.395500e+00 2.119457e+00 2.774065e+00 5.836335e-02 1.754407e-01 9.514420e-02 -1.773080e-01 -5.297945e-01 -6.110998e-01 -4.195841e-01 -3.653254e-02 4.279276e-01 7.599477e-01 7.483279e-01 4.460798e-01 -3.022473e-05
<VARIANCE> 25
 1.116735e+01 1.105720e+01 1.420816e+01 1.542174e+01 1.527744e+01 1.874601e+01 1.840147e+01 1.947656e+01 1.874907e+01 1.732932e+01 2.158663e+01 1.559566e+01 1.438198e-01 2.371484e-01 3.748829e-01 5.124028e-01 6.259706e-01 7.295193e-01 9.526065e-01 1.129218e+00 1.067866e+00 9.211742e-01 9.181901e-01 9.799252e-01 1.022798e-06
<GCONST> 5.964027e+01
<MIXTURE> 52 6.367945e-03
<MEAN> 25
 1.011984e+01 2.046794e+00 -6.196580e+00 -1.428002e+01 -4.222066e+00 8.535603e+00 -2.759322e+00 -3.060181e+00 -4.408118e+00 -2.130544e+00 3.356354e+00 7.441404e-01 -3.851158e-01 -4.803921e-01 -6.950334e-02 1.140901e+00 1.338987e+00 -4.741561e-01 -6.015038e-01 -6.598837e-01 4.273779e-02 1.245504e+00 3.867072e-01 -5.454037e-01 -1.381685e-02
<VARIANCE> 25
 9.317058e+00 2.049444e+01 2.533584e+01 3.864692e+01 4.571389e+01 3.071026e+01 4.664878e+01 4.892485e+01 4.304929e+01 4.602851e+01 3.994093e+01 3.000840e+01 4.500491e-01 1.480409e+00 1.310197e+00 2.757429e+00 2.328899e+00 2.199980e+00 2.989208e+00 2.799792e+00 3.005018e+00 2.667185e+00 2.520870e+00 2.276941e+00 1.545455e-03
<GCONST> 8.973912e+01
<MIXTURE> 53 6.367945e-03
<MEAN> 25
 1.011984e+01 2.046794e+00 -6.196580e+00 -1.428002e+01 -4.222066e+00 8.535603e+00 -2.759322e+00 -3.060181e+00 -4.408118e+00 -2.130544e+00 3.356354e+00 7.441404e-01 -3.851158e-01 -4.803921e-01 -6.950334e-02 1.140901e+00 1.338987e+00 -4.741561e-01 -6.015038e-01 -6.598837e-01 4.273779e-02 1.245504e+00 3.867072e-01 -5.454037e-01 -1.381685e-02
<VARIANCE> 25
 9.317058e+00 2.049444e+01 2.533584e+01 3.864692e+01 4.571389e+01 3.071026e+01 4.664878e+01 4.892485e+01 4.304929e+01 4.602851e+01 3.994093e+01 3.000840e+01 4.500491e-01 1.480409e+00 1.310197e+00 2.757429e+00 2.328899e+00 2.199980e+00 2.989208e+00 2.799792e+00 3.005018e+00 2.667185e+00 2.520870e+00 2.276941e+00 1.545455e-03
<GCONST> 8.973912e+01
<MIXTURE> 54 7.368620e-03
<MEAN> 25
 -3.633801e+00 4.931954e-02 -6.831419e-01 8.036570e+00 6.484003e+00 4.625407e+00 4.675332e+00 4.601055e+00 4.053099e+00 3.593801e+00 4.457477e+00 2.326298e+00 -2.133210e-03 2.653849e-02 3.415401e-02 4.748240e-02 5.136495e-02 4.707923e-02 3.888674e-02 2.892036e-02 3.080963e-02 2.506088e-02 1.452187e-02 1.778039e-03 -1.219590e-05
<VARIANCE> 25
 9.137465e+00 1.036359e+01 9.295803e+00 1.818508e+01 1.332127e+01 1.353345e+01 1.197145e+01 1.128198e+01 1.134292e+01 1.354989e+01 1.780268e+01 1.253449e+01 4.087522e-02 8.734614e-02 1.540843e-01 2.265825e-01 3.079380e-01 3.969485e-01 4.608482e-01 5.215847e-01 5.420835e-01 5.211474e-01 5.144392e-01 5.164422e-01 1.000000e-06
<GCONST> 4.724841e+01
<MIXTURE> 55 7.368620e-03
<MEAN> 25
 -3.633801e+00 4.931954e-02 -6.831419e-01 8.036570e+00 6.484003e+00 4.625407e+00 4.675332e+00 4.601055e+00 4.053099e+00 3.593801e+00 4.457477e+00 2.326298e+00 -2.133210e-03 2.653849e-02 3.415401e-02 4.748240e-02 5.136495e-02 4.707923e-02 3.888674e-02 2.892036e-02 3.080963e-02 2.506088e-02 1.452187e-02 1.778039e-03 -1.219590e-05
<VARIANCE> 25
 9.137465e+00 1.036359e+01 9.295803e+00 1.818508e+01 1.332127e+01 1.353345e+01 1.197145e+01 1.128198e+01 1.134292e+01 1.354989e+01 1.780268e+01 1.253449e+01 4.087522e-02 8.734614e-02 1.540843e-01 2.265825e-01 3.079380e-01 3.969485e-01 4.608482e-01 5.215847e-01 5.420835e-01 5.211474e-01 5.144392e-01 5.164422e-01 1.000000e-06
<GCONST> 4.724841e+01
<MIXTURE> 56 6.132464e-03
<MEAN> 25
 7.365280e+00 -6.538023e+00 -9.250694e+00 -8.044273e+00 3.886602e+00 3.498731e+00 -2.119949e+00 -1.206184e+00 2.033769e+00 8.915122e-01 -2.681601e+00 -6.942073e+00 4.779053e-03 2.939720e-02 -9.728471e-02 1.150723e-01 2.504039e-01 -3.120157e-02 8.117442e-02 -1.083124e-01 -6.705727e-02 -1.359034e-01 -4.533831e-02 3.799739e-02 -6.323948e-03
<VARIANCE> 25
 8.897348e+00 2.313433e+01 2.015684e+01 4.227771e+01 3.081345e+01 4.804094e+01 5.793847e+01 3.555770e+01 3.600953e+01 3.482188e+01 3.801357e+01 2.921205e+01 2.020184e-01 4.257441e-01 4.677449e-01 8.236288e-01 7.811568e-01 1.112255e+00 8.604356e-01 9.520245e-01 8.624017e-01 1.032142e+00 1.015059e+00 7.416854e-01 2.336372e-04
<GCONST> 7.458963e+01
<MIXTURE> 57 6.132464e-03
<MEAN> 25
 7.365280e+00 -6.538023e+00 -9.250694e+00 -8.044273e+00 3.886602e+00 3.498731e+00 -2.119949e+00 -1.206184e+00 2.033769e+00 8.915122e-01 -2.681601e+00 -6.942073e+00 4.779053e-03 2.939720e-02 -9.728471e-02 1.150723e-01 2.504039e-01 -3.120157e-02 8.117442e-02 -1.083124e-01 -6.705727e-02 -1.359034e-01 -4.533831e-02 3.799739e-02 -6.323948e-03
<VARIANCE> 25
 8.897348e+00 2.313433e+01 2.015684e+01 4.227771e+01 3.081345e+01 4.804094e+01 5.793847e+01 3.555770e+01 3.600953e+01 3.482188e+01 3.801357e+01 2.921205e+01 2.020184e-01 4.257441e-01 4.677449e-01 8.236288e-01 7.811568e-01 1.112255e+00 8.604356e-01 9.520245e-01 8.624017e-01 1.032142e+00 1.015059e+00 7.416854e-01 2.336372e-04
<GCONST> 7.458963e+01
<MIXTURE> 58 6.172147e-03
<MEAN> 25
 2.522125e+00 -2.814475e+00 7.059295e+00 -5.348244e+00 -1.258264e+01 -4.953238e+00 1.403874e+00 9.882075e-01 -2.507321e+00 1.248413e+00 8.148112e-01 -7.642611e-01 -6.386997e-02 -1.179054e-01 -3.311465e-02 -1.630093e-01 -3.539290e-02 2.200378e-01 4.214338e-01 2.581477e-01 1.480819e-03 1.694507e-03 -7.194559e-02 -1.288108e-01 -2.924909e-03
<VARIANCE> 25
 7.041707e+00 1.551952e+01 2.344151e+01 2.519217e+01 2.766419e+01 4.679093e+01 3.156031e+01 3.342125e+01 3.245037e+01 3.182631e+01 2.137982e+01 1.946250e+01 3.118943e-01 7.902137e-01 7.613945e-01 9.721910e-01 9.547542e-01 1.156777e+00 1.265180e+00 1.283597e+00 1.002970e+00 9.851748e-01 8.924100e-01 8.768582e-01 7.526187e-04
<GCONST> 7.555348e+01
<MIXTURE> 59 6.172147e-03
<MEAN> 25
 2.522125e+00 -2.814475e+00 7.059295e+00 -5.348244e+00 -1.258264e+01 -4.953238e+00 1.403874e+00 9.882075e-01 -2.507321e+00 1.248413e+00 8.148112e-01 -7.642611e-01 -6.386997e-02 -1.179054e-01 -3.311465e-02 -1.630093e-01 -3.539290e-02 2.200378e-01 4.214338e-01 2.581477e-01 1.480819e-03 1.694507e-03 -7.194559e-02 -1.288108e-01 -2.924909e-03
<VARIANCE> 25
 7.041707e+00 1.551952e+01 2.344151e+01 2.519217e+01 2.766419e+01 4.679093e+01 3.156031e+01 3.342125e+01 3.245037e+01 3.182631e+01 2.137982e+01 1.946250e+01 3.118943e-01 7.902137e-01 7.613945e-01 9.721910e-01 9.547542e-01 1.156777e+00 1.265180e+00 1.283597e+00 1.002970e+00 9.851748e-01 8.924100e-01 8.768582e-01 7.526187e-04
<GCONST> 7.555348e+01
<MIXTURE> 60 4.479129e-03
<MEAN> 25
 -4.123330e+00 -6.000408e-01 -1.029383e+00 3.616262e+00 1.752597e+00 2.052775e+00 1.719846e+00 1.545396e+00 2.115740e+00 1.198242e+00 2.274144e+00 1.901175e+00 -3.289961e-02 6.389705e-02 1.092881e-01 1.295703e-01 1.374138e-01 1.526951e-01 1.796357e-01 3.342892e-01 5.535650e-01 6.487989e-01 5.471269e-01 3.212757e-01 -5.145997e-04
<VARIANCE> 25
 7.909290e+00 4.842501e+00 1.032205e+01 1.162280e+01 1.364557e+01 1.719561e+01 1.430090e+01 1.185654e+01 1.264675e+01 1.336796e+01 1.593950e+01 1.230060e+01 8.721490e-02 1.678550e-01 2.752481e-01 4.444177e-01 6.008354e-01 7.410586e-01 8.165904e-01 8.901134e-01 8.922286e-01 8.228286e-01 8.315930e-01 8.656194e-01 2.478563e-05
<GCONST> 5.668336e+01
<MIXTURE> 61 4.479129e-03
<MEAN> 25
 -4.123330e+00 -6.000408e-01 -1.029383e+00 3.616262e+00 1.752597e+00 2.052775e+00 1.719846e+00 1.545396e+00 2.115740e+00 1.198242e+00 2.274144e+00 1.901175e+00 -3.289961e-02 6.389705e-02 1.092881e-01 1.295703e-01 1.374138e-01 1.526951e-01 1.796357e-01 3.342892e-01 5.535650e-01 6.487989e-01 5.471269e-01 3.212757e-01 -5.145997e-04
<VARIANCE> 25
 7.909290e+00 4.842501e+00 1.032205e+01 1.162280e+01 1.364557e+01 1.719561e+01 1.430090e+01 1.185654e+01 1.264675e+01 1.336796e+01 1.593950e+01 1.230060e+01 8.721490e-02 1.678550e-01 2.752481e-01 4.444177e-01 6.008354e-01 7.410586e-01 8.165904e-01 8.901134e-01 8.922286e-01 8.228286e-01 8.315930e-01 8.656194e-01 2.478563e-05
<GCONST> 5.668336e+01
<MIXTURE> 62 3.278034e-03
<MEAN> 25
 -5.092352e+00 1.242949e+00 1.025229e+00 8.817472e+00 6.131368e+00 5.049770e+00 5.499322e+00 4.032667e+00 4.986145e+00 3.917376e+00 4.965186e+00 2.951130e+00 -1.002920e+00 -1.166829e+00 -9.531459e-01 -2.767781e-01 4.279546e-01 1.005135e+00 1.384149e+00 1.552322e+00 1.478314e+00 1.243214e+00 1.066874e+00 7.254233e-01 -1.264306e-03
<VARIANCE> 25
 9.878427e+00 9.968705e+00 1.311797e+01 1.673549e+01 1.741066e+01 1.752433e+01 1.969691e+01 1.911380e+01 1.885589e+01 1.872432e+01 2.156329e+01 1.479261e+01 4.022858e-01 4.320732e-01 5.540595e-01 7.791994e-01 1.035308e+00 1.191936e+00 1.253222e+00 1.278831e+00 1.330151e+00 1.363812e+00 1.399966e+00 1.373079e+00 1.632152e-05
<GCONST> 6.752985e+01
<MIXTURE> 63 4.351215e-03
<MEAN> 25
 -3.600568e+00 -8.585369e-01 -3.772003e+00 2.587441e+00 3.066784e+00 -5.301396e-01 2.950302e+00 1.204621e+00 2.515779e+00 -8.453913e-01 -1.095620e+00 2.328655e+00 -1.411093e-01 3.317229e-01 4.484416e-01 4.844751e-01 3.524554e-01 4.622494e-01 3.501114e-01 1.010022e-01 1.756726e-01 1.432865e-01 1.654920e-01 1.427248e-01 -6.928681e-03
<VARIANCE> 25
 1.340783e+01 2.259608e+01 1.710195e+01 1.555208e+01 1.721502e+01 2.520483e+01 2.042525e+01 2.397010e+01 2.203068e+01 1.980171e+01 1.791351e+01 1.660265e+01 2.529876e-01 4.135802e-01 5.586183e-01 7.111964e-01 8.911487e-01 9.912320e-01 1.126193e+00 1.251709e+00 1.208859e+00 1.230155e+00 1.249414e+00 1.256615e+00 2.226056e-04
<GCONST> 7.076034e+01
<MIXTURE> 64 4.351215e-03
<MEAN> 25
 -3.600568e+00 -8.585369e-01 -3.772003e+00 2.587441e+00 3.066784e+00 -5.301396e-01 2.950302e+00 1.204621e+00 2.515779e+00 -8.453913e-01 -1.095620e+00 2.328655e+00 -1.411093e-01 3.317229e-01 4.484416e-01 4.844751e-01 3.524554e-01 4.622494e-01 3.501114e-01 1.010022e-01 1.756726e-01 1.432865e-01 1.654920e-01 1.427248e-01 -6.928681e-03
<VARIANCE> 25
 1.340783e+01 2.259608e+01 1.710195e+01 1.555208e+01 1.721502e+01 2.520483e+01 2.042525e+01 2.397010e+01 2.203068e+01 1.980171e+01 1.791351e+01 1.660265e+01 2.529876e-01 4.135802e-01 5.586183e-01 7.111964e-01 8.911487e-01 9.912320e-01 1.126193e+00 1.251709e+00 1.208859e+00 1.230155e+00 1.249414e+00 1.256615e+00 2.226056e-04
<GCONST> 7.076034e+01
<MIXTURE> 65 1.721197e-02
<MEAN> 25
 7.254021e+00 1.405820e+00 1.175270e+00 9.479620e-01 -4.990687e+00 -3.696495e+00 -6.438643e+00 -6.255951e+00 -3.190365e+00 -1.548365e+00 -4.596397e+00 -1.751101e+00 1.273311e-01 6.026947e-02 1.413868e-01 6.571733e-02 -2.460703e-01 1.709522e-01 -1.383722e-01 -7.559849e-02 1.602363e-01 -6.458921e-02 -1.887128e-02 -1.055354e-01 -3.633375e-03
<VARIANCE> 25
 1.120535e+01 2.114469e+01 2.468710e+01 3.200029e+01 3.628633e+01 5.328182e+01 6.721400e+01 5.324425e+01 5.046207e+01 5.199524e+01 5.555925e+01 4.434028e+01 5.445228e-01 8.946914e-01 1.492381e+00 1.985416e+00 2.000622e+00 2.204231e+00 2.789217e+00 3.060766e+00 2.208795e+00 2.223074e+00 2.341031e+00 1.954473e+00 4.274438e-04
<GCONST> 8.886796e+01
<MIXTURE> 66 1.191532e-02
<MEAN> 25
 6.260762e+00 -3.923152e+00 -5.975317e+00 -3.694935e+00 1.591879e+00 -4.637525e+00 -6.130461e+00 1.126803e+00 1.039669e+00 -1.372821e+00 -5.733242e+00 -2.921119e+00 -8.755162e-02 1.666019e+00 2.179115e+00 2.188957e+00 -9.278272e-01 -1.082687e+00 1.953482e-01 -8.204664e-01 -2.261278e-01 -2.374696e-01 -1.500437e-01 1.075200e+00 -6.381197e-02
<VARIANCE> 25
 8.598731e+00 1.888727e+01 2.567911e+01 3.330724e+01 3.269172e+01 4.575135e+01 5.493880e+01 4.262967e+01 4.549045e+01 5.777199e+01 3.218327e+01 3.275489e+01 1.071164e+00 2.177558e+00 2.113381e+00 2.393846e+00 3.871620e+00 3.824189e+00 4.318503e+00 4.413001e+00 3.743762e+00 4.157351e+00 3.353234e+00 2.905787e+00 1.344500e-03
<GCONST> 9.421259e+01
<MIXTURE> 67 1.559142e-02
<MEAN> 25
 8.797143e+00 1.911396e+00 -5.901082e+00 -8.025283e+00 9.030311e-01 2.904345e+00 -3.585219e+00 -2.342726e+00 -3.560243e+00 8.373648e-01 -1.356275e-01 -1.667690e+00 -1.060510e+00 1.839543e+00 1.036157e+00 3.007648e+00 1.385826e+00 -5.213856e-01 1.397066e+00 6.535401e-02 1.794059e-01 2.540939e-01 -2.989136e-01 6.251799e-01 -1.295148e-01
<VARIANCE> 25
 1.234968e+01 3.839466e+01 3.019040e+01 5.646239e+01 4.802432e+01 5.373231e+01 6.369857e+01 5.191986e+01 6.506693e+01 5.570613e+01 5.460214e+01 4.623031e+01 2.131826e+00 3.389604e+00 3.232716e+00 4.549466e+00 4.420071e+00 4.494509e+00 4.920663e+00 5.042626e+00 5.358943e+00 4.661011e+00 5.035220e+00 3.649407e+00 2.988209e-03
<GCONST> 1.027207e+02
<MIXTURE> 68 1.485092e-02
<MEAN> 25
 -1.972420e+00 -2.257231e+00 -4.102964e+00 1.389707e+00 5.428157e+00 -6.977193e-01 1.838864e+00 1.765163e+00 2.032498e+00 1.596246e+00 2.231350e-01 1.730835e+00 2.759395e+00 4.225771e-01 3.728268e-02 -2.529303e+00 -2.332591e+00 -1.573780e+00 -2.382815e+00 -1.681015e+00 -1.545005e+00 -1.350762e+00 -1.955150e+00 -1.031180e+00 1.011883e-01
<VARIANCE> 25
 2.509063e+01 3.130358e+01 5.579396e+01 5.064579e+01 4.476102e+01 5.293523e+01 4.609311e+01 3.978228e+01 3.872137e+01 4.122803e+01 3.660995e+01 2.473169e+01 1.760161e+00 3.971130e+00 5.659996e+00 5.558652e+00 4.504575e+00 5.371427e+00 5.688896e+00 4.844341e+00 4.829940e+00 5.197307e+00 4.745064e+00 3.281088e+00 5.838802e-03
<GCONST> 1.027489e+02
<MIXTURE> 69 1.204884e-02
<MEAN> 25
 4.322705e+00 -4.321538e+00 -3.524536e+00 -3.243788e+00 -2.527334e+00 -7.152973e+00 -2.076732e+00 1.926617e+00 6.633032e-02 -3.850515e+00 -5.483490e+00 9.304106e-01 1.805637e+00 -2.273154e+00 -1.245606e+00 -2.096662e+00 -6.000281e-01 -3.832122e-01 -6.992483e-01 3.595078e-01 -4.307282e-01 -1.143930e+00 -2.077148e+00 -2.033420e-01 6.623097e-02
<VARIANCE> 25
 9.044137e+00 2.013313e+01 2.383209e+01 2.302548e+01 4.137568e+01 3.584170e+01 5.089584e+01 2.744477e+01 3.573795e+01 3.603759e+01 2.711579e+01 2.249557e+01 3.147820e+00 2.587766e+00 3.302115e+00 3.309539e+00 4.979626e+00 4.367444e+00 6.863621e+00 5.760525e+00 5.397609e+00 5.497457e+00 3.786009e+00 3.464729e+00 2.262738e-03
<GCONST> 9.669571e+01
<MIXTURE> 70 1.329190e-02
<MEAN> 25
 6.793581e+00 -2.146550e+00 -4.239877e+00 -2.724396e+00 -8.572058e-01 -6.291487e-01 -7.466602e+00 -3.947093e+00 8.798346e-01 3.344033e+00 -4.198894e-01 -4.145324e+00 1.733706e+00 -1.014985e+00 -6.876884e-01 -2.145268e+00 -1.429671e+00 1.302712e+00 -1.302513e+00 2.090932e-01 2.991889e-01 2.014847e-01 4.218009e-01 -1.424040e+00 5.527092e-02
<VARIANCE> 25
 1.041520e+01 2.319245e+01 2.401273e+01 4.602993e+01 3.615935e+01 3.855462e+01 5.197512e+01 3.931486e+01 4.149400e+01 2.884531e+01 3.889916e+01 2.705916e+01 3.591194e+00 2.879490e+00 4.372212e+00 4.183245e+00 4.440481e+00 5.716025e+00 7.620150e+00 6.727072e+00 5.195666e+00 5.213018e+00 5.499310e+00 3.857345e+00 2.276257e-03
<GCONST> 1.000326e+02
<MIXTURE> 71 1.406903e-02
<MEAN> 25
 6.092287e+00 5.139689e+00 4.082071e+00 2.895470e+00 -3.373142e+00 -3.283657e+00 -3.356420e+00 -6.296793e+00 -4.272580e+00 -2.267771e+00 -5.070935e+00 -2.990675e+00 -1.539484e+00 -6.836123e-01 -1.463566e-01 -1.801273e+00 1.040491e+00 -5.948710e-02 -8.499328e-02 1.501326e+00 2.495587e-01 -1.413693e-01 7.605870e-01 1.819608e-01 4.024104e-02
<VARIANCE> 25
 1.946052e+01 2.584144e+01 2.407089e+01 4.426046e+01 3.929138e+01 3.886563e+01 4.228215e+01 4.206680e+01 3.994038e+01 4.277517e+01 3.580931e+01 3.372524e+01 1.683415e+00 2.891908e+00 5.222675e+00 4.715872e+00 4.640833e+00 4.641281e+00 5.059829e+00 5.153326e+00 4.199619e+00 3.936478e+00 3.572222e+00 3.138512e+00 1.367025e-03
<GCONST> 9.823756e+01
<MIXTURE> 72 8.134747e-03
<MEAN> 25
 3.735027e+00 -3.665837e+00 5.460582e+00 -2.461475e+00 -1.031583e+01 -9.535603e+00 -2.418113e+00 1.972631e+00 -4.964531e+00 -2.153747e+00 -1.836065e+00 6.746733e-01 9.242435e-01 -7.812306e-01 -2.571603e+00 4.747813e-01 2.141844e+00 -6.556221e-01 -1.269653e+00 1.516370e+00 1.808781e+00 -5.961559e-01 -1.298793e+00 4.028071e-01 -6.375733e-03
<VARIANCE> 25
 1.097145e+01 1.938010e+01 3.258096e+01 3.814716e+01 3.341081e+01 3.376302e+01 4.193960e+01 3.624313e+01 4.337733e+01 4.110541e+01 3.862143e+01 2.858126e+01 4.342106e-01 1.031314e+00 2.007274e+00 1.472072e+00 2.167561e+00 2.333683e+00 3.263968e+00 2.720051e+00 2.580112e+00 2.944555e+00 2.009781e+00 2.107917e+00 5.454932e-04
<GCONST> 8.732141e+01
<MIXTURE> 73 1.213625e-02
<MEAN> 25
 -5.430101e+00 -3.771033e-01 -1.435289e+00 4.685403e+00 4.197919e+00 2.085232e+00 5.024018e+00 3.290894e+00 4.215246e+00 2.975102e+00 3.545934e+00 2.702986e+00 9.894038e-01 -1.307324e+00 -9.562598e-01 -2.517363e+00 -1.176853e+00 -1.641851e+00 -1.124633e+00 -3.495767e-01 -7.532758e-01 -5.459596e-01 -1.027311e+00 -3.546869e-01 1.489994e-01
<VARIANCE> 25
 1.238680e+01 1.370474e+01 1.391309e+01 2.230144e+01 2.241755e+01 2.240073e+01 2.004024e+01 1.792167e+01 1.720882e+01 1.837693e+01 2.359421e+01 1.449630e+01 3.849692e+00 3.247841e+00 5.542810e+00 4.247440e+00 5.493762e+00 4.214515e+00 4.382823e+00 3.956080e+00 3.811089e+00 3.932221e+00 3.252621e+00 2.450206e+00 4.109109e-03
<GCONST> 9.148099e+01
<MIXTURE> 74 1.756491e-02
<MEAN> 25
 3.381278e+00 -1.693872e+00 3.953428e+00 -9.834483e-01 -7.378464e+00 -6.388847e+00 -3.680788e+00 7.340023e-01 -3.936062e+00 -2.300150e+00 -1.120883e+00 6.680941e-01 -4.308289e-02 2.016418e+00 -4.113641e-01 1.298723e+00 1.436361e+00 -3.434552e-02 9.317985e-01 -1.143903e+00 7.739346e-01 1.131022e-01 -5.922466e-01 -1.468633e-01 -8.288585e-02
<VARIANCE> 25
 9.463780e+00 1.723301e+01 3.310289e+01 2.712190e+01 3.359579e+01 3.074522e+01 6.768764e+01 4.023265e+01 4.031501e+01 3.156915e+01 3.102133e+01 2.895660e+01 1.726552e+00 1.375360e+00 3.487667e+00 2.118011e+00 3.495611e+00 3.209203e+00 4.881770e+00 3.062762e+00 3.575282e+00 2.900939e+00 3.069745e+00 2.289376e+00 1.335288e-03
<GCONST> 9.229755e+01
<MIXTURE> 75 9.711651e-03
<MEAN> 25
 2.337411e+00 -1.923983e+00 1.079385e+01 1.357020e+00 -1.208552e+01 -6.825230e+00 -5.108711e+00 -2.249008e-01 -5.584721e+00 -4.936584e+00 3.792650e+00 7.179100e-01 1.372334e+00 -1.809955e+00 2.969465e-01 -3.122045e-01 -2.370046e+00 -3.644695e-01 -1.808503e+00 1.200362e+00 -4.282207e-01 -1.350232e-01 1.173086e+00 -2.899727e-01 5.009060e-02
<VARIANCE> 25
 9.843036e+00 1.846402e+01 2.689358e+01 2.434556e+01 2.475027e+01 3.059915e+01 3.080058e+01 2.842839e+01 3.426395e+01 2.828943e+01 1.930559e+01 1.974282e+01 2.563929e+00 1.766503e+00 3.653667e+00 2.117675e+00 3.398670e+00 3.791262e+00 3.907205e+00 3.284656e+00 3.817350e+00 3.089057e+00 2.652887e+00 2.561893e+00 2.007799e-03
<GCONST> 9.069612e+01
<MIXTURE> 76 1.052359e-02
<MEAN> 25
 -4.512509e+00 -1.277356e+00 -3.346639e+00 3.205921e+00 5.182230e+00 2.060220e+00 4.605310e+00 1.583711e+00 3.209035e+00 7.124362e-01 9.881061e-02 1.450522e+00 9.077106e-02 -5.865803e-01 -2.940940e-01 -7.562935e-01 -6.067453e-01 -8.753581e-01 -6.570476e-01 1.877136e-01 -2.420253e-01 -2.959372e-01 -7.090450e-02 -1.238774e-01 2.080927e-02
<VARIANCE> 25
 3.120990e+01 2.839975e+01 2.226775e+01 2.105484e+01 3.530871e+01 3.253673e+01 2.592368e+01 2.000628e+01 1.737117e+01 1.640382e+01 2.312401e+01 1.569106e+01 1.235816e+00 1.153046e+00 1.413786e+00 9.628480e-01 1.452827e+00 1.835139e+00 1.553804e+00 1.977443e+00 1.317121e+00 1.265511e+00 1.566606e+00 1.368109e+00 1.018100e-03
<GCONST> 8.087744e+01
<MIXTURE> 77 1.244626e-02
<MEAN> 25
 -4.655375e-01 8.120334e+00 1.234709e+01 -1.134012e+01 -6.875078e+00 1.286580e+00 -8.740174e+00 -6.789840e+00 -3.663021e+00 -2.309616e-01 -3.916464e+00 -1.504072e+00 5.386523e-02 7.758848e-02 8.575394e-02 2.403655e-01 -1.537326e-02 1.045679e-01 -1.667756e-02 -2.599958e-02 2.604607e-02 -4.976089e-02 5.404586e-02 1.051528e-01 -7.178884e-03
<VARIANCE> 25
 9.796427e+00 2.125501e+01 2.642057e+01 4.008424e+01 3.272910e+01 3.269890e+01 3.806113e+01 3.170229e+01 3.431878e+01 3.350719e+01 4.068562e+01 3.239407e+01 2.812782e-01 7.987999e-01 6.392131e-01 1.030380e+00 1.285453e+00 9.710735e-01 1.407104e+00 1.048985e+00 1.092909e+00 1.007462e+00 1.000089e+00 8.782820e-01 6.290508e-04
<GCONST> 7.784889e+01
<MIXTURE> 78 9.702551e-03
<MEAN> 25
 -1.088246e+01 1.647712e+00 -1.844219e+00 2.305401e+00 4.257164e+00 -2.354768e+00 3.656883e+00 2.382595e+00 2.496133e+00 7.486199e-01 -2.938871e-01 3.102162e+00 2.118758e+00 -2.843927e-01 1.240399e-01 5.074711e-01 5.532935e-02 2.172606e-02 -3.236602e-01 -9.452216e-02 2.420019e-01 1.369659e-01 -3.743494e-01 -4.808554e-01 -5.428204e-02
<VARIANCE> 25
 4.060725e+01 3.260776e+01 3.018489e+01 2.975345e+01 3.854438e+01 3.494460e+01 3.383072e+01 3.099478e+01 2.561142e+01 2.488432e+01 2.562640e+01 1.915845e+01 5.180489e+00 2.837061e+00 2.740067e+00 2.957215e+00 2.659686e+00 3.189942e+00 3.537431e+00 2.729260e+00 2.169960e+00 2.239182e+00 2.143614e+00 1.943579e+00 4.699113e-03
<GCONST> 9.358311e+01
<MIXTURE> 79 1.156824e-02
<MEAN> 25
 2.379046e+00 1.391044e+00 8.872738e+00 -6.389922e+00 -1.170481e+01 -1.411744e+00 -2.189991e+00 -6.220726e+00 -6.575684e+00 1.577437e-01 -2.809936e+00 -3.286402e+00 1.163170e+00 -4.916374e-01 -1.420930e+00 2.318784e+00 4.286299e-01 -1.499293e+00 7.079111e-01 7.394350e-01 -3.888710e-01 -5.063582e-01 1.911246e-01 2.588619e-01 -3.634854e-02
<VARIANCE> 25
 1.340839e+01 2.420815e+01 3.992427e+01 4.861903e+01 3.424259e+01 4.311945e+01 4.807666e+01 3.612548e+01 3.678600e+01 3.908456e+01 4.711070e+01 2.870123e+01 9.326646e-01 2.190543e+00 1.844311e+00 1.992442e+00 2.376809e+00 2.703905e+00 3.386143e+00 3.692887e+00 2.392597e+00 2.592055e+00 2.521382e+00 1.994717e+00 1.223763e-03
<GCONST> 9.167481e+01
<MIXTURE> 80 7.550998e-03
<MEAN> 25
 -1.460693e+01 3.983498e+00 6.876604e-01 2.866771e+00 2.450713e+00 1.409855e+00 6.395826e+00 2.496418e+00 2.719067e+00 2.373148e+00 4.851452e+00 1.186849e+00 4.285962e+00 -1.682225e-02 1.637684e+00 -1.135642e+00 -2.888759e+00 -2.777146e+00 -2.323668e+00 -2.020710e+00 -1.974728e+00 -1.684786e+00 -1.650731e+00 -6.027837e-01 -4.420425e-02
<VARIANCE> 25
 2.095649e+01 1.984261e+01 3.444311e+01 3.470237e+01 3.018003e+01 2.920211e+01 2.828591e+01 2.854818e+01 2.674154e+01 2.880554e+01 2.685516e+01 1.810257e+01 2.357212e+00 2.668000e+00 2.672685e+00 4.118888e+00 3.395360e+00 2.705344e+00 3.025293e+00 3.205601e+00 2.748796e+00 2.701643e+00 2.781518e+00 2.145327e+00 1.514934e-03
<GCONST> 9.139795e+01
<MIXTURE> 81 8.025434e-03
<MEAN> 25
 -1.090008e+00 4.049344e+00 1.017896e+01 -1.462198e+01 -8.952156e+00 -1.266579e+00 -6.589432e+00 -8.243939e+00 -4.217736e+00 -4.335352e-01 -7.223132e+00 -2.257279e+00 1.259972e-01 -6.038365e-01 4.042901e-02 -5.687532e-01 -4.503892e-01 3.459177e-01 2.847948e-01 1.379615e-01 -1.770273e-01 1.075928e-01 -4.262483e-01 -1.154245e-01 1.251163e-02
<VARIANCE> 25
 9.955521e+00 3.195614e+01 2.588540e+01 2.955009e+01 3.364482e+01 3.050121e+01 4.603522e+01 2.859562e+01 3.774065e+01 3.199565e+01 2.860308e+01 3.020754e+01 7.524704e-01 2.223653e+00 1.577710e+00 2.806751e+00 2.626437e+00 2.084307e+00 3.294472e+00 2.226017e+00 2.365072e+00 2.475034e+00 2.332007e+00 2.039396e+00 1.184715e-03
<GCONST> 8.860688e+01
<MIXTURE> 82 8.213053e-03
<MEAN> 25
 -9.943833e+00 -3.887333e+00 1.632288e+00 -2.962746e+00 3.111636e+00 6.678923e-01 1.987183e+00 9.399660e-01 2.978194e+00 1.723490e+00 1.733750e+00 3.079215e+00 -1.305919e+00 -1.322228e-01 2.866980e-01 -2.601711e+00 -1.103989e+00 -1.262035e+00 -1.016713e+00 -8.660312e-01 -3.148949e-01 -4.744085e-01 -3.150464e-01 -9.718276e-02 1.782141e-01
<VARIANCE> 25
 1.814688e+01 2.498875e+01 3.234383e+01 3.086536e+01 3.296294e+01 3.223065e+01 3.177881e+01 3.290114e+01 3.080165e+01 2.507422e+01 3.075570e+01 1.747245e+01 3.773703e+00 3.063614e+00 3.321097e+00 3.262743e+00 3.554382e+00 3.287078e+00 2.945093e+00 3.016520e+00 2.795391e+00 2.490543e+00 2.449168e+00 1.864318e+00 3.442507e-03
<GCONST> 9.308714e+01
<MIXTURE> 83 1.167529e-02
<MEAN> 25
 -1.998457e+01 5.524266e+00 -1.797699e+00 -3.775735e-01 7.818714e+00 -1.231542e+00 5.448951e+00 3.017646e+00 1.208228e+00 2.187697e+00 7.246715e-01 2.889645e+00 -2.360354e-02 -4.547610e-01 1.082717e-03 -3.643838e-01 -4.854389e-01 -1.205931e-01 -1.357781e-01 -9.073408e-02 -4.183968e-02 -3.839046e-02 -3.063063e-02 -4.449053e-02 4.365789e-03
<VARIANCE> 25
 9.307229e+00 1.643202e+01 2.836496e+01 2.249482e+01 2.124273e+01 2.398778e+01 2.193658e+01 2.336279e+01 2.038732e+01 2.210535e+01 2.308888e+01 1.443042e+01 1.057454e+00 9.418482e-01 1.236492e+00 1.061780e+00 1.379828e+00 1.288817e+00 1.280429e+00 1.399869e+00 1.342608e+00 1.305804e+00 1.214482e+00 1.086451e+00 8.885387e-04
<GCONST> 7.706784e+01
<MIXTURE> 84 1.066614e-02
<MEAN> 25
 1.086916e+00 8.788033e+00 6.951279e+00 7.693159e+00 2.735144e+00 -8.411475e-01 -1.235191e+00 -4.391914e+00 -3.898882e+00 -2.886967e+00 -2.493220e+00 -1.544197e+00 -1.759879e+00 -1.090360e+00 -1.168332e+00 1.234869e+00 2.173984e+00 1.455676e+00 1.519228e+00 1.300822e+00 1.142846e+00 3.533856e-01 4.183859e-01 4.127257e-01 -7.044608e-02
<VARIANCE> 25
 2.278585e+01 1.845900e+01 2.212604e+01 2.516706e+01 2.829384e+01 2.733759e+01 2.866934e+01 2.590165e+01 2.519030e+01 2.426413e+01 2.339780e+01 2.424426e+01 2.026428e+00 2.643003e+00 3.701521e+00 3.221502e+00 3.328739e+00 3.270877e+00 3.412940e+00 3.321861e+00 3.409658e+00 3.148932e+00 3.476427e+00 2.684739e+00 3.471668e-03
<GCONST> 9.224489e+01
<MIXTURE> 85 7.591393e-03
<MEAN> 25
 -3.119231e+00 7.868745e+00 5.694422e+00 1.329965e+00 -3.423008e+00 -5.284240e+00 -2.962647e+00 -6.078652e+00 -3.518124e+00 -3.187350e+00 -4.778081e-01 -1.887222e+00 3.929758e+00 2.946172e-01 1.750833e+00 -2.082616e+00 -3.399066e+00 -2.578356e+00 -2.897807e+00 -2.323863e+00 -2.244912e+00 -1.257610e+00 -2.286149e+00 -6.026213e-01 9.982293e-03
<VARIANCE> 25
 4.216322e+01 2.330943e+01 3.636787e+01 3.820536e+01 4.020870e+01 4.103484e+01 3.194990e+01 2.796951e+01 2.650176e+01 2.594878e+01 2.600838e+01 2.041198e+01 2.716989e+00 4.392571e+00 4.027653e+00 5.156605e+00 4.403671e+00 3.851598e+00 3.842527e+00 3.989216e+00 3.825118e+00 4.012308e+00 3.967999e+00 3.483089e+00 5.467347e-03
<GCONST> 9.830740e+01
<MIXTURE> 86 1.273941e-02
<MEAN> 25
 -4.854273e+00 -1.083973e+00 -1.002990e+00 5.897568e+00 5.238038e+00 4.311728e+00 5.333973e+00 4.592439e+00 5.060713e+00 4.149711e+00 4.883047e+00 2.351292e+00 -3.964473e-02 -5.570081e-02 -9.095344e-02 -3.397062e-02 -4.836725e-02 -1.641710e-01 -1.988773e-01 -2.892319e-01 -3.794007e-01 -3.465436e-01 -2.075508e-01 -1.364888e-01 4.412683e-04
<VARIANCE> 25
 7.266263e+00 5.873749e+00 1.052073e+01 1.321535e+01 1.590591e+01 1.899173e+01 1.266815e+01 1.397793e+01 1.304089e+01 1.345157e+01 1.552569e+01 1.252152e+01 1.089538e-01 2.003296e-01 3.705265e-01 4.506039e-01 6.316524e-01 6.929335e-01 7.311161e-01 7.812086e-01 7.895857e-01 8.412336e-01 8.420600e-01 8.738868e-01 6.431439e-05
<GCONST> 5.859128e+01
<MIXTURE> 87 1.100681e-02
<MEAN> 25
 -3.350456e+00 4.461853e+00 3.468037e+00 6.652728e+00 5.293903e+00 7.570434e-01 1.422800e+00 -1.214270e+00 -1.800479e-01 -6.318972e-01 -8.392074e-01 -4.189909e-02 -1.916151e+00 -2.720535e+00 -2.098689e+00 -2.051368e+00 9.823281e-02 -2.689410e-01 4.064090e-01 1.367841e+00 1.485085e+00 8.637818e-01 9.193425e-01 8.455412e-01 1.012082e-01
<VARIANCE> 25
 3.425644e+01 2.672721e+01 2.586268e+01 3.152412e+01 2.674541e+01 2.881161e+01 2.617260e+01 2.546877e+01 2.451647e+01 2.249394e+01 2.228848e+01 2.123773e+01 3.868461e+00 2.488232e+00 3.590746e+00 3.504053e+00 4.478023e+00 3.942255e+00 4.087270e+00 3.532297e+00 3.293079e+00 3.258856e+00 3.055181e+00 2.642133e+00 4.553694e-03
<GCONST> 9.449905e+01
<MIXTURE> 88 1.256585e-02
<MEAN> 25
 -3.995528e+00 -7.138159e-01 -1.163297e+00 4.118021e+00 5.694826e+00 3.314241e+00 5.873147e+00 3.269618e+00 3.742393e+00 2.149964e+00 1.510590e+00 1.997823e+00 -5.992064e-02 -3.926846e-02 -2.197937e-01 5.232639e-01 5.160758e-01 3.551408e-01 2.157456e-01 -1.243085e-01 4.626631e-02 2.971854e-02 -1.038743e-01 -7.515807e-02 -3.685866e-03
<VARIANCE> 25
 7.585708e+00 1.003349e+01 1.412469e+01 1.637027e+01 2.289876e+01 1.733739e+01 1.863297e+01 1.722896e+01 1.948668e+01 1.721118e+01 2.066270e+01 1.476273e+01 1.009687e+00 1.662513e+00 2.774529e+00 2.394926e+00 2.457128e+00 2.869303e+00 2.691415e+00 2.587204e+00 2.507796e+00 2.566487e+00 1.949117e+00 1.592234e+00 1.385353e-03
<GCONST> 8.173188e+01
<MIXTURE> 89 9.333527e-03
<MEAN> 25
 5.875579e+00 -6.482755e+00 -4.311272e+00 -2.311179e+00 -1.361330e+00 -5.155776e+00 -4.904267e+00 4.097510e+00 3.138126e+00 -2.132361e+00 -5.928521e+00 -3.136312e+00 -5.620993e-01 2.812557e-01 1.793851e+00 7.995818e-01 -1.675511e+00 -1.480897e+00 7.461387e-01 1.274508e+00 -7.341424e-01 -1.258355e+00 4.497262e-01 1.489718e+00 -3.899426e-03
<VARIANCE> 25
 7.642496e+00 2.634330e+01 3.291315e+01 2.811320e+01 3.042173e+01 3.509637e+01 5.509815e+01 3.754257e+01 3.317690e+01 3.660754e+01 3.262358e+01 2.832819e+01 3.318539e-01 1.100795e+00 1.424970e+00 1.425707e+00 1.975464e+00 1.930891e+00 2.251533e+00 1.853830e+00 1.971252e+00 1.800236e+00 2.152792e+00 1.330794e+00 4.211820e-04
<GCONST> 8.363696e+01
<MIXTURE> 90 7.114505e-03
<MEAN> 25
 2.449819e+00 -9.622942e+00 -4.715306e+00 -3.944952e+00 -3.342543e+00 -1.848735e+00 3.321636e+00 1.205320e+00 -7.419065e+00 -1.009993e+01 -3.420083e+00 -7.488297e-01 -1.642425e-01 9.011583e-01 1.167595e+00 -8.418775e-01 -1.598751e+00 -2.067994e-01 6.445780e-01 -2.015809e-01 -1.785583e-01 7.299444e-01 1.825975e-01 -5.405250e-01 -1.128555e-02
<VARIANCE> 25
 8.435081e+00 1.848217e+01 1.969035e+01 2.807099e+01 3.661621e+01 3.195658e+01 3.824540e+01 3.626706e+01 3.576016e+01 2.863223e+01 2.683428e+01 2.593658e+01 2.222818e-01 6.235185e-01 7.808669e-01 1.045478e+00 1.505467e+00 1.586102e+00 1.763102e+00 1.656201e+00 1.801449e+00 1.665655e+00 1.481407e+00 1.303438e+00 2.188778e-04
<GCONST> 7.818023e+01
<MIXTURE> 91 7.852945e-03
<MEAN> 25
 6.102557e+00 -7.044720e+00 -8.581433e+00 -4.176111e+00 3.906649e+00 -3.097624e-01 -1.753588e+00 9.422724e-01 1.054452e+00 -2.138866e+00 -4.844472e+00 -5.021536e+00 1.646221e-01 1.048944e+00 3.720641e-01 6.164624e-01 -1.223484e-01 -6.086797e-01 -3.046474e-01 -2.821399e-01 -2.405628e-01 2.734106e-01 -7.625835e-02 2.838070e-01 -3.400533e-02
<VARIANCE> 25
 9.053523e+00 2.329243e+01 2.007744e+01 4.009769e+01 3.060255e+01 4.676266e+01 4.791283e+01 3.604773e+01 4.446513e+01 5.625929e+01 3.369585e+01 3.590002e+01 4.352003e-01 8.798038e-01 1.211406e+00 1.416933e+00 1.982736e+00 2.050198e+00 2.132373e+00 2.583931e+00 2.084822e+00 2.036117e+00 1.781453e+00 1.733984e+00 5.596064e-04
<GCONST> 8.540684e+01
<MIXTURE> 92 7.852945e-03
<MEAN> 25
 6.102557e+00 -7.044720e+00 -8.581433e+00 -4.176111e+00 3.906649e+00 -3.097624e-01 -1.753588e+00 9.422724e-01 1.054452e+00 -2.138866e+00 -4.844472e+00 -5.021536e+00 1.646221e-01 1.048944e+00 3.720641e-01 6.164624e-01 -1.223484e-01 -6.086797e-01 -3.046474e-01 -2.821399e-01 -2.405628e-01 2.734106e-01 -7.625835e-02 2.838070e-01 -3.400533e-02
<VARIANCE> 25
 9.053523e+00 2.329243e+01 2.007744e+01 4.009769e+01 3.060255e+01 4.676266e+01 4.791283e+01 3.604773e+01 4.446513e+01 5.625929e+01 3.369585e+01 3.590002e+01 4.352003e-01 8.798038e-01 1.211406e+00 1.416933e+00 1.982736e+00 2.050198e+00 2.132373e+00 2.583931e+00 2.084822e+00 2.036117e+00 1.781453e+00 1.733984e+00 5.596064e-04
<GCONST> 8.540684e+01
<MIXTURE> 93 6.122769e-03
<MEAN> 25
 -6.825726e+00 -9.611626e-01 -2.402264e+00 5.798067e+00 5.908349e+00 3.922734e+00 6.123554e+00 3.608991e+00 4.119540e+00 2.509344e+00 1.818319e+00 3.705789e+00 -6.163282e-02 -1.543939e-01 -2.573819e-01 -3.316935e-01 -3.337656e-01 -2.844296e-01 -2.177602e-01 -1.742676e-01 -1.667374e-01 -1.506726e-01 -1.044165e-01 -3.556485e-02 -3.843708e-06
<VARIANCE> 25
 9.095117e+00 6.027718e+00 8.185094e+00 1.136871e+01 1.149353e+01 1.598284e+01 1.527657e+01 1.644386e+01 1.475809e+01 1.454144e+01 1.678704e+01 1.344920e+01 8.272407e-02 1.533750e-01 2.637115e-01 3.805666e-01 4.978216e-01 6.424727e-01 7.793950e-01 8.873283e-01 9.166153e-01 8.761485e-01 8.924035e-01 9.179158e-01 1.000033e-06
<GCONST> 5.360303e+01
<MIXTURE> 94 6.122769e-03
<MEAN> 25
 -6.825726e+00 -9.611626e-01 -2.402264e+00 5.798067e+00 5.908349e+00 3.922734e+00 6.123554e+00 3.608991e+00 4.119540e+00 2.509344e+00 1.818319e+00 3.705789e+00 -6.163282e-02 -1.543939e-01 -2.573819e-01 -3.316935e-01 -3.337656e-01 -2.844296e-01 -2.177602e-01 -1.742676e-01 -1.667374e-01 -1.506726e-01 -1.044165e-01 -3.556485e-02 -3.843708e-06
<VARIANCE> 25
 9.095117e+00 6.027718e+00 8.185094e+00 1.136871e+01 1.149353e+01 1.598284e+01 1.527657e+01 1.644386e+01 1.475809e+01 1.454144e+01 1.678704e+01 1.344920e+01 8.272407e-02 1.533750e-01 2.637115e-01 3.805666e-01 4.978216e-01 6.424727e-01 7.793950e-01 8.873283e-01 9.166153e-01 8.761485e-01 8.924035e-01 9.179158e-01 1.000033e-06
<GCONST> 5.360303e+01
<MIXTURE> 95 5.258835e-03
<MEAN> 25
 -5.755893e+00 -4.667692e-01 -1.495557e+00 4.562411e+00 4.140573e+00 2.601638e+00 4.381155e+00 1.185475e+00 2.244797e+00 8.579240e-01 1.023964e+00 1.909678e+00 1.401104e-01 1.742982e-01 1.333809e-01 9.333112e-03 -2.750613e-01 -5.890366e-01 -9.572874e-01 -1.297170e+00 -1.448035e+00 -1.159685e+00 -6.764185e-01 -2.655616e-01 -1.074763e-03
<VARIANCE> 25
 9.356214e+00 6.637916e+00 1.328031e+01 1.259157e+01 1.289170e+01 1.716842e+01 1.674680e+01 1.764588e+01 1.404806e+01 1.402783e+01 1.835272e+01 1.705653e+01 1.910860e-01 2.735707e-01 4.332164e-01 6.483386e-01 8.207413e-01 9.588301e-01 9.113492e-01 8.441436e-01 1.206564e+00 1.236005e+00 1.062066e+00 1.027828e+00 4.660722e-05
<GCONST> 6.310392e+01
<MIXTURE> 96 7.034694e-03
<MEAN> 25
 -5.225766e+00 -1.048327e-01 -2.236834e+00 5.151453e+00 3.857329e+00 1.708702e+00 3.557533e+00 1.676438e+00 2.464410e+00 8.506339e-01 1.070140e+00 2.836967e+00 -3.379506e-02 8.428430e-02 2.241676e-01 4.187006e-01 5.771503e-01 5.289805e-01 2.490377e-01 -1.280095e-01 -4.631592e-01 -6.439392e-01 -6.486631e-01 -3.657404e-01 -9.973726e-05
<VARIANCE> 25
 1.109836e+01 1.329398e+01 1.256883e+01 1.379994e+01 1.547914e+01 1.936199e+01 1.801535e+01 1.945387e+01 1.743656e+01 1.656394e+01 1.925537e+01 1.405043e+01 1.179013e-01 2.184661e-01 3.122393e-01 3.890564e-01 5.203094e-01 6.902010e-01 8.493872e-01 9.662753e-01 9.253251e-01 8.545457e-01 9.005026e-01 9.275004e-01 1.260677e-06
<GCONST> 5.793780e+01
<MIXTURE> 97 7.034694e-03
<MEAN> 25
 -5.225766e+00 -1.048327e-01 -2.236834e+00 5.151453e+00 3.857329e+00 1.708702e+00 3.557533e+00 1.676438e+00 2.464410e+00 8.506339e-01 1.070140e+00 2.836967e+00 -3.379506e-02 8.428430e-02 2.241676e-01 4.187006e-01 5.771503e-01 5.289805e-01 2.490377e-01 -1.280095e-01 -4.631592e-01 -6.439392e-01 -6.486631e-01 -3.657404e-01 -9.973726e-05
<VARIANCE> 25
 1.109836e+01 1.329398e+01 1.256883e+01 1.379994e+01 1.547914e+01 1.936199e+01 1.801535e+01 1.945387e+01 1.743656e+01 1.656394e+01 1.925537e+01 1.405043e+01 1.179013e-01 2.184661e-01 3.122393e-01 3.890564e-01 5.203094e-01 6.902010e-01 8.493872e-01 9.662753e-01 9.253251e-01 8.545457e-01 9.005026e-01 9.275004e-01 1.260677e-06
<GCONST> 5.793780e+01
<MIXTURE> 98 9.917808e-03
<MEAN> 25
 -1.519840e+00 1.288510e+00 5.944174e-01 2.971209e+00 3.678952e+00 2.097586e+00 3.867266e+00 1.747741e+00 9.510991e-01 6.825973e-01 4.859769e-01 1.151934e+00 -1.416732e+00 -1.243638e+00 -1.104685e+00 4.380839e-01 9.693272e-01 5.774252e-01 1.534316e+00 1.318539e+00 1.482633e+00 6.301072e-01 8.489826e-01 8.320525e-01 -2.626791e-02
<VARIANCE> 25
 1.158884e+01 1.677650e+01 2.817049e+01 3.347612e+01 3.652038e+01 3.072964e+01 3.255943e+01 2.844317e+01 2.532660e+01 2.248681e+01 2.351120e+01 2.073220e+01 1.326460e+00 1.631668e+00 2.278708e+00 2.449408e+00 2.700692e+00 2.381089e+00 4.059767e+00 2.662267e+00 2.196051e+00 2.937504e+00 3.195414e+00 1.782717e+00 2.287820e-03
<GCONST> 8.871095e+01
<MIXTURE> 99 6.696178e-03
<MEAN> 25
 -6.332566e+00 9.662264e+00 5.213878e+00 3.810666e+00 5.972755e-01 -5.042055e+00 -1.100935e+00 -4.575909e+00 -2.596431e+00 -2.980639e+00 -1.117786e+00 1.387082e+00 3.141526e-01 -5.175880e-01 3.404091e-01 -2.435779e-01 -7.899538e-01 -2.692170e-01 -1.806187e-01 -1.658920e-01 -9.632266e-02 -2.594559e-02 1.717672e-01 1.121965e-01 5.431963e-03
<VARIANCE> 25
 3.210624e+01 2.255250e+01 4.479610e+01 2.777911e+01 3.016384e+01 2.885342e+01 2.501170e+01 2.694626e+01 2.407968e+01 2.478826e+01 1.966568e+01 2.840599e+01 1.985476e+00 1.814038e+00 1.379145e+00 1.613144e+00 2.775544e+00 1.862136e+00 1.504632e+00 1.598201e+00 1.401576e+00 1.438689e+00 1.319984e+00 1.088796e+00 1.505822e-03
<GCONST> 8.482419e+01
<MIXTURE> 100 4.498084e-03
<MEAN> 25
 -1.597888e+00 6.343531e+00 1.027711e+01 -7.462449e+00 -1.078041e+01 -5.072497e+00 -4.937747e+00 -9.966628e+00 -4.719760e+00 -8.574884e-01 -2.731213e+00 -2.708725e+00 2.916731e+00 -1.260617e+00 1.300015e+00 -2.185556e+00 -3.418557e+00 -7.839052e-01 -1.219195e+00 -8.194647e-01 -1.475413e+00 3.463279e-01 -1.654788e+00 -2.856466e-01 2.039850e-03
<VARIANCE> 25
 1.362378e+01 2.105505e+01 2.245362e+01 2.642372e+01 2.301720e+01 2.373098e+01 2.913885e+01 2.170996e+01 2.748488e+01 2.265600e+01 2.241290e+01 2.133367e+01 1.801672e+00 3.952308e+00 2.919099e+00 4.285156e+00 4.185018e+00 4.535587e+00 4.014293e+00 4.338850e+00 4.166427e+00 3.894816e+00 3.910741e+00 3.224646e+00 1.675770e-03
<GCONST> 9.256860e+01
<MIXTURE> 101 6.007792e-03
<MEAN> 25
 8.092918e+00 -3.487962e+00 -6.311615e+00 -6.865967e+00 8.445688e-01 -1.255847e+00 -1.058930e+01 -2.057773e+00 1.621736e+00 2.716600e+00 -2.386247e+00 -5.142527e+00 6.737630e-01 6.506875e-01 -1.456535e+00 -1.610620e+00 1.032604e+00 2.317580e+00 1.972759e-01 -1.458921e+00 -1.064191e+00 1.036185e+00 1.371915e+00 -4.159976e-01 -4.798641e-03
<VARIANCE> 25
 9.282955e+00 1.670607e+01 2.983134e+01 4.278643e+01 3.622082e+01 3.581124e+01 3.707786e+01 3.621004e+01 3.784335e+01 4.398665e+01 5.175912e+01 2.421786e+01 2.944887e-01 6.693994e-01 1.172753e+00 1.550723e+00 1.687587e+00 2.098582e+00 2.085795e+00 1.995978e+00 2.348361e+00 2.216847e+00 1.788158e+00 1.934654e+00 3.456463e-04
<GCONST> 8.364980e+01
<MIXTURE> 102 6.007792e-03
<MEAN> 25
 8.092918e+00 -3.487962e+00 -6.311615e+00 -6.865967e+00 8.445688e-01 -1.255847e+00 -1.058930e+01 -2.057773e+00 1.621736e+00 2.716600e+00 -2.386247e+00 -5.142527e+00 6.737630e-01 6.506875e-01 -1.456535e+00 -1.610620e+00 1.032604e+00 2.317580e+00 1.972759e-01 -1.458921e+00 -1.064191e+00 1.036185e+00 1.371915e+00 -4.159976e-01 -4.798641e-03
<VARIANCE> 25
 9.282955e+00 1.670607e+01 2.983134e+01 4.278643e+01 3.622082e+01 3.581124e+01 3.707786e+01 3.621004e+01 3.784335e+01 4.398665e+01 5.175912e+01 2.421786e+01 2.944887e-01 6.693994e-01 1.172753e+00 1.550723e+00 1.687587e+00 2.098582e+00 2.085795e+00 1.995978e+00 2.348361e+00 2.216847e+00 1.788158e+00 1.934654e+00 3.456463e-04
<GCONST> 8.364980e+01
<MIXTURE> 103 5.694618e-03
<MEAN> 25
 3.311179e+00 -9.418009e+00 -6.084443e+00 -3.093122e+00 -1.292797e+00 -1.986539e+00 2.435402e+00 2.560246e+00 -4.527057e+00 -9.185269e+00 -5.004786e+00 3.252772e-01 -1.538301e-01 -1.484039e+00 -9.621831e-01 3.754544e-01 1.213106e+00 1.023744e+00 1.591653e-01 -2.542297e-01 -7.790689e-01 -9.244402e-01 -3.590786e-02 1.203964e-01 2.643578e-02
<VARIANCE> 25
 1.053536e+01 2.037048e+01 2.284258e+01 3.158968e+01 4.799822e+01 3.510347e+01 4.637407e+01 3.643381e+01 4.200281e+01 2.940564e+01 2.991617e+01 2.616707e+01 6.405325e-01 1.239054e+00 1.600215e+00 1.921318e+00 2.904846e+00 2.401126e+00 2.859772e+00 2.572161e+00 2.544616e+00 2.534300e+00 2.085234e+00 1.998560e+00 8.293536e-04
<GCONST> 8.756693e+01
<MIXTURE> 104 5.694618e-03
<MEAN> 25
 3.311179e+00 -9.418009e+00 -6.084443e+00 -3.093122e+00 -1.292797e+00 -1.986539e+00 2.435402e+00 2.560246e+00 -4.527057e+00 -9.185269e+00 -5.004786e+00 3.252772e-01 -1.538301e-01 -1.484039e+00 -9.621831e-01 3.754544e-01 1.213106e+00 1.023744e+00 1.591653e-01 -2.542297e-01 -7.790689e-01 -9.244402e-01 -3.590786e-02 1.203964e-01 2.643578e-02
<VARIANCE> 25
 1.053536e+01 2.037048e+01 2.284258e+01 3.158968e+01 4.799822e+01 3.510347e+01 4.637407e+01 3.643381e+01 4.200281e+01 2.940564e+01 2.991617e+01 2.616707e+01 6.405325e-01 1.239054e+00 1.600215e+00 1.921318e+00 2.904846e+00 2.401126e+00 2.859772e+00 2.572161e+00 2.544616e+00 2.534300e+00 2.085234e+00 1.998560e+00 8.293536e-04
<GCONST> 8.756693e+01
<MIXTURE> 105 4.710235e-03
<MEAN> 25
 1.941485e+00 -1.091745e+00 9.323668e+00 -4.099463e+00 -1.120126e+01 -2.227572e+00 -4.296787e+00 -9.809383e-01 -4.986372e+00 -3.620986e+00 2.902191e+00 -1.437373e+00 2.412077e-02 -2.514612e-02 1.286037e-01 4.126966e-02 -4.112102e-02 -6.229971e-02 1.111949e-01 2.924015e-02 -6.272190e-02 -1.234991e-01 5.110210e-02 -1.186901e-01 -1.821735e-04
<VARIANCE> 25
 9.971123e+00 2.230594e+01 4.380242e+01 3.968896e+01 3.195493e+01 5.438207e+01 4.194760e+01 3.313438e+01 3.386273e+01 3.767976e+01 3.509974e+01 2.400057e+01 6.798351e-02 2.530559e-01 2.982925e-01 3.084848e-01 3.790773e-01 4.422187e-01 4.681042e-01 4.280656e-01 4.424239e-01 4.251091e-01 3.861353e-01 3.744200e-01 8.717102e-05
<GCONST> 6.460291e+01
<MIXTURE> 106 4.710235e-03
<MEAN> 25
 1.941485e+00 -1.091745e+00 9.323668e+00 -4.099463e+00 -1.120126e+01 -2.227572e+00 -4.296787e+00 -9.809383e-01 -4.986372e+00 -3.620986e+00 2.902191e+00 -1.437373e+00 2.412077e-02 -2.514612e-02 1.286037e-01 4.126966e-02 -4.112102e-02 -6.229971e-02 1.111949e-01 2.924015e-02 -6.272190e-02 -1.234991e-01 5.110210e-02 -1.186901e-01 -1.821735e-04
<VARIANCE> 25
 9.971123e+00 2.230594e+01 4.380242e+01 3.968896e+01 3.195493e+01 5.438207e+01 4.194760e+01 3.313438e+01 3.386273e+01 3.767976e+01 3.509974e+01 2.400057e+01 6.798351e-02 2.530559e-01 2.982925e-01 3.084848e-01 3.790773e-01 4.422187e-01 4.681042e-01 4.280656e-01 4.424239e-01 4.251091e-01 3.861353e-01 3.744200e-01 8.717102e-05
<GCONST> 6.460291e+01
<MIXTURE> 107 5.452374e-03
<MEAN> 25
 8.558311e+00 -2.333890e+00 -7.971376e+00 -9.442281e+00 1.873532e+00 2.978247e+00 -8.773886e+00 -4.538032e+00 -9.240870e-01 3.382119e+00 9.279702e-01 -5.053987e+00 -5.949455e-01 -7.695475e-01 8.286870e-01 1.768201e+00 2.212081e-01 -2.008029e+00 -8.894430e-01 8.172616e-01 1.744366e+00 3.973597e-02 -1.652744e+00 -8.085375e-01 -1.775722e-03
<VARIANCE> 25
 9.662235e+00 2.026859e+01 2.837680e+01 4.340036e+01 3.602367e+01 3.812819e+01 5.210179e+01 3.587392e+01 4.546031e+01 4.120891e+01 5.125379e+01 3.009006e+01 3.732929e-01 9.601052e-01 1.451649e+00 2.421008e+00 2.265590e+00 2.809648e+00 2.719249e+00 2.626397e+00 2.310294e+00 2.999202e+00 1.929771e+00 2.192636e+00 6.953504e-04
<GCONST> 8.812986e+01
<MIXTURE> 108 5.452374e-03
<MEAN> 25
 8.558311e+00 -2.333890e+00 -7.971376e+00 -9.442281e+00 1.873532e+00 2.978247e+00 -8.773886e+00 -4.538032e+00 -9.240870e-01 3.382119e+00 9.279702e-01 -5.053987e+00 -5.949455e-01 -7.695475e-01 8.286870e-01 1.768201e+00 2.212081e-01 -2.008029e+00 -8.894430e-01 8.172616e-01 1.744366e+00 3.973597e-02 -1.652744e+00 -8.085375e-01 -1.775722e-03
<VARIANCE> 25
 9.662235e+00 2.026859e+01 2.837680e+01 4.340036e+01 3.602367e+01 3.812819e+01 5.210179e+01 3.587392e+01 4.546031e+01 4.120891e+01 5.125379e+01 3.009006e+01 3.732929e-01 9.601052e-01 1.451649e+00 2.421008e+00 2.265590e+00 2.809648e+00 2.719249e+00 2.626397e+00 2.310294e+00 2.999202e+00 1.929771e+00 2.192636e+00 6.953504e-04
<GCONST> 8.812986e+01
<MIXTURE> 109 6.661064e-03
<MEAN> 25
 4.090709e+00 -1.027160e+01 -8.201227e+00 -1.336013e+00 2.677136e+00 -2.329245e-01 -1.089845e-01 1.553972e+00 -2.246914e+00 -7.762151e+00 -5.226487e+00 -1.234743e-01 -2.575682e-02 -1.065690e-01 -6.945855e-03 2.600677e-01 1.567643e-01 6.256556e-02 -1.350691e-01 -6.087814e-02 -7.023990e-02 -1.064213e-01 2.158884e-01 2.568973e-02 -3.467618e-03
<VARIANCE> 25
 8.814715e+00 1.888015e+01 2.037762e+01 3.041732e+01 3.872556e+01 3.527757e+01 4.392860e+01 3.365067e+01 4.448372e+01 3.843157e+01 2.871369e+01 2.725268e+01 1.975920e-01 4.268218e-01 5.760800e-01 6.209903e-01 1.255201e+00 1.053995e+00 1.205133e+00 1.152543e+00 1.077580e+00 9.203136e-01 8.679479e-01 8.452775e-01 1.867900e-04
<GCONST> 7.431977e+01
<MIXTURE> 110 6.661064e-03
<MEAN> 25
 4.090709e+00 -1.027160e+01 -8.201227e+00 -1.336013e+00 2.677136e+00 -2.329245e-01 -1.089845e-01 1.553972e+00 -2.246914e+00 -7.762151e+00 -5.226487e+00 -1.234743e-01 -2.575682e-02 -1.065690e-01 -6.945855e-03 2.600677e-01 1.567643e-01 6.256556e-02 -1.350691e-01 -6.087814e-02 -7.023990e-02 -1.064213e-01 2.158884e-01 2.568973e-02 -3.467618e-03
<VARIANCE> 25
 8.814715e+00 1.888015e+01 2.037762e+01 3.041732e+01 3.872556e+01 3.527757e+01 4.392860e+01 3.365067e+01 4.448372e+01 3.843157e+01 2.871369e+01 2.725268e+01 1.975920e-01 4.268218e-01 5.760800e-01 6.209903e-01 1.255201e+00 1.053995e+00 1.205133e+00 1.152543e+00 1.077580e+00 9.203136e-01 8.679479e-01 8.452775e-01 1.867900e-04
<GCONST> 7.431977e+01
<MIXTURE> 111 4.337247e-03
<MEAN> 25
 -4.232727e+00 -8.946874e-01 -1.714033e+00 1.621066e+00 9.469764e-01 8.413759e-01 3.416149e-01 2.241705e-01 4.691302e-02 -5.155478e-01 -6.607871e-01 1.913607e+00 -2.132595e-02 -2.366695e-02 -6.255268e-02 -8.703445e-02 -6.266142e-02 1.057620e-02 1.530917e-02 -2.106307e-02 -1.351010e-01 -2.032014e-01 -1.654485e-01 -8.724232e-02 -2.107312e-04
<VARIANCE> 25
 8.850736e+00 4.942397e+00 1.000592e+01 9.690091e+00 1.300536e+01 2.377282e+01 1.461730e+01 1.340978e+01 1.147306e+01 1.165172e+01 1.332872e+01 1.205527e+01 7.952706e-02 1.627333e-01 2.722167e-01 4.236517e-01 6.141739e-01 6.940368e-01 7.936006e-01 8.875414e-01 8.940060e-01 8.389260e-01 8.834058e-01 8.416527e-01 2.224739e-05
<GCONST> 5.627872e+01
<MIXTURE> 112 4.337247e-03
<MEAN> 25
 -4.232727e+00 -8.946874e-01 -1.714033e+00 1.621066e+00 9.469764e-01 8.413759e-01 3.416149e-01 2.241705e-01 4.691302e-02 -5.155478e-01 -6.607871e-01 1.913607e+00 -2.132595e-02 -2.366695e-02 -6.255268e-02 -8.703445e-02 -6.266142e-02 1.057620e-02 1.530917e-02 -2.106307e-02 -1.351010e-01 -2.032014e-01 -1.654485e-01 -8.724232e-02 -2.107312e-04
<VARIANCE> 25
 8.850736e+00 4.942397e+00 1.000592e+01 9.690091e+00 1.300536e+01 2.377282e+01 1.461730e+01 1.340978e+01 1.147306e+01 1.165172e+01 1.332872e+01 1.205527e+01 7.952706e-02 1.627333e-01 2.722167e-01 4.236517e-01 6.141739e-01 6.940368e-01 7.936006e-01 8.875414e-01 8.940060e-01 8.389260e-01 8.834058e-01 8.416527e-01 2.224739e-05
<GCONST> 5.627872e+01
<MIXTURE> 113 5.938666e-03
<MEAN> 25
 9.951571e+00 1.737657e+00 -8.760391e+00 -1.699184e+01 -1.043475e+00 5.645172e+00 -5.303368e+00 -1.461540e+00 -5.676655e+00 -4.783224e-01 3.139417e-01 -1.933006e-01 4.109292e-03 1.351301e-02 -5.747818e-02 -1.136750e-01 1.033584e-01 1.510582e-01 5.854519e-02 3.801490e-02 -5.862378e-02 -5.348491e-02 1.796784e-01 3.222118e-02 -1.371484e-03
<VARIANCE> 25
 9.023534e+00 1.640627e+01 2.969658e+01 3.487241e+01 5.258535e+01 3.385048e+01 3.989560e+01 3.907030e+01 3.735700e+01 4.629684e+01 3.628735e+01 2.838453e+01 1.216865e-01 3.199344e-01 3.161926e-01 6.305863e-01 6.111029e-01 6.516686e-01 7.766927e-01 8.445729e-01 9.586140e-01 9.041694e-01 7.224709e-01 7.161005e-01 1.250108e-04
<GCONST> 7.112614e+01
<MIXTURE> 114 5.938666e-03
<MEAN> 25
 9.951571e+00 1.737657e+00 -8.760391e+00 -1.699184e+01 -1.043475e+00 5.645172e+00 -5.303368e+00 -1.461540e+00 -5.676655e+00 -4.783224e-01 3.139417e-01 -1.933006e-01 4.109292e-03 1.351301e-02 -5.747818e-02 -1.136750e-01 1.033584e-01 1.510582e-01 5.854519e-02 3.801490e-02 -5.862378e-02 -5.348491e-02 1.796784e-01 3.222118e-02 -1.371484e-03
<VARIANCE> 25
 9.023534e+00 1.640627e+01 2.969658e+01 3.487241e+01 5.258535e+01 3.385048e+01 3.989560e+01 3.907030e+01 3.735700e+01 4.629684e+01 3.628735e+01 2.838453e+01 1.216865e-01 3.199344e-01 3.161926e-01 6.305863e-01 6.111029e-01 6.516686e-01 7.766927e-01 8.445729e-01 9.586140e-01 9.041694e-01 7.224709e-01 7.161005e-01 1.250108e-04
<GCONST> 7.112614e+01
<MIXTURE> 115 2.935202e-03
<MEAN> 25
 -3.884068e+00 -7.227631e-01 -3.078607e+00 3.630655e+00 2.393161e+00 -4.884855e-01 2.279696e+00 3.641000e-01 1.298374e+00 -1.148516e-02 8.003866e-03 2.554432e+00 3.590765e-02 -6.855775e-02 -2.253584e-01 -4.339920e-01 -6.649690e-01 -6.615207e-01 -5.758926e-01 -4.735385e-01 -4.946663e-01 -4.608417e-01 -3.066904e-01 -1.521521e-01 -3.602545e-05
<VARIANCE> 25
 1.025575e+01 9.752560e+00 1.333298e+01 1.251380e+01 1.326721e+01 1.743787e+01 1.688343e+01 2.055932e+01 1.803517e+01 1.690442e+01 1.890273e+01 1.535052e+01 2.010651e-01 3.400944e-01 4.782593e-01 5.526454e-01 6.761478e-01 7.876982e-01 1.003789e+00 1.178946e+00 1.059261e+00 9.772916e-01 1.080103e+00 1.054250e+00 1.041223e-06
<GCONST> 6.026780e+01
<MIXTURE> 116 2.935202e-03
<MEAN> 25
 -3.884068e+00 -7.227631e-01 -3.078607e+00 3.630655e+00 2.393161e+00 -4.884855e-01 2.279696e+00 3.641000e-01 1.298374e+00 -1.148516e-02 8.003866e-03 2.554432e+00 3.590765e-02 -6.855775e-02 -2.253584e-01 -4.339920e-01 -6.649690e-01 -6.615207e-01 -5.758926e-01 -4.735385e-01 -4.946663e-01 -4.608417e-01 -3.066904e-01 -1.521521e-01 -3.602545e-05
<VARIANCE> 25
 1.025575e+01 9.752560e+00 1.333298e+01 1.251380e+01 1.326721e+01 1.743787e+01 1.688343e+01 2.055932e+01 1.803517e+01 1.690442e+01 1.890273e+01 1.535052e+01 2.010651e-01 3.400944e-01 4.782593e-01 5.526454e-01 6.761478e-01 7.876982e-01 1.003789e+00 1.178946e+00 1.059261e+00 9.772916e-01 1.080103e+00 1.054250e+00 1.041223e-06
<GCONST> 6.026780e+01
<MIXTURE> 117 6.506003e-03
<MEAN> 25
 -4.646448e+00 1.118057e+00 1.051899e+00 9.756490e+00 6.263114e+00 6.256160e+00 6.465028e+00 5.044266e+00 6.385256e+00 4.928723e+00 6.364768e+00 2.709566e+00 -7.489567e-02 -2.344564e-01 -3.582845e-01 -4.196091e-01 -3.669432e-01 -3.014619e-01 -2.867350e-01 -3.315361e-01 -3.919435e-01 -3.694936e-01 -2.636537e-01 -1.166714e-01 -8.571211e-06
<VARIANCE> 25
 7.193762e+00 8.752215e+00 9.823848e+00 1.431300e+01 1.563757e+01 1.534483e+01 1.773253e+01 1.795586e+01 1.639688e+01 1.636601e+01 1.675022e+01 1.474822e+01 2.165821e-01 3.076913e-01 4.259945e-01 6.172532e-01 8.542534e-01 1.059402e+00 1.178275e+00 1.232781e+00 1.223591e+00 1.195301e+00 1.167719e+00 1.114539e+00 1.000238e-06
<GCONST> 6.043869e+01
<MIXTURE> 118 6.506003e-03
<MEAN> 25
 -4.646448e+00 1.118057e+00 1.051899e+00 9.756490e+00 6.263114e+00 6.256160e+00 6.465028e+00 5.044266e+00 6.385256e+00 4.928723e+00 6.364768e+00 2.709566e+00 -7.489567e-02 -2.344564e-01 -3.582845e-01 -4.196091e-01 -3.669432e-01 -3.014619e-01 -2.867350e-01 -3.315361e-01 -3.919435e-01 -3.694936e-01 -2.636537e-01 -1.166714e-01 -8.571211e-06
<VARIANCE> 25
 7.193762e+00 8.752215e+00 9.823848e+00 1.431300e+01 1.563757e+01 1.534483e+01 1.773253e+01 1.795586e+01 1.639688e+01 1.636601e+01 1.675022e+01 1.474822e+01 2.165821e-01 3.076913e-01 4.259945e-01 6.172532e-01 8.542534e-01 1.059402e+00 1.178275e+00 1.232781e+00 1.223591e+00 1.195301e+00 1.167719e+00 1.114539e+00 1.000238e-06
<GCONST> 6.043869e+01
<MIXTURE> 119 4.297961e-03
<MEAN> 25
 -4.949784e+00 -7.586481e+00 2.167034e+00 1.994229e+00 2.258510e+00 1.840620e-01 5.263144e+00 5.951222e+00 1.216658e+00 1.000406e+00 6.576276e+00 1.568425e+00 -4.957700e-02 -7.993243e-02 2.952101e-02 -5.570307e-02 -1.244348e-01 -1.819422e-01 -6.495806e-02 -8.454903e-03 -9.436335e-02 -1.174180e-01 -5.337100e-02 -6.419419e-02 1.177981e-03
<VARIANCE> 25
 8.604800e+00 1.001139e+01 1.688233e+01 2.011599e+01 2.278154e+01 2.329215e+01 2.484930e+01 2.632644e+01 2.514475e+01 2.802644e+01 2.037520e+01 2.024792e+01 1.609303e-01 2.806205e-01 4.677410e-01 6.298532e-01 7.992579e-01 1.000087e+00 1.105741e+00 1.277143e+00 1.276460e+00 1.238316e+00 1.184581e+00 1.111243e+00 2.317905e-04
<GCONST> 6.973293e+01
<MIXTURE> 120 4.297961e-03
<MEAN> 25
 -4.949784e+00 -7.586481e+00 2.167034e+00 1.994229e+00 2.258510e+00 1.840620e-01 5.263144e+00 5.951222e+00 1.216658e+00 1.000406e+00 6.576276e+00 1.568425e+00 -4.957700e-02 -7.993243e-02 2.952101e-02 -5.570307e-02 -1.244348e-01 -1.819422e-01 -6.495806e-02 -8.454903e-03 -9.436335e-02 -1.174180e-01 -5.337100e-02 -6.419419e-02 1.177981e-03
<VARIANCE> 25
 8.604800e+00 1.001139e+01 1.688233e+01 2.011599e+01 2.278154e+01 2.329215e+01 2.484930e+01 2.632644e+01 2.514475e+01 2.802644e+01 2.037520e+01 2.024792e+01 1.609303e-01 2.806205e-01 4.677410e-01 6.298532e-01 7.992579e-01 1.000087e+00 1.105741e+00 1.277143e+00 1.276460e+00 1.238316e+00 1.184581e+00 1.111243e+00 2.317905e-04
<GCONST> 6.973293e+01
<MIXTURE> 121 4.567511e-03
<MEAN> 25
 2.303330e-01 -2.393861e+00 5.234663e+00 -1.277727e+01 -1.251141e+01 -1.568022e+00 1.083045e+00 -5.074621e+00 -4.301555e+00 -5.939342e-01 -5.313017e+00 -4.349162e+00 2.681603e-02 1.193834e-01 -3.346998e-02 8.454881e-02 1.643220e-01 6.044954e-02 -5.270373e-02 -1.998850e-01 -2.777294e-01 -2.556432e-01 -1.218987e-01 2.002210e-03 -7.364648e-03
<VARIANCE> 25
 7.591804e+00 1.611399e+01 1.733518e+01 2.067983e+01 2.480753e+01 2.908836e+01 2.943817e+01 2.415218e+01 3.502932e+01 2.824005e+01 2.103259e+01 2.085280e+01 1.523813e-01 6.395939e-01 6.181837e-01 6.917746e-01 7.660762e-01 1.146982e+00 1.141220e+00 1.115769e+00 1.198907e+00 1.168225e+00 9.298317e-01 8.576623e-01 2.126168e-04
<GCONST> 7.135335e+01
<MIXTURE> 122 4.567511e-03
<MEAN> 25
 2.303330e-01 -2.393861e+00 5.234663e+00 -1.277727e+01 -1.251141e+01 -1.568022e+00 1.083045e+00 -5.074621e+00 -4.301555e+00 -5.939342e-01 -5.313017e+00 -4.349162e+00 2.681603e-02 1.193834e-01 -3.346998e-02 8.454881e-02 1.643220e-01 6.044954e-02 -5.270373e-02 -1.998850e-01 -2.777294e-01 -2.556432e-01 -1.218987e-01 2.002210e-03 -7.364648e-03
<VARIANCE> 25
 7.591804e+00 1.611399e+01 1.733518e+01 2.067983e+01 2.480753e+01 2.908836e+01 2.943817e+01 2.415218e+01 3.502932e+01 2.824005e+01 2.103259e+01 2.085280e+01 1.523813e-01 6.395939e-01 6.181837e-01 6.917746e-01 7.660762e-01 1.146982e+00 1.141220e+00 1.115769e+00 1.198907e+00 1.168225e+00 9.298317e-01 8.576623e-01 2.126168e-04
<GCONST> 7.135335e+01
<MIXTURE> 123 4.393044e-03
<MEAN> 25
 -4.323259e+00 1.797321e+00 3.962154e-01 6.061752e+00 5.649859e+00 3.393604e+00 3.882535e+00 -9.116904e-02 9.923610e-01 -3.927614e-01 -3.401367e-01 8.876969e-01 -3.545910e-01 -8.297334e-01 -9.513848e-01 -6.193370e-01 -6.543087e-02 1.349824e-01 2.023783e-01 6.301704e-01 8.638072e-01 9.164417e-01 5.674504e-01 4.434295e-01 1.725220e-03
<VARIANCE> 25
 1.183320e+01 1.307767e+01 1.482512e+01 1.484112e+01 2.022957e+01 2.581324e+01 1.998309e+01 1.757516e+01 1.809817e+01 1.489376e+01 1.858864e+01 1.854057e+01 3.841547e-01 3.364035e-01 6.535628e-01 6.583043e-01 1.074061e+00 1.019380e+00 1.148107e+00 1.063352e+00 1.124736e+00 1.125703e+00 1.176516e+00 1.134608e+00 1.559600e-04
<GCONST> 6.910066e+01
<MIXTURE> 124 4.069876e-03
<MEAN> 25
 -6.528220e+00 -1.203777e+00 -2.934409e+00 5.048193e+00 4.976294e+00 3.314310e+00 5.393368e+00 2.630020e+00 3.253128e+00 1.341323e+00 1.149978e+00 3.005164e+00 -2.035881e-01 -3.232749e-01 -3.704904e-01 -2.116386e-01 1.323294e-01 5.131203e-01 8.072752e-01 8.555606e-01 6.381148e-01 3.121424e-01 7.078885e-02 -3.317132e-02 1.672291e-04
<VARIANCE> 25
 1.096955e+01 6.971426e+00 1.110698e+01 1.250773e+01 1.198725e+01 2.052209e+01 1.532228e+01 1.733177e+01 1.557821e+01 1.629127e+01 1.912113e+01 1.433426e+01 1.040635e-01 1.675906e-01 2.760962e-01 4.149590e-01 5.903502e-01 7.046272e-01 7.406043e-01 8.074362e-01 9.175276e-01 9.859540e-01 9.944854e-01 9.933025e-01 1.926970e-05
<GCONST> 5.887860e+01
<MIXTURE> 125 4.069876e-03
<MEAN> 25
 -6.528220e+00 -1.203777e+00 -2.934409e+00 5.048193e+00 4.976294e+00 3.314310e+00 5.393368e+00 2.630020e+00 3.253128e+00 1.341323e+00 1.149978e+00 3.005164e+00 -2.035881e-01 -3.232749e-01 -3.704904e-01 -2.116386e-01 1.323294e-01 5.131203e-01 8.072752e-01 8.555606e-01 6.381148e-01 3.121424e-01 7.078885e-02 -3.317132e-02 1.672291e-04
<VARIANCE> 25
 1.096955e+01 6.971426e+00 1.110698e+01 1.250773e+01 1.198725e+01 2.052209e+01 1.532228e+01 1.733177e+01 1.557821e+01 1.629127e+01 1.912113e+01 1.433426e+01 1.040635e-01 1.675906e-01 2.760962e-01 4.149590e-01 5.903502e-01 7.046272e-01 7.406043e-01 8.074362e-01 9.175276e-01 9.859540e-01 9.944854e-01 9.933025e-01 1.926970e-05
<GCONST> 5.887860e+01
<MIXTURE> 126 2.402244e-03
<MEAN> 25
 -3.682576e+00 -6.899439e+00 -5.284509e+00 2.264673e+00 4.275808e+00 -3.162664e+00 1.173503e-01 3.568164e+00 3.338132e+00 -2.599080e+00 -1.382413e+00 2.981863e+00 5.437376e-03 -3.905261e-03 -3.681145e-02 -1.507611e-01 -3.204106e-01 -4.018006e-01 -2.805948e-01 -1.550422e-01 -1.146502e-01 -1.154571e-01 -9.066600e-02 -3.077888e-02 -1.229591e-03
<VARIANCE> 25
 8.105465e+00 1.260173e+01 1.370002e+01 1.508505e+01 2.441641e+01 2.398352e+01 2.261128e+01 2.799139e+01 3.074575e+01 2.619712e+01 2.149688e+01 1.921160e+01 1.760277e-01 3.467346e-01 4.888856e-01 5.656182e-01 7.571235e-01 9.973654e-01 1.136732e+00 1.259264e+00 1.307918e+00 1.285722e+00 1.202182e+00 1.133609e+00 2.131806e-04
<GCONST> 6.981416e+01
<MIXTURE> 127 2.402244e-03
<MEAN> 25
 -3.682576e+00 -6.899439e+00 -5.284509e+00 2.264673e+00 4.275808e+00 -3.162664e+00 1.173503e-01 3.568164e+00 3.338132e+00 -2.599080e+00 -1.382413e+00 2.981863e+00 5.437376e-03 -3.905261e-03 -3.681145e-02 -1.507611e-01 -3.204106e-01 -4.018006e-01 -2.805948e-01 -1.550422e-01 -1.146502e-01 -1.154571e-01 -9.066600e-02 -3.077888e-02 -1.229591e-03
<VARIANCE> 25
 8.105465e+00 1.260173e+01 1.370002e+01 1.508505e+01 2.441641e+01 2.398352e+01 2.261128e+01 2.799139e+01 3.074575e+01 2.619712e+01 2.149688e+01 1.921160e+01 1.760277e-01 3.467346e-01 4.888856e-01 5.656182e-01 7.571235e-01 9.973654e-01 1.136732e+00 1.259264e+00 1.307918e+00 1.285722e+00 1.202182e+00 1.133609e+00 2.131806e-04
<GCONST> 6.981416e+01
<MIXTURE> 128 3.790457e-03
<MEAN> 25
 -4.618089e+00 1.635508e+00 -9.455935e-01 6.233014e+00 4.811852e+00 2.189317e+00 4.465581e+00 2.402284e+00 3.948571e+00 3.326249e+00 3.019194e+00 3.049355e+00 -2.703304e-01 -3.745034e-01 3.664281e-02 6.507296e-01 1.186454e+00 1.359100e+00 7.458780e-01 8.291134e-02 -5.381518e-01 -8.600008e-01 -7.748539e-01 -5.888428e-01 2.494560e-05
<VARIANCE> 25
 1.193501e+01 1.283094e+01 1.499277e+01 1.710287e+01 2.559403e+01 1.931556e+01 2.660064e+01 2.203138e+01 2.344211e+01 2.302551e+01 2.636898e+01 1.840947e+01 8.476042e-01 1.158229e+00 1.193322e+00 1.342318e+00 1.388011e+00 2.048128e+00 2.111000e+00 2.292953e+00 1.972502e+00 1.738769e+00 1.620400e+00 1.731784e+00 1.242856e-06
<GCONST> 7.331863e+01
<TRANSP> 3
 0.000000e+00 1.000000e+00 0.000000e+00
 0.000000e+00 9.999990e-01 9.999998e-07
 0.000000e+00 0.000000e+00 0.000000e+00
<ENDHMM>
