~o
<STREAMINFO> 1 25
<VECSIZE> 25<NULLD><MFCC_E_D_N><DIAGC>
~h "jmodel"
<BEGINHMM>
<NUMSTATES> 3
<STATE> 2
<NUMMIXES> 128
<MIXTURE> 1 5.748963e-03
<MEAN> 25
 -2.583356e+00 3.184315e+00 2.309197e+00 8.740893e+00 4.368418e+00 3.442120e+00 4.065653e+00 3.932900e+00 5.826713e+00 5.252874e+00 5.883534e+00 3.076734e+00 -2.002043e+00 -1.632915e+00 -8.620865e-01 1.075077e+00 1.559555e+00 2.229795e+00 2.151294e+00 2.083186e+00 1.693552e+00 1.268616e+00 1.566006e+00 6.116144e-01 -4.680019e-02
<VARIANCE> 25
 1.005057e+01 1.177022e+01 1.493229e+01 1.878564e+01 2.317026e+01 2.217249e+01 2.191417e+01 2.201153e+01 2.098451e+01 2.250884e+01 2.093693e+01 1.707395e+01 1.790488e+00 2.113977e+00 3.025302e+00 3.206214e+00 3.737540e+00 3.361830e+00 3.320359e+00 3.377308e+00 3.517482e+00 3.722364e+00 3.513524e+00 2.833037e+00 3.131016e-03
<GCONST> 8.846884e+01
<MIXTURE> 2 4.549242e-03
<MEAN> 25
 -4.875019e+00 1.313503e+00 9.943106e-01 9.899093e+00 6.692485e+00 7.421050e+00 7.846298e+00 6.957252e+00 8.370868e+00 6.371633e+00 7.622099e+00 3.073686e+00 -6.197906e-02 4.154264e-02 1.423932e-01 2.260844e-01 2.656868e-01 2.815726e-01 2.952077e-01 3.193877e-01 3.502214e-01 3.091685e-01 1.971698e-01 8.039527e-02 1.207849e-06
<VARIANCE> 25
 6.951378e+00 8.908909e+00 1.064784e+01 1.590744e+01 1.723040e+01 1.559835e+01 1.689548e+01 1.848186e+01 1.659926e+01 1.738657e+01 1.812094e+01 1.433858e+01 1.252117e-01 2.265731e-01 3.364212e-01 4.671357e-01 6.495585e-01 8.147588e-01 9.297335e-01 1.002940e+00 1.051993e+00 1.077625e+00 1.075312e+00 1.013946e+00 9.996796e-07
<GCONST> 5.804467e+01
<MIXTURE> 3 4.549242e-03
<MEAN> 25
 -4.875019e+00 1.313503e+00 9.943106e-01 9.899093e+00 6.692485e+00 7.421050e+00 7.846298e+00 6.957252e+00 8.370868e+00 6.371633e+00 7.622099e+00 3.073686e+00 -6.197906e-02 4.154264e-02 1.423932e-01 2.260844e-01 2.656868e-01 2.815726e-01 2.952077e-01 3.193877e-01 3.502214e-01 3.091685e-01 1.971698e-01 8.039527e-02 1.207849e-06
<VARIANCE> 25
 6.951378e+00 8.908909e+00 1.064784e+01 1.590744e+01 1.723040e+01 1.559835e+01 1.689548e+01 1.848186e+01 1.659926e+01 1.738657e+01 1.812094e+01 1.433858e+01 1.252117e-01 2.265731e-01 3.364212e-01 4.671357e-01 6.495585e-01 8.147588e-01 9.297335e-01 1.002940e+00 1.051993e+00 1.077625e+00 1.075312e+00 1.013946e+00 9.996796e-07
<GCONST> 5.804467e+01
<MIXTURE> 4 1.671429e-02
<MEAN> 25
 3.318569e+00 2.741028e+00 -3.789165e+00 6.453014e-01 4.429320e+00 2.214337e-01 2.656619e-02 -3.901478e-01 1.443819e+00 1.378033e+00 -1.567394e+00 2.149861e-01 -2.631549e+00 1.312264e+00 1.661132e+00 2.977928e+00 9.333373e-01 3.949791e-01 1.690149e+00 9.406922e-01 8.840020e-01 3.916036e-01 1.030348e+00 7.843795e-01 -1.035256e-01
<VARIANCE> 25
 1.965112e+01 2.761449e+01 2.703628e+01 3.876982e+01 4.301280e+01 6.609992e+01 6.128580e+01 5.330095e+01 5.082679e+01 5.745305e+01 4.868371e+01 3.333596e+01 2.325487e+00 4.819418e+00 3.527600e+00 4.723281e+00 4.667710e+00 5.857296e+00 6.308427e+00 5.189129e+00 5.573131e+00 5.969371e+00 6.015326e+00 4.189140e+00 5.694202e-03
<GCONST> 1.042034e+02
<MIXTURE> 5 3.206198e-03
<MEAN> 25
 -3.417896e+00 2.181146e+00 6.113227e-01 9.427936e+00 6.696993e+00 6.314487e+00 7.111785e+00 4.722403e+00 5.496014e+00 3.847518e+00 4.657575e+00 2.605880e+00 -3.246104e-01 7.528683e-01 1.224743e+00 1.032598e+00 3.078218e-01 -1.001863e-01 -8.363727e-02 3.356466e-02 4.580091e-01 6.836933e-01 4.039084e-01 8.818653e-02 -2.797258e-05
<VARIANCE> 25
 1.025568e+01 1.394721e+01 2.348857e+01 2.561680e+01 2.021737e+01 1.943477e+01 2.011228e+01 2.036516e+01 2.142012e+01 2.128115e+01 2.409836e+01 1.635946e+01 1.209848e+00 1.244282e+00 1.357153e+00 1.673205e+00 2.284500e+00 2.376131e+00 2.301427e+00 2.274901e+00 2.315540e+00 2.237859e+00 2.085181e+00 1.873683e+00 1.000444e-06
<GCONST> 7.516680e+01
<MIXTURE> 6 5.475854e-03
<MEAN> 25
 8.199692e+00 -1.012650e+00 -6.186346e+00 -9.854533e+00 -2.309936e+00 7.411606e+00 -6.923783e+00 -4.995811e+00 -4.039803e+00 2.343200e+00 5.597867e+00 -1.661893e-01 4.156636e-01 9.074857e-01 -3.697639e-01 -1.426826e+00 -5.044075e-01 1.174853e+00 1.641425e+00 3.262050e-01 -1.408917e+00 -1.002446e+00 2.943704e-01 1.105198e+00 -7.947882e-03
<VARIANCE> 25
 9.395914e+00 1.424694e+01 1.711269e+01 3.938679e+01 2.902062e+01 2.310726e+01 3.617718e+01 2.884129e+01 4.035683e+01 2.917036e+01 3.067292e+01 2.146442e+01 2.428627e-01 8.770695e-01 7.328030e-01 1.422984e+00 1.537598e+00 2.178614e+00 1.666093e+00 1.613120e+00 2.023567e+00 1.700099e+00 1.758247e+00 1.295838e+00 5.370404e-04
<GCONST> 7.959868e+01
<MIXTURE> 7 5.475854e-03
<MEAN> 25
 8.199692e+00 -1.012650e+00 -6.186346e+00 -9.854533e+00 -2.309936e+00 7.411606e+00 -6.923783e+00 -4.995811e+00 -4.039803e+00 2.343200e+00 5.597867e+00 -1.661893e-01 4.156636e-01 9.074857e-01 -3.697639e-01 -1.426826e+00 -5.044075e-01 1.174853e+00 1.641425e+00 3.262050e-01 -1.408917e+00 -1.002446e+00 2.943704e-01 1.105198e+00 -7.947882e-03
<VARIANCE> 25
 9.395914e+00 1.424694e+01 1.711269e+01 3.938679e+01 2.902062e+01 2.310726e+01 3.617718e+01 2.884129e+01 4.035683e+01 2.917036e+01 3.067292e+01 2.146442e+01 2.428627e-01 8.770695e-01 7.328030e-01 1.422984e+00 1.537598e+00 2.178614e+00 1.666093e+00 1.613120e+00 2.023567e+00 1.700099e+00 1.758247e+00 1.295838e+00 5.370404e-04
<GCONST> 7.959868e+01
<MIXTURE> 8 1.165917e-02
<MEAN> 25
 -4.725391e+00 1.364696e+00 1.290401e+00 9.534033e+00 6.571836e+00 6.244473e+00 6.471505e+00 5.669960e+00 6.641726e+00 5.624856e+00 6.561686e+00 3.148609e+00 -6.298426e-01 -1.427110e+00 -1.066250e+00 -1.722957e+00 -2.299074e-01 -9.442527e-01 -1.824293e-01 -2.878453e-01 -2.497864e-01 -1.751460e-01 -2.148154e-01 8.079968e-02 9.873373e-02
<VARIANCE> 25
 9.346728e+00 9.859967e+00 1.161738e+01 1.624522e+01 1.660371e+01 1.571874e+01 1.814474e+01 1.761770e+01 1.715826e+01 1.737289e+01 1.890329e+01 1.398512e+01 2.749224e+00 2.809395e+00 3.904603e+00 3.775513e+00 3.450483e+00 3.310778e+00 3.135226e+00 3.077338e+00 2.876305e+00 2.650318e+00 2.441218e+00 1.899885e+00 6.672470e-03
<GCONST> 8.631038e+01
<MIXTURE> 9 1.199672e-02
<MEAN> 25
 9.224727e+00 3.387540e+00 -6.242766e+00 -1.039035e+01 -2.150636e+00 4.976131e+00 -2.194485e+00 -2.472050e+00 -5.580812e+00 -1.166131e+00 6.971344e-01 -1.471481e-01 1.344012e+00 -1.830146e-01 -4.254273e-01 -2.510918e+00 -1.673930e+00 8.107379e-01 -1.167710e+00 -2.294692e-01 -1.461011e-01 -5.318244e-01 5.957445e-01 -1.688644e-01 7.256628e-02
<VARIANCE> 25
 1.187653e+01 2.061216e+01 3.222164e+01 5.307891e+01 4.828229e+01 3.103331e+01 4.237496e+01 5.063152e+01 4.120848e+01 4.007882e+01 3.511046e+01 2.624501e+01 2.217183e+00 2.426830e+00 4.487384e+00 5.519297e+00 4.840208e+00 3.980267e+00 5.011060e+00 5.795504e+00 4.869798e+00 3.957385e+00 3.862622e+00 2.698791e+00 2.150609e-03
<GCONST> 9.849068e+01
<MIXTURE> 10 6.596976e-03
<MEAN> 25
 8.201048e-01 7.630751e+00 5.368885e+00 7.142019e+00 1.586058e+00 -2.121232e+00 -5.157126e-01 -1.682881e+00 8.719321e-01 8.621044e-01 8.419246e-01 6.561868e-01 -1.923637e+00 -6.685107e-01 -4.585870e-01 3.023875e+00 2.462448e+00 2.707824e+00 2.373873e+00 2.274237e+00 1.859628e+00 1.542662e+00 2.330544e+00 5.228780e-01 -1.380468e-01
<VARIANCE> 25
 1.951968e+01 2.067654e+01 2.232290e+01 2.906693e+01 3.829386e+01 3.497498e+01 3.513507e+01 3.386697e+01 2.759921e+01 2.902277e+01 2.693488e+01 2.498229e+01 2.232671e+00 3.436565e+00 5.528357e+00 5.176629e+00 5.546003e+00 4.470076e+00 4.698620e+00 4.845150e+00 4.385306e+00 5.017221e+00 4.459424e+00 3.189893e+00 2.700636e-03
<GCONST> 9.746091e+01
<MIXTURE> 11 1.633820e-02
<MEAN> 25
 7.001434e+00 3.929078e+00 3.002900e+00 4.974329e+00 -3.181720e+00 -2.680202e+00 -2.041179e-01 -4.511051e+00 -2.771432e+00 6.685205e-01 -3.192727e+00 -2.294812e+00 -2.944601e-01 4.855947e-01 2.418603e-01 4.719668e-01 3.708705e-01 3.349050e-02 3.788165e-01 -2.391431e-01 -9.782965e-02 -1.143603e-01 -1.403443e-01 -2.522497e-03 -1.883103e-02
<VARIANCE> 25
 1.140813e+01 2.049865e+01 1.926700e+01 2.654372e+01 3.269068e+01 3.800614e+01 5.767075e+01 4.498516e+01 3.798293e+01 2.944133e+01 3.487203e+01 2.390016e+01 8.942997e-01 1.233773e+00 1.544936e+00 2.219954e+00 1.891939e+00 2.322685e+00 2.257637e+00 2.402345e+00 2.038385e+00 1.850469e+00 2.190299e+00 1.662230e+00 1.006380e-03
<GCONST> 8.659013e+01
<MIXTURE> 12 5.904134e-03
<MEAN> 25
 1.030381e+01 3.178195e+00 -4.590969e+00 -1.600379e+01 -8.429758e+00 8.903408e+00 -1.262084e+00 -1.758419e+00 -1.851398e+00 -4.463579e+00 2.293985e+00 7.691721e-01 5.093570e-02 2.603121e-01 5.625630e-02 -4.545099e-01 -3.622865e-01 -1.213657e-02 3.272230e-01 3.832564e-01 1.619347e-01 -4.650644e-01 -3.784534e-01 5.084822e-02 -6.574959e-03
<VARIANCE> 25
 1.039962e+01 2.310675e+01 2.191430e+01 3.321489e+01 3.998469e+01 2.939844e+01 4.057020e+01 4.558031e+01 4.091417e+01 3.676546e+01 3.819081e+01 2.702836e+01 2.339375e-01 6.945336e-01 6.491573e-01 1.200596e+00 1.166296e+00 1.022987e+00 1.187270e+00 1.360191e+00 1.179172e+00 1.248188e+00 1.130057e+00 9.076408e-01 5.632392e-04
<GCONST> 7.838584e+01
<MIXTURE> 13 5.904134e-03
<MEAN> 25
 1.030381e+01 3.178195e+00 -4.590969e+00 -1.600379e+01 -8.429758e+00 8.903408e+00 -1.262084e+00 -1.758419e+00 -1.851398e+00 -4.463579e+00 2.293985e+00 7.691721e-01 5.093570e-02 2.603121e-01 5.625630e-02 -4.545099e-01 -3.622865e-01 -1.213657e-02 3.272230e-01 3.832564e-01 1.619347e-01 -4.650644e-01 -3.784534e-01 5.084822e-02 -6.574959e-03
<VARIANCE> 25
 1.039962e+01 2.310675e+01 2.191430e+01 3.321489e+01 3.998469e+01 2.939844e+01 4.057020e+01 4.558031e+01 4.091417e+01 3.676546e+01 3.819081e+01 2.702836e+01 2.339375e-01 6.945336e-01 6.491573e-01 1.200596e+00 1.166296e+00 1.022987e+00 1.187270e+00 1.360191e+00 1.179172e+00 1.248188e+00 1.130057e+00 9.076408e-01 5.632392e-04
<GCONST> 7.838584e+01
<MIXTURE> 14 6.488954e-03
<MEAN> 25
 -4.316701e+00 -3.676147e-01 -2.770665e-01 8.859215e+00 7.493844e+00 7.354477e+00 7.829712e+00 7.300655e+00 7.220990e+00 5.196459e+00 6.824112e+00 4.079977e+00 -2.748744e-01 1.910512e-01 3.682803e-01 3.096393e-01 9.391928e-03 7.084365e-02 1.008303e-01 1.727597e-01 3.014019e-01 5.397123e-01 5.069442e-01 7.684213e-02 -9.159264e-03
<VARIANCE> 25
 9.237095e+00 1.405863e+01 1.866315e+01 1.807596e+01 2.082873e+01 1.961947e+01 2.144469e+01 2.061327e+01 2.009507e+01 2.397517e+01 2.157718e+01 1.595641e+01 9.553010e-01 1.631334e+00 1.762889e+00 1.926036e+00 2.245479e+00 2.266915e+00 2.244945e+00 2.243203e+00 2.272391e+00 2.493812e+00 2.187242e+00 1.802470e+00 1.030566e-03
<GCONST> 8.189658e+01
<MIXTURE> 15 2.475190e-03
<MEAN> 25
 -5.398917e+00 -5.307997e-01 -5.274106e-02 7.154648e+00 5.635089e+00 5.627495e+00 6.253737e+00 4.962917e+00 5.166820e+00 4.102753e+00 5.377986e+00 2.430792e+00 -1.425682e-01 -3.291895e-02 7.728653e-02 2.704955e-01 5.398263e-01 7.873812e-01 1.048934e+00 1.165442e+00 1.081088e+00 7.403669e-01 4.426242e-01 1.538666e-01 -1.647291e-04
<VARIANCE> 25
 6.869807e+00 7.201852e+00 9.338889e+00 1.355627e+01 1.376364e+01 1.420054e+01 1.515884e+01 1.455685e+01 1.353329e+01 1.401869e+01 1.556946e+01 1.225505e+01 1.347968e-01 1.993620e-01 3.151943e-01 4.985873e-01 7.281382e-01 8.281397e-01 7.432900e-01 7.674463e-01 9.020768e-01 1.036478e+00 1.043871e+00 1.001971e+00 3.124779e-05
<GCONST> 5.892794e+01
<MIXTURE> 16 2.475190e-03
<MEAN> 25
 -5.398917e+00 -5.307997e-01 -5.274106e-02 7.154648e+00 5.635089e+00 5.627495e+00 6.253737e+00 4.962917e+00 5.166820e+00 4.102753e+00 5.377986e+00 2.430792e+00 -1.425682e-01 -3.291895e-02 7.728653e-02 2.704955e-01 5.398263e-01 7.873812e-01 1.048934e+00 1.165442e+00 1.081088e+00 7.403669e-01 4.426242e-01 1.538666e-01 -1.647291e-04
<VARIANCE> 25
 6.869807e+00 7.201852e+00 9.338889e+00 1.355627e+01 1.376364e+01 1.420054e+01 1.515884e+01 1.455685e+01 1.353329e+01 1.401869e+01 1.556946e+01 1.225505e+01 1.347968e-01 1.993620e-01 3.151943e-01 4.985873e-01 7.281382e-01 8.281397e-01 7.432900e-01 7.674463e-01 9.020768e-01 1.036478e+00 1.043871e+00 1.001971e+00 3.124779e-05
<GCONST> 5.892794e+01
<MIXTURE> 17 9.518312e-03
<MEAN> 25
 3.787505e+00 -1.093724e+00 6.296506e+00 3.167289e+00 -5.428366e+00 -5.939298e+00 -1.683856e+00 6.696213e-01 -2.256192e+00 -3.129708e+00 1.366619e-01 2.542869e-01 -7.054381e-01 -1.423627e+00 1.287527e+00 -1.705399e+00 -2.199242e+00 -2.250245e-01 -1.743978e-01 6.579794e-01 -4.165439e-01 -9.132882e-02 1.305024e+00 6.359691e-01 7.619633e-02
<VARIANCE> 25
 1.398344e+01 2.673157e+01 2.642647e+01 3.594773e+01 4.205057e+01 4.105172e+01 4.231540e+01 3.114934e+01 3.414865e+01 2.266094e+01 2.302706e+01 2.420778e+01 1.537072e+00 2.446300e+00 3.558973e+00 3.240790e+00 3.422368e+00 5.207723e+00 4.946691e+00 3.871116e+00 3.484272e+00 3.642488e+00 2.909421e+00 2.524163e+00 2.017111e-03
<GCONST> 9.427063e+01
<MIXTURE> 18 1.221018e-02
<MEAN> 25
 2.734115e+00 4.396253e+00 5.798383e+00 4.789947e+00 -4.248161e+00 -8.387474e+00 -6.756443e-01 1.064858e-01 -3.344183e+00 -1.970163e+00 -2.405284e-01 1.370981e-01 -7.941892e-01 2.163673e+00 -2.650000e-01 1.420873e+00 2.918929e+00 1.434613e+00 9.448541e-01 -1.866417e-01 7.006236e-01 4.206439e-01 -5.280434e-01 -2.222775e-01 -1.114396e-01
<VARIANCE> 25
 1.626425e+01 2.481860e+01 2.749037e+01 2.222121e+01 3.297849e+01 3.047579e+01 3.680851e+01 3.238482e+01 3.406970e+01 3.094579e+01 3.127920e+01 2.508112e+01 1.978015e+00 2.479005e+00 3.742524e+00 4.241730e+00 3.598303e+00 4.498117e+00 3.792251e+00 3.547203e+00 3.545301e+00 3.506326e+00 4.760715e+00 3.123700e+00 3.662698e-03
<GCONST> 9.533228e+01
<MIXTURE> 19 9.912824e-03
<MEAN> 25
 -9.628695e+00 2.024754e+00 2.646259e+00 4.615819e-01 3.671280e+00 1.583656e+00 4.507041e+00 7.044214e-01 2.303434e+00 2.894052e-01 6.421670e-01 2.036075e+00 1.778946e+00 1.757508e+00 1.621334e+00 4.362222e-01 -9.030381e-01 -1.096632e+00 -6.030193e-01 -9.926866e-01 -1.714402e+00 -1.042138e+00 -8.812292e-01 -8.614357e-01 -2.876885e-03
<VARIANCE> 25
 4.652679e+01 2.622402e+01 5.735448e+01 4.240745e+01 2.613107e+01 2.566608e+01 2.613365e+01 2.488287e+01 2.424510e+01 2.666637e+01 2.796792e+01 1.538695e+01 2.235251e+00 1.862616e+00 2.630024e+00 2.442302e+00 2.066206e+00 2.119566e+00 2.485204e+00 2.326190e+00 2.139542e+00 1.577349e+00 1.818859e+00 1.734859e+00 1.891204e-03
<GCONST> 8.898480e+01
<MIXTURE> 20 6.308331e-03
<MEAN> 25
 -1.412498e+01 7.434531e+00 8.618742e-01 6.084793e+00 4.804605e+00 1.606905e+00 5.299661e+00 8.708607e-01 9.219656e-01 7.063864e-01 2.532452e+00 -3.464897e-01 -3.268589e+00 -8.488386e-01 -1.562633e+00 3.318352e-01 1.529644e+00 2.052164e+00 1.965354e+00 2.048614e+00 2.135385e+00 2.017309e+00 1.667042e+00 9.438889e-01 4.696271e-02
<VARIANCE> 25
 1.986696e+01 2.332693e+01 3.075775e+01 3.745404e+01 3.077257e+01 2.776076e+01 3.074303e+01 3.129812e+01 2.773266e+01 2.898216e+01 2.513447e+01 2.102411e+01 2.111642e+00 2.202692e+00 1.897532e+00 2.519747e+00 2.697117e+00 2.307682e+00 2.318867e+00 2.310031e+00 2.227522e+00 2.696004e+00 2.259796e+00 1.853319e+00 1.887378e-03
<GCONST> 8.927449e+01
<MIXTURE> 21 7.928653e-03
<MEAN> 25
 3.932533e+00 -4.561741e+00 5.193291e+00 -6.812125e-02 -9.724363e+00 -9.535590e+00 -2.104813e+00 4.437999e+00 -2.507429e+00 -2.496200e+00 7.447298e-01 3.856016e-01 -7.901016e-01 1.359958e+00 2.345476e+00 -1.397584e-01 -1.389605e+00 3.095686e-01 4.496762e-01 -1.396607e+00 -1.794754e+00 3.084245e-01 1.177106e+00 1.179177e-01 -1.830579e-02
<VARIANCE> 25
 7.959084e+00 1.984056e+01 2.759369e+01 3.483726e+01 2.991056e+01 3.269014e+01 3.897498e+01 3.393585e+01 3.730671e+01 3.157241e+01 2.972176e+01 1.957442e+01 3.458215e-01 9.304273e-01 1.879607e+00 1.149983e+00 2.007454e+00 1.907998e+00 3.207435e+00 2.184056e+00 1.979776e+00 2.335861e+00 1.991807e+00 2.174061e+00 5.820447e-04
<GCONST> 8.386195e+01
<MIXTURE> 22 8.827789e-03
<MEAN> 25
 -1.791384e+01 7.158461e+00 -4.124031e+00 7.381434e+00 4.600227e+00 2.756323e+00 8.405787e+00 1.748495e+00 5.374634e+00 3.285241e+00 5.703228e+00 1.181399e+00 -3.109681e-01 -2.080417e-01 -1.241163e-01 -1.490571e-01 -5.414915e-03 1.369933e-01 1.780030e-01 1.764424e-01 2.475573e-01 2.083598e-01 1.726014e-01 1.943476e-01 8.890377e-03
<VARIANCE> 25
 8.156960e+00 1.682045e+01 1.741164e+01 2.524540e+01 2.288161e+01 2.083263e+01 1.944335e+01 1.869178e+01 1.814020e+01 2.105530e+01 1.937818e+01 1.379138e+01 1.091339e+00 1.357249e+00 1.365953e+00 1.570237e+00 1.410578e+00 1.525263e+00 1.515700e+00 1.535056e+00 1.613808e+00 1.544612e+00 1.356086e+00 1.170074e+00 1.744757e-03
<GCONST> 7.834055e+01
<MIXTURE> 23 6.455497e-03
<MEAN> 25
 7.828492e+00 2.393929e+00 2.356277e+00 2.399932e+00 -3.751920e+00 -2.876965e+00 -2.114894e+00 -5.110240e+00 -2.813096e+00 -1.674488e-01 -4.771270e+00 -2.273644e+00 2.682406e-02 1.792616e-01 4.275513e-02 -1.197566e-02 1.141884e-01 -1.756855e-02 -2.540214e-02 -5.296206e-03 4.246085e-03 -7.274075e-02 6.507234e-02 2.775653e-02 -4.700797e-03
<VARIANCE> 25
 8.838999e+00 1.859523e+01 2.254775e+01 3.484643e+01 3.696635e+01 4.514072e+01 6.574828e+01 5.332885e+01 4.210225e+01 4.180872e+01 4.435941e+01 3.486332e+01 1.179432e-01 2.621812e-01 3.362517e-01 4.656172e-01 7.286901e-01 7.846118e-01 8.224736e-01 9.150067e-01 8.345359e-01 8.684029e-01 7.963877e-01 7.237014e-01 7.703259e-05
<GCONST> 7.159647e+01
<MIXTURE> 24 6.455497e-03
<MEAN> 25
 7.828492e+00 2.393929e+00 2.356277e+00 2.399932e+00 -3.751920e+00 -2.876965e+00 -2.114894e+00 -5.110240e+00 -2.813096e+00 -1.674488e-01 -4.771270e+00 -2.273644e+00 2.682406e-02 1.792616e-01 4.275513e-02 -1.197566e-02 1.141884e-01 -1.756855e-02 -2.540214e-02 -5.296206e-03 4.246085e-03 -7.274075e-02 6.507234e-02 2.775653e-02 -4.700797e-03
<VARIANCE> 25
 8.838999e+00 1.859523e+01 2.254775e+01 3.484643e+01 3.696635e+01 4.514072e+01 6.574828e+01 5.332885e+01 4.210225e+01 4.180872e+01 4.435941e+01 3.486332e+01 1.179432e-01 2.621812e-01 3.362517e-01 4.656172e-01 7.286901e-01 7.846118e-01 8.224736e-01 9.150067e-01 8.345359e-01 8.684029e-01 7.963877e-01 7.237014e-01 7.703259e-05
<GCONST> 7.159647e+01
<MIXTURE> 25 1.118642e-02
<MEAN> 25
 2.744209e-01 3.479162e+00 1.673224e+01 -1.020235e+00 -1.128148e+01 -1.796034e+00 -4.929442e+00 -2.924268e+00 -6.927320e+00 -5.422287e+00 4.084779e+00 -1.646821e+00 -1.373628e-01 4.463284e-01 1.612376e-01 1.491665e-01 2.133965e-01 1.063800e-01 2.025138e-01 -1.693123e-01 -2.468998e-01 6.866775e-02 -6.800298e-02 -1.093017e-01 -1.299753e-02
<VARIANCE> 25
 8.962716e+00 2.215227e+01 2.129761e+01 2.873584e+01 3.190009e+01 4.126432e+01 2.798052e+01 2.992602e+01 2.824202e+01 3.673797e+01 2.099759e+01 2.750552e+01 5.962104e-01 1.445938e+00 1.421008e+00 1.377935e+00 2.268013e+00 2.032597e+00 1.755564e+00 1.624288e+00 1.530903e+00 1.660090e+00 1.352265e+00 1.297887e+00 1.281537e-03
<GCONST> 8.280611e+01
<MIXTURE> 26 7.727677e-03
<MEAN> 25
 2.248298e+00 -5.329531e+00 -9.924670e+00 -1.181256e+00 7.693380e+00 5.440601e+00 3.962726e+00 -3.719939e-01 1.898786e+00 -2.648161e-01 -2.931777e+00 -8.139020e-01 -6.819176e-01 6.808903e-01 3.871024e-01 8.013009e-01 1.494058e-01 9.564023e-02 4.021350e-01 2.896909e-01 2.439214e-01 2.859614e-02 3.266394e-01 3.890986e-01 -5.278341e-02
<VARIANCE> 25
 2.252283e+01 3.900381e+01 2.464067e+01 5.977974e+01 3.635083e+01 3.894456e+01 4.259465e+01 3.979251e+01 3.640036e+01 5.385636e+01 3.844796e+01 4.224703e+01 1.544058e+00 1.806265e+00 1.769509e+00 1.950855e+00 2.246965e+00 2.410066e+00 2.774678e+00 2.484098e+00 2.231580e+00 2.368359e+00 2.104282e+00 1.830258e+00 3.091136e-03
<GCONST> 9.280313e+01
<MIXTURE> 27 7.727677e-03
<MEAN> 25
 2.248298e+00 -5.329531e+00 -9.924670e+00 -1.181256e+00 7.693380e+00 5.440601e+00 3.962726e+00 -3.719939e-01 1.898786e+00 -2.648161e-01 -2.931777e+00 -8.139020e-01 -6.819176e-01 6.808903e-01 3.871024e-01 8.013009e-01 1.494058e-01 9.564023e-02 4.021350e-01 2.896909e-01 2.439214e-01 2.859614e-02 3.266394e-01 3.890986e-01 -5.278341e-02
<VARIANCE> 25
 2.252283e+01 3.900381e+01 2.464067e+01 5.977974e+01 3.635083e+01 3.894456e+01 4.259465e+01 3.979251e+01 3.640036e+01 5.385636e+01 3.844796e+01 4.224703e+01 1.544058e+00 1.806265e+00 1.769509e+00 1.950855e+00 2.246965e+00 2.410066e+00 2.774678e+00 2.484098e+00 2.231580e+00 2.368359e+00 2.104282e+00 1.830258e+00 3.091136e-03
<GCONST> 9.280313e+01
<MIXTURE> 28 5.036674e-03
<MEAN> 25
 -5.356875e+00 2.620060e-01 -1.478826e+00 6.654504e+00 5.309927e+00 3.250750e+00 5.415156e+00 3.173924e+00 3.813235e+00 2.381727e+00 2.558113e+00 3.099375e+00 -1.106389e-01 2.079846e-01 4.991588e-01 7.901203e-01 8.469090e-01 7.108580e-01 4.896511e-01 3.702995e-01 4.940527e-01 5.047394e-01 3.639340e-01 2.232224e-01 -1.454117e-05
<VARIANCE> 25
 1.028654e+01 9.641356e+00 1.192765e+01 1.433776e+01 1.432214e+01 1.888802e+01 1.737902e+01 1.837549e+01 1.686837e+01 1.612089e+01 2.001490e+01 1.482238e+01 2.476696e-01 3.303769e-01 4.145416e-01 4.478095e-01 6.144195e-01 8.181581e-01 1.046615e+00 1.114644e+00 1.124155e+00 1.004846e+00 9.999499e-01 1.056090e+00 9.640902e-07
<GCONST> 5.995383e+01
<MIXTURE> 29 5.036674e-03
<MEAN> 25
 -5.356875e+00 2.620060e-01 -1.478826e+00 6.654504e+00 5.309927e+00 3.250750e+00 5.415156e+00 3.173924e+00 3.813235e+00 2.381727e+00 2.558113e+00 3.099375e+00 -1.106389e-01 2.079846e-01 4.991588e-01 7.901203e-01 8.469090e-01 7.108580e-01 4.896511e-01 3.702995e-01 4.940527e-01 5.047394e-01 3.639340e-01 2.232224e-01 -1.454117e-05
<VARIANCE> 25
 1.028654e+01 9.641356e+00 1.192765e+01 1.433776e+01 1.432214e+01 1.888802e+01 1.737902e+01 1.837549e+01 1.686837e+01 1.612089e+01 2.001490e+01 1.482238e+01 2.476696e-01 3.303769e-01 4.145416e-01 4.478095e-01 6.144195e-01 8.181581e-01 1.046615e+00 1.114644e+00 1.124155e+00 1.004846e+00 9.999499e-01 1.056090e+00 9.640902e-07
<GCONST> 5.995383e+01
<MIXTURE> 30 8.917812e-03
<MEAN> 25
 -4.481557e+00 -1.861354e-01 7.025735e-01 9.004725e+00 7.736422e+00 7.493808e+00 7.584416e+00 6.835748e+00 6.506203e+00 4.876626e+00 6.957931e+00 3.491400e+00 -2.789420e-02 3.320786e-02 6.226276e-02 8.753637e-02 7.728822e-02 5.900037e-02 2.004253e-02 -1.661536e-02 2.713375e-02 6.410360e-02 6.502809e-02 3.377285e-02 -5.078639e-04
<VARIANCE> 25
 6.874261e+00 1.020427e+01 1.052194e+01 1.417653e+01 1.572689e+01 1.646438e+01 1.903136e+01 1.822394e+01 1.613896e+01 1.822102e+01 2.134185e+01 1.424839e+01 9.779857e-02 1.982701e-01 3.240492e-01 4.818571e-01 6.451097e-01 7.387052e-01 7.659897e-01 8.580951e-01 8.745717e-01 9.408064e-01 9.181921e-01 8.542299e-01 5.238747e-05
<GCONST> 6.075355e+01
<MIXTURE> 31 4.136493e-03
<MEAN> 25
 -3.284559e+00 -5.604228e+00 9.105267e-02 4.873850e+00 3.668500e+00 1.657028e+00 5.284083e+00 6.638714e+00 2.730429e+00 1.275740e+00 6.505878e+00 3.141486e+00 2.475679e-01 4.696648e-01 -2.062784e-01 3.108442e-01 1.282311e-01 4.352541e-01 1.931480e-01 1.518652e-02 3.811477e-01 3.872130e-01 1.087059e-01 1.141318e-01 -1.824070e-02
<VARIANCE> 25
 7.192616e+00 1.632990e+01 1.741137e+01 1.810291e+01 2.518402e+01 2.427996e+01 2.357705e+01 2.511147e+01 2.569787e+01 2.788701e+01 2.032326e+01 1.864016e+01 1.918235e-01 4.916947e-01 6.010597e-01 7.637805e-01 9.832231e-01 1.096351e+00 1.208462e+00 1.398936e+00 1.332911e+00 1.308496e+00 1.241341e+00 1.125201e+00 2.578823e-04
<GCONST> 7.186518e+01
<MIXTURE> 32 4.136493e-03
<MEAN> 25
 -3.284559e+00 -5.604228e+00 9.105267e-02 4.873850e+00 3.668500e+00 1.657028e+00 5.284083e+00 6.638714e+00 2.730429e+00 1.275740e+00 6.505878e+00 3.141486e+00 2.475679e-01 4.696648e-01 -2.062784e-01 3.108442e-01 1.282311e-01 4.352541e-01 1.931480e-01 1.518652e-02 3.811477e-01 3.872130e-01 1.087059e-01 1.141318e-01 -1.824070e-02
<VARIANCE> 25
 7.192616e+00 1.632990e+01 1.741137e+01 1.810291e+01 2.518402e+01 2.427996e+01 2.357705e+01 2.511147e+01 2.569787e+01 2.788701e+01 2.032326e+01 1.864016e+01 1.918235e-01 4.916947e-01 6.010597e-01 7.637805e-01 9.832231e-01 1.096351e+00 1.208462e+00 1.398936e+00 1.332911e+00 1.308496e+00 1.241341e+00 1.125201e+00 2.578823e-04
<GCONST> 7.186518e+01
<MIXTURE> 33 1.508826e-02
<MEAN> 25
 5.597281e+00 -4.241842e+00 -1.429931e+00 -1.589837e+00 -1.855690e+00 -4.540342e+00 -7.255393e+00 1.284283e+00 3.387971e+00 -4.946122e-01 -3.577531e+00 -2.818996e+00 9.874000e-01 -9.566318e-01 -2.462091e+00 -1.662870e+00 1.343728e+00 1.604452e+00 -1.024159e+00 4.788135e-01 6.052798e-01 1.095253e+00 -2.069477e-01 -1.353944e+00 3.425624e-02
<VARIANCE> 25
 1.058492e+01 1.963102e+01 2.625024e+01 3.219482e+01 4.032563e+01 3.898975e+01 4.523059e+01 3.770382e+01 3.560398e+01 4.460043e+01 3.276092e+01 2.501447e+01 1.374882e+00 1.646441e+00 1.815083e+00 2.095197e+00 3.728110e+00 3.036355e+00 4.894136e+00 4.966597e+00 3.573332e+00 4.288064e+00 4.851009e+00 2.060319e+00 1.247774e-03
<GCONST> 9.301874e+01
<MIXTURE> 34 1.588179e-02
<MEAN> 25
 8.559404e+00 3.549473e-02 -2.347989e-01 1.088925e+00 -2.963383e+00 -1.338824e+00 -5.811842e+00 -4.134398e+00 -2.055365e+00 1.292077e-01 -2.478712e+00 -3.367778e+00 -3.719976e-03 1.319325e+00 1.334499e+00 2.124083e+00 3.558080e-02 -7.406427e-02 1.093271e+00 -1.445917e+00 -8.084316e-01 2.192868e-01 -6.696887e-01 7.512075e-02 -6.193225e-02
<VARIANCE> 25
 8.063464e+00 3.050594e+01 2.875535e+01 4.831827e+01 4.068723e+01 4.764482e+01 5.650037e+01 5.532809e+01 5.171616e+01 4.065208e+01 4.684703e+01 2.962180e+01 1.262025e+00 1.822924e+00 4.081892e+00 4.222209e+00 5.313878e+00 5.643428e+00 5.671682e+00 5.899633e+00 4.940701e+00 4.584866e+00 4.722432e+00 3.887861e+00 1.104288e-03
<GCONST> 9.900542e+01
<MIXTURE> 35 1.467755e-02
<MEAN> 25
 -2.452861e+00 -5.368124e+00 -8.656826e+00 2.661757e-02 9.107030e+00 3.332164e-02 2.024499e+00 2.953832e+00 2.595600e+00 4.420216e+00 -7.935300e-02 3.844953e-01 7.443593e-01 -1.042437e+00 -1.535755e+00 -1.482493e+00 4.384974e-01 -4.051852e-01 -7.607889e-01 -2.055917e-01 -3.002678e-02 3.486473e-01 -7.879663e-01 -4.893317e-01 1.004757e-01
<VARIANCE> 25
 1.944230e+01 2.807012e+01 4.318744e+01 5.237137e+01 3.898675e+01 5.294474e+01 4.464107e+01 3.993939e+01 4.812870e+01 3.496744e+01 3.596035e+01 3.873606e+01 3.133155e+00 3.093959e+00 5.876630e+00 5.037638e+00 4.598591e+00 5.575632e+00 4.573386e+00 4.681626e+00 4.797064e+00 3.987683e+00 3.924766e+00 3.233814e+00 4.875461e-03
<GCONST> 1.018951e+02
<MIXTURE> 36 1.093293e-02
<MEAN> 25
 4.761178e+00 -3.968427e+00 5.679559e+00 3.602961e+00 -9.533319e+00 -1.021776e+01 -4.343073e+00 3.392944e+00 -2.384975e+00 -3.043426e+00 3.543879e+00 1.094520e+00 2.245444e-01 3.233941e-01 -8.748364e-01 1.597927e-01 9.954150e-01 -4.452149e-02 -1.430573e-01 1.314163e-01 3.375749e-01 5.934374e-01 -2.978726e-01 -3.704129e-01 -2.067006e-02
<VARIANCE> 25
 8.473015e+00 1.482108e+01 2.513812e+01 2.483057e+01 2.525766e+01 3.519141e+01 4.333866e+01 2.616921e+01 3.000664e+01 3.043176e+01 2.546077e+01 2.333909e+01 4.327712e-01 7.601287e-01 1.327782e+00 1.239162e+00 1.724680e+00 1.699303e+00 1.985669e+00 1.549409e+00 2.127379e+00 1.851833e+00 1.290524e+00 1.117583e+00 7.229742e-04
<GCONST> 8.033441e+01
<MIXTURE> 37 1.246826e-02
<MEAN> 25
 5.022159e-01 7.733044e+00 1.195129e+01 -5.476779e+00 -7.938303e+00 -1.135749e+00 -4.994738e+00 -8.227919e+00 -3.690455e+00 -9.255583e-01 -3.656087e+00 -1.315617e+00 1.643510e-01 6.558810e-01 -1.367324e+00 3.548374e+00 1.976091e+00 -3.094874e-01 1.092696e+00 4.220531e-01 5.251040e-01 -3.257207e-01 5.491685e-01 -9.943144e-02 -9.377321e-02
<VARIANCE> 25
 1.600072e+01 2.576420e+01 3.122918e+01 5.077406e+01 3.408078e+01 3.240075e+01 4.482753e+01 3.520924e+01 3.811842e+01 3.604792e+01 3.731806e+01 3.053505e+01 2.945954e+00 3.377688e+00 2.997037e+00 4.135152e+00 4.577832e+00 3.711430e+00 4.169618e+00 3.797153e+00 3.405267e+00 3.592090e+00 3.849003e+00 2.765201e+00 3.979410e-03
<GCONST> 9.772409e+01
<MIXTURE> 38 1.154525e-02
<MEAN> 25
 -5.703245e+00 8.578394e+00 3.897556e+00 2.729953e+00 8.613914e-01 -5.225711e+00 -8.368135e-01 -2.852659e+00 -2.723946e+00 -3.896871e+00 -1.244586e+00 -7.450278e-01 -4.184434e+00 1.068926e+00 2.497801e-01 1.117359e+00 2.257635e+00 1.318891e+00 1.855147e+00 9.241315e-01 7.337647e-01 3.266645e-01 1.105310e+00 3.530995e-01 5.083739e-02
<VARIANCE> 25
 4.003975e+01 2.614326e+01 3.822900e+01 3.475003e+01 4.179521e+01 3.118416e+01 3.441513e+01 3.561628e+01 3.046247e+01 3.273548e+01 2.145693e+01 2.529666e+01 2.622114e+00 3.544368e+00 7.396430e+00 5.174877e+00 4.224937e+00 4.379840e+00 4.321963e+00 4.240635e+00 3.861894e+00 4.700257e+00 3.896158e+00 2.953948e+00 1.887078e-03
<GCONST> 9.834760e+01
<MIXTURE> 39 9.501865e-03
<MEAN> 25
 1.341038e+00 2.604457e+00 1.021464e+01 -9.213692e+00 -1.128760e+01 -9.933820e-01 -2.960907e+00 -6.569711e+00 -4.524775e+00 8.727095e-01 -3.678926e+00 -2.296268e+00 -7.290432e-01 1.522049e+00 1.626251e+00 -1.389776e+00 7.804090e-02 1.222430e+00 -1.199808e+00 -1.252693e+00 4.290867e-01 4.459440e-01 -5.050227e-01 1.235854e-01 1.314912e-03
<VARIANCE> 25
 8.905984e+00 3.009037e+01 3.163124e+01 3.833205e+01 3.722520e+01 4.272668e+01 4.447886e+01 3.353223e+01 3.942409e+01 3.320904e+01 3.621843e+01 2.943002e+01 6.912587e-01 1.549325e+00 1.511861e+00 2.926416e+00 2.418065e+00 2.823563e+00 3.053109e+00 2.747595e+00 2.434872e+00 2.618098e+00 2.122477e+00 2.069906e+00 1.185311e-03
<GCONST> 8.966463e+01
<MIXTURE> 40 1.030800e-02
<MEAN> 25
 -9.104462e+00 2.050094e+00 -6.945295e-01 7.799664e+00 3.914750e+00 5.324585e+00 5.422957e+00 4.082110e+00 4.711677e+00 3.976065e+00 5.301525e+00 1.565806e+00 -1.425188e-01 -2.218171e-01 8.000372e-03 -2.015101e-01 -7.924547e-02 -9.437194e-02 3.846233e-02 7.487848e-02 4.947403e-02 6.811639e-04 8.506503e-02 5.609878e-02 4.785825e-03
<VARIANCE> 25
 4.060931e+01 2.183261e+01 3.002153e+01 2.793087e+01 2.533427e+01 1.892374e+01 1.917381e+01 1.833238e+01 1.743955e+01 1.892463e+01 2.095464e+01 1.415478e+01 7.265809e-01 7.078224e-01 8.446106e-01 1.108814e+00 1.188842e+00 1.347517e+00 1.284745e+00 1.262992e+00 1.210175e+00 1.212221e+00 1.157075e+00 1.103996e+00 8.932737e-04
<GCONST> 7.682455e+01
<MIXTURE> 41 6.713375e-03
<MEAN> 25
 1.309097e+00 1.784010e+00 1.047673e+01 -6.960248e+00 -1.046963e+01 -3.857534e+00 -2.483635e+00 -5.041165e+00 -4.655852e+00 2.662289e+00 -1.743714e+00 -9.511454e-01 7.766151e-02 -7.610204e-01 1.697197e+00 -3.558359e+00 -2.461057e+00 -1.127285e-01 -5.066119e-01 -3.569138e-01 -8.267194e-01 1.087131e+00 -1.045214e+00 8.324108e-02 8.628237e-02
<VARIANCE> 25
 1.169570e+01 2.965322e+01 3.259734e+01 4.005159e+01 3.871242e+01 4.015049e+01 3.715468e+01 2.989037e+01 3.308722e+01 2.876877e+01 3.185612e+01 2.718580e+01 3.177492e+00 3.310867e+00 3.823802e+00 3.798186e+00 4.902777e+00 5.874629e+00 4.715481e+00 4.557117e+00 3.975852e+00 4.219337e+00 3.833619e+00 3.222814e+00 2.930106e-03
<GCONST> 9.791222e+01
<MIXTURE> 42 1.106211e-02
<MEAN> 25
 -3.607476e+00 3.636459e+00 5.679501e+00 2.348167e+00 2.896228e-01 -4.995680e+00 -8.009541e-01 -1.562911e+00 -7.067017e-01 -3.469929e+00 -2.140141e+00 1.580503e+00 4.126076e+00 -1.078581e+00 8.052791e-01 3.228847e-01 -2.635821e+00 -1.036096e+00 -2.750369e+00 -7.422101e-01 -3.447440e-01 -3.218702e-01 2.563650e-01 -7.281717e-01 7.669546e-03
<VARIANCE> 25
 3.707423e+01 1.999912e+01 3.728357e+01 2.571355e+01 3.543410e+01 3.390676e+01 3.036359e+01 2.072597e+01 2.353276e+01 3.344824e+01 1.533482e+01 1.343494e+01 3.037947e+00 4.831774e+00 7.104489e+00 4.020466e+00 4.143730e+00 4.464760e+00 4.688129e+00 4.036949e+00 4.370731e+00 4.666170e+00 3.484907e+00 3.094758e+00 3.359191e-03
<GCONST> 9.654763e+01
<MIXTURE> 43 7.108249e-03
<MEAN> 25
 3.117312e+00 -6.214894e+00 -2.191851e+00 -5.032132e+00 -7.331673e+00 -3.320525e+00 4.090727e+00 1.347456e+00 -5.012276e+00 -7.043127e+00 -4.344256e+00 -1.261104e+00 2.185856e-01 2.172156e+00 1.889077e+00 -1.425161e-01 -1.379833e+00 -8.232560e-01 -9.295923e-01 -7.880911e-01 8.083563e-01 1.476672e+00 3.321214e-01 1.317747e-02 -4.608043e-02
<VARIANCE> 25
 9.628582e+00 1.994598e+01 2.727112e+01 3.662570e+01 3.805163e+01 3.779584e+01 3.293655e+01 3.922446e+01 3.911506e+01 3.837811e+01 2.709718e+01 2.921894e+01 6.963971e-01 1.250585e+00 1.576395e+00 2.480106e+00 2.481874e+00 2.436578e+00 2.709137e+00 2.979946e+00 2.573097e+00 2.561392e+00 2.294751e+00 1.897267e+00 1.002806e-03
<GCONST> 8.809964e+01
<MIXTURE> 44 7.328289e-03
<MEAN> 25
 -1.346806e+01 1.762532e+00 4.815675e+00 -2.173494e+00 2.803889e+00 1.413419e+00 2.646396e+00 9.668477e-01 2.424754e+00 -3.022533e+00 7.440568e-01 6.419929e-01 -2.364911e-01 2.091134e-01 3.680342e-01 2.641642e-01 -1.711510e-01 1.172059e-01 7.135972e-01 2.775229e-01 1.896879e-01 -1.653201e-01 1.409564e-01 2.423376e-01 6.315121e-03
<VARIANCE> 25
 3.398772e+01 3.317797e+01 2.939133e+01 2.243617e+01 2.153554e+01 2.176046e+01 4.001401e+01 2.704407e+01 3.445335e+01 3.263384e+01 2.926196e+01 1.776792e+01 1.037698e+00 1.831008e+00 2.562214e+00 9.953536e-01 1.741226e+00 1.419438e+00 1.592511e+00 1.687150e+00 1.751480e+00 1.385264e+00 1.078179e+00 1.212771e+00 9.955866e-04
<GCONST> 8.359497e+01
<MIXTURE> 45 1.364932e-02
<MEAN> 25
 -1.149735e+01 3.765482e+00 -1.956302e+00 3.120780e+00 4.767312e+00 -5.512144e-01 4.036437e+00 1.644406e+00 2.600171e+00 3.438036e-01 1.377855e+00 1.525739e+00 -2.961879e+00 4.834012e-01 -2.323043e-01 -7.174884e-01 4.347003e-01 6.283236e-02 2.943319e-01 -6.321105e-02 -9.137283e-02 -3.900397e-01 3.535964e-01 3.174454e-02 1.094484e-01
<VARIANCE> 25
 3.133741e+01 2.635995e+01 2.978271e+01 3.353988e+01 2.763046e+01 2.539682e+01 3.293517e+01 2.596688e+01 2.144197e+01 2.964500e+01 2.631960e+01 1.690884e+01 2.261210e+00 2.571093e+00 3.933773e+00 2.695257e+00 2.273889e+00 2.181734e+00 2.170495e+00 1.995179e+00 1.886904e+00 2.429019e+00 1.731984e+00 1.573157e+00 3.597935e-03
<GCONST> 8.951398e+01
<MIXTURE> 46 9.336259e-03
<MEAN> 25
 -9.494385e+00 2.298878e+00 1.442291e+00 7.359744e+00 5.810185e+00 3.283717e+00 7.014544e+00 4.439046e+00 5.647439e+00 4.409228e+00 4.980295e+00 2.879988e+00 1.075212e+00 -2.487542e-01 5.992108e-02 1.015952e+00 5.786240e-01 9.197578e-01 4.022844e-01 6.778788e-01 4.804276e-01 4.980759e-01 5.996680e-01 5.303715e-01 -1.034564e-01
<VARIANCE> 25
 3.431588e+01 4.301025e+01 4.066916e+01 5.035146e+01 5.020127e+01 4.029576e+01 3.653942e+01 3.510598e+01 3.273529e+01 3.355184e+01 2.806930e+01 1.993840e+01 3.929522e+00 4.145869e+00 3.827764e+00 4.089287e+00 4.137385e+00 3.639419e+00 3.353705e+00 3.044291e+00 3.013775e+00 2.805169e+00 2.353498e+00 1.755874e+00 7.955948e-03
<GCONST> 9.826259e+01
<MIXTURE> 47 7.116147e-03
<MEAN> 25
 7.314574e+00 -7.341857e+00 -7.754299e+00 -6.445245e+00 1.536401e+00 8.492853e-01 -2.357315e+00 1.230268e+00 3.010046e+00 1.945921e-01 -4.257633e+00 -6.686048e+00 -1.788709e-01 -1.251979e+00 -6.943862e-01 -4.205664e-01 6.232073e-01 8.150253e-01 8.696446e-01 3.024079e-01 1.056732e-01 -8.770030e-01 -4.747418e-01 -4.521928e-01 2.998397e-02
<VARIANCE> 25
 1.071045e+01 2.119354e+01 2.045308e+01 3.315744e+01 3.629385e+01 5.260987e+01 4.547784e+01 4.058484e+01 4.329425e+01 4.725620e+01 4.851104e+01 3.356984e+01 5.229672e-01 7.758569e-01 1.125503e+00 1.661873e+00 1.977210e+00 2.194938e+00 2.323581e+00 2.473403e+00 2.221632e+00 2.156025e+00 2.194853e+00 2.010280e+00 5.518837e-04
<GCONST> 8.647485e+01
<MIXTURE> 48 7.116147e-03
<MEAN> 25
 7.314574e+00 -7.341857e+00 -7.754299e+00 -6.445245e+00 1.536401e+00 8.492853e-01 -2.357315e+00 1.230268e+00 3.010046e+00 1.945921e-01 -4.257633e+00 -6.686048e+00 -1.788709e-01 -1.251979e+00 -6.943862e-01 -4.205664e-01 6.232073e-01 8.150253e-01 8.696446e-01 3.024079e-01 1.056732e-01 -8.770030e-01 -4.747418e-01 -4.521928e-01 2.998397e-02
<VARIANCE> 25
 1.071045e+01 2.119354e+01 2.045308e+01 3.315744e+01 3.629385e+01 5.260987e+01 4.547784e+01 4.058484e+01 4.329425e+01 4.725620e+01 4.851104e+01 3.356984e+01 5.229672e-01 7.758569e-01 1.125503e+00 1.661873e+00 1.977210e+00 2.194938e+00 2.323581e+00 2.473403e+00 2.221632e+00 2.156025e+00 2.194853e+00 2.010280e+00 5.518837e-04
<GCONST> 8.647485e+01
<MIXTURE> 49 5.548473e-03
<MEAN> 25
 -5.087569e+00 3.540615e-01 1.726774e-01 8.450629e+00 6.148159e+00 5.620307e+00 6.068245e+00 4.485900e+00 5.025488e+00 3.722111e+00 4.932777e+00 2.862607e+00 3.656452e-01 6.558390e-01 7.027721e-01 3.533661e-01 -1.965430e-01 -6.691228e-01 -1.008537e+00 -1.121602e+00 -9.556876e-01 -6.804188e-01 -4.928665e-01 -2.714287e-01 -1.833759e-05
<VARIANCE> 25
 9.600493e+00 1.004485e+01 1.426835e+01 1.589088e+01 1.588729e+01 1.713865e+01 1.942974e+01 1.943653e+01 1.823732e+01 1.794456e+01 2.063405e+01 1.428529e+01 2.806155e-01 2.634817e-01 3.595042e-01 6.116242e-01 8.702958e-01 9.745031e-01 9.937130e-01 1.053241e+00 1.135537e+00 1.219629e+00 1.280565e+00 1.208116e+00 1.437949e-05
<GCONST> 6.433125e+01
<MIXTURE> 50 6.234641e-03
<MEAN> 25
 -4.586041e+00 1.031177e-01 -1.415739e+00 6.172142e+00 4.189728e+00 2.200677e+00 3.683988e+00 2.011590e+00 2.764132e+00 1.431633e+00 2.101713e+00 2.822426e+00 6.193545e-02 1.767695e-01 8.655261e-02 -1.802313e-01 -5.105928e-01 -6.109477e-01 -4.183022e-01 -4.487811e-02 4.385518e-01 7.730007e-01 7.286890e-01 4.470555e-01 -2.105032e-06
<VARIANCE> 25
 1.101861e+01 1.117449e+01 1.456205e+01 1.543088e+01 1.542651e+01 1.899360e+01 1.849126e+01 1.935039e+01 1.863688e+01 1.741324e+01 2.187562e+01 1.516077e+01 1.491668e-01 2.397921e-01 3.816772e-01 5.272595e-01 6.062660e-01 7.370428e-01 9.566892e-01 1.109430e+00 1.057328e+00 9.028314e-01 9.157922e-01 9.800907e-01 1.000838e-06
<GCONST> 5.967249e+01
<MIXTURE> 51 6.234641e-03
<MEAN> 25
 -4.586041e+00 1.031177e-01 -1.415739e+00 6.172142e+00 4.189728e+00 2.200677e+00 3.683988e+00 2.011590e+00 2.764132e+00 1.431633e+00 2.101713e+00 2.822426e+00 6.193545e-02 1.767695e-01 8.655261e-02 -1.802313e-01 -5.105928e-01 -6.109477e-01 -4.183022e-01 -4.487811e-02 4.385518e-01 7.730007e-01 7.286890e-01 4.470555e-01 -2.105032e-06
<VARIANCE> 25
 1.101861e+01 1.117449e+01 1.456205e+01 1.543088e+01 1.542651e+01 1.899360e+01 1.849126e+01 1.935039e+01 1.863688e+01 1.741324e+01 2.187562e+01 1.516077e+01 1.491668e-01 2.397921e-01 3.816772e-01 5.272595e-01 6.062660e-01 7.370428e-01 9.566892e-01 1.109430e+00 1.057328e+00 9.028314e-01 9.157922e-01 9.800907e-01 1.000838e-06
<GCONST> 5.967249e+01
<MIXTURE> 52 6.367945e-03
<MEAN> 25
 9.475480e+00 2.003128e+00 -6.364469e+00 -1.372863e+01 -3.783160e+00 8.424825e+00 -2.249061e+00 -3.139621e+00 -4.800626e+00 -1.780906e+00 3.379232e+00 6.942947e-01 -3.860963e-01 -3.368582e-01 -3.295773e-02 1.138776e+00 1.212731e+00 -5.160182e-01 -4.965924e-01 -5.964128e-01 1.237355e-01 1.133186e+00 2.651348e-01 -5.509892e-01 -1.607027e-02
<VARIANCE> 25
 1.133403e+01 2.030002e+01 2.259347e+01 4.047066e+01 4.242981e+01 2.751209e+01 4.895831e+01 4.318507e+01 4.038290e+01 4.117561e+01 3.626532e+01 2.770419e+01 4.264398e-01 1.591667e+00 1.234682e+00 2.562938e+00 2.428437e+00 2.105607e+00 4.032475e+00 2.480312e+00 2.689068e+00 2.423580e+00 2.335891e+00 2.157974e+00 1.637427e-03
<GCONST> 8.902771e+01
<MIXTURE> 53 6.367945e-03
<MEAN> 25
 9.475480e+00 2.003128e+00 -6.364469e+00 -1.372863e+01 -3.783160e+00 8.424825e+00 -2.249061e+00 -3.139621e+00 -4.800626e+00 -1.780906e+00 3.379232e+00 6.942947e-01 -3.860963e-01 -3.368582e-01 -3.295773e-02 1.138776e+00 1.212731e+00 -5.160182e-01 -4.965924e-01 -5.964128e-01 1.237355e-01 1.133186e+00 2.651348e-01 -5.509892e-01 -1.607027e-02
<VARIANCE> 25
 1.133403e+01 2.030002e+01 2.259347e+01 4.047066e+01 4.242981e+01 2.751209e+01 4.895831e+01 4.318507e+01 4.038290e+01 4.117561e+01 3.626532e+01 2.770419e+01 4.264398e-01 1.591667e+00 1.234682e+00 2.562938e+00 2.428437e+00 2.105607e+00 4.032475e+00 2.480312e+00 2.689068e+00 2.423580e+00 2.335891e+00 2.157974e+00 1.637427e-03
<GCONST> 8.902771e+01
<MIXTURE> 54 7.368620e-03
<MEAN> 25
 -3.630371e+00 7.902569e-02 -6.763696e-01 8.034978e+00 6.487768e+00 4.588768e+00 4.678472e+00 4.599964e+00 4.039368e+00 3.587120e+00 4.440053e+00 2.315848e+00 -2.078546e-03 2.556509e-02 3.276938e-02 5.132887e-02 5.768357e-02 5.091456e-02 3.698672e-02 2.791892e-02 3.849879e-02 2.972535e-02 1.522698e-02 6.594820e-03 -1.241479e-05
<VARIANCE> 25
 9.100253e+00 1.051877e+01 9.265646e+00 1.810628e+01 1.326635e+01 1.377926e+01 1.192144e+01 1.123301e+01 1.133623e+01 1.350089e+01 1.779392e+01 1.250458e+01 4.069749e-02 8.718009e-02 1.538472e-01 2.289538e-01 3.156615e-01 3.985567e-01 4.596566e-01 5.195359e-01 5.531452e-01 5.238141e-01 5.123067e-01 5.194574e-01 9.956461e-07
<GCONST> 4.729734e+01
<MIXTURE> 55 7.368620e-03
<MEAN> 25
 -3.630371e+00 7.902569e-02 -6.763696e-01 8.034978e+00 6.487768e+00 4.588768e+00 4.678472e+00 4.599964e+00 4.039368e+00 3.587120e+00 4.440053e+00 2.315848e+00 -2.078546e-03 2.556509e-02 3.276938e-02 5.132887e-02 5.768357e-02 5.091456e-02 3.698672e-02 2.791892e-02 3.849879e-02 2.972535e-02 1.522698e-02 6.594820e-03 -1.241479e-05
<VARIANCE> 25
 9.100253e+00 1.051877e+01 9.265646e+00 1.810628e+01 1.326635e+01 1.377926e+01 1.192144e+01 1.123301e+01 1.133623e+01 1.350089e+01 1.779392e+01 1.250458e+01 4.069749e-02 8.718009e-02 1.538472e-01 2.289538e-01 3.156615e-01 3.985567e-01 4.596566e-01 5.195359e-01 5.531452e-01 5.238141e-01 5.123067e-01 5.194574e-01 9.956461e-07
<GCONST> 4.729734e+01
<MIXTURE> 56 6.132464e-03
<MEAN> 25
 7.219081e+00 -5.860783e+00 -8.846933e+00 -8.162874e+00 4.250145e+00 3.863081e+00 -1.851870e+00 -1.184361e+00 1.387811e+00 1.577440e+00 -2.721502e+00 -6.533538e+00 -1.985901e-03 4.628095e-02 -1.103455e-01 1.023081e-01 2.172480e-01 6.111496e-02 3.346663e-02 -1.834871e-01 -9.345479e-02 -5.462793e-02 -7.766668e-02 1.172351e-02 -7.345914e-03
<VARIANCE> 25
 9.196790e+00 2.616751e+01 1.864825e+01 3.885820e+01 3.150570e+01 4.584891e+01 5.834063e+01 3.520341e+01 3.683890e+01 4.136840e+01 3.861776e+01 3.133391e+01 1.913189e-01 4.191558e-01 4.535840e-01 8.511065e-01 7.725458e-01 1.006467e+00 8.907576e-01 8.359793e-01 1.014842e+00 8.775786e-01 9.528123e-01 7.698306e-01 2.166850e-04
<GCONST> 7.446199e+01
<MIXTURE> 57 6.132464e-03
<MEAN> 25
 7.219081e+00 -5.860783e+00 -8.846933e+00 -8.162874e+00 4.250145e+00 3.863081e+00 -1.851870e+00 -1.184361e+00 1.387811e+00 1.577440e+00 -2.721502e+00 -6.533538e+00 -1.985901e-03 4.628095e-02 -1.103455e-01 1.023081e-01 2.172480e-01 6.111496e-02 3.346663e-02 -1.834871e-01 -9.345479e-02 -5.462793e-02 -7.766668e-02 1.172351e-02 -7.345914e-03
<VARIANCE> 25
 9.196790e+00 2.616751e+01 1.864825e+01 3.885820e+01 3.150570e+01 4.584891e+01 5.834063e+01 3.520341e+01 3.683890e+01 4.136840e+01 3.861776e+01 3.133391e+01 1.913189e-01 4.191558e-01 4.535840e-01 8.511065e-01 7.725458e-01 1.006467e+00 8.907576e-01 8.359793e-01 1.014842e+00 8.775786e-01 9.528123e-01 7.698306e-01 2.166850e-04
<GCONST> 7.446199e+01
<MIXTURE> 58 6.172147e-03
<MEAN> 25
 2.752049e+00 -2.840072e+00 7.112265e+00 -4.453639e+00 -1.221342e+01 -5.254247e+00 2.120717e+00 1.486305e+00 -2.783954e+00 2.069378e+00 5.944217e-01 -7.468003e-01 -2.815446e-02 -1.186838e-01 -5.866841e-02 -2.299059e-01 -1.617324e-01 1.858230e-01 3.601375e-01 1.842811e-01 4.339942e-02 -1.610559e-02 -4.332629e-02 -1.250470e-02 -2.297370e-03
<VARIANCE> 25
 6.674870e+00 1.390278e+01 1.811677e+01 2.884703e+01 2.960810e+01 4.284560e+01 3.054053e+01 3.267551e+01 2.965703e+01 2.881367e+01 2.165594e+01 1.899769e+01 2.870875e-01 7.832192e-01 7.046570e-01 1.096136e+00 9.205204e-01 1.167541e+00 1.044931e+00 1.178861e+00 1.048638e+00 1.345709e+00 8.514127e-01 9.961432e-01 6.998529e-04
<GCONST> 7.500276e+01
<MIXTURE> 59 6.172147e-03
<MEAN> 25
 2.752049e+00 -2.840072e+00 7.112265e+00 -4.453639e+00 -1.221342e+01 -5.254247e+00 2.120717e+00 1.486305e+00 -2.783954e+00 2.069378e+00 5.944217e-01 -7.468003e-01 -2.815446e-02 -1.186838e-01 -5.866841e-02 -2.299059e-01 -1.617324e-01 1.858230e-01 3.601375e-01 1.842811e-01 4.339942e-02 -1.610559e-02 -4.332629e-02 -1.250470e-02 -2.297370e-03
<VARIANCE> 25
 6.674870e+00 1.390278e+01 1.811677e+01 2.884703e+01 2.960810e+01 4.284560e+01 3.054053e+01 3.267551e+01 2.965703e+01 2.881367e+01 2.165594e+01 1.899769e+01 2.870875e-01 7.832192e-01 7.046570e-01 1.096136e+00 9.205204e-01 1.167541e+00 1.044931e+00 1.178861e+00 1.048638e+00 1.345709e+00 8.514127e-01 9.961432e-01 6.998529e-04
<GCONST> 7.500276e+01
<MIXTURE> 60 4.479129e-03
<MEAN> 25
 -4.259721e+00 -6.641066e-01 -1.069871e+00 3.695983e+00 1.734591e+00 2.121650e+00 1.644435e+00 1.532969e+00 2.155341e+00 1.266867e+00 2.378595e+00 1.911921e+00 -2.928960e-02 5.666087e-02 1.007477e-01 1.292614e-01 1.287173e-01 1.296005e-01 1.792065e-01 3.208971e-01 5.461960e-01 6.650065e-01 5.545897e-01 3.023338e-01 -3.875880e-04
<VARIANCE> 25
 6.961664e+00 4.553554e+00 1.036158e+01 1.129911e+01 1.358323e+01 1.702841e+01 1.399984e+01 1.185715e+01 1.272842e+01 1.318179e+01 1.594833e+01 1.228463e+01 8.750142e-02 1.683061e-01 2.795408e-01 4.335044e-01 5.893502e-01 7.276909e-01 8.272034e-01 9.012656e-01 9.030117e-01 8.355730e-01 8.392982e-01 8.634398e-01 2.309334e-05
<GCONST> 5.637372e+01
<MIXTURE> 61 4.479129e-03
<MEAN> 25
 -4.259721e+00 -6.641066e-01 -1.069871e+00 3.695983e+00 1.734591e+00 2.121650e+00 1.644435e+00 1.532969e+00 2.155341e+00 1.266867e+00 2.378595e+00 1.911921e+00 -2.928960e-02 5.666087e-02 1.007477e-01 1.292614e-01 1.287173e-01 1.296005e-01 1.792065e-01 3.208971e-01 5.461960e-01 6.650065e-01 5.545897e-01 3.023338e-01 -3.875880e-04
<VARIANCE> 25
 6.961664e+00 4.553554e+00 1.036158e+01 1.129911e+01 1.358323e+01 1.702841e+01 1.399984e+01 1.185715e+01 1.272842e+01 1.318179e+01 1.594833e+01 1.228463e+01 8.750142e-02 1.683061e-01 2.795408e-01 4.335044e-01 5.893502e-01 7.276909e-01 8.272034e-01 9.012656e-01 9.030117e-01 8.355730e-01 8.392982e-01 8.634398e-01 2.309334e-05
<GCONST> 5.637372e+01
<MIXTURE> 62 3.278034e-03
<MEAN> 25
 -5.093548e+00 1.233117e+00 1.036777e+00 8.804958e+00 6.126395e+00 5.051553e+00 5.510681e+00 4.029907e+00 4.988065e+00 3.910435e+00 4.951032e+00 2.941651e+00 -1.002924e+00 -1.164143e+00 -9.510985e-01 -2.733813e-01 4.311873e-01 1.002370e+00 1.382178e+00 1.549392e+00 1.479998e+00 1.239180e+00 1.065776e+00 7.235432e-01 -1.254219e-03
<VARIANCE> 25
 9.854208e+00 1.001886e+01 1.312695e+01 1.676500e+01 1.737772e+01 1.749420e+01 1.970028e+01 1.908143e+01 1.880973e+01 1.870872e+01 2.162500e+01 1.478648e+01 4.009080e-01 4.332223e-01 5.546410e-01 7.812880e-01 1.037105e+00 1.194476e+00 1.251067e+00 1.278671e+00 1.327381e+00 1.368628e+00 1.397636e+00 1.370729e+00 1.652551e-05
<GCONST> 6.754433e+01
<MIXTURE> 63 4.351215e-03
<MEAN> 25
 -3.871173e+00 -1.014925e+00 -4.256019e+00 2.611485e+00 3.379610e+00 -8.073552e-01 3.111842e+00 9.060112e-01 2.044076e+00 -8.297402e-01 -1.614264e+00 1.796193e+00 -1.917690e-01 2.782856e-01 3.758851e-01 5.625769e-01 4.972073e-01 3.317132e-01 3.033915e-01 1.633834e-01 2.619467e-01 4.347081e-02 7.971124e-02 1.361341e-01 -4.349418e-03
<VARIANCE> 25
 8.258560e+00 1.980542e+01 1.639104e+01 1.743131e+01 1.530094e+01 2.706894e+01 2.327889e+01 2.228760e+01 2.875654e+01 1.881171e+01 2.032689e+01 1.679052e+01 3.011479e-01 4.013196e-01 5.526001e-01 6.306078e-01 9.651316e-01 1.232547e+00 1.210901e+00 1.257058e+00 1.256003e+00 1.380471e+00 1.227347e+00 1.133791e+00 2.161757e-04
<GCONST> 7.097086e+01
<MIXTURE> 64 4.351215e-03
<MEAN> 25
 -3.871173e+00 -1.014925e+00 -4.256019e+00 2.611485e+00 3.379610e+00 -8.073552e-01 3.111842e+00 9.060112e-01 2.044076e+00 -8.297402e-01 -1.614264e+00 1.796193e+00 -1.917690e-01 2.782856e-01 3.758851e-01 5.625769e-01 4.972073e-01 3.317132e-01 3.033915e-01 1.633834e-01 2.619467e-01 4.347081e-02 7.971124e-02 1.361341e-01 -4.349418e-03
<VARIANCE> 25
 8.258560e+00 1.980542e+01 1.639104e+01 1.743131e+01 1.530094e+01 2.706894e+01 2.327889e+01 2.228760e+01 2.875654e+01 1.881171e+01 2.032689e+01 1.679052e+01 3.011479e-01 4.013196e-01 5.526001e-01 6.306078e-01 9.651316e-01 1.232547e+00 1.210901e+00 1.257058e+00 1.256003e+00 1.380471e+00 1.227347e+00 1.133791e+00 2.161757e-04
<GCONST> 7.097086e+01
<MIXTURE> 65 1.721197e-02
<MEAN> 25
 7.590018e+00 2.050610e+00 1.139714e+00 1.359662e+00 -4.472634e+00 -4.834445e+00 -3.996475e+00 -4.869964e+00 -2.788374e+00 -1.564709e+00 -6.007762e+00 -1.757989e+00 2.765703e-01 8.869264e-02 1.661182e-01 1.525678e-01 -3.442014e-01 4.952300e-01 2.110193e-01 -1.579514e-01 -7.580350e-02 8.056839e-02 3.286725e-02 -3.293818e-01 -5.856626e-03
<VARIANCE> 25
 9.211231e+00 1.603731e+01 2.614267e+01 3.219630e+01 3.606430e+01 5.461664e+01 6.516774e+01 6.171300e+01 5.222796e+01 5.020266e+01 4.896367e+01 4.379117e+01 5.683740e-01 8.796151e-01 1.458586e+00 1.614260e+00 1.855476e+00 2.651901e+00 2.920633e+00 2.674865e+00 2.481853e+00 2.376923e+00 2.137628e+00 2.209108e+00 4.205584e-04
<GCONST> 8.847037e+01
<MIXTURE> 66 1.191532e-02
<MEAN> 25
 6.576298e+00 -3.949513e+00 -5.593589e+00 -4.604081e+00 1.312526e+00 -4.968221e+00 -6.796376e+00 1.188072e+00 6.943715e-01 -1.897415e+00 -6.069969e+00 -3.378424e+00 -7.093425e-02 1.641695e+00 2.190658e+00 2.283811e+00 -1.236217e+00 -1.252439e+00 8.090387e-02 -5.281251e-01 -1.228895e-01 -2.319492e-01 -2.019186e-01 9.973149e-01 -6.300621e-02
<VARIANCE> 25
 9.057095e+00 2.264903e+01 2.643588e+01 3.430646e+01 3.818070e+01 5.340549e+01 5.568885e+01 4.431927e+01 5.259613e+01 6.592801e+01 3.666074e+01 3.566130e+01 1.303062e+00 2.402727e+00 2.358148e+00 2.459116e+00 4.102654e+00 4.319195e+00 4.388052e+00 4.720926e+00 4.214811e+00 4.955762e+00 3.815708e+00 3.256482e+00 1.469750e-03
<GCONST> 9.667993e+01
<MIXTURE> 67 1.559142e-02
<MEAN> 25
 7.472580e+00 1.698366e+00 -5.930802e+00 -8.929165e+00 6.742874e-01 4.430463e+00 -2.638447e+00 -2.289630e+00 -3.249521e+00 1.216890e+00 1.745132e+00 -2.129033e-01 -9.536556e-01 1.945593e+00 7.449876e-01 2.711403e+00 1.553746e+00 -5.067782e-01 1.960689e+00 1.267963e-01 1.587605e-01 1.672682e-01 -5.977064e-01 3.167500e-01 -1.192432e-01
<VARIANCE> 25
 1.331785e+01 3.360545e+01 2.331713e+01 5.345965e+01 4.080741e+01 4.471109e+01 6.283276e+01 4.308199e+01 5.266216e+01 4.199318e+01 4.795611e+01 3.935097e+01 1.698297e+00 2.566615e+00 2.647421e+00 3.892945e+00 3.362866e+00 3.330410e+00 4.282248e+00 3.633795e+00 4.060128e+00 3.525948e+00 3.921000e+00 3.104328e+00 2.459237e-03
<GCONST> 9.795393e+01
<MIXTURE> 68 1.485092e-02
<MEAN> 25
 -2.160502e+00 -2.492093e+00 -4.028491e+00 1.183667e+00 5.186810e+00 -1.044639e+00 2.180274e+00 2.151870e+00 2.625681e+00 1.550742e+00 9.958191e-02 1.314760e+00 2.765025e+00 5.080676e-01 -1.493255e-01 -2.625629e+00 -2.316771e+00 -1.325021e+00 -2.446958e+00 -1.817638e+00 -1.577981e+00 -1.241830e+00 -1.833965e+00 -9.554514e-01 1.007506e-01
<VARIANCE> 25
 2.483403e+01 3.077112e+01 5.559410e+01 4.949743e+01 4.397849e+01 5.379663e+01 4.274889e+01 4.153889e+01 4.377023e+01 4.137141e+01 3.761450e+01 2.887024e+01 1.767412e+00 3.555424e+00 5.937608e+00 5.557565e+00 4.563358e+00 6.278321e+00 5.636381e+00 4.710766e+00 4.770208e+00 5.739374e+00 5.078745e+00 3.386831e+00 5.864733e-03
<GCONST> 1.032329e+02
<MIXTURE> 69 1.204884e-02
<MEAN> 25
 4.639611e+00 -4.210914e+00 -3.548893e+00 -3.565356e+00 -3.451014e+00 -7.856516e+00 -1.117588e+00 2.215509e+00 -2.708754e-01 -4.677658e+00 -5.662974e+00 9.260679e-01 1.682173e+00 -2.214244e+00 -1.338084e+00 -2.230878e+00 -5.211298e-01 -3.327049e-01 -4.765558e-01 6.096054e-01 -6.463432e-01 -1.420103e+00 -2.184202e+00 -1.811990e-01 6.210113e-02
<VARIANCE> 25
 8.993373e+00 2.179022e+01 2.663298e+01 2.612032e+01 4.279646e+01 3.559239e+01 4.874143e+01 3.134841e+01 3.999962e+01 3.809543e+01 3.115360e+01 2.461959e+01 3.524801e+00 2.936313e+00 3.328769e+00 3.698899e+00 5.741570e+00 5.012217e+00 7.132253e+00 6.047215e+00 5.869998e+00 5.962171e+00 4.397885e+00 3.683585e+00 2.451113e-03
<GCONST> 9.870200e+01
<MIXTURE> 70 1.329190e-02
<MEAN> 25
 6.851096e+00 -2.120638e+00 -3.825219e+00 -3.417681e+00 -5.753937e-01 -4.724095e-01 -7.992171e+00 -4.089891e+00 9.696542e-02 3.060893e+00 3.362673e-01 -4.632975e+00 1.830296e+00 -9.469484e-01 -7.467054e-01 -1.973581e+00 -1.486561e+00 1.236576e+00 -2.098215e+00 -3.491116e-01 2.328536e-01 2.005726e-01 7.655901e-01 -1.052375e+00 5.450176e-02
<VARIANCE> 25
 9.992426e+00 2.091594e+01 2.414745e+01 3.940112e+01 3.145666e+01 3.845166e+01 4.292727e+01 3.632391e+01 4.479097e+01 2.930022e+01 3.794197e+01 2.280862e+01 3.635081e+00 3.374728e+00 4.479134e+00 5.744471e+00 4.469666e+00 6.058907e+00 8.084388e+00 6.994390e+00 5.838296e+00 4.989379e+00 5.059942e+00 4.630438e+00 2.237294e-03
<GCONST> 1.000518e+02
<MIXTURE> 71 1.406903e-02
<MEAN> 25
 6.166967e+00 5.114943e+00 4.167233e+00 3.084170e+00 -3.271678e+00 -3.432537e+00 -3.360967e+00 -6.388187e+00 -4.568965e+00 -2.443858e+00 -5.175334e+00 -3.253244e+00 -1.558372e+00 -7.185055e-01 -2.364290e-01 -1.649736e+00 1.096849e+00 -1.700502e-01 5.066445e-03 1.493117e+00 3.173108e-01 -1.915232e-01 6.882416e-01 1.808578e-01 4.032557e-02
<VARIANCE> 25
 2.016874e+01 2.507368e+01 2.390688e+01 4.352576e+01 4.125187e+01 4.054315e+01 4.290937e+01 4.216164e+01 3.803058e+01 4.320238e+01 3.608426e+01 3.344876e+01 1.709015e+00 3.051203e+00 5.285863e+00 5.126322e+00 4.638653e+00 4.588993e+00 4.884362e+00 5.312338e+00 4.233035e+00 3.971412e+00 3.684585e+00 3.201936e+00 1.400589e-03
<GCONST> 9.852734e+01
<MIXTURE> 72 8.134747e-03
<MEAN> 25
 3.788314e+00 -3.708593e+00 5.445147e+00 -2.412422e+00 -1.040226e+01 -9.638415e+00 -2.432242e+00 1.933389e+00 -4.924140e+00 -2.200741e+00 -1.853199e+00 6.352342e-01 9.301999e-01 -7.841901e-01 -2.574489e+00 4.593169e-01 2.129847e+00 -6.680674e-01 -1.314910e+00 1.521618e+00 1.794119e+00 -5.844799e-01 -1.276334e+00 4.004776e-01 -5.995095e-03
<VARIANCE> 25
 1.074161e+01 1.953293e+01 3.276044e+01 3.873553e+01 3.217363e+01 3.331092e+01 4.098502e+01 3.602356e+01 4.355384e+01 4.118670e+01 3.881986e+01 2.844627e+01 4.316442e-01 1.023468e+00 2.018986e+00 1.471709e+00 2.189773e+00 2.392645e+00 3.054911e+00 2.721374e+00 2.671021e+00 2.976311e+00 2.046736e+00 2.119107e+00 5.449697e-04
<GCONST> 8.728436e+01
<MIXTURE> 73 1.213625e-02
<MEAN> 25
 -5.504223e+00 -9.454528e-01 -1.280309e+00 4.488448e+00 3.946043e+00 2.098430e+00 5.181656e+00 3.144732e+00 4.455372e+00 3.383250e+00 4.364903e+00 2.881936e+00 7.957812e-01 -1.061833e+00 -9.154072e-01 -2.487340e+00 -1.113762e+00 -1.691623e+00 -8.902320e-01 -3.438661e-01 -7.027281e-01 -6.014959e-01 -1.172278e+00 -3.625448e-01 1.505009e-01
<VARIANCE> 25
 1.244758e+01 1.338382e+01 1.469280e+01 2.448379e+01 2.357640e+01 2.503026e+01 2.083844e+01 2.107527e+01 1.729965e+01 1.812111e+01 2.180609e+01 1.558167e+01 3.830941e+00 2.919121e+00 5.679759e+00 4.805828e+00 6.116992e+00 4.412256e+00 4.111860e+00 4.453118e+00 4.351846e+00 4.137235e+00 3.546656e+00 2.608069e+00 4.307530e-03
<GCONST> 9.258108e+01
<MIXTURE> 74 1.756491e-02
<MEAN> 25
 3.496982e+00 -1.607724e+00 4.323848e+00 4.947730e-01 -8.275612e+00 -6.806194e+00 -2.365462e+00 1.637035e+00 -3.371402e+00 -2.648209e+00 -1.385974e+00 1.070053e-01 -9.975356e-02 2.049177e+00 -6.373583e-03 1.157472e+00 1.093670e+00 1.513217e-02 7.964653e-01 -1.070856e+00 3.031096e-01 3.542552e-01 -4.281180e-01 -1.616190e-01 -8.192388e-02
<VARIANCE> 25
 1.085702e+01 1.980274e+01 2.806629e+01 3.394011e+01 2.753799e+01 4.428317e+01 4.903248e+01 3.409782e+01 3.656558e+01 3.735218e+01 4.115502e+01 2.545345e+01 1.685004e+00 1.636234e+00 2.792474e+00 2.655208e+00 2.984109e+00 3.547299e+00 4.765660e+00 3.371987e+00 3.283120e+00 3.264322e+00 3.665796e+00 2.958668e+00 1.426600e-03
<GCONST> 9.323553e+01
<MIXTURE> 75 9.711651e-03
<MEAN> 25
 2.233990e+00 -2.597185e+00 1.000136e+01 3.017585e+00 -1.098181e+01 -7.339931e+00 -3.921876e+00 -2.166924e-01 -2.448117e+00 -5.300870e+00 2.116132e+00 1.430910e+00 1.788742e+00 -1.896940e+00 -3.035312e-01 5.176270e-02 -2.220319e+00 -7.556615e-01 -1.906902e+00 7.035645e-01 -8.728612e-02 2.004333e-02 1.207723e+00 -3.436086e-01 3.747335e-02
<VARIANCE> 25
 1.068235e+01 1.801529e+01 2.607692e+01 2.532971e+01 2.313103e+01 2.675427e+01 3.007192e+01 2.375516e+01 3.504481e+01 2.640257e+01 2.082066e+01 2.029412e+01 2.440022e+00 1.744267e+00 4.013126e+00 2.571429e+00 3.485998e+00 4.675882e+00 3.590572e+00 2.863088e+00 3.999613e+00 3.133830e+00 2.683651e+00 2.400463e+00 1.311792e-03
<GCONST> 9.023409e+01
<MIXTURE> 76 1.052359e-02
<MEAN> 25
 -6.089520e+00 -9.322912e-01 -9.144812e-01 3.446152e+00 4.499250e+00 8.455371e-01 3.135561e+00 1.568061e+00 4.141158e+00 -4.625893e-01 -6.409801e-01 2.138085e+00 -1.201274e-01 -5.493860e-01 -8.445130e-02 -6.474876e-01 -6.186448e-01 -7.789984e-01 -5.258528e-01 -1.526191e-01 -1.278726e-01 -3.103119e-01 -1.812319e-01 7.653272e-02 2.830879e-02
<VARIANCE> 25
 3.325113e+01 2.661458e+01 3.260993e+01 2.105974e+01 2.149413e+01 3.473975e+01 2.791187e+01 1.896873e+01 2.463850e+01 2.154462e+01 2.677054e+01 1.460654e+01 1.177955e+00 9.422409e-01 1.085921e+00 1.102728e+00 1.288614e+00 1.381495e+00 1.308999e+00 1.679398e+00 1.430990e+00 1.313476e+00 1.153090e+00 1.197711e+00 1.083575e-03
<GCONST> 8.017052e+01
<MIXTURE> 77 1.244626e-02
<MEAN> 25
 -4.697530e-01 8.585146e+00 1.245765e+01 -1.161594e+01 -7.002017e+00 9.568914e-01 -9.268183e+00 -7.235122e+00 -3.377579e+00 -2.007859e-01 -4.655344e+00 -1.487881e+00 6.793103e-02 1.378854e-01 7.235864e-02 2.505958e-01 -2.228892e-02 7.765400e-02 -6.346212e-02 -6.142654e-02 8.303311e-02 -4.606740e-02 2.584197e-02 1.172620e-01 -9.913337e-03
<VARIANCE> 25
 1.045975e+01 2.006183e+01 2.756727e+01 4.158910e+01 3.320446e+01 3.379184e+01 3.694324e+01 3.177592e+01 3.521922e+01 3.324235e+01 3.755265e+01 3.493494e+01 2.987623e-01 7.784746e-01 6.482268e-01 1.085659e+00 1.237268e+00 9.858809e-01 1.226247e+00 1.073936e+00 1.043415e+00 1.067668e+00 9.707677e-01 9.231210e-01 5.397878e-04
<GCONST> 7.781147e+01
<MIXTURE> 78 9.702551e-03
<MEAN> 25
 -1.124122e+01 1.669309e+00 2.586089e-01 1.835603e+00 3.686239e+00 -1.953586e+00 4.168410e+00 2.512153e+00 2.590507e+00 -8.694862e-01 -5.853249e-01 2.467112e+00 2.244302e+00 -4.996683e-01 1.838473e-01 6.964656e-01 -8.736131e-02 -6.605234e-02 -4.177073e-01 -9.928741e-03 3.591541e-01 2.043009e-01 -4.983138e-01 -2.885437e-01 -5.116279e-02
<VARIANCE> 25
 4.019641e+01 3.032504e+01 4.672481e+01 2.842779e+01 3.683998e+01 3.249784e+01 3.482188e+01 2.823377e+01 2.485002e+01 3.635513e+01 2.641472e+01 1.839961e+01 5.186000e+00 2.695789e+00 2.899540e+00 2.837504e+00 2.671928e+00 3.141529e+00 3.634000e+00 2.534864e+00 2.389044e+00 2.113613e+00 2.172912e+00 2.050373e+00 4.501395e-03
<GCONST> 9.401842e+01
<MIXTURE> 79 1.156824e-02
<MEAN> 25
 2.355976e+00 1.608276e+00 9.149715e+00 -6.539712e+00 -1.196748e+01 -1.834843e+00 -1.773490e+00 -6.402843e+00 -6.531200e+00 2.626960e-01 -3.519242e+00 -3.309744e+00 1.206174e+00 -5.122293e-01 -1.432690e+00 2.333746e+00 3.723927e-01 -1.466718e+00 5.470138e-01 8.778051e-01 -4.244639e-01 -5.571477e-01 3.527398e-01 2.681728e-01 -3.589660e-02
<VARIANCE> 25
 1.471553e+01 2.396614e+01 3.778978e+01 4.979281e+01 3.409236e+01 4.314449e+01 4.430047e+01 3.686141e+01 3.885328e+01 3.990811e+01 4.354472e+01 3.039135e+01 9.544878e-01 2.272419e+00 1.896390e+00 2.115281e+00 2.461318e+00 2.790159e+00 3.209361e+00 3.513783e+00 2.500300e+00 2.726107e+00 2.301999e+00 2.035799e+00 1.241538e-03
<GCONST> 9.186399e+01
<MIXTURE> 80 7.550998e-03
<MEAN> 25
 -1.460188e+01 3.983936e+00 7.138080e-01 2.855724e+00 2.454707e+00 1.408685e+00 6.393044e+00 2.485671e+00 2.712587e+00 2.353038e+00 4.837686e+00 1.190706e+00 4.281404e+00 -2.002753e-02 1.636436e+00 -1.132173e+00 -2.886229e+00 -2.772034e+00 -2.324070e+00 -2.016244e+00 -1.970815e+00 -1.682243e+00 -1.647018e+00 -6.007993e-01 -4.409973e-02
<VARIANCE> 25
 2.093262e+01 1.981132e+01 3.461669e+01 3.466880e+01 3.013171e+01 2.914046e+01 2.823933e+01 2.855877e+01 2.672089e+01 2.891644e+01 2.688947e+01 1.806990e+01 2.362510e+00 2.682414e+00 2.674408e+00 4.117771e+00 3.391009e+00 2.710900e+00 3.037118e+00 3.207448e+00 2.758278e+00 2.698859e+00 2.783766e+00 2.146274e+00 1.516681e-03
<GCONST> 9.141491e+01
<MIXTURE> 81 8.025434e-03
<MEAN> 25
 -1.147217e+00 4.072130e+00 1.016932e+01 -1.474864e+01 -9.040939e+00 -1.428769e+00 -6.685355e+00 -8.391673e+00 -4.150196e+00 -4.493826e-01 -7.551628e+00 -2.258808e+00 1.337400e-01 -5.782767e-01 -1.447630e-02 -5.551198e-01 -4.643783e-01 3.286411e-01 3.301491e-01 1.385502e-01 -1.387590e-01 9.548368e-02 -4.666929e-01 -1.316618e-01 1.145375e-02
<VARIANCE> 25
 1.026439e+01 3.264931e+01 2.635729e+01 2.974920e+01 3.386241e+01 3.038128e+01 4.657920e+01 2.836231e+01 3.781057e+01 3.197579e+01 2.528619e+01 3.093385e+01 7.690018e-01 2.282757e+00 1.566390e+00 2.859797e+00 2.650584e+00 2.125166e+00 3.286654e+00 2.279748e+00 2.347190e+00 2.551773e+00 2.288924e+00 2.076632e+00 1.178337e-03
<GCONST> 8.871802e+01
<MIXTURE> 82 8.213053e-03
<MEAN> 25
 -9.934005e+00 -3.762498e+00 1.546317e+00 -2.886685e+00 3.091244e+00 5.776737e-01 1.933468e+00 8.432782e-01 3.004559e+00 1.599867e+00 1.697670e+00 2.946523e+00 -1.321304e+00 -1.363203e-01 3.359027e-01 -2.579891e+00 -1.061272e+00 -1.237886e+00 -1.001055e+00 -8.397639e-01 -2.948578e-01 -4.768569e-01 -2.910152e-01 -1.066363e-01 1.757803e-01
<VARIANCE> 25
 1.798969e+01 2.588617e+01 3.258093e+01 3.045264e+01 3.225616e+01 3.229527e+01 3.146866e+01 3.272891e+01 3.047606e+01 2.552181e+01 3.044377e+01 1.818504e+01 3.757651e+00 2.992435e+00 3.479283e+00 3.264530e+00 3.563263e+00 3.243130e+00 2.893683e+00 3.021109e+00 2.810863e+00 2.459601e+00 2.494921e+00 1.837429e+00 3.570723e-03
<GCONST> 9.313546e+01
<MIXTURE> 83 1.167529e-02
<MEAN> 25
 -1.993515e+01 5.575360e+00 -1.700158e+00 -4.368575e-01 7.765551e+00 -1.240954e+00 5.581567e+00 3.004149e+00 1.175813e+00 1.997082e+00 6.237396e-01 2.823480e+00 -4.311929e-02 -4.671939e-01 4.014803e-02 -3.621201e-01 -4.571157e-01 -1.220961e-01 -1.901226e-01 -1.249299e-01 -5.659575e-02 -1.551709e-02 -1.952416e-02 -4.694234e-03 5.126547e-03
<VARIANCE> 25
 9.308718e+00 1.650711e+01 2.862103e+01 2.216907e+01 2.115273e+01 2.367815e+01 2.250389e+01 2.306247e+01 2.018386e+01 2.397608e+01 2.355835e+01 1.443575e+01 1.068980e+00 9.419895e-01 1.294311e+00 1.049234e+00 1.430789e+00 1.270435e+00 1.455842e+00 1.407493e+00 1.340066e+00 1.323053e+00 1.210625e+00 1.111141e+00 9.072866e-04
<GCONST> 7.740594e+01
<MIXTURE> 84 1.066614e-02
<MEAN> 25
 9.071032e-01 8.818806e+00 6.974455e+00 7.630852e+00 2.802605e+00 -1.185012e+00 -1.306156e+00 -4.137389e+00 -4.084301e+00 -2.927747e+00 -2.470018e+00 -1.735980e+00 -1.745682e+00 -1.112450e+00 -1.173702e+00 1.274265e+00 2.244490e+00 1.451324e+00 1.356559e+00 1.224131e+00 1.157105e+00 3.420202e-01 3.166899e-01 3.512870e-01 -6.793108e-02
<VARIANCE> 25
 2.336302e+01 1.794807e+01 2.149253e+01 2.479073e+01 2.867144e+01 2.950034e+01 2.926838e+01 2.724534e+01 2.433667e+01 2.489713e+01 2.347250e+01 2.353713e+01 2.015998e+00 2.685081e+00 3.811924e+00 3.174242e+00 3.203861e+00 3.442252e+00 3.377206e+00 3.359912e+00 3.295301e+00 3.123113e+00 3.879363e+00 2.752133e+00 3.614657e-03
<GCONST> 9.249466e+01
<MIXTURE> 85 7.591393e-03
<MEAN> 25
 -3.142028e+00 7.871788e+00 5.743940e+00 1.267415e+00 -3.464382e+00 -5.298001e+00 -2.964130e+00 -6.098614e+00 -3.528009e+00 -3.214487e+00 -4.859144e-01 -1.881397e+00 3.940283e+00 3.115880e-01 1.747649e+00 -2.077417e+00 -3.410265e+00 -2.576698e+00 -2.888449e+00 -2.332044e+00 -2.235811e+00 -1.260681e+00 -2.295123e+00 -6.109967e-01 9.204489e-03
<VARIANCE> 25
 4.251563e+01 2.343652e+01 3.639207e+01 3.816053e+01 3.982299e+01 4.118996e+01 3.218010e+01 2.790055e+01 2.657873e+01 2.627926e+01 2.612530e+01 2.055020e+01 2.700839e+00 4.364926e+00 4.071134e+00 5.210929e+00 4.397815e+00 3.873431e+00 3.859190e+00 3.990072e+00 3.883794e+00 4.028798e+00 3.940344e+00 3.483936e+00 5.422763e-03
<GCONST> 9.836848e+01
<MIXTURE> 86 1.273941e-02
<MEAN> 25
 -4.917776e+00 -1.326161e+00 -5.061910e-01 6.243348e+00 5.068099e+00 4.872038e+00 5.291678e+00 4.425035e+00 4.640410e+00 3.835772e+00 5.138745e+00 2.767361e+00 -2.002133e-02 8.456768e-03 -1.536249e-02 -8.735084e-02 -1.771732e-01 -1.476724e-01 -2.349864e-01 -4.230235e-01 -3.155887e-01 -2.707910e-01 -2.351060e-01 -1.189132e-01 -1.345602e-05
<VARIANCE> 25
 7.660982e+00 5.738453e+00 1.152878e+01 1.201669e+01 1.531245e+01 1.470569e+01 1.302511e+01 1.304127e+01 1.268811e+01 1.382728e+01 1.469753e+01 1.239725e+01 1.003825e-01 1.925757e-01 3.187516e-01 4.767592e-01 6.995125e-01 7.388844e-01 7.383221e-01 9.327092e-01 8.316464e-01 9.057702e-01 8.763637e-01 8.715797e-01 5.813884e-05
<GCONST> 5.841720e+01
<MIXTURE> 87 1.100681e-02
<MEAN> 25
 -3.483747e+00 4.072949e+00 3.504511e+00 6.644056e+00 5.411768e+00 1.625721e-01 1.457238e+00 -4.812298e-01 -4.502279e-01 -6.736192e-01 -6.848433e-01 -2.853743e-01 -1.940366e+00 -2.692863e+00 -1.940448e+00 -2.017009e+00 2.383567e-02 -1.108823e-01 5.762723e-01 1.229624e+00 1.521384e+00 8.591483e-01 6.850601e-01 7.599907e-01 1.015763e-01
<VARIANCE> 25
 3.463234e+01 2.846647e+01 2.616644e+01 3.227232e+01 2.655410e+01 3.781276e+01 2.620452e+01 2.863494e+01 2.320591e+01 2.423185e+01 2.611876e+01 2.200508e+01 3.734373e+00 2.505614e+00 4.201391e+00 3.841129e+00 4.356463e+00 4.033959e+00 4.072102e+00 3.528456e+00 3.330038e+00 3.191926e+00 3.756295e+00 2.891791e+00 4.497174e-03
<GCONST> 9.569086e+01
<MIXTURE> 88 1.256585e-02
<MEAN> 25
 -3.793141e+00 -2.494060e-01 -9.561621e-01 4.620344e+00 5.013624e+00 2.926645e+00 4.037717e+00 3.015422e+00 2.277544e+00 1.870896e+00 1.734907e+00 2.240663e+00 -1.708357e-01 -1.901164e-01 4.439660e-01 5.651024e-01 2.178357e-01 7.635587e-02 -2.640324e-01 -2.688372e-01 6.488051e-02 -4.685436e-01 -3.250666e-01 4.108108e-02 2.878168e-03
<VARIANCE> 25
 8.681632e+00 1.356761e+01 1.542221e+01 1.629641e+01 1.487557e+01 1.972940e+01 1.954651e+01 1.454576e+01 1.740891e+01 1.754860e+01 2.075325e+01 1.348016e+01 1.105711e+00 1.901575e+00 1.669436e+00 1.981420e+00 2.267263e+00 3.262642e+00 2.824734e+00 2.134319e+00 2.175087e+00 2.147045e+00 2.318590e+00 1.640567e+00 1.503238e-03
<GCONST> 8.104456e+01
<MIXTURE> 89 9.333527e-03
<MEAN> 25
 5.967828e+00 -5.662282e+00 -3.075786e+00 -1.420878e+00 -1.399065e+00 -4.934928e+00 -5.774332e+00 3.618037e+00 2.767381e+00 -2.621347e+00 -5.386456e+00 -3.590520e+00 -6.489632e-01 -1.211695e-01 1.906607e+00 8.493284e-01 -1.685978e+00 -1.524835e+00 7.635137e-01 1.345788e+00 -6.758776e-01 -1.430754e+00 5.595498e-01 1.478430e+00 -4.244352e-03
<VARIANCE> 25
 7.467079e+00 3.090333e+01 2.625034e+01 3.204177e+01 3.703798e+01 3.720065e+01 6.593259e+01 3.674460e+01 3.311784e+01 3.703618e+01 3.042140e+01 2.655964e+01 3.198201e-01 1.060753e+00 1.213383e+00 1.159478e+00 1.604254e+00 1.794176e+00 2.431360e+00 1.761001e+00 2.199700e+00 1.799762e+00 2.656341e+00 1.242120e+00 4.048189e-04
<GCONST> 8.347999e+01
<MIXTURE> 90 7.114505e-03
<MEAN> 25
 2.452867e+00 -9.706101e+00 -4.733519e+00 -3.957472e+00 -3.381682e+00 -1.821809e+00 3.367004e+00 1.192571e+00 -7.526389e+00 -1.018913e+01 -3.418618e+00 -7.358494e-01 -1.643784e-01 9.078806e-01 1.168140e+00 -8.541818e-01 -1.611564e+00 -2.097642e-01 6.442307e-01 -2.099274e-01 -1.690731e-01 7.385969e-01 1.829583e-01 -5.495597e-01 -1.114646e-02
<VARIANCE> 25
 8.481370e+00 1.787982e+01 1.997121e+01 2.819296e+01 3.675365e+01 3.219233e+01 3.843436e+01 3.637032e+01 3.515855e+01 2.794678e+01 2.700389e+01 2.608941e+01 2.241335e-01 6.132799e-01 7.857572e-01 1.041653e+00 1.468014e+00 1.591728e+00 1.777498e+00 1.650763e+00 1.807559e+00 1.680560e+00 1.492305e+00 1.307874e+00 2.157994e-04
<GCONST> 7.814728e+01
<MIXTURE> 91 7.852945e-03
<MEAN> 25
 6.154371e+00 -6.805905e+00 -8.373057e+00 -5.083631e+00 4.135438e+00 6.180305e-02 -2.042515e+00 6.490697e-01 6.934794e-01 -1.780456e+00 -4.866209e+00 -4.517429e+00 2.638248e-01 9.622436e-01 1.368225e-01 5.036290e-01 -4.479089e-02 -5.436519e-01 -2.982988e-01 -1.079670e-01 -1.546427e-01 4.043146e-01 -1.668202e-01 1.470695e-01 -3.430375e-02
<VARIANCE> 25
 9.480239e+00 2.562777e+01 1.816569e+01 3.932996e+01 3.369018e+01 5.555781e+01 5.352469e+01 3.686755e+01 4.775743e+01 6.908865e+01 3.721101e+01 4.000806e+01 4.703976e-01 8.162947e-01 1.114224e+00 1.424569e+00 2.189557e+00 2.345209e+00 2.398502e+00 2.190957e+00 2.411483e+00 2.198188e+00 2.011391e+00 1.784595e+00 5.870368e-04
<GCONST> 8.684626e+01
<MIXTURE> 92 7.852945e-03
<MEAN> 25
 6.154371e+00 -6.805905e+00 -8.373057e+00 -5.083631e+00 4.135438e+00 6.180305e-02 -2.042515e+00 6.490697e-01 6.934794e-01 -1.780456e+00 -4.866209e+00 -4.517429e+00 2.638248e-01 9.622436e-01 1.368225e-01 5.036290e-01 -4.479089e-02 -5.436519e-01 -2.982988e-01 -1.079670e-01 -1.546427e-01 4.043146e-01 -1.668202e-01 1.470695e-01 -3.430375e-02
<VARIANCE> 25
 9.480239e+00 2.562777e+01 1.816569e+01 3.932996e+01 3.369018e+01 5.555781e+01 5.352469e+01 3.686755e+01 4.775743e+01 6.908865e+01 3.721101e+01 4.000806e+01 4.703976e-01 8.162947e-01 1.114224e+00 1.424569e+00 2.189557e+00 2.345209e+00 2.398502e+00 2.190957e+00 2.411483e+00 2.198188e+00 2.011391e+00 1.784595e+00 5.870368e-04
<GCONST> 8.684626e+01
<MIXTURE> 93 6.122769e-03
<MEAN> 25
 -6.825656e+00 -9.609861e-01 -2.402098e+00 5.798148e+00 5.908297e+00 3.922559e+00 6.123458e+00 3.609071e+00 4.119490e+00 2.509355e+00 1.818338e+00 3.705779e+00 -6.163649e-02 -1.543839e-01 -2.573913e-01 -3.316768e-01 -3.337094e-01 -2.844381e-01 -2.177916e-01 -1.742742e-01 -1.666648e-01 -1.506083e-01 -1.044071e-01 -3.551315e-02 -3.833112e-06
<VARIANCE> 25
 9.094575e+00 6.029316e+00 8.185477e+00 1.136867e+01 1.149257e+01 1.598372e+01 1.527595e+01 1.644331e+01 1.475777e+01 1.454129e+01 1.678674e+01 1.344874e+01 8.272159e-02 1.533686e-01 2.637101e-01 3.806043e-01 4.978435e-01 6.423545e-01 7.793477e-01 8.872876e-01 9.167026e-01 8.761403e-01 8.923197e-01 9.179015e-01 9.999752e-07
<GCONST> 5.360279e+01
<MIXTURE> 94 6.122769e-03
<MEAN> 25
 -6.825656e+00 -9.609861e-01 -2.402098e+00 5.798148e+00 5.908297e+00 3.922559e+00 6.123458e+00 3.609071e+00 4.119490e+00 2.509355e+00 1.818338e+00 3.705779e+00 -6.163649e-02 -1.543839e-01 -2.573913e-01 -3.316768e-01 -3.337094e-01 -2.844381e-01 -2.177916e-01 -1.742742e-01 -1.666648e-01 -1.506083e-01 -1.044071e-01 -3.551315e-02 -3.833112e-06
<VARIANCE> 25
 9.094575e+00 6.029316e+00 8.185477e+00 1.136867e+01 1.149257e+01 1.598372e+01 1.527595e+01 1.644331e+01 1.475777e+01 1.454129e+01 1.678674e+01 1.344874e+01 8.272159e-02 1.533686e-01 2.637101e-01 3.806043e-01 4.978435e-01 6.423545e-01 7.793477e-01 8.872876e-01 9.167026e-01 8.761403e-01 8.923197e-01 9.179015e-01 9.999752e-07
<GCONST> 5.360279e+01
<MIXTURE> 95 5.258835e-03
<MEAN> 25
 -5.815223e+00 -7.377010e-01 -1.967004e+00 4.886124e+00 4.229437e+00 2.818669e+00 4.173167e+00 1.659200e+00 2.227731e+00 8.775044e-01 1.187534e+00 2.595110e+00 1.415402e-01 1.465481e-01 8.650671e-02 -8.233839e-02 -3.786363e-01 -7.130875e-01 -1.051610e+00 -1.283364e+00 -1.254262e+00 -9.881322e-01 -6.502138e-01 -3.073347e-01 -1.214582e-04
<VARIANCE> 25
 1.023210e+01 6.561362e+00 1.239610e+01 1.277981e+01 1.392219e+01 1.841591e+01 1.785487e+01 1.682786e+01 1.540376e+01 1.537108e+01 1.995466e+01 1.430504e+01 2.129155e-01 2.929166e-01 4.534605e-01 6.300362e-01 8.073274e-01 9.004953e-01 9.168663e-01 9.272423e-01 9.877495e-01 1.082392e+00 1.155722e+00 1.111539e+00 4.230674e-05
<GCONST> 6.333012e+01
<MIXTURE> 96 7.034694e-03
<MEAN> 25
 -5.090088e+00 -4.339577e-01 -2.234787e+00 5.170601e+00 3.875923e+00 1.775421e+00 3.546771e+00 1.811731e+00 2.449026e+00 9.532174e-01 1.145228e+00 2.828735e+00 -2.955075e-02 8.701748e-02 2.120083e-01 4.072446e-01 5.416216e-01 5.011008e-01 2.443773e-01 -1.267782e-01 -4.570233e-01 -6.467320e-01 -6.062406e-01 -3.631824e-01 -1.594198e-05
<VARIANCE> 25
 1.099656e+01 9.849856e+00 1.288001e+01 1.426057e+01 1.501307e+01 1.955437e+01 1.803450e+01 1.926488e+01 1.796204e+01 1.656497e+01 1.971354e+01 1.451748e+01 1.201285e-01 2.177828e-01 3.165062e-01 3.974343e-01 4.958874e-01 6.593114e-01 8.661677e-01 9.935340e-01 9.685333e-01 8.703609e-01 8.858771e-01 9.441512e-01 9.971903e-07
<GCONST> 5.757753e+01
<MIXTURE> 97 7.034694e-03
<MEAN> 25
 -5.090088e+00 -4.339577e-01 -2.234787e+00 5.170601e+00 3.875923e+00 1.775421e+00 3.546771e+00 1.811731e+00 2.449026e+00 9.532174e-01 1.145228e+00 2.828735e+00 -2.955075e-02 8.701748e-02 2.120083e-01 4.072446e-01 5.416216e-01 5.011008e-01 2.443773e-01 -1.267782e-01 -4.570233e-01 -6.467320e-01 -6.062406e-01 -3.631824e-01 -1.594198e-05
<VARIANCE> 25
 1.099656e+01 9.849856e+00 1.288001e+01 1.426057e+01 1.501307e+01 1.955437e+01 1.803450e+01 1.926488e+01 1.796204e+01 1.656497e+01 1.971354e+01 1.451748e+01 1.201285e-01 2.177828e-01 3.165062e-01 3.974343e-01 4.958874e-01 6.593114e-01 8.661677e-01 9.935340e-01 9.685333e-01 8.703609e-01 8.858771e-01 9.441512e-01 9.971903e-07
<GCONST> 5.757753e+01
<MIXTURE> 98 9.917808e-03
<MEAN> 25
 -1.544464e+00 1.236279e+00 -2.169119e-01 3.936682e+00 3.845898e+00 2.703436e+00 3.291657e+00 1.134268e+00 1.363281e+00 1.190858e+00 6.849931e-01 8.630237e-01 -1.707980e+00 -1.540254e+00 -7.683901e-01 1.933185e-01 4.042732e-01 6.313527e-01 1.119469e+00 1.394844e+00 1.671014e+00 9.884775e-01 1.314117e+00 8.568074e-01 -2.315511e-02
<VARIANCE> 25
 1.355619e+01 2.002648e+01 2.941754e+01 3.266072e+01 3.845098e+01 3.445534e+01 3.116678e+01 3.184101e+01 2.529630e+01 3.015738e+01 2.739756e+01 2.204678e+01 1.320753e+00 1.523136e+00 2.534185e+00 2.212636e+00 3.006177e+00 2.994307e+00 2.790779e+00 2.503724e+00 2.402264e+00 2.798095e+00 2.666722e+00 2.086180e+00 2.973440e-03
<GCONST> 8.991647e+01
<MIXTURE> 99 6.696178e-03
<MEAN> 25
 -6.812757e+00 9.323906e+00 6.329962e+00 2.491306e+00 1.142085e+00 -4.669664e+00 3.235308e-01 -3.293374e+00 -2.797966e+00 -4.533032e+00 -1.962960e+00 3.098046e-02 4.444999e-01 -6.430531e-01 2.821531e-01 -3.216362e-01 -8.975559e-01 -4.893008e-01 -3.852450e-01 -1.957802e-01 -1.307378e-01 -8.547898e-02 2.207922e-01 1.790113e-01 1.265454e-02
<VARIANCE> 25
 3.440862e+01 2.319753e+01 4.372281e+01 3.009466e+01 3.153450e+01 3.148834e+01 4.429043e+01 2.724854e+01 2.591863e+01 2.862100e+01 2.037569e+01 2.521033e+01 2.140758e+00 2.028562e+00 2.008511e+00 1.509336e+00 2.654266e+00 1.810883e+00 2.545698e+00 1.634522e+00 1.496433e+00 1.643600e+00 1.164487e+00 1.388094e+00 1.363505e-03
<GCONST> 8.701444e+01
<MIXTURE> 100 4.498084e-03
<MEAN> 25
 -1.599332e+00 6.344453e+00 1.027705e+01 -7.462287e+00 -1.078115e+01 -5.074997e+00 -4.940907e+00 -9.968136e+00 -4.717828e+00 -8.556957e-01 -2.733335e+00 -2.707886e+00 2.917860e+00 -1.260378e+00 1.299389e+00 -2.185752e+00 -3.419375e+00 -7.841734e-01 -1.218739e+00 -8.197833e-01 -1.475410e+00 3.465972e-01 -1.655503e+00 -2.863176e-01 2.015301e-03
<VARIANCE> 25
 1.362813e+01 2.106002e+01 2.245986e+01 2.642805e+01 2.302728e+01 2.372118e+01 2.911784e+01 2.171091e+01 2.748238e+01 2.265481e+01 2.240948e+01 2.134099e+01 1.799184e+00 3.954007e+00 2.920606e+00 4.286567e+00 4.184307e+00 4.536869e+00 4.015549e+00 4.340040e+00 4.167990e+00 3.895896e+00 3.910231e+00 3.224948e+00 1.674711e-03
<GCONST> 9.256956e+01
<MIXTURE> 101 6.007792e-03
<MEAN> 25
 7.103921e+00 -3.933991e+00 -5.468991e+00 -5.342081e+00 -4.502085e-01 1.620119e-01 -1.159381e+01 -2.339828e+00 1.542389e+00 2.838616e+00 -6.721270e-01 -4.318255e+00 7.537780e-01 6.970298e-01 -1.479485e+00 -1.655706e+00 8.524072e-01 2.310687e+00 1.121002e-01 -1.401298e+00 -1.365579e+00 1.247052e+00 1.458514e+00 -1.812718e-01 -1.306018e-03
<VARIANCE> 25
 9.679841e+00 1.397940e+01 2.563194e+01 4.425335e+01 3.573347e+01 3.441570e+01 3.459074e+01 2.927613e+01 3.194727e+01 3.887756e+01 4.864359e+01 2.074918e+01 3.422208e-01 6.227626e-01 1.032797e+00 1.388140e+00 1.439678e+00 1.894587e+00 2.155513e+00 1.730804e+00 2.231863e+00 1.907602e+00 1.580297e+00 2.027863e+00 3.341843e-04
<GCONST> 8.170866e+01
<MIXTURE> 102 6.007792e-03
<MEAN> 25
 7.103921e+00 -3.933991e+00 -5.468991e+00 -5.342081e+00 -4.502085e-01 1.620119e-01 -1.159381e+01 -2.339828e+00 1.542389e+00 2.838616e+00 -6.721270e-01 -4.318255e+00 7.537780e-01 6.970298e-01 -1.479485e+00 -1.655706e+00 8.524072e-01 2.310687e+00 1.121002e-01 -1.401298e+00 -1.365579e+00 1.247052e+00 1.458514e+00 -1.812718e-01 -1.306018e-03
<VARIANCE> 25
 9.679841e+00 1.397940e+01 2.563194e+01 4.425335e+01 3.573347e+01 3.441570e+01 3.459074e+01 2.927613e+01 3.194727e+01 3.887756e+01 4.864359e+01 2.074918e+01 3.422208e-01 6.227626e-01 1.032797e+00 1.388140e+00 1.439678e+00 1.894587e+00 2.155513e+00 1.730804e+00 2.231863e+00 1.907602e+00 1.580297e+00 2.027863e+00 3.341843e-04
<GCONST> 8.170866e+01
<MIXTURE> 103 5.694618e-03
<MEAN> 25
 3.367367e+00 -9.465562e+00 -6.119890e+00 -3.078890e+00 -1.335574e+00 -1.974992e+00 2.447074e+00 2.518932e+00 -4.604688e+00 -9.246573e+00 -5.063954e+00 3.570102e-01 -1.574452e-01 -1.488945e+00 -9.780411e-01 3.769928e-01 1.210544e+00 1.018257e+00 1.573887e-01 -2.671357e-01 -7.802394e-01 -9.465329e-01 -3.474827e-02 1.215376e-01 2.694570e-02
<VARIANCE> 25
 1.033163e+01 2.045169e+01 2.301612e+01 3.173473e+01 4.804629e+01 3.498438e+01 4.647952e+01 3.664754e+01 4.212598e+01 2.938420e+01 3.004285e+01 2.640570e+01 6.436629e-01 1.250682e+00 1.542425e+00 1.941240e+00 2.930703e+00 2.411649e+00 2.889308e+00 2.575155e+00 2.562353e+00 2.522389e+00 2.097573e+00 2.015486e+00 8.063669e-04
<GCONST> 8.758564e+01
<MIXTURE> 104 5.694618e-03
<MEAN> 25
 3.367367e+00 -9.465562e+00 -6.119890e+00 -3.078890e+00 -1.335574e+00 -1.974992e+00 2.447074e+00 2.518932e+00 -4.604688e+00 -9.246573e+00 -5.063954e+00 3.570102e-01 -1.574452e-01 -1.488945e+00 -9.780411e-01 3.769928e-01 1.210544e+00 1.018257e+00 1.573887e-01 -2.671357e-01 -7.802394e-01 -9.465329e-01 -3.474827e-02 1.215376e-01 2.694570e-02
<VARIANCE> 25
 1.033163e+01 2.045169e+01 2.301612e+01 3.173473e+01 4.804629e+01 3.498438e+01 4.647952e+01 3.664754e+01 4.212598e+01 2.938420e+01 3.004285e+01 2.640570e+01 6.436629e-01 1.250682e+00 1.542425e+00 1.941240e+00 2.930703e+00 2.411649e+00 2.889308e+00 2.575155e+00 2.562353e+00 2.522389e+00 2.097573e+00 2.015486e+00 8.063669e-04
<GCONST> 8.758564e+01
<MIXTURE> 105 4.710235e-03
<MEAN> 25
 2.254057e+00 -1.681085e+00 9.044318e+00 -2.254684e+00 -1.132243e+01 -5.195575e+00 -3.886428e+00 -5.532882e-01 -3.737631e+00 -2.904799e+00 1.664977e+00 -9.495218e-01 1.345313e-02 1.799640e-02 3.804665e-02 -3.039485e-02 1.230507e-02 5.284182e-02 -7.709412e-03 7.345051e-02 -5.235635e-02 2.062152e-02 1.735366e-02 -5.396204e-02 -1.932808e-03
<VARIANCE> 25
 1.293027e+01 2.885629e+01 4.085706e+01 4.993462e+01 3.891734e+01 5.345747e+01 4.237983e+01 4.348030e+01 3.869342e+01 4.319885e+01 4.140995e+01 3.120336e+01 8.178166e-02 1.894027e-01 3.372634e-01 3.047689e-01 3.693371e-01 4.171305e-01 4.565108e-01 4.917963e-01 4.868448e-01 4.295325e-01 4.124616e-01 4.171157e-01 8.870177e-05
<GCONST> 6.677245e+01
<MIXTURE> 106 4.710235e-03
<MEAN> 25
 2.254057e+00 -1.681085e+00 9.044318e+00 -2.254684e+00 -1.132243e+01 -5.195575e+00 -3.886428e+00 -5.532882e-01 -3.737631e+00 -2.904799e+00 1.664977e+00 -9.495218e-01 1.345313e-02 1.799640e-02 3.804665e-02 -3.039485e-02 1.230507e-02 5.284182e-02 -7.709412e-03 7.345051e-02 -5.235635e-02 2.062152e-02 1.735366e-02 -5.396204e-02 -1.932808e-03
<VARIANCE> 25
 1.293027e+01 2.885629e+01 4.085706e+01 4.993462e+01 3.891734e+01 5.345747e+01 4.237983e+01 4.348030e+01 3.869342e+01 4.319885e+01 4.140995e+01 3.120336e+01 8.178166e-02 1.894027e-01 3.372634e-01 3.047689e-01 3.693371e-01 4.171305e-01 4.565108e-01 4.917963e-01 4.868448e-01 4.295325e-01 4.124616e-01 4.171157e-01 8.870177e-05
<GCONST> 6.677245e+01
<MIXTURE> 107 5.452374e-03
<MEAN> 25
 8.201247e+00 -2.123684e+00 -7.569008e+00 -8.322411e+00 1.219968e+00 3.094671e+00 -9.049739e+00 -4.516495e+00 -1.332957e+00 3.054063e+00 8.645520e-01 -5.085335e+00 -6.010544e-01 -9.259458e-01 9.229420e-01 1.797689e+00 3.905866e-02 -1.896339e+00 -1.134461e+00 8.762659e-01 1.842029e+00 -1.434159e-01 -1.536830e+00 -7.741578e-01 2.257823e-03
<VARIANCE> 25
 9.646741e+00 1.919979e+01 2.690212e+01 5.070748e+01 3.666798e+01 3.473876e+01 5.145655e+01 3.237016e+01 4.323428e+01 3.847433e+01 4.569503e+01 2.821939e+01 3.310124e-01 1.187722e+00 1.394188e+00 2.168837e+00 2.348779e+00 2.634949e+00 3.186906e+00 2.393859e+00 2.190509e+00 3.090524e+00 1.846976e+00 2.004302e+00 8.826094e-04
<GCONST> 8.774944e+01
<MIXTURE> 108 5.452374e-03
<MEAN> 25
 8.201247e+00 -2.123684e+00 -7.569008e+00 -8.322411e+00 1.219968e+00 3.094671e+00 -9.049739e+00 -4.516495e+00 -1.332957e+00 3.054063e+00 8.645520e-01 -5.085335e+00 -6.010544e-01 -9.259458e-01 9.229420e-01 1.797689e+00 3.905866e-02 -1.896339e+00 -1.134461e+00 8.762659e-01 1.842029e+00 -1.434159e-01 -1.536830e+00 -7.741578e-01 2.257823e-03
<VARIANCE> 25
 9.646741e+00 1.919979e+01 2.690212e+01 5.070748e+01 3.666798e+01 3.473876e+01 5.145655e+01 3.237016e+01 4.323428e+01 3.847433e+01 4.569503e+01 2.821939e+01 3.310124e-01 1.187722e+00 1.394188e+00 2.168837e+00 2.348779e+00 2.634949e+00 3.186906e+00 2.393859e+00 2.190509e+00 3.090524e+00 1.846976e+00 2.004302e+00 8.826094e-04
<GCONST> 8.774944e+01
<MIXTURE> 109 6.661064e-03
<MEAN> 25
 4.081985e+00 -1.049715e+01 -8.289836e+00 -1.362816e+00 2.769643e+00 -4.531216e-02 -6.564218e-02 1.464904e+00 -2.564751e+00 -8.294043e+00 -5.387311e+00 5.791107e-02 -3.255409e-02 -1.307499e-01 -3.386997e-02 2.526823e-01 1.935587e-01 1.164968e-01 -1.266582e-01 -1.060318e-01 -4.235596e-02 -1.320561e-01 2.194046e-01 1.369113e-02 -3.530151e-03
<VARIANCE> 25
 9.054584e+00 1.870382e+01 2.001844e+01 3.135767e+01 4.076557e+01 3.671897e+01 4.650038e+01 3.429699e+01 4.591248e+01 3.648457e+01 2.954041e+01 2.814483e+01 1.931110e-01 4.226897e-01 5.375267e-01 6.359133e-01 1.230380e+00 9.920111e-01 1.255417e+00 1.089511e+00 1.120608e+00 9.522604e-01 8.753464e-01 8.837316e-01 1.813980e-04
<GCONST> 7.448026e+01
<MIXTURE> 110 6.661064e-03
<MEAN> 25
 4.081985e+00 -1.049715e+01 -8.289836e+00 -1.362816e+00 2.769643e+00 -4.531216e-02 -6.564218e-02 1.464904e+00 -2.564751e+00 -8.294043e+00 -5.387311e+00 5.791107e-02 -3.255409e-02 -1.307499e-01 -3.386997e-02 2.526823e-01 1.935587e-01 1.164968e-01 -1.266582e-01 -1.060318e-01 -4.235596e-02 -1.320561e-01 2.194046e-01 1.369113e-02 -3.530151e-03
<VARIANCE> 25
 9.054584e+00 1.870382e+01 2.001844e+01 3.135767e+01 4.076557e+01 3.671897e+01 4.650038e+01 3.429699e+01 4.591248e+01 3.648457e+01 2.954041e+01 2.814483e+01 1.931110e-01 4.226897e-01 5.375267e-01 6.359133e-01 1.230380e+00 9.920111e-01 1.255417e+00 1.089511e+00 1.120608e+00 9.522604e-01 8.753464e-01 8.837316e-01 1.813980e-04
<GCONST> 7.448026e+01
<MIXTURE> 111 4.337247e-03
<MEAN> 25
 -4.467738e+00 -9.070166e-01 -1.704999e+00 1.686405e+00 9.649048e-01 9.706035e-01 3.200747e-01 2.131335e-01 8.744419e-02 -5.355485e-01 -6.337128e-01 1.958919e+00 -2.189690e-02 -3.202606e-02 -7.257811e-02 -7.466710e-02 -3.865881e-02 5.808388e-03 -1.809214e-04 -5.940266e-02 -1.386283e-01 -2.013057e-01 -1.908326e-01 -1.072859e-01 -2.231566e-04
<VARIANCE> 25
 7.049299e+00 4.974039e+00 1.033606e+01 9.395397e+00 1.310204e+01 2.385426e+01 1.465663e+01 1.317640e+01 1.159667e+01 1.192451e+01 1.363120e+01 1.159184e+01 7.996482e-02 1.637935e-01 2.755446e-01 4.216289e-01 5.702541e-01 7.047325e-01 8.005852e-01 8.581747e-01 8.944410e-01 8.573716e-01 8.614778e-01 8.492838e-01 2.243638e-05
<GCONST> 5.602231e+01
<MIXTURE> 112 4.337247e-03
<MEAN> 25
 -4.467738e+00 -9.070166e-01 -1.704999e+00 1.686405e+00 9.649048e-01 9.706035e-01 3.200747e-01 2.131335e-01 8.744419e-02 -5.355485e-01 -6.337128e-01 1.958919e+00 -2.189690e-02 -3.202606e-02 -7.257811e-02 -7.466710e-02 -3.865881e-02 5.808388e-03 -1.809214e-04 -5.940266e-02 -1.386283e-01 -2.013057e-01 -1.908326e-01 -1.072859e-01 -2.231566e-04
<VARIANCE> 25
 7.049299e+00 4.974039e+00 1.033606e+01 9.395397e+00 1.310204e+01 2.385426e+01 1.465663e+01 1.317640e+01 1.159667e+01 1.192451e+01 1.363120e+01 1.159184e+01 7.996482e-02 1.637935e-01 2.755446e-01 4.216289e-01 5.702541e-01 7.047325e-01 8.005852e-01 8.581747e-01 8.944410e-01 8.573716e-01 8.614778e-01 8.492838e-01 2.243638e-05
<GCONST> 5.602231e+01
<MIXTURE> 113 5.938666e-03
<MEAN> 25
 9.157027e+00 1.293023e+00 -8.187852e+00 -1.568627e+01 -9.467683e-01 6.191250e+00 -5.546581e+00 -2.047945e+00 -5.449031e+00 4.051007e-01 1.185615e+00 5.329384e-01 -3.424555e-02 -5.412830e-02 -2.742712e-02 -1.856116e-01 1.252015e-01 1.815253e-01 6.383447e-03 -2.936487e-04 1.595739e-02 -2.591179e-02 9.585129e-02 3.537822e-02 -2.639981e-03
<VARIANCE> 25
 9.583963e+00 1.475790e+01 2.585191e+01 3.607533e+01 4.390127e+01 2.934058e+01 3.549404e+01 3.407264e+01 3.092990e+01 4.165359e+01 3.354626e+01 2.657875e+01 1.154438e-01 3.448713e-01 3.359970e-01 6.693465e-01 5.997031e-01 6.458322e-01 7.092907e-01 7.552953e-01 9.127991e-01 8.360016e-01 6.325673e-01 7.270864e-01 1.223122e-04
<GCONST> 6.960540e+01
<MIXTURE> 114 5.938666e-03
<MEAN> 25
 9.157027e+00 1.293023e+00 -8.187852e+00 -1.568627e+01 -9.467683e-01 6.191250e+00 -5.546581e+00 -2.047945e+00 -5.449031e+00 4.051007e-01 1.185615e+00 5.329384e-01 -3.424555e-02 -5.412830e-02 -2.742712e-02 -1.856116e-01 1.252015e-01 1.815253e-01 6.383447e-03 -2.936487e-04 1.595739e-02 -2.591179e-02 9.585129e-02 3.537822e-02 -2.639981e-03
<VARIANCE> 25
 9.583963e+00 1.475790e+01 2.585191e+01 3.607533e+01 4.390127e+01 2.934058e+01 3.549404e+01 3.407264e+01 3.092990e+01 4.165359e+01 3.354626e+01 2.657875e+01 1.154438e-01 3.448713e-01 3.359970e-01 6.693465e-01 5.997031e-01 6.458322e-01 7.092907e-01 7.552953e-01 9.127991e-01 8.360016e-01 6.325673e-01 7.270864e-01 1.223122e-04
<GCONST> 6.960540e+01
<MIXTURE> 115 2.935202e-03
<MEAN> 25
 -3.737127e+00 -7.350542e-01 -3.117999e+00 3.725527e+00 2.408214e+00 -7.382367e-01 2.078027e+00 4.629600e-01 1.609297e+00 4.364434e-02 -2.746981e-01 2.742896e+00 7.801069e-02 -7.213287e-02 -2.384945e-01 -4.209192e-01 -6.552196e-01 -6.941947e-01 -5.227028e-01 -4.659406e-01 -4.803964e-01 -3.916728e-01 -3.426712e-01 -1.555280e-01 3.868832e-05
<VARIANCE> 25
 1.080418e+01 9.493959e+00 1.379792e+01 1.251580e+01 1.312084e+01 1.950526e+01 1.712372e+01 2.015819e+01 1.910669e+01 1.680061e+01 2.120290e+01 1.439405e+01 2.503780e-01 3.383239e-01 4.701416e-01 5.686694e-01 6.187825e-01 7.888619e-01 1.085529e+00 1.126362e+00 1.031532e+00 1.057071e+00 9.834916e-01 1.027164e+00 9.980538e-07
<GCONST> 6.058583e+01
<MIXTURE> 116 2.935202e-03
<MEAN> 25
 -3.737127e+00 -7.350542e-01 -3.117999e+00 3.725527e+00 2.408214e+00 -7.382367e-01 2.078027e+00 4.629600e-01 1.609297e+00 4.364434e-02 -2.746981e-01 2.742896e+00 7.801069e-02 -7.213287e-02 -2.384945e-01 -4.209192e-01 -6.552196e-01 -6.941947e-01 -5.227028e-01 -4.659406e-01 -4.803964e-01 -3.916728e-01 -3.426712e-01 -1.555280e-01 3.868832e-05
<VARIANCE> 25
 1.080418e+01 9.493959e+00 1.379792e+01 1.251580e+01 1.312084e+01 1.950526e+01 1.712372e+01 2.015819e+01 1.910669e+01 1.680061e+01 2.120290e+01 1.439405e+01 2.503780e-01 3.383239e-01 4.701416e-01 5.686694e-01 6.187825e-01 7.888619e-01 1.085529e+00 1.126362e+00 1.031532e+00 1.057071e+00 9.834916e-01 1.027164e+00 9.980538e-07
<GCONST> 6.058583e+01
<MIXTURE> 117 6.506003e-03
<MEAN> 25
 -4.644400e+00 1.118113e+00 1.054537e+00 9.758227e+00 6.260102e+00 6.255807e+00 6.462984e+00 5.044461e+00 6.385252e+00 4.929013e+00 6.366794e+00 2.709721e+00 -7.502171e-02 -2.341211e-01 -3.583493e-01 -4.198899e-01 -3.674113e-01 -3.026440e-01 -2.873320e-01 -3.314403e-01 -3.916495e-01 -3.688812e-01 -2.630795e-01 -1.158960e-01 -9.042996e-06
<VARIANCE> 25
 7.187646e+00 8.754539e+00 9.808981e+00 1.430837e+01 1.561750e+01 1.535475e+01 1.772532e+01 1.795985e+01 1.640410e+01 1.637088e+01 1.674202e+01 1.475291e+01 2.165948e-01 3.074931e-01 4.261096e-01 6.171986e-01 8.538218e-01 1.055381e+00 1.177480e+00 1.232838e+00 1.224178e+00 1.194902e+00 1.167143e+00 1.113702e+00 9.999474e-07
<GCONST> 6.042927e+01
<MIXTURE> 118 6.506003e-03
<MEAN> 25
 -4.644400e+00 1.118113e+00 1.054537e+00 9.758227e+00 6.260102e+00 6.255807e+00 6.462984e+00 5.044461e+00 6.385252e+00 4.929013e+00 6.366794e+00 2.709721e+00 -7.502171e-02 -2.341211e-01 -3.583493e-01 -4.198899e-01 -3.674113e-01 -3.026440e-01 -2.873320e-01 -3.314403e-01 -3.916495e-01 -3.688812e-01 -2.630795e-01 -1.158960e-01 -9.042996e-06
<VARIANCE> 25
 7.187646e+00 8.754539e+00 9.808981e+00 1.430837e+01 1.561750e+01 1.535475e+01 1.772532e+01 1.795985e+01 1.640410e+01 1.637088e+01 1.674202e+01 1.475291e+01 2.165948e-01 3.074931e-01 4.261096e-01 6.171986e-01 8.538218e-01 1.055381e+00 1.177480e+00 1.232838e+00 1.224178e+00 1.194902e+00 1.167143e+00 1.113702e+00 9.999474e-07
<GCONST> 6.042927e+01
<MIXTURE> 119 4.297961e-03
<MEAN> 25
 -4.850196e+00 -7.578588e+00 2.303179e+00 2.218692e+00 2.223276e+00 1.507559e-01 5.255046e+00 5.840443e+00 1.195680e+00 1.041551e+00 6.464017e+00 1.624965e+00 -5.575420e-02 -7.893030e-02 3.982350e-02 -5.149684e-02 -1.280246e-01 -1.684844e-01 -6.150243e-02 -2.320608e-02 -8.478389e-02 -1.081389e-01 -5.894160e-02 -7.140432e-02 1.433690e-03
<VARIANCE> 25
 9.372559e+00 9.731276e+00 1.624530e+01 2.136691e+01 2.290621e+01 2.585483e+01 2.421500e+01 2.632450e+01 2.477897e+01 2.759355e+01 2.115675e+01 2.035320e+01 1.618445e-01 2.794901e-01 4.510995e-01 6.279666e-01 8.122711e-01 9.873621e-01 1.071765e+00 1.312254e+00 1.262723e+00 1.227106e+00 1.159572e+00 1.104461e+00 2.285172e-04
<GCONST> 6.980846e+01
<MIXTURE> 120 4.297961e-03
<MEAN> 25
 -4.850196e+00 -7.578588e+00 2.303179e+00 2.218692e+00 2.223276e+00 1.507559e-01 5.255046e+00 5.840443e+00 1.195680e+00 1.041551e+00 6.464017e+00 1.624965e+00 -5.575420e-02 -7.893030e-02 3.982350e-02 -5.149684e-02 -1.280246e-01 -1.684844e-01 -6.150243e-02 -2.320608e-02 -8.478389e-02 -1.081389e-01 -5.894160e-02 -7.140432e-02 1.433690e-03
<VARIANCE> 25
 9.372559e+00 9.731276e+00 1.624530e+01 2.136691e+01 2.290621e+01 2.585483e+01 2.421500e+01 2.632450e+01 2.477897e+01 2.759355e+01 2.115675e+01 2.035320e+01 1.618445e-01 2.794901e-01 4.510995e-01 6.279666e-01 8.122711e-01 9.873621e-01 1.071765e+00 1.312254e+00 1.262723e+00 1.227106e+00 1.159572e+00 1.104461e+00 2.285172e-04
<GCONST> 6.980846e+01
<MIXTURE> 121 4.567511e-03
<MEAN> 25
 2.034164e-01 -2.516804e+00 5.152710e+00 -1.289306e+01 -1.263451e+01 -1.665247e+00 1.006998e+00 -5.102390e+00 -4.199861e+00 -4.932126e-01 -5.504279e+00 -4.313049e+00 2.402880e-02 1.328934e-01 -4.296290e-02 7.933095e-02 1.580242e-01 7.785006e-02 -7.752790e-02 -1.824747e-01 -2.680053e-01 -2.592106e-01 -1.141287e-01 4.808334e-04 -7.429396e-03
<VARIANCE> 25
 7.760344e+00 1.564294e+01 1.728463e+01 2.043293e+01 2.452657e+01 2.922505e+01 2.957650e+01 2.459137e+01 3.525160e+01 2.834895e+01 1.974172e+01 2.116218e+01 1.549670e-01 6.432632e-01 6.260376e-01 7.044628e-01 7.707823e-01 1.150148e+00 1.121315e+00 1.120515e+00 1.216618e+00 1.194258e+00 9.408270e-01 8.729438e-01 2.107735e-04
<GCONST> 7.141455e+01
<MIXTURE> 122 4.567511e-03
<MEAN> 25
 2.034164e-01 -2.516804e+00 5.152710e+00 -1.289306e+01 -1.263451e+01 -1.665247e+00 1.006998e+00 -5.102390e+00 -4.199861e+00 -4.932126e-01 -5.504279e+00 -4.313049e+00 2.402880e-02 1.328934e-01 -4.296290e-02 7.933095e-02 1.580242e-01 7.785006e-02 -7.752790e-02 -1.824747e-01 -2.680053e-01 -2.592106e-01 -1.141287e-01 4.808334e-04 -7.429396e-03
<VARIANCE> 25
 7.760344e+00 1.564294e+01 1.728463e+01 2.043293e+01 2.452657e+01 2.922505e+01 2.957650e+01 2.459137e+01 3.525160e+01 2.834895e+01 1.974172e+01 2.116218e+01 1.549670e-01 6.432632e-01 6.260376e-01 7.044628e-01 7.707823e-01 1.150148e+00 1.121315e+00 1.120515e+00 1.216618e+00 1.194258e+00 9.408270e-01 8.729438e-01 2.107735e-04
<GCONST> 7.141455e+01
<MIXTURE> 123 4.393044e-03
<MEAN> 25
 -4.486857e+00 5.195773e-01 1.067277e+00 5.707119e+00 4.969212e+00 3.825360e+00 3.352197e+00 1.328234e-01 6.812081e-01 -3.859509e-01 -7.389723e-01 4.741863e-01 -5.548651e-01 -7.013474e-01 -7.702521e-01 -5.131416e-01 -2.135611e-01 -2.600556e-02 4.339122e-01 5.158243e-01 9.011793e-01 7.203915e-01 5.005857e-01 2.496827e-01 -3.756393e-03
<VARIANCE> 25
 9.519023e+00 1.050236e+01 1.873847e+01 1.676348e+01 1.959649e+01 2.533005e+01 1.953735e+01 1.725748e+01 1.854450e+01 1.549838e+01 2.239098e+01 1.773103e+01 3.557373e-01 3.478008e-01 5.132763e-01 7.179711e-01 9.680331e-01 1.058304e+00 1.076037e+00 1.129229e+00 1.077040e+00 1.183259e+00 1.320819e+00 1.506278e+00 9.464577e-05
<GCONST> 6.877048e+01
<MIXTURE> 124 4.069876e-03
<MEAN> 25
 -6.565943e+00 -1.254332e+00 -2.779850e+00 5.103118e+00 4.967371e+00 3.428721e+00 5.431669e+00 2.538163e+00 3.238511e+00 1.266659e+00 1.059680e+00 2.982147e+00 -2.184305e-01 -3.238249e-01 -3.633769e-01 -1.987280e-01 1.506412e-01 5.028436e-01 8.050135e-01 8.503616e-01 6.768671e-01 3.111793e-01 7.334524e-02 -3.488735e-02 8.662519e-05
<VARIANCE> 25
 1.083121e+01 7.005577e+00 1.217019e+01 1.223369e+01 1.192832e+01 1.964238e+01 1.546743e+01 1.688652e+01 1.531841e+01 1.582510e+01 1.923095e+01 1.442677e+01 1.142465e-01 1.655815e-01 2.666046e-01 4.307226e-01 6.197704e-01 7.122032e-01 7.376846e-01 8.088002e-01 9.246922e-01 9.818712e-01 9.991198e-01 9.912099e-01 1.876789e-05
<GCONST> 5.896149e+01
<MIXTURE> 125 4.069876e-03
<MEAN> 25
 -6.565943e+00 -1.254332e+00 -2.779850e+00 5.103118e+00 4.967371e+00 3.428721e+00 5.431669e+00 2.538163e+00 3.238511e+00 1.266659e+00 1.059680e+00 2.982147e+00 -2.184305e-01 -3.238249e-01 -3.633769e-01 -1.987280e-01 1.506412e-01 5.028436e-01 8.050135e-01 8.503616e-01 6.768671e-01 3.111793e-01 7.334524e-02 -3.488735e-02 8.662519e-05
<VARIANCE> 25
 1.083121e+01 7.005577e+00 1.217019e+01 1.223369e+01 1.192832e+01 1.964238e+01 1.546743e+01 1.688652e+01 1.531841e+01 1.582510e+01 1.923095e+01 1.442677e+01 1.142465e-01 1.655815e-01 2.666046e-01 4.307226e-01 6.197704e-01 7.122032e-01 7.376846e-01 8.088002e-01 9.246922e-01 9.818712e-01 9.991198e-01 9.912099e-01 1.876789e-05
<GCONST> 5.896149e+01
<MIXTURE> 126 2.402244e-03
<MEAN> 25
 -3.731083e+00 -6.561224e+00 -5.302900e+00 2.484190e+00 4.286642e+00 -3.350108e+00 -2.618935e-02 3.272093e+00 3.487854e+00 -2.735554e+00 -1.678523e+00 3.008581e+00 1.080288e-02 -3.303991e-03 -3.463704e-02 -1.460476e-01 -2.994557e-01 -3.932289e-01 -2.810126e-01 -1.517933e-01 -7.152482e-02 -1.631638e-01 -1.210843e-01 -5.325819e-03 -4.266723e-04
<VARIANCE> 25
 7.354478e+00 1.543417e+01 1.348812e+01 1.517026e+01 2.370364e+01 2.349145e+01 2.209732e+01 2.921224e+01 3.074006e+01 2.553426e+01 2.241854e+01 1.870710e+01 1.830595e-01 3.401477e-01 4.648230e-01 5.575069e-01 7.380907e-01 9.720394e-01 1.089327e+00 1.237479e+00 1.339888e+00 1.335566e+00 1.181399e+00 1.122359e+00 2.298445e-04
<GCONST> 6.982250e+01
<MIXTURE> 127 2.402244e-03
<MEAN> 25
 -3.731083e+00 -6.561224e+00 -5.302900e+00 2.484190e+00 4.286642e+00 -3.350108e+00 -2.618935e-02 3.272093e+00 3.487854e+00 -2.735554e+00 -1.678523e+00 3.008581e+00 1.080288e-02 -3.303991e-03 -3.463704e-02 -1.460476e-01 -2.994557e-01 -3.932289e-01 -2.810126e-01 -1.517933e-01 -7.152482e-02 -1.631638e-01 -1.210843e-01 -5.325819e-03 -4.266723e-04
<VARIANCE> 25
 7.354478e+00 1.543417e+01 1.348812e+01 1.517026e+01 2.370364e+01 2.349145e+01 2.209732e+01 2.921224e+01 3.074006e+01 2.553426e+01 2.241854e+01 1.870710e+01 1.830595e-01 3.401477e-01 4.648230e-01 5.575069e-01 7.380907e-01 9.720394e-01 1.089327e+00 1.237479e+00 1.339888e+00 1.335566e+00 1.181399e+00 1.122359e+00 2.298445e-04
<GCONST> 6.982250e+01
<MIXTURE> 128 3.790457e-03
<MEAN> 25
 -3.929678e+00 1.545582e+00 -3.353166e-01 6.569711e+00 3.618958e+00 1.847115e+00 3.575350e+00 2.368807e+00 3.959177e+00 3.695456e+00 3.761562e+00 3.520121e+00 -3.955132e-01 -1.962670e-01 9.662183e-02 7.266175e-01 1.183710e+00 1.133148e+00 7.179417e-01 1.305153e-01 -4.381171e-01 -7.867922e-01 -7.005770e-01 -3.930170e-01 -3.564106e-05
<VARIANCE> 25
 1.022484e+01 1.170520e+01 1.502019e+01 1.933261e+01 2.003925e+01 2.126049e+01 2.432431e+01 2.465226e+01 2.642180e+01 2.387227e+01 2.683977e+01 1.821293e+01 8.931404e-01 1.146057e+00 1.369047e+00 1.501836e+00 1.581445e+00 1.865854e+00 2.247410e+00 2.323171e+00 2.147166e+00 1.858411e+00 1.745797e+00 1.747653e+00 1.000473e-06
<GCONST> 7.365598e+01
<TRANSP> 3
 0.000000e+00 1.000000e+00 0.000000e+00
 0.000000e+00 9.999990e-01 9.999998e-07
 0.000000e+00 0.000000e+00 0.000000e+00
<ENDHMM>
