~o
<STREAMINFO> 1 25
<VECSIZE> 25<NULLD><MFCC_E_D_N><DIAGC>
~h "jmodel"
<BEGINHMM>
<NUMSTATES> 3
<STATE> 2
<NUMMIXES> 128
<MIXTURE> 1 5.748963e-03
<MEAN> 25
 -2.613281e+00 3.206102e+00 2.358781e+00 8.682990e+00 4.389360e+00 3.350507e+00 4.033118e+00 3.902419e+00 5.852676e+00 5.175753e+00 5.797451e+00 3.049588e+00 -1.964061e+00 -1.620588e+00 -8.799717e-01 1.083323e+00 1.534086e+00 2.184997e+00 2.132192e+00 2.050972e+00 1.692079e+00 1.278416e+00 1.541309e+00 6.121820e-01 -4.674292e-02
<VARIANCE> 25
 9.975347e+00 1.158928e+01 1.488861e+01 1.901619e+01 2.305750e+01 2.245397e+01 2.172118e+01 2.172348e+01 2.078738e+01 2.265588e+01 2.111257e+01 1.697507e+01 1.852917e+00 2.104162e+00 3.029532e+00 3.184310e+00 3.762372e+00 3.444241e+00 3.362125e+00 3.392424e+00 3.473398e+00 3.710982e+00 3.493013e+00 2.820956e+00 3.160257e-03
<GCONST> 8.849588e+01
<MIXTURE> 2 4.549242e-03
<MEAN> 25
 -4.875687e+00 1.311839e+00 9.943646e-01 9.899744e+00 6.692258e+00 7.424421e+00 7.847058e+00 6.957904e+00 8.373213e+00 6.372956e+00 7.624216e+00 3.074603e+00 -6.200127e-02 4.161512e-02 1.425313e-01 2.258338e-01 2.653199e-01 2.813954e-01 2.954034e-01 3.195040e-01 3.497176e-01 3.088976e-01 1.971591e-01 8.006001e-02 1.171286e-06
<VARIANCE> 25
 6.952155e+00 8.902205e+00 1.065104e+01 1.591071e+01 1.723537e+01 1.556468e+01 1.689867e+01 1.848646e+01 1.658670e+01 1.738619e+01 1.811133e+01 1.433998e+01 1.252489e-01 2.266320e-01 3.364733e-01 4.671392e-01 6.493487e-01 8.149060e-01 9.298837e-01 1.003291e+00 1.051698e+00 1.077770e+00 1.075645e+00 1.013914e+00 1.000215e-06
<GCONST> 5.804365e+01
<MIXTURE> 3 4.549242e-03
<MEAN> 25
 -4.875687e+00 1.311839e+00 9.943646e-01 9.899744e+00 6.692258e+00 7.424421e+00 7.847058e+00 6.957904e+00 8.373213e+00 6.372956e+00 7.624216e+00 3.074603e+00 -6.200127e-02 4.161512e-02 1.425313e-01 2.258338e-01 2.653199e-01 2.813954e-01 2.954034e-01 3.195040e-01 3.497176e-01 3.088976e-01 1.971591e-01 8.006001e-02 1.171286e-06
<VARIANCE> 25
 6.952155e+00 8.902205e+00 1.065104e+01 1.591071e+01 1.723537e+01 1.556468e+01 1.689867e+01 1.848646e+01 1.658670e+01 1.738619e+01 1.811133e+01 1.433998e+01 1.252489e-01 2.266320e-01 3.364733e-01 4.671392e-01 6.493487e-01 8.149060e-01 9.298837e-01 1.003291e+00 1.051698e+00 1.077770e+00 1.075645e+00 1.013914e+00 1.000215e-06
<GCONST> 5.804365e+01
<MIXTURE> 4 1.671429e-02
<MEAN> 25
 3.397837e+00 2.695215e+00 -3.809747e+00 7.038333e-01 4.057364e+00 -1.457932e-01 5.763461e-01 2.876828e-02 1.334111e+00 1.112712e+00 -2.067600e+00 -6.498139e-02 -2.698283e+00 1.188605e+00 1.683119e+00 3.066135e+00 8.602098e-01 4.699234e-01 1.525025e+00 9.519798e-01 1.050727e+00 4.943047e-01 1.169462e+00 8.402692e-01 -1.031535e-01
<VARIANCE> 25
 2.042572e+01 2.951032e+01 2.816650e+01 3.984200e+01 4.571786e+01 6.701485e+01 7.064289e+01 5.190217e+01 5.438003e+01 6.081167e+01 4.971630e+01 3.533339e+01 2.380302e+00 4.889415e+00 3.874367e+00 4.776807e+00 4.935539e+00 5.968741e+00 5.900657e+00 5.586608e+00 5.945843e+00 6.423823e+00 6.017797e+00 4.378320e+00 5.878952e-03
<GCONST> 1.052095e+02
<MIXTURE> 5 3.206198e-03
<MEAN> 25
 -3.143334e+00 1.949545e+00 7.086476e-01 8.961734e+00 6.887817e+00 6.030352e+00 7.458303e+00 4.621112e+00 5.322783e+00 3.670381e+00 3.533333e+00 2.227153e+00 -2.862452e-01 7.562053e-01 1.289344e+00 1.147881e+00 4.098206e-01 -9.270572e-02 -1.828728e-01 4.364954e-02 6.363829e-01 5.550975e-01 2.958277e-01 7.264584e-02 -1.242398e-04
<VARIANCE> 25
 1.049526e+01 1.370106e+01 2.194955e+01 2.655782e+01 1.924547e+01 1.911271e+01 2.023878e+01 1.906129e+01 2.027304e+01 2.018092e+01 3.795385e+01 1.697454e+01 1.143022e+00 1.159810e+00 1.315475e+00 1.725309e+00 2.256592e+00 2.211009e+00 2.259385e+00 2.119029e+00 2.553485e+00 2.282616e+00 2.081259e+00 1.747965e+00 1.044017e-06
<GCONST> 7.518507e+01
<MIXTURE> 6 5.475854e-03
<MEAN> 25
 9.653277e+00 -4.272369e-01 -6.660037e+00 -1.106342e+01 -2.135193e+00 6.788188e+00 -5.960203e+00 -5.269013e+00 -3.667551e+00 1.777625e+00 4.650817e+00 -1.188494e+00 4.776823e-01 8.901888e-01 -3.497715e-01 -1.456502e+00 -6.358686e-01 1.308866e+00 1.519452e+00 2.513855e-01 -1.221342e+00 -1.209645e+00 3.221781e-01 1.210140e+00 -7.949843e-03
<VARIANCE> 25
 9.150777e+00 1.707297e+01 2.388096e+01 3.882207e+01 3.659924e+01 3.115074e+01 4.455407e+01 3.790910e+01 4.049313e+01 3.956141e+01 4.183069e+01 2.879176e+01 3.158292e-01 8.557450e-01 9.437312e-01 2.002241e+00 1.603800e+00 2.020258e+00 1.938368e+00 2.040912e+00 2.381728e+00 1.955811e+00 2.251332e+00 1.462798e+00 5.898162e-04
<GCONST> 8.394747e+01
<MIXTURE> 7 5.475854e-03
<MEAN> 25
 9.653277e+00 -4.272369e-01 -6.660037e+00 -1.106342e+01 -2.135193e+00 6.788188e+00 -5.960203e+00 -5.269013e+00 -3.667551e+00 1.777625e+00 4.650817e+00 -1.188494e+00 4.776823e-01 8.901888e-01 -3.497715e-01 -1.456502e+00 -6.358686e-01 1.308866e+00 1.519452e+00 2.513855e-01 -1.221342e+00 -1.209645e+00 3.221781e-01 1.210140e+00 -7.949843e-03
<VARIANCE> 25
 9.150777e+00 1.707297e+01 2.388096e+01 3.882207e+01 3.659924e+01 3.115074e+01 4.455407e+01 3.790910e+01 4.049313e+01 3.956141e+01 4.183069e+01 2.879176e+01 3.158292e-01 8.557450e-01 9.437312e-01 2.002241e+00 1.603800e+00 2.020258e+00 1.938368e+00 2.040912e+00 2.381728e+00 1.955811e+00 2.251332e+00 1.462798e+00 5.898162e-04
<GCONST> 8.394747e+01
<MIXTURE> 8 1.165917e-02
<MEAN> 25
 -4.802683e+00 1.632561e+00 1.796363e+00 9.476486e+00 6.380095e+00 5.970954e+00 6.275795e+00 5.493032e+00 6.895865e+00 5.406265e+00 6.058769e+00 2.976011e+00 -6.013884e-01 -1.433704e+00 -1.005364e+00 -1.625775e+00 -3.071591e-01 -8.531721e-01 -2.591561e-01 -1.978900e-01 -9.460390e-02 -2.041436e-01 -2.198524e-01 2.283050e-01 9.585714e-02
<VARIANCE> 25
 8.941525e+00 1.002502e+01 1.415334e+01 1.527110e+01 1.694023e+01 1.766805e+01 1.752093e+01 1.712914e+01 1.668366e+01 1.716313e+01 2.155270e+01 1.373969e+01 2.651531e+00 2.710511e+00 3.920212e+00 3.649898e+00 3.760957e+00 3.314183e+00 3.058268e+00 2.992361e+00 3.056200e+00 2.575198e+00 2.279169e+00 2.067950e+00 6.381036e-03
<GCONST> 8.650120e+01
<MIXTURE> 9 1.199672e-02
<MEAN> 25
 7.008771e+00 2.822586e+00 -4.436904e+00 -1.070208e+01 -2.495021e+00 5.971019e+00 -3.275740e+00 -2.495192e+00 -4.568122e+00 -3.534210e+00 1.571210e+00 1.905263e+00 1.237371e+00 -7.534508e-01 -2.687973e-01 -2.568812e+00 -1.609402e+00 1.355188e+00 -2.328505e+00 -2.940915e-01 -7.743990e-01 -3.110789e-01 1.007820e+00 7.413178e-01 8.952358e-02
<VARIANCE> 25
 1.028598e+01 1.615394e+01 2.076347e+01 3.431864e+01 3.049076e+01 2.593986e+01 3.638134e+01 3.848174e+01 2.434358e+01 2.626577e+01 3.167579e+01 2.507862e+01 1.521364e+00 2.285635e+00 3.038618e+00 2.880948e+00 2.974953e+00 3.109302e+00 4.241152e+00 3.402318e+00 4.266334e+00 3.154402e+00 2.970938e+00 2.866393e+00 1.934568e-03
<GCONST> 9.148760e+01
<MIXTURE> 10 6.596976e-03
<MEAN> 25
 7.834620e-01 7.598522e+00 5.381189e+00 7.074391e+00 1.621593e+00 -2.133110e+00 -5.259785e-01 -1.654179e+00 8.819612e-01 8.181705e-01 8.257189e-01 6.890346e-01 -1.908172e+00 -6.722612e-01 -4.809423e-01 3.023856e+00 2.453396e+00 2.673326e+00 2.375206e+00 2.251830e+00 1.865222e+00 1.553289e+00 2.322268e+00 5.284849e-01 -1.377540e-01
<VARIANCE> 25
 1.950888e+01 2.062599e+01 2.220172e+01 2.944661e+01 3.832592e+01 3.469571e+01 3.489657e+01 3.365805e+01 2.754550e+01 2.899873e+01 2.678057e+01 2.489388e+01 2.243302e+00 3.398890e+00 5.533807e+00 5.132624e+00 5.520843e+00 4.565059e+00 4.660244e+00 4.865138e+00 4.348230e+00 4.985765e+00 4.419688e+00 3.175255e+00 2.688387e-03
<GCONST> 9.739890e+01
<MIXTURE> 11 1.633820e-02
<MEAN> 25
 7.709609e+00 4.283939e+00 3.496002e+00 5.144585e+00 -3.421895e+00 -2.237511e+00 -2.219670e+00 -6.246682e+00 -3.484003e+00 1.238099e-01 -2.626616e+00 -2.149588e+00 -2.894429e-01 5.332199e-01 1.754673e-01 2.801505e-01 4.844099e-01 -8.756335e-02 2.967885e-01 -1.758777e-01 -1.232087e-01 -5.616676e-02 -1.101503e-01 1.571982e-01 -1.691776e-02
<VARIANCE> 25
 1.133806e+01 2.450293e+01 2.054354e+01 3.285328e+01 3.881900e+01 4.048740e+01 4.899620e+01 4.525090e+01 4.301628e+01 3.488756e+01 3.450423e+01 2.894795e+01 9.420025e-01 1.227114e+00 1.686795e+00 2.198641e+00 2.082636e+00 2.141292e+00 2.180088e+00 2.724344e+00 2.218210e+00 1.961014e+00 1.909710e+00 1.578200e+00 9.681254e-04
<GCONST> 8.773811e+01
<MIXTURE> 12 5.904134e-03
<MEAN> 25
 1.043507e+01 3.525422e+00 -4.326416e+00 -1.583327e+01 -8.331605e+00 8.639797e+00 -1.327205e+00 -1.737815e+00 -1.824751e+00 -4.932609e+00 1.978418e+00 9.093398e-01 5.859043e-02 3.140150e-01 5.494871e-02 -4.117199e-01 -3.511333e-01 3.623829e-03 2.491654e-01 5.006166e-01 1.856221e-02 -3.778429e-01 -4.299747e-01 -4.442777e-04 -4.553385e-03
<VARIANCE> 25
 9.817731e+00 2.071260e+01 2.224236e+01 3.302521e+01 4.119397e+01 3.389075e+01 4.434407e+01 4.707409e+01 4.133117e+01 3.502219e+01 3.674396e+01 2.763717e+01 2.428769e-01 6.626077e-01 6.652082e-01 1.413649e+00 1.278675e+00 1.158548e+00 1.158031e+00 1.350131e+00 1.346790e+00 1.147081e+00 1.237027e+00 9.301895e-01 5.867016e-04
<GCONST> 7.903296e+01
<MIXTURE> 13 5.904134e-03
<MEAN> 25
 1.043507e+01 3.525422e+00 -4.326416e+00 -1.583327e+01 -8.331605e+00 8.639797e+00 -1.327205e+00 -1.737815e+00 -1.824751e+00 -4.932609e+00 1.978418e+00 9.093398e-01 5.859043e-02 3.140150e-01 5.494871e-02 -4.117199e-01 -3.511333e-01 3.623829e-03 2.491654e-01 5.006166e-01 1.856221e-02 -3.778429e-01 -4.299747e-01 -4.442777e-04 -4.553385e-03
<VARIANCE> 25
 9.817731e+00 2.071260e+01 2.224236e+01 3.302521e+01 4.119397e+01 3.389075e+01 4.434407e+01 4.707409e+01 4.133117e+01 3.502219e+01 3.674396e+01 2.763717e+01 2.428769e-01 6.626077e-01 6.652082e-01 1.413649e+00 1.278675e+00 1.158548e+00 1.158031e+00 1.350131e+00 1.346790e+00 1.147081e+00 1.237027e+00 9.301895e-01 5.867016e-04
<GCONST> 7.903296e+01
<MIXTURE> 14 6.488954e-03
<MEAN> 25
 -4.368811e+00 -1.616235e-01 -1.774402e-01 8.874896e+00 7.499928e+00 7.172005e+00 7.836830e+00 7.166541e+00 7.246361e+00 5.148931e+00 6.548738e+00 3.900534e+00 -2.627349e-01 1.891166e-01 3.500407e-01 3.153805e-01 -7.380877e-03 4.176087e-02 8.624018e-02 1.720568e-01 2.894361e-01 5.501854e-01 5.060358e-01 8.638195e-02 -9.218303e-03
<VARIANCE> 25
 9.135976e+00 1.474478e+01 1.900819e+01 1.763449e+01 2.061468e+01 2.046062e+01 2.101114e+01 2.100262e+01 1.975610e+01 2.346964e+01 2.346347e+01 1.682777e+01 9.597279e-01 1.599767e+00 1.782871e+00 1.895487e+00 2.307323e+00 2.280499e+00 2.243366e+00 2.216903e+00 2.278378e+00 2.558954e+00 2.158885e+00 1.807019e+00 1.057776e-03
<GCONST> 8.210036e+01
<MIXTURE> 15 2.475190e-03
<MEAN> 25
 -5.417976e+00 -6.118746e-01 -1.820214e-01 7.368143e+00 5.675567e+00 5.654816e+00 6.068460e+00 4.935253e+00 5.160066e+00 4.173479e+00 5.460900e+00 2.501738e+00 -1.229813e-01 -2.656043e-02 8.075954e-02 2.517019e-01 4.873324e-01 7.816750e-01 1.059725e+00 1.181680e+00 1.068063e+00 7.594913e-01 4.147910e-01 1.528531e-01 1.969850e-05
<VARIANCE> 25
 6.941352e+00 5.716835e+00 9.013451e+00 1.272409e+01 1.428343e+01 1.447566e+01 1.481698e+01 1.504499e+01 1.400875e+01 1.417519e+01 1.524676e+01 1.260551e+01 1.248255e-01 2.056421e-01 3.218469e-01 5.089362e-01 6.965441e-01 7.912495e-01 7.789665e-01 7.864752e-01 9.153023e-01 1.020733e+00 1.067232e+00 1.035238e+00 2.933493e-05
<GCONST> 5.869579e+01
<MIXTURE> 16 2.475190e-03
<MEAN> 25
 -5.417976e+00 -6.118746e-01 -1.820214e-01 7.368143e+00 5.675567e+00 5.654816e+00 6.068460e+00 4.935253e+00 5.160066e+00 4.173479e+00 5.460900e+00 2.501738e+00 -1.229813e-01 -2.656043e-02 8.075954e-02 2.517019e-01 4.873324e-01 7.816750e-01 1.059725e+00 1.181680e+00 1.068063e+00 7.594913e-01 4.147910e-01 1.528531e-01 1.969850e-05
<VARIANCE> 25
 6.941352e+00 5.716835e+00 9.013451e+00 1.272409e+01 1.428343e+01 1.447566e+01 1.481698e+01 1.504499e+01 1.400875e+01 1.417519e+01 1.524676e+01 1.260551e+01 1.248255e-01 2.056421e-01 3.218469e-01 5.089362e-01 6.965441e-01 7.912495e-01 7.789665e-01 7.864752e-01 9.153023e-01 1.020733e+00 1.067232e+00 1.035238e+00 2.933493e-05
<GCONST> 5.869579e+01
<MIXTURE> 17 9.518312e-03
<MEAN> 25
 3.434996e+00 -1.827395e+00 6.037582e+00 2.732316e+00 -6.019013e+00 -7.418224e+00 -3.608621e+00 6.524054e-01 -2.986483e+00 -2.592632e+00 -7.326410e-01 6.808794e-01 -5.831060e-01 -1.066942e+00 1.420116e+00 -1.858085e+00 -2.251163e+00 -3.829899e-02 2.158299e-02 7.141973e-01 -7.230089e-01 -1.628461e-01 9.019170e-01 4.200384e-01 7.767115e-02
<VARIANCE> 25
 1.363133e+01 3.010082e+01 2.557667e+01 3.487827e+01 4.010117e+01 4.602382e+01 5.146079e+01 3.075173e+01 2.919830e+01 2.399602e+01 2.582418e+01 2.401376e+01 1.718223e+00 2.311310e+00 3.407607e+00 2.699847e+00 3.311057e+00 4.605711e+00 4.171174e+00 4.205876e+00 4.065741e+00 3.268867e+00 2.672014e+00 2.486025e+00 1.848427e-03
<GCONST> 9.400136e+01
<MIXTURE> 18 1.221018e-02
<MEAN> 25
 3.416438e+00 3.791744e+00 6.200075e+00 5.495633e+00 -5.781081e+00 -8.926369e+00 -8.548116e-01 -8.042397e-01 -3.227515e+00 -1.801915e+00 -7.100452e-01 1.204396e+00 -8.769431e-01 2.117501e+00 -3.849109e-01 1.553360e+00 2.784794e+00 1.214654e+00 7.355020e-01 -4.020681e-01 1.036977e+00 4.302736e-01 9.183253e-02 -1.077455e-01 -1.205311e-01
<VARIANCE> 25
 1.435945e+01 2.394183e+01 2.857474e+01 2.458073e+01 3.956983e+01 2.910281e+01 3.501377e+01 2.959874e+01 3.509747e+01 3.003784e+01 2.791442e+01 2.767319e+01 2.198198e+00 2.497804e+00 4.000267e+00 4.230668e+00 3.774586e+00 4.121920e+00 3.980689e+00 3.768356e+00 4.331333e+00 3.663563e+00 4.375151e+00 3.194050e+00 3.872651e-03
<GCONST> 9.577622e+01
<MIXTURE> 19 9.912824e-03
<MEAN> 25
 -8.973454e+00 1.901690e+00 -8.029339e-01 4.730765e-01 4.354926e+00 2.194531e+00 4.124678e+00 1.426692e+00 2.367640e+00 1.062042e+00 1.687394e+00 1.918840e+00 2.070762e+00 1.607272e+00 2.338223e+00 5.811496e-01 -1.104944e+00 -8.682439e-01 -1.101610e+00 -1.134889e+00 -1.419051e+00 -1.360854e+00 -7.077286e-01 -8.805461e-01 5.027274e-03
<VARIANCE> 25
 5.569705e+01 2.702268e+01 5.191237e+01 5.006376e+01 3.112919e+01 3.168841e+01 3.191279e+01 2.694098e+01 2.775393e+01 2.634682e+01 3.041784e+01 1.746541e+01 2.186696e+00 2.044454e+00 2.341902e+00 2.381611e+00 2.311002e+00 2.276260e+00 2.282005e+00 2.568321e+00 2.008310e+00 2.204718e+00 2.143155e+00 1.622874e+00 2.265444e-03
<GCONST> 9.093629e+01
<MIXTURE> 20 6.308331e-03
<MEAN> 25
 -1.417783e+01 7.415278e+00 8.470706e-01 6.152752e+00 4.844588e+00 1.636785e+00 5.209625e+00 8.533737e-01 9.233476e-01 7.981895e-01 2.566165e+00 -3.023822e-01 -3.284806e+00 -8.670235e-01 -1.563769e+00 3.325531e-01 1.539524e+00 2.063085e+00 1.978063e+00 2.055991e+00 2.144643e+00 2.039004e+00 1.683635e+00 9.457527e-01 4.731862e-02
<VARIANCE> 25
 1.968476e+01 2.344764e+01 3.095649e+01 3.716298e+01 3.084666e+01 2.788190e+01 2.992247e+01 3.146445e+01 2.796000e+01 2.820620e+01 2.516558e+01 2.091139e+01 2.094138e+00 2.181414e+00 1.913752e+00 2.540414e+00 2.707991e+00 2.312748e+00 2.312213e+00 2.319190e+00 2.234646e+00 2.654672e+00 2.243526e+00 1.865695e+00 1.885768e-03
<GCONST> 8.922324e+01
<MIXTURE> 21 7.928653e-03
<MEAN> 25
 3.779783e+00 -4.583792e+00 5.997221e+00 -1.127846e+00 -1.072412e+01 -8.024570e+00 -3.582179e+00 3.606621e+00 -3.120706e+00 -3.538214e+00 5.977696e-01 9.469833e-02 -6.386488e-01 1.404723e+00 2.642633e+00 -3.760918e-02 -1.763986e+00 6.663184e-01 8.524629e-01 -1.378305e+00 -2.114261e+00 -9.268184e-02 1.392045e+00 9.603539e-02 -1.483322e-02
<VARIANCE> 25
 8.148911e+00 1.720648e+01 2.753682e+01 2.629261e+01 2.993406e+01 3.351677e+01 4.449187e+01 3.859340e+01 4.402911e+01 2.900618e+01 3.300853e+01 2.293010e+01 3.737096e-01 9.248622e-01 1.993331e+00 1.281250e+00 2.358277e+00 3.288679e+00 3.658081e+00 2.276649e+00 2.400827e+00 3.411753e+00 1.842451e+00 2.208282e+00 4.812315e-04
<GCONST> 8.552643e+01
<MIXTURE> 22 8.827789e-03
<MEAN> 25
 -1.791619e+01 7.154073e+00 -4.128804e+00 7.393404e+00 4.602330e+00 2.758924e+00 8.398795e+00 1.747489e+00 5.378543e+00 3.299107e+00 5.713372e+00 1.184314e+00 -3.092177e-01 -2.076045e-01 -1.254027e-01 -1.491375e-01 -6.975107e-03 1.368428e-01 1.806503e-01 1.782155e-01 2.485279e-01 2.072390e-01 1.723723e-01 1.923774e-01 8.854328e-03
<VARIANCE> 25
 8.163508e+00 1.682182e+01 1.739571e+01 2.516560e+01 2.289310e+01 2.084401e+01 1.942981e+01 1.871106e+01 1.814025e+01 2.089081e+01 1.925516e+01 1.378999e+01 1.091066e+00 1.356971e+00 1.363688e+00 1.571544e+00 1.408993e+00 1.527151e+00 1.508661e+00 1.533694e+00 1.614166e+00 1.544505e+00 1.357341e+00 1.167785e+00 1.745010e-03
<GCONST> 7.831696e+01
<MIXTURE> 23 6.455497e-03
<MEAN> 25
 7.782290e+00 2.308114e+00 3.024574e+00 2.538393e+00 -4.858386e+00 -3.260489e+00 -4.118941e+00 -6.166202e+00 -3.433775e+00 -1.070693e+00 -4.126014e+00 -2.102412e+00 2.873945e-02 1.847845e-01 3.917202e-02 7.097762e-02 -2.159503e-02 3.143111e-03 9.444730e-02 -7.607776e-02 2.621700e-02 1.518232e-02 -2.620404e-03 3.063049e-02 -4.373630e-03
<VARIANCE> 25
 1.098501e+01 2.268129e+01 2.372186e+01 4.102188e+01 3.740762e+01 5.480848e+01 5.829232e+01 5.620152e+01 4.661969e+01 4.543243e+01 4.691973e+01 3.903962e+01 1.155093e-01 2.848529e-01 4.078283e-01 4.799218e-01 6.120276e-01 7.423839e-01 8.997655e-01 8.680676e-01 9.216881e-01 8.819250e-01 8.027696e-01 7.648897e-01 8.568142e-05
<GCONST> 7.309590e+01
<MIXTURE> 24 6.455497e-03
<MEAN> 25
 7.782290e+00 2.308114e+00 3.024574e+00 2.538393e+00 -4.858386e+00 -3.260489e+00 -4.118941e+00 -6.166202e+00 -3.433775e+00 -1.070693e+00 -4.126014e+00 -2.102412e+00 2.873945e-02 1.847845e-01 3.917202e-02 7.097762e-02 -2.159503e-02 3.143111e-03 9.444730e-02 -7.607776e-02 2.621700e-02 1.518232e-02 -2.620404e-03 3.063049e-02 -4.373630e-03
<VARIANCE> 25
 1.098501e+01 2.268129e+01 2.372186e+01 4.102188e+01 3.740762e+01 5.480848e+01 5.829232e+01 5.620152e+01 4.661969e+01 4.543243e+01 4.691973e+01 3.903962e+01 1.155093e-01 2.848529e-01 4.078283e-01 4.799218e-01 6.120276e-01 7.423839e-01 8.997655e-01 8.680676e-01 9.216881e-01 8.819250e-01 8.027696e-01 7.648897e-01 8.568142e-05
<GCONST> 7.309590e+01
<MIXTURE> 25 1.118642e-02
<MEAN> 25
 8.272315e-02 3.550280e+00 1.592991e+01 -2.285742e+00 -1.094560e+01 -7.909974e-01 -5.471567e+00 -1.434494e+00 -6.831296e+00 -5.616751e+00 3.142665e+00 -2.759758e+00 -2.511858e-01 6.477590e-01 1.805461e-01 -1.068138e-01 7.046918e-01 9.205594e-02 3.206871e-01 6.514878e-02 2.140818e-01 6.073106e-02 -4.467964e-01 7.659802e-03 -1.218592e-02
<VARIANCE> 25
 7.270518e+00 1.809327e+01 1.850386e+01 2.712656e+01 2.639895e+01 3.487905e+01 2.247158e+01 3.205383e+01 2.441206e+01 2.869483e+01 2.103022e+01 2.512866e+01 5.042847e-01 1.274433e+00 1.340677e+00 1.481589e+00 2.787559e+00 1.803592e+00 1.462128e+00 2.449463e+00 1.971378e+00 1.324725e+00 1.594492e+00 1.677851e+00 1.118627e-03
<GCONST> 8.155466e+01
<MIXTURE> 26 7.727677e-03
<MEAN> 25
 2.335102e+00 -5.984892e+00 -1.007486e+01 -2.066634e+00 6.930293e+00 6.290912e+00 4.431990e+00 -1.282818e+00 2.322051e+00 1.575518e-02 -1.846153e+00 -1.242677e+00 -6.651096e-01 8.317503e-01 5.190632e-01 7.741505e-01 -1.149701e-02 2.017655e-01 3.726105e-01 2.920171e-01 4.054371e-01 -1.998581e-01 3.947679e-01 3.598063e-01 -5.679958e-02
<VARIANCE> 25
 2.152390e+01 3.256058e+01 2.443750e+01 5.702903e+01 3.587663e+01 3.859295e+01 3.851443e+01 4.018688e+01 3.227824e+01 4.958440e+01 3.920786e+01 4.057265e+01 1.422437e+00 1.827007e+00 1.923176e+00 1.851710e+00 2.097360e+00 2.343537e+00 2.137585e+00 2.395179e+00 2.031970e+00 2.498210e+00 2.057839e+00 1.655593e+00 3.116046e-03
<GCONST> 9.159646e+01
<MIXTURE> 27 7.727677e-03
<MEAN> 25
 2.335102e+00 -5.984892e+00 -1.007486e+01 -2.066634e+00 6.930293e+00 6.290912e+00 4.431990e+00 -1.282818e+00 2.322051e+00 1.575518e-02 -1.846153e+00 -1.242677e+00 -6.651096e-01 8.317503e-01 5.190632e-01 7.741505e-01 -1.149701e-02 2.017655e-01 3.726105e-01 2.920171e-01 4.054371e-01 -1.998581e-01 3.947679e-01 3.598063e-01 -5.679958e-02
<VARIANCE> 25
 2.152390e+01 3.256058e+01 2.443750e+01 5.702903e+01 3.587663e+01 3.859295e+01 3.851443e+01 4.018688e+01 3.227824e+01 4.958440e+01 3.920786e+01 4.057265e+01 1.422437e+00 1.827007e+00 1.923176e+00 1.851710e+00 2.097360e+00 2.343537e+00 2.137585e+00 2.395179e+00 2.031970e+00 2.498210e+00 2.057839e+00 1.655593e+00 3.116046e-03
<GCONST> 9.159646e+01
<MIXTURE> 28 5.036674e-03
<MEAN> 25
 -5.443337e+00 2.768215e-02 -1.554421e+00 6.614566e+00 5.235433e+00 3.499272e+00 5.416623e+00 3.122030e+00 3.917867e+00 2.382933e+00 2.609647e+00 3.201690e+00 -1.135992e-01 2.206452e-01 5.293730e-01 7.843783e-01 8.212547e-01 7.018919e-01 5.190296e-01 3.917274e-01 4.447419e-01 4.807962e-01 3.685786e-01 1.905137e-01 -1.392333e-05
<VARIANCE> 25
 1.044265e+01 8.437353e+00 1.219832e+01 1.481414e+01 1.468666e+01 1.779896e+01 1.803130e+01 1.898832e+01 1.713668e+01 1.673934e+01 2.082358e+01 1.506395e+01 2.567265e-01 3.395661e-01 4.079273e-01 4.685075e-01 6.219460e-01 8.462099e-01 1.059797e+00 1.141675e+00 1.106685e+00 1.029644e+00 1.036802e+00 1.064468e+00 1.002361e-06
<GCONST> 6.030181e+01
<MIXTURE> 29 5.036674e-03
<MEAN> 25
 -5.443337e+00 2.768215e-02 -1.554421e+00 6.614566e+00 5.235433e+00 3.499272e+00 5.416623e+00 3.122030e+00 3.917867e+00 2.382933e+00 2.609647e+00 3.201690e+00 -1.135992e-01 2.206452e-01 5.293730e-01 7.843783e-01 8.212547e-01 7.018919e-01 5.190296e-01 3.917274e-01 4.447419e-01 4.807962e-01 3.685786e-01 1.905137e-01 -1.392333e-05
<VARIANCE> 25
 1.044265e+01 8.437353e+00 1.219832e+01 1.481414e+01 1.468666e+01 1.779896e+01 1.803130e+01 1.898832e+01 1.713668e+01 1.673934e+01 2.082358e+01 1.506395e+01 2.567265e-01 3.395661e-01 4.079273e-01 4.685075e-01 6.219460e-01 8.462099e-01 1.059797e+00 1.141675e+00 1.106685e+00 1.029644e+00 1.036802e+00 1.064468e+00 1.002361e-06
<GCONST> 6.030181e+01
<MIXTURE> 30 8.917812e-03
<MEAN> 25
 -4.567126e+00 5.790583e-01 8.236871e-01 9.174890e+00 7.718797e+00 6.436740e+00 7.733978e+00 6.459222e+00 6.502525e+00 4.790891e+00 5.913712e+00 2.859106e+00 -3.464895e-03 3.285263e-02 5.256240e-02 5.017358e-02 1.011312e-01 5.481487e-02 1.950204e-02 -6.390414e-02 -6.811004e-02 -3.044192e-02 1.188165e-01 6.552446e-02 -7.469819e-04
<VARIANCE> 25
 6.512939e+00 1.290751e+01 9.418869e+00 1.294601e+01 1.454950e+01 2.179610e+01 1.754865e+01 1.883457e+01 1.536177e+01 1.710261e+01 2.672202e+01 1.545062e+01 9.934050e-02 1.847039e-01 3.606707e-01 4.710856e-01 7.898072e-01 8.238065e-01 7.088571e-01 8.751561e-01 1.012004e+00 9.137639e-01 9.430094e-01 8.077346e-01 6.155372e-05
<GCONST> 6.161223e+01
<MIXTURE> 31 4.136493e-03
<MEAN> 25
 -3.301846e+00 -5.611677e+00 8.110383e-02 4.898766e+00 3.683743e+00 1.663858e+00 5.273060e+00 6.613909e+00 2.782985e+00 1.238664e+00 6.442181e+00 3.098706e+00 2.504703e-01 4.722192e-01 -2.096561e-01 3.041027e-01 1.161010e-01 4.211755e-01 1.898338e-01 1.001761e-02 3.758659e-01 3.811523e-01 1.113724e-01 1.143564e-01 -1.829921e-02
<VARIANCE> 25
 7.164561e+00 1.593078e+01 1.740690e+01 1.798489e+01 2.516571e+01 2.387802e+01 2.352871e+01 2.534999e+01 2.609371e+01 2.788035e+01 2.115584e+01 1.892686e+01 1.919166e-01 4.903776e-01 5.999852e-01 7.700565e-01 9.687337e-01 1.088365e+00 1.213896e+00 1.391136e+00 1.358574e+00 1.308393e+00 1.246480e+00 1.128456e+00 2.576238e-04
<GCONST> 7.189613e+01
<MIXTURE> 32 4.136493e-03
<MEAN> 25
 -3.301846e+00 -5.611677e+00 8.110383e-02 4.898766e+00 3.683743e+00 1.663858e+00 5.273060e+00 6.613909e+00 2.782985e+00 1.238664e+00 6.442181e+00 3.098706e+00 2.504703e-01 4.722192e-01 -2.096561e-01 3.041027e-01 1.161010e-01 4.211755e-01 1.898338e-01 1.001761e-02 3.758659e-01 3.811523e-01 1.113724e-01 1.143564e-01 -1.829921e-02
<VARIANCE> 25
 7.164561e+00 1.593078e+01 1.740690e+01 1.798489e+01 2.516571e+01 2.387802e+01 2.352871e+01 2.534999e+01 2.609371e+01 2.788035e+01 2.115584e+01 1.892686e+01 1.919166e-01 4.903776e-01 5.999852e-01 7.700565e-01 9.687337e-01 1.088365e+00 1.213896e+00 1.391136e+00 1.358574e+00 1.308393e+00 1.246480e+00 1.128456e+00 2.576238e-04
<GCONST> 7.189613e+01
<MIXTURE> 33 1.508826e-02
<MEAN> 25
 6.273925e+00 -4.537613e+00 -1.904620e+00 -1.898560e+00 -1.959895e+00 -6.299422e+00 -8.427524e+00 1.945174e+00 2.020536e+00 -2.883036e-01 -4.521637e+00 -3.222913e+00 7.241481e-01 -1.260487e+00 -2.121287e+00 -2.000203e+00 1.327186e+00 1.413605e+00 -9.659847e-01 5.778707e-01 7.190154e-01 7.741622e-01 -4.235948e-02 -1.310026e+00 3.838787e-02
<VARIANCE> 25
 9.361437e+00 2.075184e+01 2.650896e+01 3.666472e+01 3.594978e+01 4.272689e+01 4.765726e+01 4.206680e+01 3.668340e+01 3.934289e+01 3.201043e+01 2.562866e+01 1.075550e+00 1.799443e+00 2.628248e+00 2.049887e+00 3.837662e+00 3.082112e+00 4.366148e+00 4.989329e+00 3.935465e+00 4.207884e+00 3.479942e+00 2.349159e+00 1.338070e-03
<GCONST> 9.320773e+01
<MIXTURE> 34 1.588179e-02
<MEAN> 25
 8.619913e+00 4.224039e-02 1.443685e-01 8.875553e-01 -2.878035e+00 -1.608309e+00 -6.169652e+00 -4.336071e+00 -2.033501e+00 4.704463e-03 -2.574714e+00 -3.451005e+00 -4.923347e-02 1.366938e+00 1.502366e+00 2.354556e+00 -1.332521e-01 -1.439537e-01 9.563407e-01 -1.585578e+00 -8.951203e-01 1.280107e-01 -5.390170e-01 1.473780e-01 -6.329075e-02
<VARIANCE> 25
 8.952210e+00 3.077968e+01 2.823792e+01 5.225864e+01 4.043229e+01 5.020821e+01 5.571412e+01 5.675838e+01 5.167796e+01 4.186945e+01 4.713403e+01 3.143569e+01 1.224844e+00 1.914535e+00 4.355027e+00 3.881932e+00 5.823292e+00 5.721458e+00 5.723971e+00 5.905849e+00 5.273722e+00 5.438683e+00 4.900918e+00 3.859231e+00 1.112554e-03
<GCONST> 9.971963e+01
<MIXTURE> 35 1.467755e-02
<MEAN> 25
 -1.466717e+00 -5.528497e+00 -1.009045e+01 -8.162603e-02 8.727661e+00 -1.088668e+00 2.856622e-01 1.873697e+00 1.843703e+00 4.117033e+00 -1.542581e-01 2.832351e+00 5.897330e-01 -1.342817e+00 -1.501889e+00 -1.583152e+00 3.097816e-01 -5.695240e-01 -1.080070e+00 1.332663e-01 -3.572934e-01 1.829638e-01 -5.359995e-01 -1.680626e-01 1.105565e-01
<VARIANCE> 25
 1.580448e+01 2.952988e+01 3.651386e+01 5.568174e+01 3.356507e+01 5.596091e+01 4.880376e+01 3.352907e+01 4.674293e+01 3.052831e+01 3.058129e+01 2.778746e+01 2.611584e+00 3.759704e+00 7.496041e+00 4.550611e+00 4.490260e+00 5.544207e+00 5.813609e+00 3.841809e+00 4.534254e+00 3.551066e+00 4.377473e+00 3.380707e+00 4.199939e-03
<GCONST> 1.007921e+02
<MIXTURE> 36 1.093293e-02
<MEAN> 25
 4.912974e+00 -3.792371e+00 7.074755e+00 3.222754e+00 -1.068007e+01 -9.263262e+00 -5.617036e+00 3.105387e+00 -2.792538e+00 -4.150604e+00 2.323714e+00 5.174404e-01 3.061669e-01 2.219287e-01 -8.719986e-01 1.002099e-01 8.103302e-01 9.885827e-02 -3.672557e-01 2.452919e-02 4.484327e-01 5.216995e-01 -3.910835e-01 -2.764410e-01 -1.814931e-02
<VARIANCE> 25
 8.939909e+00 1.576589e+01 2.014759e+01 2.736782e+01 3.150204e+01 2.967544e+01 4.505985e+01 3.146206e+01 4.133363e+01 3.071586e+01 2.673524e+01 2.818235e+01 4.667405e-01 7.965243e-01 1.491821e+00 1.189777e+00 1.893121e+00 1.562291e+00 2.194983e+00 1.572736e+00 2.224656e+00 1.555450e+00 1.282116e+00 1.368774e+00 9.480172e-04
<GCONST> 8.182635e+01
<MIXTURE> 37 1.246826e-02
<MEAN> 25
 2.382380e-01 7.658221e+00 1.180965e+01 -5.747218e+00 -7.068753e+00 -5.724801e-01 -4.947649e+00 -7.324295e+00 -3.538592e+00 -1.445948e+00 -3.665921e+00 -1.271004e+00 7.072923e-02 5.450323e-01 -1.453959e+00 3.365805e+00 2.233095e+00 -4.450545e-01 1.143390e+00 2.029717e-01 6.743581e-01 -1.838906e-01 5.427539e-01 3.168113e-01 -9.183782e-02
<VARIANCE> 25
 1.462423e+01 2.286488e+01 2.776769e+01 4.509194e+01 3.629939e+01 3.048066e+01 3.871725e+01 3.696024e+01 3.416019e+01 3.313025e+01 3.331123e+01 2.843560e+01 2.650034e+00 3.068643e+00 2.745967e+00 3.909261e+00 4.423142e+00 3.393511e+00 3.752331e+00 3.662798e+00 3.156552e+00 3.334110e+00 3.434080e+00 3.514776e+00 3.507179e-03
<GCONST> 9.604192e+01
<MIXTURE> 38 1.154525e-02
<MEAN> 25
 -4.766767e+00 8.527133e+00 3.648835e+00 3.887028e+00 -1.335664e-01 -5.595523e+00 -7.672043e-01 -3.227995e+00 -2.216091e+00 -3.194627e+00 -4.076318e-01 4.012961e-01 -4.240059e+00 1.162694e+00 -4.705275e-01 1.394486e+00 2.557606e+00 1.442079e+00 1.568666e+00 5.632284e-01 7.519516e-01 1.818205e-01 8.430111e-01 2.458298e-01 4.899282e-02
<VARIANCE> 25
 2.839815e+01 2.677880e+01 3.886813e+01 3.222561e+01 4.884722e+01 3.206638e+01 3.276741e+01 3.995369e+01 3.267868e+01 2.938918e+01 2.792199e+01 3.041045e+01 2.505648e+00 3.584250e+00 3.578445e+00 4.522927e+00 3.697903e+00 4.357971e+00 5.555973e+00 4.965940e+00 3.977703e+00 5.421420e+00 4.271664e+00 2.997616e+00 1.792540e-03
<GCONST> 9.823222e+01
<MIXTURE> 39 9.501865e-03
<MEAN> 25
 1.321337e+00 2.507376e+00 1.025974e+01 -8.525669e+00 -1.146849e+01 -5.956803e-01 -3.376090e+00 -6.058168e+00 -5.300321e+00 1.407461e-01 -2.669141e+00 -2.552479e+00 -7.360601e-01 1.557914e+00 1.633197e+00 -1.472908e+00 5.546554e-02 1.321499e+00 -9.502938e-01 -8.998574e-01 4.107334e-01 3.103829e-01 -5.177199e-01 -3.739329e-02 2.787279e-03
<VARIANCE> 25
 7.973879e+00 2.643905e+01 2.887500e+01 3.659025e+01 3.330077e+01 3.847652e+01 4.062555e+01 3.372995e+01 3.872385e+01 3.239940e+01 3.846909e+01 2.656530e+01 6.038910e-01 1.370357e+00 1.415314e+00 2.611086e+00 2.638905e+00 2.767867e+00 3.048543e+00 3.374946e+00 2.493027e+00 2.423852e+00 2.245522e+00 1.999555e+00 1.057096e-03
<GCONST> 8.858897e+01
<MIXTURE> 40 1.030800e-02
<MEAN> 25
 -7.676315e+00 3.611125e+00 4.882410e-01 8.164280e+00 4.253664e+00 3.211283e+00 6.491857e+00 3.520124e+00 4.794427e+00 3.581434e+00 2.837271e+00 5.099968e-01 -7.976382e-02 -2.059084e-01 6.433734e-02 -1.562834e-01 -8.886960e-02 -1.026009e-01 6.866935e-02 8.677763e-02 1.342863e-02 -1.021941e-01 1.005597e-01 1.493246e-01 5.153588e-03
<VARIANCE> 25
 2.987253e+01 1.680498e+01 2.412857e+01 2.141035e+01 2.360705e+01 2.382869e+01 1.504700e+01 1.535591e+01 1.516177e+01 1.504305e+01 1.975611e+01 1.486939e+01 5.649638e-01 5.225023e-01 8.376102e-01 9.007806e-01 1.106788e+00 1.481802e+00 9.576667e-01 1.361989e+00 1.306670e+00 1.040650e+00 9.657602e-01 1.106813e+00 6.847801e-04
<GCONST> 7.364653e+01
<MIXTURE> 41 6.713375e-03
<MEAN> 25
 1.315116e+00 1.775799e+00 1.044986e+01 -6.950214e+00 -1.046123e+01 -3.847370e+00 -2.502664e+00 -5.023870e+00 -4.661988e+00 2.638932e+00 -1.733689e+00 -9.469119e-01 7.997379e-02 -7.580001e-01 1.696781e+00 -3.552742e+00 -2.458436e+00 -1.044053e-01 -5.093116e-01 -3.535367e-01 -8.319294e-01 1.081020e+00 -1.039787e+00 8.403461e-02 8.623099e-02
<VARIANCE> 25
 1.166952e+01 2.966777e+01 3.277597e+01 4.007705e+01 3.869434e+01 4.020113e+01 3.719287e+01 2.996776e+01 3.304020e+01 2.885368e+01 3.188081e+01 2.713290e+01 3.172622e+00 3.313780e+00 3.815435e+00 3.793973e+00 4.889231e+00 5.875991e+00 4.714898e+00 4.549601e+00 3.973082e+00 4.214620e+00 3.831258e+00 3.224254e+00 2.933419e-03
<GCONST> 9.791221e+01
<MIXTURE> 42 1.106211e-02
<MEAN> 25
 -1.871835e+00 4.188803e+00 4.012397e+00 3.486718e+00 2.876859e-01 -6.675170e+00 -1.051102e+00 -1.801378e+00 -8.057054e-01 -1.736540e+00 -2.232500e+00 1.103139e+00 4.115683e+00 -5.569621e-01 1.485394e+00 -1.771864e-02 -2.784739e+00 -1.296904e+00 -2.422053e+00 -6.018494e-01 -7.616162e-01 -5.069349e-01 3.545770e-01 -1.146359e+00 1.606305e-02
<VARIANCE> 25
 3.350033e+01 2.113556e+01 4.632329e+01 2.904953e+01 3.589523e+01 3.958551e+01 3.461599e+01 2.496332e+01 3.121827e+01 2.748074e+01 1.880345e+01 1.661661e+01 3.319054e+00 4.986230e+00 5.699312e+00 4.790795e+00 4.531683e+00 5.742366e+00 5.002254e+00 5.243024e+00 4.619281e+00 5.186828e+00 4.149226e+00 3.201800e+00 4.465595e-03
<GCONST> 9.922460e+01
<MIXTURE> 43 7.108249e-03
<MEAN> 25
 3.167499e+00 -6.288418e+00 -2.220670e+00 -5.106906e+00 -7.370658e+00 -3.443499e+00 4.070857e+00 1.335956e+00 -5.087260e+00 -7.032506e+00 -4.314647e+00 -1.203995e+00 2.365363e-01 2.159087e+00 1.898691e+00 -1.138740e-01 -1.434541e+00 -7.977349e-01 -9.321753e-01 -7.759414e-01 8.243024e-01 1.452225e+00 3.427987e-01 1.544477e-02 -4.527390e-02
<VARIANCE> 25
 9.516580e+00 1.983702e+01 2.725585e+01 3.576194e+01 3.821653e+01 3.677458e+01 3.437119e+01 3.954676e+01 3.945168e+01 3.868532e+01 2.635481e+01 2.964951e+01 6.884741e-01 1.244382e+00 1.585014e+00 2.508851e+00 2.358720e+00 2.364734e+00 2.779494e+00 3.001850e+00 2.595611e+00 2.596098e+00 2.314352e+00 1.910108e+00 9.387750e-04
<GCONST> 8.801331e+01
<MIXTURE> 44 7.328289e-03
<MEAN> 25
 -1.490891e+01 1.709761e+00 3.685045e+00 -2.643242e+00 3.214985e+00 2.151712e+00 2.450661e-01 2.428270e+00 1.822494e+00 -9.195520e-01 1.526841e+00 2.010676e+00 -1.643610e-01 -2.006585e-02 1.629309e-01 3.112109e-01 -1.236833e-01 1.242652e-01 4.631262e-01 1.458314e-01 2.637977e-01 9.092741e-02 4.576951e-02 6.936107e-02 5.130987e-03
<VARIANCE> 25
 4.306735e+01 2.684922e+01 3.487662e+01 3.592255e+01 2.893026e+01 2.957270e+01 2.493651e+01 3.122785e+01 2.889249e+01 2.729951e+01 2.696108e+01 1.956018e+01 1.216655e+00 1.472441e+00 1.372207e+00 1.286736e+00 2.144137e+00 1.741524e+00 1.458699e+00 1.678326e+00 1.581941e+00 1.529131e+00 1.328727e+00 1.280165e+00 1.290287e-03
<GCONST> 8.460689e+01
<MIXTURE> 45 1.364932e-02
<MEAN> 25
 -1.181778e+01 3.645224e+00 -1.125998e+00 3.172198e+00 4.958831e+00 -3.571354e-01 4.566126e+00 2.382022e+00 3.557275e+00 1.637316e+00 2.666749e+00 2.818554e+00 -2.845494e+00 5.428741e-01 -5.546157e-01 -3.746553e-01 3.309993e-01 1.489097e-01 2.495819e-01 -9.725972e-02 -4.856735e-02 -3.582654e-01 1.642544e-01 9.528385e-03 1.130550e-01
<VARIANCE> 25
 3.284507e+01 2.740100e+01 2.978350e+01 3.376406e+01 3.412384e+01 3.107291e+01 2.807911e+01 2.724094e+01 2.352221e+01 2.331692e+01 2.829918e+01 1.505497e+01 2.378932e+00 2.790828e+00 2.812964e+00 2.610158e+00 2.814799e+00 2.602384e+00 2.411683e+00 2.489939e+00 2.028596e+00 2.584870e+00 1.942581e+00 1.692373e+00 3.921595e-03
<GCONST> 9.060686e+01
<MIXTURE> 46 9.336259e-03
<MEAN> 25
 -9.164218e+00 2.607302e+00 1.559507e+00 7.713977e+00 5.785746e+00 2.835896e+00 6.967688e+00 4.450116e+00 5.943453e+00 4.513075e+00 4.382636e+00 2.585399e+00 1.046302e+00 -1.805134e-01 -9.813265e-02 9.586782e-01 6.054960e-01 7.797642e-01 3.859191e-01 6.231759e-01 4.237416e-01 6.188505e-01 6.266581e-01 4.658810e-01 -9.863140e-02
<VARIANCE> 25
 3.217302e+01 4.077989e+01 3.714395e+01 4.641664e+01 4.725585e+01 4.087407e+01 3.426591e+01 3.286419e+01 3.112998e+01 2.977230e+01 3.030365e+01 2.014655e+01 3.624938e+00 3.947203e+00 3.852713e+00 3.842309e+00 3.987933e+00 3.747470e+00 3.243866e+00 2.920750e+00 2.879622e+00 2.951176e+00 2.147712e+00 1.813381e+00 7.881123e-03
<GCONST> 9.738219e+01
<MIXTURE> 47 7.116147e-03
<MEAN> 25
 7.035523e+00 -8.115773e+00 -7.174731e+00 -6.936421e+00 1.346675e+00 5.877039e-01 -3.154107e+00 1.129005e+00 2.281677e+00 1.460147e+00 -2.858519e+00 -6.247966e+00 -9.732866e-02 -1.250245e+00 -7.404218e-01 -5.370614e-01 5.201339e-01 9.714593e-01 1.008855e+00 2.272381e-01 1.964313e-01 -7.460876e-01 -3.704824e-01 -4.160241e-01 2.786431e-02
<VARIANCE> 25
 9.745427e+00 2.347808e+01 1.925666e+01 2.975882e+01 3.162943e+01 4.678918e+01 4.471227e+01 3.500982e+01 4.029502e+01 4.913095e+01 5.131815e+01 2.997961e+01 4.931052e-01 7.117881e-01 1.041096e+00 1.597496e+00 1.751995e+00 2.038404e+00 2.163652e+00 2.161996e+00 2.006254e+00 2.106313e+00 1.944700e+00 1.773527e+00 5.144919e-04
<GCONST> 8.470007e+01
<MIXTURE> 48 7.116147e-03
<MEAN> 25
 7.035523e+00 -8.115773e+00 -7.174731e+00 -6.936421e+00 1.346675e+00 5.877039e-01 -3.154107e+00 1.129005e+00 2.281677e+00 1.460147e+00 -2.858519e+00 -6.247966e+00 -9.732866e-02 -1.250245e+00 -7.404218e-01 -5.370614e-01 5.201339e-01 9.714593e-01 1.008855e+00 2.272381e-01 1.964313e-01 -7.460876e-01 -3.704824e-01 -4.160241e-01 2.786431e-02
<VARIANCE> 25
 9.745427e+00 2.347808e+01 1.925666e+01 2.975882e+01 3.162943e+01 4.678918e+01 4.471227e+01 3.500982e+01 4.029502e+01 4.913095e+01 5.131815e+01 2.997961e+01 4.931052e-01 7.117881e-01 1.041096e+00 1.597496e+00 1.751995e+00 2.038404e+00 2.163652e+00 2.161996e+00 2.006254e+00 2.106313e+00 1.944700e+00 1.773527e+00 5.144919e-04
<GCONST> 8.470007e+01
<MIXTURE> 49 5.548473e-03
<MEAN> 25
 -5.126981e+00 8.536226e-01 3.091764e-01 8.408627e+00 6.330834e+00 5.098641e+00 6.197021e+00 4.107752e+00 4.985088e+00 3.574558e+00 4.519210e+00 2.418504e+00 3.312204e-01 5.975240e-01 6.883321e-01 2.982259e-01 -1.116457e-01 -5.613983e-01 -9.668427e-01 -1.102463e+00 -9.874521e-01 -6.991078e-01 -4.733962e-01 -2.480127e-01 1.573115e-05
<VARIANCE> 25
 8.955282e+00 1.198363e+01 1.341971e+01 1.473880e+01 1.569239e+01 1.870526e+01 1.832199e+01 1.958484e+01 1.756034e+01 1.769107e+01 2.120741e+01 1.552525e+01 2.738948e-01 2.848757e-01 3.596440e-01 6.255844e-01 1.021485e+00 1.109143e+00 9.637405e-01 1.108941e+00 1.089267e+00 1.197146e+00 1.258542e+00 1.138675e+00 1.646578e-05
<GCONST> 6.477021e+01
<MIXTURE> 50 6.234641e-03
<MEAN> 25
 -4.677442e+00 4.307543e-01 -1.219664e+00 6.351479e+00 4.344180e+00 1.957559e+00 3.715585e+00 1.898701e+00 2.760896e+00 1.347711e+00 1.838571e+00 2.475594e+00 7.597961e-02 1.275201e-01 1.108162e-01 -1.433780e-01 -4.975489e-01 -6.085976e-01 -4.712195e-01 -2.234225e-02 4.190685e-01 7.288384e-01 6.852276e-01 4.794848e-01 -7.147817e-05
<VARIANCE> 25
 1.006505e+01 1.266066e+01 1.468393e+01 1.526895e+01 1.498422e+01 1.953450e+01 1.765313e+01 1.872743e+01 1.766622e+01 1.720585e+01 2.262595e+01 1.715812e+01 1.508473e-01 2.740234e-01 3.656532e-01 5.368778e-01 5.794783e-01 7.436137e-01 9.711404e-01 1.085532e+00 1.027100e+00 9.421244e-01 9.631805e-01 9.770896e-01 1.114300e-06
<GCONST> 5.996162e+01
<MIXTURE> 51 6.234641e-03
<MEAN> 25
 -4.677442e+00 4.307543e-01 -1.219664e+00 6.351479e+00 4.344180e+00 1.957559e+00 3.715585e+00 1.898701e+00 2.760896e+00 1.347711e+00 1.838571e+00 2.475594e+00 7.597961e-02 1.275201e-01 1.108162e-01 -1.433780e-01 -4.975489e-01 -6.085976e-01 -4.712195e-01 -2.234225e-02 4.190685e-01 7.288384e-01 6.852276e-01 4.794848e-01 -7.147817e-05
<VARIANCE> 25
 1.006505e+01 1.266066e+01 1.468393e+01 1.526895e+01 1.498422e+01 1.953450e+01 1.765313e+01 1.872743e+01 1.766622e+01 1.720585e+01 2.262595e+01 1.715812e+01 1.508473e-01 2.740234e-01 3.656532e-01 5.368778e-01 5.794783e-01 7.436137e-01 9.711404e-01 1.085532e+00 1.027100e+00 9.421244e-01 9.631805e-01 9.770896e-01 1.114300e-06
<GCONST> 5.996162e+01
<MIXTURE> 52 6.367945e-03
<MEAN> 25
 9.098838e+00 9.779254e-01 -5.741452e+00 -1.416849e+01 -4.470216e+00 9.824201e+00 -4.590940e+00 -3.125296e+00 -4.929382e+00 -2.241558e+00 4.327938e+00 1.671590e+00 -4.081957e-01 -5.620147e-01 -1.823170e-01 1.185286e+00 1.285593e+00 -3.885613e-01 -6.448255e-01 -6.254997e-01 -3.322560e-02 1.369157e+00 3.832389e-01 -5.804356e-01 -8.433831e-03
<VARIANCE> 25
 1.112023e+01 2.156028e+01 2.184652e+01 3.232701e+01 3.750426e+01 3.616349e+01 5.276323e+01 4.102872e+01 3.744139e+01 4.105666e+01 3.650382e+01 2.908509e+01 3.803486e-01 1.528342e+00 1.234482e+00 2.443334e+00 2.094190e+00 2.772521e+00 3.384423e+00 2.655591e+00 2.717335e+00 3.642547e+00 2.211128e+00 2.174076e+00 1.719972e-03
<GCONST> 8.919776e+01
<MIXTURE> 53 6.367945e-03
<MEAN> 25
 9.098838e+00 9.779254e-01 -5.741452e+00 -1.416849e+01 -4.470216e+00 9.824201e+00 -4.590940e+00 -3.125296e+00 -4.929382e+00 -2.241558e+00 4.327938e+00 1.671590e+00 -4.081957e-01 -5.620147e-01 -1.823170e-01 1.185286e+00 1.285593e+00 -3.885613e-01 -6.448255e-01 -6.254997e-01 -3.322560e-02 1.369157e+00 3.832389e-01 -5.804356e-01 -8.433831e-03
<VARIANCE> 25
 1.112023e+01 2.156028e+01 2.184652e+01 3.232701e+01 3.750426e+01 3.616349e+01 5.276323e+01 4.102872e+01 3.744139e+01 4.105666e+01 3.650382e+01 2.908509e+01 3.803486e-01 1.528342e+00 1.234482e+00 2.443334e+00 2.094190e+00 2.772521e+00 3.384423e+00 2.655591e+00 2.717335e+00 3.642547e+00 2.211128e+00 2.174076e+00 1.719972e-03
<GCONST> 8.919776e+01
<MIXTURE> 54 7.368620e-03
<MEAN> 25
 -3.633747e+00 5.066668e-02 -6.822481e-01 8.036240e+00 6.483750e+00 4.623915e+00 4.675077e+00 4.600285e+00 4.052774e+00 3.592705e+00 4.455642e+00 2.325515e+00 -2.035744e-03 2.630985e-02 3.418187e-02 4.739601e-02 5.140679e-02 4.724305e-02 3.882422e-02 2.895989e-02 3.068161e-02 2.519222e-02 1.453055e-02 1.904426e-03 -1.210939e-05
<VARIANCE> 25
 9.135662e+00 1.037065e+01 9.297970e+00 1.818201e+01 1.331894e+01 1.354196e+01 1.196940e+01 1.128272e+01 1.134120e+01 1.355324e+01 1.781606e+01 1.253508e+01 4.091484e-02 8.759154e-02 1.540576e-01 2.265750e-01 3.078856e-01 3.970044e-01 4.607762e-01 5.214888e-01 5.420581e-01 5.211304e-01 5.143373e-01 5.164198e-01 9.998388e-07
<GCONST> 4.725294e+01
<MIXTURE> 55 7.368620e-03
<MEAN> 25
 -3.633747e+00 5.066668e-02 -6.822481e-01 8.036240e+00 6.483750e+00 4.623915e+00 4.675077e+00 4.600285e+00 4.052774e+00 3.592705e+00 4.455642e+00 2.325515e+00 -2.035744e-03 2.630985e-02 3.418187e-02 4.739601e-02 5.140679e-02 4.724305e-02 3.882422e-02 2.895989e-02 3.068161e-02 2.519222e-02 1.453055e-02 1.904426e-03 -1.210939e-05
<VARIANCE> 25
 9.135662e+00 1.037065e+01 9.297970e+00 1.818201e+01 1.331894e+01 1.354196e+01 1.196940e+01 1.128272e+01 1.134120e+01 1.355324e+01 1.781606e+01 1.253508e+01 4.091484e-02 8.759154e-02 1.540576e-01 2.265750e-01 3.078856e-01 3.970044e-01 4.607762e-01 5.214888e-01 5.420581e-01 5.211304e-01 5.143373e-01 5.164198e-01 9.998388e-07
<GCONST> 4.725294e+01
<MIXTURE> 56 6.132464e-03
<MEAN> 25
 7.053765e+00 -7.254584e+00 -9.025787e+00 -8.871682e+00 3.938635e+00 4.788138e+00 -2.293263e+00 -1.716581e+00 1.158636e+00 1.638882e+00 -1.138760e+00 -6.592110e+00 -6.914536e-02 9.654360e-02 -1.006231e-01 4.506708e-02 4.091775e-01 1.913765e-01 3.647647e-01 -2.052430e-01 -4.903721e-03 2.510548e-02 -2.905481e-01 1.099840e-01 -8.365888e-03
<VARIANCE> 25
 9.418992e+00 2.289831e+01 1.926525e+01 3.406354e+01 3.056297e+01 5.048545e+01 5.662610e+01 3.164952e+01 3.499536e+01 3.971436e+01 4.258444e+01 2.823889e+01 2.326099e-01 4.724871e-01 4.588255e-01 7.014652e-01 1.012436e+00 1.101912e+00 1.013179e+00 8.054065e-01 8.775324e-01 7.992619e-01 1.065172e+00 8.489862e-01 2.269608e-04
<GCONST> 7.468729e+01
<MIXTURE> 57 6.132464e-03
<MEAN> 25
 7.053765e+00 -7.254584e+00 -9.025787e+00 -8.871682e+00 3.938635e+00 4.788138e+00 -2.293263e+00 -1.716581e+00 1.158636e+00 1.638882e+00 -1.138760e+00 -6.592110e+00 -6.914536e-02 9.654360e-02 -1.006231e-01 4.506708e-02 4.091775e-01 1.913765e-01 3.647647e-01 -2.052430e-01 -4.903721e-03 2.510548e-02 -2.905481e-01 1.099840e-01 -8.365888e-03
<VARIANCE> 25
 9.418992e+00 2.289831e+01 1.926525e+01 3.406354e+01 3.056297e+01 5.048545e+01 5.662610e+01 3.164952e+01 3.499536e+01 3.971436e+01 4.258444e+01 2.823889e+01 2.326099e-01 4.724871e-01 4.588255e-01 7.014652e-01 1.012436e+00 1.101912e+00 1.013179e+00 8.054065e-01 8.775324e-01 7.992619e-01 1.065172e+00 8.489862e-01 2.269608e-04
<GCONST> 7.468729e+01
<MIXTURE> 58 6.172147e-03
<MEAN> 25
 2.704571e+00 -3.160196e+00 7.304095e+00 -4.395557e+00 -1.351404e+01 -6.188550e+00 1.704289e+00 1.028424e+00 -2.891547e+00 1.525308e+00 4.675406e-01 -4.705464e-01 -4.512199e-02 -1.601728e-01 -2.398758e-02 -1.540152e-01 -1.317536e-01 2.319703e-01 3.283840e-01 1.827678e-01 -8.025370e-02 2.794914e-02 -3.917549e-02 -5.790026e-02 2.746926e-04
<VARIANCE> 25
 7.091758e+00 1.471741e+01 1.953363e+01 3.435619e+01 2.207231e+01 4.705763e+01 3.043804e+01 3.265281e+01 3.307596e+01 3.032335e+01 2.125462e+01 2.048613e+01 3.169830e-01 7.606201e-01 7.448143e-01 9.491389e-01 9.908189e-01 1.182384e+00 1.178924e+00 1.258639e+00 1.159858e+00 1.032878e+00 9.097412e-01 8.953044e-01 8.247645e-04
<GCONST> 7.559683e+01
<MIXTURE> 59 6.172147e-03
<MEAN> 25
 2.704571e+00 -3.160196e+00 7.304095e+00 -4.395557e+00 -1.351404e+01 -6.188550e+00 1.704289e+00 1.028424e+00 -2.891547e+00 1.525308e+00 4.675406e-01 -4.705464e-01 -4.512199e-02 -1.601728e-01 -2.398758e-02 -1.540152e-01 -1.317536e-01 2.319703e-01 3.283840e-01 1.827678e-01 -8.025370e-02 2.794914e-02 -3.917549e-02 -5.790026e-02 2.746926e-04
<VARIANCE> 25
 7.091758e+00 1.471741e+01 1.953363e+01 3.435619e+01 2.207231e+01 4.705763e+01 3.043804e+01 3.265281e+01 3.307596e+01 3.032335e+01 2.125462e+01 2.048613e+01 3.169830e-01 7.606201e-01 7.448143e-01 9.491389e-01 9.908189e-01 1.182384e+00 1.178924e+00 1.258639e+00 1.159858e+00 1.032878e+00 9.097412e-01 8.953044e-01 8.247645e-04
<GCONST> 7.559683e+01
<MIXTURE> 60 4.479129e-03
<MEAN> 25
 -4.076324e+00 -3.717202e-01 -7.420604e-01 3.901361e+00 1.771970e+00 1.828077e+00 2.196340e+00 1.298760e+00 2.343407e+00 1.266780e+00 1.816740e+00 1.304453e+00 -5.556002e-02 5.540962e-02 1.396635e-01 1.881902e-01 5.721474e-02 1.135260e-01 1.601508e-01 3.454778e-01 5.611999e-01 6.580104e-01 5.503616e-01 2.984074e-01 -5.313567e-04
<VARIANCE> 25
 6.888498e+00 5.557490e+00 1.019729e+01 1.083517e+01 1.284849e+01 1.721609e+01 1.543450e+01 1.199240e+01 1.445721e+01 1.338385e+01 1.874941e+01 1.473914e+01 9.479570e-02 1.571368e-01 2.712883e-01 5.019868e-01 5.859921e-01 6.789992e-01 8.367211e-01 8.485777e-01 9.791955e-01 7.874677e-01 8.974651e-01 8.381177e-01 2.667902e-05
<GCONST> 5.726287e+01
<MIXTURE> 61 4.479129e-03
<MEAN> 25
 -4.076324e+00 -3.717202e-01 -7.420604e-01 3.901361e+00 1.771970e+00 1.828077e+00 2.196340e+00 1.298760e+00 2.343407e+00 1.266780e+00 1.816740e+00 1.304453e+00 -5.556002e-02 5.540962e-02 1.396635e-01 1.881902e-01 5.721474e-02 1.135260e-01 1.601508e-01 3.454778e-01 5.611999e-01 6.580104e-01 5.503616e-01 2.984074e-01 -5.313567e-04
<VARIANCE> 25
 6.888498e+00 5.557490e+00 1.019729e+01 1.083517e+01 1.284849e+01 1.721609e+01 1.543450e+01 1.199240e+01 1.445721e+01 1.338385e+01 1.874941e+01 1.473914e+01 9.479570e-02 1.571368e-01 2.712883e-01 5.019868e-01 5.859921e-01 6.789992e-01 8.367211e-01 8.485777e-01 9.791955e-01 7.874677e-01 8.974651e-01 8.381177e-01 2.667902e-05
<GCONST> 5.726287e+01
<MIXTURE> 62 3.278034e-03
<MEAN> 25
 -5.090744e+00 1.241428e+00 1.026449e+00 8.818433e+00 6.130760e+00 5.050155e+00 5.499647e+00 4.033448e+00 4.986480e+00 3.917526e+00 4.965395e+00 2.950363e+00 -1.003221e+00 -1.166556e+00 -9.531263e-01 -2.767008e-01 4.275141e-01 1.005064e+00 1.384419e+00 1.552063e+00 1.478719e+00 1.243384e+00 1.067113e+00 7.260063e-01 -1.264993e-03
<VARIANCE> 25
 9.873428e+00 9.959974e+00 1.311475e+01 1.673210e+01 1.741317e+01 1.752611e+01 1.969960e+01 1.911306e+01 1.886534e+01 1.872825e+01 2.157152e+01 1.479948e+01 4.017774e-01 4.321788e-01 5.542132e-01 7.794315e-01 1.035273e+00 1.192302e+00 1.252803e+00 1.279279e+00 1.329739e+00 1.363798e+00 1.400058e+00 1.371264e+00 1.632471e-05
<GCONST> 6.752837e+01
<MIXTURE> 63 4.351215e-03
<MEAN> 25
 -3.657554e+00 -1.190661e+00 -3.372499e+00 2.990422e+00 3.332791e+00 1.749793e-02 4.204252e+00 1.089263e+00 2.787504e+00 -6.545591e-01 -1.776566e+00 8.539051e-01 -1.083098e-01 2.630365e-01 4.506497e-01 5.607814e-01 3.556697e-01 2.228176e-01 2.395180e-01 1.947868e-01 2.197245e-01 1.712820e-01 7.869765e-02 6.197661e-02 -3.832368e-03
<VARIANCE> 25
 8.809148e+00 1.814107e+01 1.750828e+01 1.565840e+01 1.616148e+01 2.319973e+01 2.249596e+01 2.001300e+01 2.151103e+01 2.057686e+01 1.929734e+01 1.907076e+01 2.528226e-01 3.536039e-01 5.128576e-01 6.429624e-01 1.021084e+00 1.111443e+00 1.122622e+00 1.282837e+00 1.669209e+00 1.393589e+00 1.437455e+00 1.078386e+00 1.969107e-04
<GCONST> 7.038895e+01
<MIXTURE> 64 4.351215e-03
<MEAN> 25
 -3.657554e+00 -1.190661e+00 -3.372499e+00 2.990422e+00 3.332791e+00 1.749793e-02 4.204252e+00 1.089263e+00 2.787504e+00 -6.545591e-01 -1.776566e+00 8.539051e-01 -1.083098e-01 2.630365e-01 4.506497e-01 5.607814e-01 3.556697e-01 2.228176e-01 2.395180e-01 1.947868e-01 2.197245e-01 1.712820e-01 7.869765e-02 6.197661e-02 -3.832368e-03
<VARIANCE> 25
 8.809148e+00 1.814107e+01 1.750828e+01 1.565840e+01 1.616148e+01 2.319973e+01 2.249596e+01 2.001300e+01 2.151103e+01 2.057686e+01 1.929734e+01 1.907076e+01 2.528226e-01 3.536039e-01 5.128576e-01 6.429624e-01 1.021084e+00 1.111443e+00 1.122622e+00 1.282837e+00 1.669209e+00 1.393589e+00 1.437455e+00 1.078386e+00 1.969107e-04
<GCONST> 7.038895e+01
<MIXTURE> 65 1.721197e-02
<MEAN> 25
 7.847966e+00 2.111741e+00 1.790761e+00 5.107093e-01 -5.421443e+00 -4.288545e+00 -5.711757e+00 -6.453736e+00 -3.743397e+00 -2.192968e+00 -5.426591e+00 -1.795624e+00 1.446328e-01 1.142695e-01 2.560877e-02 1.142224e-01 -1.733768e-01 2.486444e-01 -1.018026e-01 -1.656859e-01 1.711610e-01 -1.005962e-02 1.000512e-02 -1.474715e-01 -4.380594e-03
<VARIANCE> 25
 1.050866e+01 1.974170e+01 2.638794e+01 3.826816e+01 3.709417e+01 5.873638e+01 5.924465e+01 6.019353e+01 5.474481e+01 5.714953e+01 5.487819e+01 5.043448e+01 5.754846e-01 9.296495e-01 1.588882e+00 1.794625e+00 1.975735e+00 2.170562e+00 2.329579e+00 2.911852e+00 2.448786e+00 2.441938e+00 2.442417e+00 2.079197e+00 4.179506e-04
<GCONST> 8.946524e+01
<MIXTURE> 66 1.191532e-02
<MEAN> 25
 5.857553e+00 -4.551510e+00 -5.068459e+00 -4.306735e+00 1.108989e+00 -5.975053e+00 -8.712908e+00 9.704419e-01 7.007223e-01 -4.543994e-01 -5.316936e+00 -2.735982e+00 -1.527412e-01 1.651484e+00 2.530308e+00 2.331093e+00 -1.509698e+00 -1.190988e+00 4.064642e-01 -3.382205e-01 -3.540665e-01 -1.013502e+00 -2.976297e-01 5.397958e-01 -6.669149e-02
<VARIANCE> 25
 9.871202e+00 2.018316e+01 2.629045e+01 3.026991e+01 3.166401e+01 4.937473e+01 6.185195e+01 3.924596e+01 4.736372e+01 7.374327e+01 3.434229e+01 3.227801e+01 1.102882e+00 2.097998e+00 2.591145e+00 2.157812e+00 4.327603e+00 4.763564e+00 4.505701e+00 4.273731e+00 4.493741e+00 7.132165e+00 3.792785e+00 3.663883e+00 1.248169e-03
<GCONST> 9.619595e+01
<MIXTURE> 67 1.559142e-02
<MEAN> 25
 7.956969e+00 2.594125e+00 -4.994514e+00 -9.430596e+00 -1.115231e-01 3.392345e+00 -3.387257e+00 -1.361633e+00 -5.001209e+00 -6.252737e-01 5.064121e-01 -1.088035e+00 -1.091044e+00 1.685889e+00 8.304832e-01 2.838019e+00 1.101865e+00 -6.823716e-01 1.916467e+00 -6.719687e-03 3.225256e-01 2.783344e-01 -5.169897e-01 -5.554867e-02 -1.213034e-01
<VARIANCE> 25
 1.126541e+01 3.374762e+01 2.620630e+01 4.745339e+01 3.980836e+01 5.373964e+01 5.913063e+01 5.027215e+01 5.546220e+01 5.019678e+01 4.722820e+01 4.187127e+01 1.648304e+00 2.683887e+00 3.108536e+00 3.667730e+00 3.868066e+00 3.625514e+00 4.674160e+00 4.015132e+00 4.491467e+00 3.963121e+00 4.628433e+00 4.185938e+00 2.489557e-03
<GCONST> 9.954111e+01
<MIXTURE> 68 1.485092e-02
<MEAN> 25
 -1.691454e+00 -2.127679e+00 -4.152062e+00 1.308372e+00 5.119587e+00 -1.000980e+00 1.808685e+00 1.688822e+00 2.104160e+00 1.244154e+00 3.640174e-01 1.769351e+00 2.712219e+00 4.313685e-01 2.217956e-01 -2.521648e+00 -2.348362e+00 -1.552938e+00 -2.458904e+00 -1.508056e+00 -1.682915e+00 -1.396677e+00 -1.891891e+00 -1.066355e+00 1.008973e-01
<VARIANCE> 25
 2.506730e+01 3.284924e+01 5.368472e+01 5.117533e+01 4.305532e+01 5.685435e+01 4.532632e+01 3.869431e+01 3.862766e+01 4.373792e+01 3.609973e+01 2.385423e+01 1.883335e+00 3.780092e+00 6.036677e+00 5.378091e+00 4.339753e+00 5.265121e+00 5.378685e+00 5.232899e+00 4.617793e+00 5.316345e+00 4.694639e+00 3.221918e+00 5.651641e-03
<GCONST> 1.026924e+02
<MIXTURE> 69 1.204884e-02
<MEAN> 25
 4.284009e+00 -4.380393e+00 -3.349051e+00 -2.623134e+00 -3.111818e+00 -8.322371e+00 -1.813090e+00 2.001361e+00 1.512603e-01 -4.376929e+00 -5.529485e+00 1.024442e+00 1.713944e+00 -2.294885e+00 -1.129443e+00 -2.257208e+00 -5.635304e-01 -4.271828e-01 -8.892612e-01 6.304377e-01 -8.151575e-01 -1.155521e+00 -1.982168e+00 -2.757251e-01 6.650411e-02
<VARIANCE> 25
 8.864091e+00 2.125653e+01 2.534663e+01 3.203843e+01 3.939923e+01 3.663907e+01 4.866549e+01 2.949396e+01 3.861963e+01 3.587103e+01 2.796805e+01 2.370908e+01 3.230155e+00 2.878058e+00 3.421462e+00 3.326522e+00 5.146301e+00 4.675014e+00 7.689456e+00 5.409211e+00 5.470659e+00 5.907404e+00 4.205737e+00 3.650062e+00 2.395683e-03
<GCONST> 9.790262e+01
<MIXTURE> 70 1.329190e-02
<MEAN> 25
 7.369792e+00 -2.032592e+00 -3.753918e+00 -3.897522e+00 -5.897481e-01 -3.254623e-01 -7.801608e+00 -3.996078e+00 4.754837e-01 2.536402e+00 8.199719e-02 -4.502777e+00 1.874047e+00 -1.158562e+00 -7.847704e-01 -2.204189e+00 -1.517067e+00 1.226732e+00 -1.461072e+00 -5.626878e-02 2.655141e-01 9.304252e-03 7.339752e-01 -1.376248e+00 6.050871e-02
<VARIANCE> 25
 9.906654e+00 2.252960e+01 2.745310e+01 4.950382e+01 3.466658e+01 4.974763e+01 5.010111e+01 4.299248e+01 4.505889e+01 3.359248e+01 4.646970e+01 2.944173e+01 3.404760e+00 3.098210e+00 4.565006e+00 4.727949e+00 4.978392e+00 6.212631e+00 6.798307e+00 7.212783e+00 6.038583e+00 5.184176e+00 5.635409e+00 4.314460e+00 2.511325e-03
<GCONST> 1.016408e+02
<MIXTURE> 71 1.406903e-02
<MEAN> 25
 6.303500e+00 5.201325e+00 4.160879e+00 2.998120e+00 -3.513872e+00 -3.435295e+00 -3.355237e+00 -6.564343e+00 -4.616169e+00 -2.493716e+00 -5.155323e+00 -3.186635e+00 -1.568737e+00 -6.819705e-01 -2.513914e-01 -1.762914e+00 1.124363e+00 -1.267199e-01 3.029757e-02 1.514669e+00 3.006877e-01 -2.075213e-01 7.070892e-01 1.771894e-01 4.070935e-02
<VARIANCE> 25
 1.925837e+01 2.548034e+01 2.498524e+01 4.633345e+01 4.043091e+01 4.049503e+01 4.257737e+01 4.153460e+01 3.890909e+01 4.371672e+01 3.663799e+01 3.447541e+01 1.744717e+00 3.029507e+00 5.238354e+00 4.841920e+00 4.653342e+00 4.698460e+00 4.840402e+00 5.368454e+00 4.289823e+00 4.104118e+00 3.635169e+00 3.272726e+00 1.417547e-03
<GCONST> 9.868217e+01
<MIXTURE> 72 8.134747e-03
<MEAN> 25
 3.791560e+00 -3.683930e+00 5.459564e+00 -2.466041e+00 -1.040686e+01 -9.625862e+00 -2.450755e+00 1.925017e+00 -4.944664e+00 -2.200451e+00 -1.886883e+00 6.176899e-01 9.324490e-01 -7.859704e-01 -2.577079e+00 4.630913e-01 2.137469e+00 -6.547773e-01 -1.317239e+00 1.525344e+00 1.814669e+00 -5.964959e-01 -1.289550e+00 4.030089e-01 -6.131551e-03
<VARIANCE> 25
 1.079012e+01 1.949129e+01 3.286975e+01 3.844965e+01 3.231512e+01 3.339035e+01 4.107217e+01 3.620927e+01 4.370910e+01 4.136740e+01 3.879768e+01 2.852742e+01 4.324610e-01 1.026879e+00 2.022018e+00 1.469584e+00 2.184443e+00 2.356061e+00 3.061724e+00 2.732730e+00 2.604912e+00 2.961308e+00 2.024100e+00 2.128919e+00 5.412961e-04
<GCONST> 8.725737e+01
<MIXTURE> 73 1.213625e-02
<MEAN> 25
 -5.482660e+00 -6.011471e-01 -1.163182e+00 5.015694e+00 4.172398e+00 2.085865e+00 5.442481e+00 3.346650e+00 4.431506e+00 3.325778e+00 3.982313e+00 2.895667e+00 8.272877e-01 -1.153698e+00 -1.043381e+00 -2.604994e+00 -1.132166e+00 -1.726764e+00 -9.980339e-01 -4.762387e-01 -8.901500e-01 -7.149620e-01 -1.079597e+00 -1.647992e-01 1.529577e-01
<VARIANCE> 25
 1.293563e+01 1.489125e+01 1.649491e+01 2.305183e+01 2.247993e+01 2.517412e+01 2.019083e+01 1.946331e+01 1.731418e+01 1.880057e+01 2.343640e+01 1.569379e+01 3.907543e+00 3.362884e+00 6.073160e+00 4.531980e+00 6.221756e+00 4.478278e+00 4.301362e+00 4.075099e+00 3.767095e+00 4.104548e+00 3.457717e+00 2.881492e+00 4.204440e-03
<GCONST> 9.280120e+01
<MIXTURE> 74 1.756491e-02
<MEAN> 25
 4.024907e+00 -2.058096e+00 4.538564e+00 9.435997e-01 -8.722696e+00 -8.680256e+00 -2.485712e+00 1.663684e+00 -5.147639e+00 -2.020538e+00 -1.557334e+00 1.612463e+00 1.350621e-01 1.946840e+00 -4.591817e-02 1.537187e+00 6.872399e-01 2.255920e-02 7.863261e-01 -1.106135e+00 7.193583e-01 1.457423e-02 -3.983576e-02 -3.691015e-01 -7.971459e-02
<VARIANCE> 25
 8.926338e+00 2.152784e+01 2.875046e+01 4.278281e+01 3.222477e+01 3.199637e+01 4.725828e+01 3.474255e+01 3.904001e+01 3.255879e+01 2.990462e+01 2.907532e+01 1.764179e+00 1.456115e+00 3.002715e+00 2.285156e+00 4.231119e+00 3.070927e+00 5.181183e+00 3.076943e+00 3.691406e+00 3.083566e+00 2.986424e+00 2.615869e+00 1.570335e-03
<GCONST> 9.281168e+01
<MIXTURE> 75 9.711651e-03
<MEAN> 25
 2.662207e+00 -1.511315e+00 1.069016e+01 2.099395e+00 -1.190640e+01 -8.125560e+00 -4.217730e+00 -2.677187e-01 -4.694108e+00 -4.482363e+00 3.015486e+00 4.761135e-01 1.615579e+00 -1.702210e+00 2.427123e-01 -2.571681e-01 -2.358973e+00 -4.559427e-01 -1.433471e+00 8.860289e-01 -2.938786e-01 -2.688128e-01 9.862572e-01 -5.086154e-01 4.012230e-02
<VARIANCE> 25
 1.034545e+01 1.744582e+01 2.966506e+01 2.755280e+01 2.644938e+01 3.286665e+01 3.293062e+01 2.952864e+01 3.204783e+01 2.976392e+01 2.012624e+01 2.133112e+01 2.441197e+00 1.832801e+00 4.032477e+00 2.320975e+00 3.609881e+00 4.097706e+00 3.901730e+00 3.380018e+00 3.901881e+00 3.238405e+00 3.003239e+00 2.535498e+00 1.470631e-03
<GCONST> 9.147147e+01
<MIXTURE> 76 1.052359e-02
<MEAN> 25
 -5.340551e+00 4.397561e-01 -1.742602e+00 3.450295e+00 4.143617e+00 2.077243e+00 5.539295e+00 1.728223e+00 3.152906e+00 3.017863e-01 1.657924e-01 1.520020e+00 8.085542e-02 -3.239375e-01 -2.522971e-01 -7.070246e-01 -5.518799e-01 -4.997984e-01 -6.679983e-01 -3.605798e-01 -6.855404e-01 -4.611058e-01 3.119027e-04 6.231899e-02 2.286302e-02
<VARIANCE> 25
 3.154350e+01 2.670402e+01 3.199149e+01 3.002692e+01 2.590550e+01 2.616706e+01 2.326486e+01 2.230387e+01 2.078035e+01 2.075644e+01 2.330676e+01 1.965895e+01 9.919493e-01 9.139799e-01 1.178926e+00 1.202549e+00 1.208234e+00 1.918844e+00 1.550486e+00 1.716707e+00 1.988150e+00 1.777421e+00 1.516291e+00 1.275076e+00 1.285092e-03
<GCONST> 8.185106e+01
<MIXTURE> 77 1.244626e-02
<MEAN> 25
 -4.632392e-01 8.480027e+00 1.235558e+01 -1.145559e+01 -6.906756e+00 1.011767e+00 -9.130237e+00 -7.035355e+00 -3.376629e+00 -2.829849e-01 -4.582798e+00 -1.593175e+00 5.946998e-02 1.555456e-01 6.343395e-02 2.447659e-01 1.534727e-02 6.054177e-02 -3.143201e-02 -7.732248e-02 1.235283e-01 -5.524683e-02 -1.406085e-03 1.364005e-01 -1.004744e-02
<VARIANCE> 25
 1.020322e+01 2.006447e+01 2.819923e+01 4.190755e+01 3.337857e+01 3.319735e+01 3.702892e+01 3.346831e+01 3.446544e+01 3.289223e+01 3.706299e+01 3.472687e+01 2.959955e-01 7.814552e-01 6.396161e-01 1.079212e+00 1.307258e+00 9.818777e-01 1.245816e+00 1.071508e+00 1.117687e+00 1.066921e+00 9.962779e-01 9.368145e-01 5.299111e-04
<GCONST> 7.793742e+01
<MIXTURE> 78 9.702551e-03
<MEAN> 25
 -1.082078e+01 1.881525e+00 -3.359666e-01 4.371566e+00 4.211636e+00 -2.244104e+00 4.134771e+00 2.582225e+00 3.403522e+00 -5.069780e-01 -9.325651e-01 2.545308e+00 2.224691e+00 -1.832477e-01 -5.094589e-03 4.989698e-01 1.445822e-01 -4.581246e-01 -1.744655e-01 6.033201e-02 2.381500e-01 5.137103e-01 -3.314752e-01 -5.854415e-01 -5.283722e-02
<VARIANCE> 25
 3.478703e+01 2.754300e+01 3.578229e+01 3.866086e+01 3.194921e+01 3.015190e+01 3.101375e+01 2.972141e+01 2.463817e+01 3.480377e+01 2.330876e+01 1.785128e+01 4.154464e+00 2.394207e+00 2.739652e+00 2.445055e+00 2.470005e+00 3.785845e+00 2.797612e+00 2.655267e+00 2.163050e+00 2.439523e+00 1.998478e+00 1.858494e+00 4.320328e-03
<GCONST> 9.249680e+01
<MIXTURE> 79 1.156824e-02
<MEAN> 25
 2.411107e+00 1.594119e+00 9.194592e+00 -6.611789e+00 -1.205060e+01 -1.808088e+00 -1.922117e+00 -6.443457e+00 -6.572294e+00 3.038363e-01 -3.510492e+00 -3.298553e+00 1.215087e+00 -5.211731e-01 -1.431210e+00 2.350353e+00 3.900084e-01 -1.472595e+00 5.399018e-01 8.778337e-01 -4.292746e-01 -5.402152e-01 3.553096e-01 2.869151e-01 -3.640224e-02
<VARIANCE> 25
 1.422930e+01 2.418263e+01 3.787279e+01 4.966615e+01 3.351371e+01 4.346661e+01 4.285049e+01 3.699002e+01 3.886856e+01 3.979590e+01 4.382359e+01 3.063524e+01 9.524586e-01 2.260991e+00 1.892745e+00 2.086111e+00 2.504489e+00 2.806964e+00 3.197747e+00 3.548661e+00 2.521455e+00 2.731440e+00 2.313784e+00 2.049406e+00 1.230824e-03
<GCONST> 9.183166e+01
<MIXTURE> 80 7.550998e-03
<MEAN> 25
 -1.460733e+01 3.983024e+00 6.887475e-01 2.866678e+00 2.449565e+00 1.410104e+00 6.396645e+00 2.496718e+00 2.719905e+00 2.372450e+00 4.852335e+00 1.187044e+00 4.286123e+00 -1.605763e-02 1.637932e+00 -1.135484e+00 -2.889121e+00 -2.777515e+00 -2.323083e+00 -2.021051e+00 -1.974743e+00 -1.684938e+00 -1.650727e+00 -6.028500e-01 -4.422351e-02
<VARIANCE> 25
 2.096383e+01 1.984451e+01 3.444553e+01 3.471589e+01 3.017770e+01 2.920727e+01 2.828605e+01 2.855220e+01 2.674533e+01 2.881688e+01 2.685496e+01 1.810504e+01 2.357357e+00 2.666073e+00 2.673298e+00 4.119497e+00 3.394821e+00 2.704968e+00 3.025199e+00 3.204945e+00 2.749716e+00 2.702607e+00 2.781956e+00 2.145559e+00 1.512784e-03
<GCONST> 9.139850e+01
<MIXTURE> 81 8.025434e-03
<MEAN> 25
 -1.111091e+00 4.080110e+00 1.013328e+01 -1.476044e+01 -9.065471e+00 -1.402502e+00 -6.735545e+00 -8.341391e+00 -4.154871e+00 -4.513473e-01 -7.528711e+00 -2.268138e+00 1.283750e-01 -5.769351e-01 -3.430307e-04 -5.585190e-01 -4.485950e-01 3.366637e-01 3.149284e-01 1.422401e-01 -1.352291e-01 9.531635e-02 -4.645596e-01 -1.273577e-01 1.153526e-02
<VARIANCE> 25
 1.009156e+01 3.261421e+01 2.736318e+01 2.933260e+01 3.355959e+01 3.037375e+01 4.542973e+01 2.903700e+01 3.774142e+01 3.183482e+01 2.539945e+01 3.092049e+01 7.704309e-01 2.277274e+00 1.537844e+00 2.853691e+00 2.683166e+00 2.116012e+00 3.269852e+00 2.290689e+00 2.369343e+00 2.553865e+00 2.324951e+00 2.075357e+00 1.180910e-03
<GCONST> 8.872427e+01
<MIXTURE> 82 8.213053e-03
<MEAN> 25
 -9.936171e+00 -3.867908e+00 1.614193e+00 -2.967847e+00 3.115040e+00 6.757511e-01 2.024338e+00 9.572972e-01 2.973150e+00 1.709493e+00 1.735325e+00 3.076259e+00 -1.307398e+00 -1.280148e-01 2.923242e-01 -2.594316e+00 -1.103141e+00 -1.252657e+00 -1.019055e+00 -8.632867e-01 -3.180583e-01 -4.874294e-01 -3.100825e-01 -9.341548e-02 1.780364e-01
<VARIANCE> 25
 1.813765e+01 2.517283e+01 3.254564e+01 3.091643e+01 3.289972e+01 3.226482e+01 3.200438e+01 3.296539e+01 3.080009e+01 2.511591e+01 3.070040e+01 1.748062e+01 3.752059e+00 3.039483e+00 3.309660e+00 3.275999e+00 3.557752e+00 3.308069e+00 2.940397e+00 3.015954e+00 2.793841e+00 2.501315e+00 2.456757e+00 1.862813e+00 3.449930e-03
<GCONST> 9.311096e+01
<MIXTURE> 83 1.167529e-02
<MEAN> 25
 -2.003963e+01 5.504172e+00 -1.788983e+00 -4.042065e-01 7.828894e+00 -1.234316e+00 5.460026e+00 3.044391e+00 1.192845e+00 2.190294e+00 7.241942e-01 2.881678e+00 -2.627973e-02 -4.501463e-01 4.863447e-03 -3.655251e-01 -4.973752e-01 -1.259656e-01 -1.342949e-01 -9.934802e-02 -4.143889e-02 -3.920601e-02 -3.061263e-02 -3.475313e-02 4.402885e-03
<VARIANCE> 25
 8.831820e+00 1.645290e+01 2.851690e+01 2.249175e+01 2.127938e+01 2.407902e+01 2.202618e+01 2.336367e+01 2.043143e+01 2.222304e+01 2.319471e+01 1.448862e+01 1.060910e+00 9.361432e-01 1.240731e+00 1.065657e+00 1.359400e+00 1.291596e+00 1.283389e+00 1.388300e+00 1.349003e+00 1.310654e+00 1.220693e+00 1.071762e+00 8.923297e-04
<GCONST> 7.703729e+01
<MIXTURE> 84 1.066614e-02
<MEAN> 25
 7.570390e-01 8.723908e+00 7.378345e+00 7.214636e+00 2.843198e+00 -1.034834e+00 -1.686615e+00 -4.305801e+00 -4.023074e+00 -3.164627e+00 -2.457014e+00 -1.158335e+00 -1.684738e+00 -1.157444e+00 -1.303610e+00 1.407157e+00 2.299547e+00 1.298444e+00 1.510845e+00 1.146323e+00 1.240255e+00 4.917231e-01 4.560481e-01 5.568591e-01 -7.202849e-02
<VARIANCE> 25
 2.380031e+01 1.781056e+01 2.132603e+01 3.066928e+01 2.745951e+01 2.665226e+01 2.688141e+01 2.562019e+01 2.389118e+01 2.409781e+01 2.220851e+01 2.534484e+01 2.060344e+00 2.356303e+00 3.727404e+00 3.219175e+00 3.110435e+00 3.619512e+00 3.151354e+00 3.374424e+00 3.320506e+00 3.254110e+00 3.398318e+00 2.905565e+00 3.417338e-03
<GCONST> 9.213971e+01
<MIXTURE> 85 7.591393e-03
<MEAN> 25
 -3.069935e+00 7.865178e+00 5.665806e+00 1.269016e+00 -3.451606e+00 -5.291209e+00 -2.955253e+00 -6.073472e+00 -3.523929e+00 -3.206566e+00 -4.557046e-01 -1.884839e+00 3.937472e+00 3.217634e-01 1.763836e+00 -2.094085e+00 -3.406065e+00 -2.578412e+00 -2.888698e+00 -2.320282e+00 -2.247646e+00 -1.267022e+00 -2.295863e+00 -6.201730e-01 9.565375e-03
<VARIANCE> 25
 4.250618e+01 2.342994e+01 3.678508e+01 3.833086e+01 3.978724e+01 4.138332e+01 3.211313e+01 2.808549e+01 2.664223e+01 2.602844e+01 2.620289e+01 2.047483e+01 2.693611e+00 4.315479e+00 4.053779e+00 5.151884e+00 4.393648e+00 3.863259e+00 3.832622e+00 4.031880e+00 3.830963e+00 4.049089e+00 3.924735e+00 3.472787e+00 5.432097e-03
<GCONST> 9.833965e+01
<MIXTURE> 86 1.273941e-02
<MEAN> 25
 -4.885767e+00 -7.519810e-01 -5.494726e-01 6.390087e+00 5.060455e+00 4.248683e+00 5.551056e+00 4.320772e+00 4.865183e+00 3.783439e+00 4.755930e+00 2.249560e+00 -1.217614e-02 2.157828e-03 -1.772046e-02 -8.998030e-02 -8.202582e-02 -1.511659e-01 -2.550355e-01 -3.335158e-01 -3.872625e-01 -3.101262e-01 -1.984353e-01 -9.315624e-02 -6.067176e-04
<VARIANCE> 25
 7.999340e+00 8.015859e+00 1.006700e+01 1.208994e+01 1.576203e+01 1.562811e+01 1.311452e+01 1.323924e+01 1.372156e+01 1.423998e+01 1.729516e+01 1.420605e+01 1.029506e-01 1.871631e-01 3.264920e-01 4.979508e-01 7.721084e-01 8.342399e-01 7.045087e-01 7.589992e-01 8.461959e-01 8.741561e-01 9.621572e-01 8.804830e-01 5.581392e-05
<GCONST> 5.925943e+01
<MIXTURE> 87 1.100681e-02
<MEAN> 25
 -3.663856e+00 4.557304e+00 3.687138e+00 7.261862e+00 5.462175e+00 1.023973e-01 2.326195e+00 -6.648219e-01 6.350082e-01 -1.841444e-01 -1.344748e+00 -4.056551e-01 -1.383146e+00 -2.617656e+00 -2.401865e+00 -2.337232e+00 -5.490643e-02 1.166903e-02 1.797569e-01 1.046386e+00 1.002353e+00 8.491830e-01 8.966773e-01 1.368085e+00 1.020200e-01
<VARIANCE> 25
 2.862826e+01 2.189641e+01 2.193985e+01 2.603460e+01 2.337732e+01 2.689957e+01 2.304497e+01 2.138041e+01 2.501219e+01 2.156656e+01 2.055678e+01 2.066101e+01 4.242902e+00 2.425383e+00 4.987313e+00 3.692238e+00 4.280714e+00 4.018694e+00 3.859500e+00 3.117779e+00 3.621565e+00 2.997573e+00 3.136127e+00 2.374057e+00 3.917849e-03
<GCONST> 9.314831e+01
<MIXTURE> 88 1.256585e-02
<MEAN> 25
 -3.720156e+00 6.275175e-01 -6.169867e-01 4.715907e+00 4.549966e+00 2.533887e+00 5.873586e+00 2.262883e+00 4.594731e+00 2.401691e+00 1.013446e+00 1.430311e+00 1.089790e-01 2.378738e-01 8.567300e-02 5.014967e-01 2.871769e-02 7.202495e-02 5.374621e-02 -2.989640e-01 -4.246456e-01 -2.983404e-02 -1.900316e-01 -5.528076e-02 -1.268633e-02
<VARIANCE> 25
 8.912560e+00 1.228111e+01 1.333010e+01 1.617098e+01 1.739063e+01 1.728776e+01 1.538290e+01 1.519761e+01 1.623078e+01 1.461060e+01 2.128045e+01 1.432027e+01 1.049820e+00 1.184866e+00 2.027313e+00 2.179217e+00 2.603561e+00 2.478031e+00 2.232322e+00 2.265377e+00 2.476209e+00 2.814934e+00 2.015166e+00 1.818157e+00 1.764682e-03
<GCONST> 8.045361e+01
<MIXTURE> 89 9.333527e-03
<MEAN> 25
 5.886003e+00 -7.024423e+00 -3.202408e+00 -2.960584e+00 -1.615948e+00 -5.642927e+00 -6.558452e+00 4.352160e+00 2.691021e+00 -2.454935e+00 -5.925757e+00 -2.731810e+00 -5.152698e-01 1.826059e-01 1.895813e+00 9.137970e-01 -1.822984e+00 -1.555436e+00 8.906882e-01 1.174300e+00 -8.697627e-01 -1.299312e+00 4.491268e-01 1.479077e+00 -5.312920e-03
<VARIANCE> 25
 8.930084e+00 2.563988e+01 3.075311e+01 2.909030e+01 3.388173e+01 3.904018e+01 5.873433e+01 4.023370e+01 4.519589e+01 4.141189e+01 3.364457e+01 3.448919e+01 3.834313e-01 8.252239e-01 1.531907e+00 1.356636e+00 1.829884e+00 2.156523e+00 2.448651e+00 2.095989e+00 2.275504e+00 1.996580e+00 2.215757e+00 1.423497e+00 3.949708e-04
<GCONST> 8.513796e+01
<MIXTURE> 90 7.114505e-03
<MEAN> 25
 2.453796e+00 -9.715591e+00 -4.735780e+00 -3.957702e+00 -3.383748e+00 -1.829220e+00 3.337076e+00 1.194762e+00 -7.530792e+00 -1.018860e+01 -3.432865e+00 -7.295802e-01 -1.633678e-01 9.086008e-01 1.167241e+00 -8.483554e-01 -1.611377e+00 -2.140271e-01 6.481056e-01 -2.113166e-01 -1.696341e-01 7.326341e-01 1.840781e-01 -5.480695e-01 -1.116780e-02
<VARIANCE> 25
 8.484422e+00 1.781077e+01 1.989366e+01 2.820580e+01 3.677191e+01 3.224729e+01 3.886355e+01 3.638465e+01 3.516143e+01 2.792222e+01 2.693902e+01 2.614099e+01 2.232461e-01 6.116173e-01 7.862774e-01 1.053717e+00 1.467490e+00 1.589597e+00 1.780934e+00 1.651021e+00 1.809536e+00 1.681079e+00 1.494159e+00 1.307520e+00 2.152897e-04
<GCONST> 7.815871e+01
<MIXTURE> 91 7.852945e-03
<MEAN> 25
 6.351901e+00 -7.795718e+00 -8.640928e+00 -5.327974e+00 3.866601e+00 1.154702e-01 -2.082881e+00 5.397348e-01 7.381167e-01 -2.481722e+00 -4.645191e+00 -5.045792e+00 2.357787e-01 1.026937e+00 1.576353e-01 4.678198e-01 -7.059180e-02 -5.019112e-01 -2.963174e-01 -1.435577e-01 -7.668988e-02 4.034488e-01 -1.142666e-01 2.069895e-01 -3.581531e-02
<VARIANCE> 25
 9.802842e+00 2.278325e+01 2.039284e+01 3.987526e+01 3.420004e+01 5.495995e+01 5.408749e+01 3.943454e+01 5.037032e+01 6.561434e+01 3.903711e+01 4.070442e+01 4.454654e-01 8.791617e-01 1.161483e+00 1.358934e+00 2.195862e+00 2.362974e+00 2.433411e+00 2.340634e+00 2.189508e+00 2.219219e+00 1.956158e+00 1.755090e+00 6.159021e-04
<GCONST> 8.706180e+01
<MIXTURE> 92 7.852945e-03
<MEAN> 25
 6.351901e+00 -7.795718e+00 -8.640928e+00 -5.327974e+00 3.866601e+00 1.154702e-01 -2.082881e+00 5.397348e-01 7.381167e-01 -2.481722e+00 -4.645191e+00 -5.045792e+00 2.357787e-01 1.026937e+00 1.576353e-01 4.678198e-01 -7.059180e-02 -5.019112e-01 -2.963174e-01 -1.435577e-01 -7.668988e-02 4.034488e-01 -1.142666e-01 2.069895e-01 -3.581531e-02
<VARIANCE> 25
 9.802842e+00 2.278325e+01 2.039284e+01 3.987526e+01 3.420004e+01 5.495995e+01 5.408749e+01 3.943454e+01 5.037032e+01 6.561434e+01 3.903711e+01 4.070442e+01 4.454654e-01 8.791617e-01 1.161483e+00 1.358934e+00 2.195862e+00 2.362974e+00 2.433411e+00 2.340634e+00 2.189508e+00 2.219219e+00 1.956158e+00 1.755090e+00 6.159021e-04
<GCONST> 8.706180e+01
<MIXTURE> 93 6.122769e-03
<MEAN> 25
 -6.824498e+00 -9.561689e-01 -2.398579e+00 5.799651e+00 5.908449e+00 3.918682e+00 6.123126e+00 3.605919e+00 4.118509e+00 2.509056e+00 1.817278e+00 3.702467e+00 -6.161447e-02 -1.546110e-01 -2.565660e-01 -3.320789e-01 -3.335332e-01 -2.836177e-01 -2.183581e-01 -1.759012e-01 -1.675800e-01 -1.510920e-01 -1.044782e-01 -3.581316e-02 -4.197591e-06
<VARIANCE> 25
 9.089921e+00 6.056950e+00 8.196881e+00 1.136403e+01 1.148419e+01 1.599378e+01 1.526626e+01 1.644522e+01 1.474930e+01 1.453432e+01 1.678222e+01 1.345501e+01 8.272840e-02 1.534146e-01 2.645791e-01 3.806202e-01 4.974786e-01 6.430725e-01 7.793247e-01 8.921549e-01 9.173470e-01 8.761525e-01 8.917310e-01 9.175899e-01 9.999101e-07
<GCONST> 5.361553e+01
<MIXTURE> 94 6.122769e-03
<MEAN> 25
 -6.824498e+00 -9.561689e-01 -2.398579e+00 5.799651e+00 5.908449e+00 3.918682e+00 6.123126e+00 3.605919e+00 4.118509e+00 2.509056e+00 1.817278e+00 3.702467e+00 -6.161447e-02 -1.546110e-01 -2.565660e-01 -3.320789e-01 -3.335332e-01 -2.836177e-01 -2.183581e-01 -1.759012e-01 -1.675800e-01 -1.510920e-01 -1.044782e-01 -3.581316e-02 -4.197591e-06
<VARIANCE> 25
 9.089921e+00 6.056950e+00 8.196881e+00 1.136403e+01 1.148419e+01 1.599378e+01 1.526626e+01 1.644522e+01 1.474930e+01 1.453432e+01 1.678222e+01 1.345501e+01 8.272840e-02 1.534146e-01 2.645791e-01 3.806202e-01 4.974786e-01 6.430725e-01 7.793247e-01 8.921549e-01 9.173470e-01 8.761525e-01 8.917310e-01 9.175899e-01 9.999101e-07
<GCONST> 5.361553e+01
<MIXTURE> 95 5.258835e-03
<MEAN> 25
 -5.607276e+00 2.561642e-01 -1.248354e+00 5.163213e+00 4.469743e+00 2.494769e+00 4.584742e+00 1.181171e+00 2.219202e+00 7.085348e-01 8.076909e-01 1.737152e+00 1.165547e-01 1.357476e-01 1.380453e-01 -1.169197e-01 -3.163528e-01 -5.626761e-01 -9.078006e-01 -1.258247e+00 -1.269879e+00 -9.813219e-01 -5.643473e-01 -3.725061e-01 -3.303399e-04
<VARIANCE> 25
 9.861358e+00 1.097953e+01 1.351002e+01 1.230589e+01 1.494335e+01 1.691345e+01 1.707419e+01 1.689042e+01 1.443654e+01 1.491052e+01 1.863063e+01 1.628932e+01 1.949106e-01 2.618204e-01 4.607876e-01 6.314505e-01 8.114412e-01 9.845979e-01 9.533857e-01 1.063239e+00 9.344739e-01 1.022221e+00 1.175106e+00 1.075776e+00 4.724586e-05
<GCONST> 6.383665e+01
<MIXTURE> 96 7.034694e-03
<MEAN> 25
 -5.380675e+00 -1.306090e-01 -2.328226e+00 5.383672e+00 3.657277e+00 1.322576e+00 3.315140e+00 1.335473e+00 2.414690e+00 4.242427e-01 1.048019e+00 2.644484e+00 -2.211831e-02 4.307106e-02 2.157165e-01 4.433471e-01 5.596247e-01 5.326170e-01 2.395522e-01 -6.788570e-02 -4.525931e-01 -6.415258e-01 -6.568260e-01 -3.542602e-01 1.192650e-05
<VARIANCE> 25
 1.220173e+01 1.058101e+01 1.355550e+01 1.405037e+01 1.537591e+01 2.135214e+01 1.812321e+01 2.184500e+01 1.685384e+01 2.067241e+01 1.896112e+01 1.414558e+01 1.168054e-01 2.349558e-01 3.011374e-01 4.623313e-01 4.864942e-01 6.390274e-01 8.348652e-01 1.109638e+00 9.125783e-01 8.318294e-01 9.091285e-01 8.974661e-01 9.607721e-07
<GCONST> 5.813065e+01
<MIXTURE> 97 7.034694e-03
<MEAN> 25
 -5.380675e+00 -1.306090e-01 -2.328226e+00 5.383672e+00 3.657277e+00 1.322576e+00 3.315140e+00 1.335473e+00 2.414690e+00 4.242427e-01 1.048019e+00 2.644484e+00 -2.211831e-02 4.307106e-02 2.157165e-01 4.433471e-01 5.596247e-01 5.326170e-01 2.395522e-01 -6.788570e-02 -4.525931e-01 -6.415258e-01 -6.568260e-01 -3.542602e-01 1.192650e-05
<VARIANCE> 25
 1.220173e+01 1.058101e+01 1.355550e+01 1.405037e+01 1.537591e+01 2.135214e+01 1.812321e+01 2.184500e+01 1.685384e+01 2.067241e+01 1.896112e+01 1.414558e+01 1.168054e-01 2.349558e-01 3.011374e-01 4.623313e-01 4.864942e-01 6.390274e-01 8.348652e-01 1.109638e+00 9.125783e-01 8.318294e-01 9.091285e-01 8.974661e-01 9.607721e-07
<GCONST> 5.813065e+01
<MIXTURE> 98 9.917808e-03
<MEAN> 25
 -1.570803e+00 1.741805e+00 1.696642e-01 3.982121e+00 3.532070e+00 1.774333e+00 3.382933e+00 1.667656e+00 1.993797e+00 6.898630e-01 3.956201e-01 9.662815e-01 -1.594041e+00 -1.314435e+00 -1.029537e+00 3.589287e-01 5.136892e-01 6.483006e-01 1.160102e+00 1.178547e+00 1.756290e+00 1.202444e+00 1.213141e+00 9.133416e-01 -3.539921e-02
<VARIANCE> 25
 1.349377e+01 1.922372e+01 3.077179e+01 3.240682e+01 4.226523e+01 3.522373e+01 3.104943e+01 2.453990e+01 2.481877e+01 2.700576e+01 2.443111e+01 2.167691e+01 1.379435e+00 1.465127e+00 2.466694e+00 2.578485e+00 2.732096e+00 2.766348e+00 2.938096e+00 2.816692e+00 2.272411e+00 2.918455e+00 2.521322e+00 1.923009e+00 2.556761e-03
<GCONST> 8.932275e+01
<MIXTURE> 99 6.696178e-03
<MEAN> 25
 -6.596799e+00 9.532370e+00 5.939127e+00 4.306778e+00 1.092470e+00 -5.081049e+00 -1.191455e+00 -4.190622e+00 -2.735023e+00 -3.816120e+00 -1.432818e+00 2.741857e-01 5.489997e-01 -7.035558e-01 2.937079e-01 -2.755371e-01 -9.302007e-01 -5.184346e-01 -3.225421e-01 -1.050961e-01 -2.170807e-02 -1.087948e-01 8.044472e-02 1.086433e-01 1.087972e-02
<VARIANCE> 25
 3.252341e+01 2.398093e+01 4.677473e+01 3.416220e+01 3.464703e+01 3.205882e+01 2.961134e+01 2.880411e+01 2.771624e+01 2.893908e+01 1.935653e+01 2.799460e+01 2.240234e+00 1.714884e+00 1.322152e+00 1.682353e+00 2.768653e+00 2.186218e+00 1.507579e+00 1.891957e+00 1.596021e+00 1.724945e+00 1.454276e+00 1.279500e+00 1.453579e-03
<GCONST> 8.682031e+01
<MIXTURE> 100 4.498084e-03
<MEAN> 25
 -1.598830e+00 6.344765e+00 1.027699e+01 -7.462699e+00 -1.078211e+01 -5.075223e+00 -4.941658e+00 -9.968811e+00 -4.718327e+00 -8.551981e-01 -2.733196e+00 -2.708264e+00 2.917849e+00 -1.260414e+00 1.299673e+00 -2.185946e+00 -3.419472e+00 -7.840658e-01 -1.218750e+00 -8.197650e-01 -1.475476e+00 3.466797e-01 -1.655589e+00 -2.862526e-01 2.015711e-03
<VARIANCE> 25
 1.362668e+01 2.105919e+01 2.246149e+01 2.642706e+01 2.301838e+01 2.372183e+01 2.911111e+01 2.170669e+01 2.748259e+01 2.265209e+01 2.241201e+01 2.134088e+01 1.799277e+00 3.953852e+00 2.919944e+00 4.286253e+00 4.184407e+00 4.537376e+00 4.015496e+00 4.340339e+00 4.167837e+00 3.896039e+00 3.910414e+00 3.224989e+00 1.674822e-03
<GCONST> 9.256869e+01
<MIXTURE> 101 6.007792e-03
<MEAN> 25
 7.583014e+00 -4.705833e+00 -5.688595e+00 -6.423041e+00 7.603274e-01 -1.790671e+00 -1.084309e+01 -1.768833e+00 1.251734e+00 3.053181e+00 -1.325327e+00 -5.227342e+00 6.334998e-01 4.965224e-01 -1.440194e+00 -1.690880e+00 9.496673e-01 2.288919e+00 3.037522e-01 -1.299190e+00 -1.099409e+00 1.138958e+00 1.418022e+00 -3.696697e-01 -3.370743e-03
<VARIANCE> 25
 9.054919e+00 2.191286e+01 2.769473e+01 4.053838e+01 3.056644e+01 3.781952e+01 3.361863e+01 3.135929e+01 3.358676e+01 3.830560e+01 4.868811e+01 2.029376e+01 2.573444e-01 8.592055e-01 1.122275e+00 1.732305e+00 1.480893e+00 1.795215e+00 1.959333e+00 1.900828e+00 2.067072e+00 2.108582e+00 1.657893e+00 1.743068e+00 3.416816e-04
<GCONST> 8.232971e+01
<MIXTURE> 102 6.007792e-03
<MEAN> 25
 7.583014e+00 -4.705833e+00 -5.688595e+00 -6.423041e+00 7.603274e-01 -1.790671e+00 -1.084309e+01 -1.768833e+00 1.251734e+00 3.053181e+00 -1.325327e+00 -5.227342e+00 6.334998e-01 4.965224e-01 -1.440194e+00 -1.690880e+00 9.496673e-01 2.288919e+00 3.037522e-01 -1.299190e+00 -1.099409e+00 1.138958e+00 1.418022e+00 -3.696697e-01 -3.370743e-03
<VARIANCE> 25
 9.054919e+00 2.191286e+01 2.769473e+01 4.053838e+01 3.056644e+01 3.781952e+01 3.361863e+01 3.135929e+01 3.358676e+01 3.830560e+01 4.868811e+01 2.029376e+01 2.573444e-01 8.592055e-01 1.122275e+00 1.732305e+00 1.480893e+00 1.795215e+00 1.959333e+00 1.900828e+00 2.067072e+00 2.108582e+00 1.657893e+00 1.743068e+00 3.416816e-04
<GCONST> 8.232971e+01
<MIXTURE> 103 5.694618e-03
<MEAN> 25
 3.349133e+00 -9.406664e+00 -6.117612e+00 -3.121220e+00 -1.343246e+00 -1.966919e+00 2.418413e+00 2.519103e+00 -4.594682e+00 -9.184815e+00 -5.050782e+00 3.581245e-01 -1.552062e-01 -1.478545e+00 -9.676113e-01 3.685822e-01 1.204961e+00 1.018795e+00 1.525484e-01 -2.598445e-01 -7.902545e-01 -9.522071e-01 -2.550470e-02 1.167942e-01 2.701672e-02
<VARIANCE> 25
 1.031371e+01 2.134054e+01 2.289164e+01 3.175063e+01 4.772689e+01 3.486419e+01 4.677551e+01 3.651603e+01 4.190889e+01 2.988902e+01 2.988064e+01 2.627593e+01 6.430452e-01 1.256057e+00 1.551632e+00 1.935037e+00 2.924966e+00 2.400054e+00 2.881031e+00 2.567750e+00 2.565492e+00 2.522589e+00 2.111986e+00 2.010004e+00 8.032009e-04
<GCONST> 8.761072e+01
<MIXTURE> 104 5.694618e-03
<MEAN> 25
 3.349133e+00 -9.406664e+00 -6.117612e+00 -3.121220e+00 -1.343246e+00 -1.966919e+00 2.418413e+00 2.519103e+00 -4.594682e+00 -9.184815e+00 -5.050782e+00 3.581245e-01 -1.552062e-01 -1.478545e+00 -9.676113e-01 3.685822e-01 1.204961e+00 1.018795e+00 1.525484e-01 -2.598445e-01 -7.902545e-01 -9.522071e-01 -2.550470e-02 1.167942e-01 2.701672e-02
<VARIANCE> 25
 1.031371e+01 2.134054e+01 2.289164e+01 3.175063e+01 4.772689e+01 3.486419e+01 4.677551e+01 3.651603e+01 4.190889e+01 2.988902e+01 2.988064e+01 2.627593e+01 6.430452e-01 1.256057e+00 1.551632e+00 1.935037e+00 2.924966e+00 2.400054e+00 2.881031e+00 2.567750e+00 2.565492e+00 2.522589e+00 2.111986e+00 2.010004e+00 8.032009e-04
<GCONST> 8.761072e+01
<MIXTURE> 105 4.710235e-03
<MEAN> 25
 2.299273e+00 -1.763423e+00 9.096628e+00 -2.256280e+00 -1.184538e+01 -5.322578e+00 -4.053918e+00 -5.858685e-01 -4.270058e+00 -2.940019e+00 1.283791e+00 -7.452501e-01 1.392447e-02 4.195889e-02 3.072726e-02 -1.407192e-02 -4.385921e-03 8.862142e-02 -2.391923e-02 6.640668e-02 -6.582603e-02 5.230854e-02 5.915484e-03 1.529416e-03 -2.880845e-03
<VARIANCE> 25
 1.281658e+01 2.873609e+01 3.947476e+01 4.675905e+01 3.851003e+01 5.313206e+01 3.994301e+01 4.205546e+01 4.207432e+01 4.132867e+01 4.103157e+01 3.273237e+01 8.050872e-02 1.812716e-01 3.335059e-01 2.974793e-01 3.575971e-01 4.455651e-01 4.584880e-01 4.748594e-01 4.958081e-01 4.388046e-01 4.200933e-01 3.983282e-01 9.617507e-05
<GCONST> 6.662901e+01
<MIXTURE> 106 4.710235e-03
<MEAN> 25
 2.299273e+00 -1.763423e+00 9.096628e+00 -2.256280e+00 -1.184538e+01 -5.322578e+00 -4.053918e+00 -5.858685e-01 -4.270058e+00 -2.940019e+00 1.283791e+00 -7.452501e-01 1.392447e-02 4.195889e-02 3.072726e-02 -1.407192e-02 -4.385921e-03 8.862142e-02 -2.391923e-02 6.640668e-02 -6.582603e-02 5.230854e-02 5.915484e-03 1.529416e-03 -2.880845e-03
<VARIANCE> 25
 1.281658e+01 2.873609e+01 3.947476e+01 4.675905e+01 3.851003e+01 5.313206e+01 3.994301e+01 4.205546e+01 4.207432e+01 4.132867e+01 4.103157e+01 3.273237e+01 8.050872e-02 1.812716e-01 3.335059e-01 2.974793e-01 3.575971e-01 4.455651e-01 4.584880e-01 4.748594e-01 4.958081e-01 4.388046e-01 4.200933e-01 3.983282e-01 9.617507e-05
<GCONST> 6.662901e+01
<MIXTURE> 107 5.452374e-03
<MEAN> 25
 8.266759e+00 -2.799003e+00 -7.975951e+00 -9.505540e+00 1.703590e+00 2.847879e+00 -9.234053e+00 -4.539437e+00 -1.157282e+00 4.189593e+00 1.340886e+00 -4.270600e+00 -6.431282e-01 -7.584071e-01 8.077125e-01 1.887207e+00 3.343431e-01 -2.324780e+00 -1.069937e+00 7.715864e-01 1.885744e+00 2.136684e-01 -1.722791e+00 -9.417296e-01 -5.977641e-03
<VARIANCE> 25
 9.816398e+00 2.119747e+01 2.599792e+01 3.949948e+01 3.352655e+01 3.739009e+01 5.114220e+01 3.314874e+01 4.334024e+01 4.526368e+01 4.964515e+01 3.466330e+01 3.366425e-01 9.473661e-01 1.463032e+00 2.345478e+00 2.218498e+00 3.635613e+00 2.755154e+00 2.535065e+00 2.297125e+00 3.717025e+00 1.956596e+00 2.178528e+00 8.861549e-04
<GCONST> 8.850801e+01
<MIXTURE> 108 5.452374e-03
<MEAN> 25
 8.266759e+00 -2.799003e+00 -7.975951e+00 -9.505540e+00 1.703590e+00 2.847879e+00 -9.234053e+00 -4.539437e+00 -1.157282e+00 4.189593e+00 1.340886e+00 -4.270600e+00 -6.431282e-01 -7.584071e-01 8.077125e-01 1.887207e+00 3.343431e-01 -2.324780e+00 -1.069937e+00 7.715864e-01 1.885744e+00 2.136684e-01 -1.722791e+00 -9.417296e-01 -5.977641e-03
<VARIANCE> 25
 9.816398e+00 2.119747e+01 2.599792e+01 3.949948e+01 3.352655e+01 3.739009e+01 5.114220e+01 3.314874e+01 4.334024e+01 4.526368e+01 4.964515e+01 3.466330e+01 3.366425e-01 9.473661e-01 1.463032e+00 2.345478e+00 2.218498e+00 3.635613e+00 2.755154e+00 2.535065e+00 2.297125e+00 3.717025e+00 1.956596e+00 2.178528e+00 8.861549e-04
<GCONST> 8.850801e+01
<MIXTURE> 109 6.661064e-03
<MEAN> 25
 4.034091e+00 -1.052879e+01 -7.843980e+00 -1.405207e+00 2.611787e+00 -2.420384e-01 -4.392302e-01 1.703427e+00 -2.675220e+00 -7.736502e+00 -5.383051e+00 1.523493e-01 -1.316384e-02 -1.326572e-01 -3.970737e-02 2.664462e-01 1.941655e-01 1.058116e-01 -6.970855e-02 -1.036016e-01 -1.313670e-01 -1.485591e-01 2.345281e-01 5.072166e-02 -3.023842e-03
<VARIANCE> 25
 8.779658e+00 1.749770e+01 2.297874e+01 3.011697e+01 3.886029e+01 3.674597e+01 5.093835e+01 3.351840e+01 4.462777e+01 3.961008e+01 2.804994e+01 2.694112e+01 1.908934e-01 4.061667e-01 5.138596e-01 6.167671e-01 1.196619e+00 9.574271e-01 1.237678e+00 1.036147e+00 1.219555e+00 9.134836e-01 8.819107e-01 8.757585e-01 1.897352e-04
<GCONST> 7.429131e+01
<MIXTURE> 110 6.661064e-03
<MEAN> 25
 4.034091e+00 -1.052879e+01 -7.843980e+00 -1.405207e+00 2.611787e+00 -2.420384e-01 -4.392302e-01 1.703427e+00 -2.675220e+00 -7.736502e+00 -5.383051e+00 1.523493e-01 -1.316384e-02 -1.326572e-01 -3.970737e-02 2.664462e-01 1.941655e-01 1.058116e-01 -6.970855e-02 -1.036016e-01 -1.313670e-01 -1.485591e-01 2.345281e-01 5.072166e-02 -3.023842e-03
<VARIANCE> 25
 8.779658e+00 1.749770e+01 2.297874e+01 3.011697e+01 3.886029e+01 3.674597e+01 5.093835e+01 3.351840e+01 4.462777e+01 3.961008e+01 2.804994e+01 2.694112e+01 1.908934e-01 4.061667e-01 5.138596e-01 6.167671e-01 1.196619e+00 9.574271e-01 1.237678e+00 1.036147e+00 1.219555e+00 9.134836e-01 8.819107e-01 8.757585e-01 1.897352e-04
<GCONST> 7.429131e+01
<MIXTURE> 111 4.337247e-03
<MEAN> 25
 -4.242843e+00 -6.947759e-01 -1.514661e+00 1.709674e+00 1.071903e+00 1.107739e+00 6.233221e-01 2.943702e-02 4.621304e-02 -6.714812e-01 -5.931016e-01 1.643000e+00 -4.427573e-02 -2.527297e-02 -3.406037e-02 -1.564613e-02 -4.518893e-02 -1.062154e-02 3.717020e-02 -5.365135e-02 -1.565071e-01 -2.313890e-01 -2.040911e-01 -1.515090e-01 -6.620450e-04
<VARIANCE> 25
 7.474849e+00 5.659855e+00 1.039031e+01 9.282268e+00 1.287747e+01 2.369483e+01 1.558899e+01 1.305613e+01 1.117302e+01 1.219170e+01 1.316792e+01 1.249756e+01 8.651777e-02 1.572831e-01 2.955772e-01 4.470278e-01 5.621020e-01 6.815677e-01 7.934178e-01 8.298758e-01 9.494376e-01 8.412021e-01 8.507754e-01 9.003803e-01 2.481780e-05
<GCONST> 5.652129e+01
<MIXTURE> 112 4.337247e-03
<MEAN> 25
 -4.242843e+00 -6.947759e-01 -1.514661e+00 1.709674e+00 1.071903e+00 1.107739e+00 6.233221e-01 2.943702e-02 4.621304e-02 -6.714812e-01 -5.931016e-01 1.643000e+00 -4.427573e-02 -2.527297e-02 -3.406037e-02 -1.564613e-02 -4.518893e-02 -1.062154e-02 3.717020e-02 -5.365135e-02 -1.565071e-01 -2.313890e-01 -2.040911e-01 -1.515090e-01 -6.620450e-04
<VARIANCE> 25
 7.474849e+00 5.659855e+00 1.039031e+01 9.282268e+00 1.287747e+01 2.369483e+01 1.558899e+01 1.305613e+01 1.117302e+01 1.219170e+01 1.316792e+01 1.249756e+01 8.651777e-02 1.572831e-01 2.955772e-01 4.470278e-01 5.621020e-01 6.815677e-01 7.934178e-01 8.298758e-01 9.494376e-01 8.412021e-01 8.507754e-01 9.003803e-01 2.481780e-05
<GCONST> 5.652129e+01
<MIXTURE> 113 5.938666e-03
<MEAN> 25
 9.554681e+00 1.534386e+00 -8.491517e+00 -1.662833e+01 -1.228843e+00 6.391331e+00 -5.978690e+00 -1.662168e+00 -5.832989e+00 -7.507970e-01 6.641821e-01 2.199011e-01 -1.500858e-02 2.523868e-02 -4.239659e-02 -7.247637e-02 1.347257e-01 1.399173e-01 5.758515e-02 7.767523e-03 -1.404525e-01 -3.882405e-02 2.293809e-01 -3.321625e-02 -1.930873e-03
<VARIANCE> 25
 1.067176e+01 1.630632e+01 2.884039e+01 3.441663e+01 4.997613e+01 4.015820e+01 4.445226e+01 3.723267e+01 3.555101e+01 4.464116e+01 3.646761e+01 3.059463e+01 1.230120e-01 3.034053e-01 3.266661e-01 7.134416e-01 6.764419e-01 6.331814e-01 7.604320e-01 8.160722e-01 1.019915e+00 8.631408e-01 8.643051e-01 7.366051e-01 1.230577e-04
<GCONST> 7.175774e+01
<MIXTURE> 114 5.938666e-03
<MEAN> 25
 9.554681e+00 1.534386e+00 -8.491517e+00 -1.662833e+01 -1.228843e+00 6.391331e+00 -5.978690e+00 -1.662168e+00 -5.832989e+00 -7.507970e-01 6.641821e-01 2.199011e-01 -1.500858e-02 2.523868e-02 -4.239659e-02 -7.247637e-02 1.347257e-01 1.399173e-01 5.758515e-02 7.767523e-03 -1.404525e-01 -3.882405e-02 2.293809e-01 -3.321625e-02 -1.930873e-03
<VARIANCE> 25
 1.067176e+01 1.630632e+01 2.884039e+01 3.441663e+01 4.997613e+01 4.015820e+01 4.445226e+01 3.723267e+01 3.555101e+01 4.464116e+01 3.646761e+01 3.059463e+01 1.230120e-01 3.034053e-01 3.266661e-01 7.134416e-01 6.764419e-01 6.331814e-01 7.604320e-01 8.160722e-01 1.019915e+00 8.631408e-01 8.643051e-01 7.366051e-01 1.230577e-04
<GCONST> 7.175774e+01
<MIXTURE> 115 2.935202e-03
<MEAN> 25
 -4.045123e+00 -5.858070e-01 -2.962480e+00 3.767845e+00 2.507789e+00 -4.957827e-01 2.278468e+00 4.147206e-01 1.419155e+00 -2.904410e-02 -4.495031e-02 2.561413e+00 4.059804e-02 -8.869162e-02 -2.147033e-01 -4.301532e-01 -6.207384e-01 -6.549768e-01 -6.036820e-01 -5.024734e-01 -4.845500e-01 -4.548955e-01 -3.464347e-01 -1.431465e-01 -1.373743e-05
<VARIANCE> 25
 9.099736e+00 1.085765e+01 1.415997e+01 1.307254e+01 1.362970e+01 1.741485e+01 1.680672e+01 2.035300e+01 1.757481e+01 1.691912e+01 1.925382e+01 1.512169e+01 2.053137e-01 3.517502e-01 4.882531e-01 5.629195e-01 6.287062e-01 8.151439e-01 1.002973e+00 1.158505e+00 1.064538e+00 9.883013e-01 1.010399e+00 1.078170e+00 9.961001e-07
<GCONST> 6.031332e+01
<MIXTURE> 116 2.935202e-03
<MEAN> 25
 -4.045123e+00 -5.858070e-01 -2.962480e+00 3.767845e+00 2.507789e+00 -4.957827e-01 2.278468e+00 4.147206e-01 1.419155e+00 -2.904410e-02 -4.495031e-02 2.561413e+00 4.059804e-02 -8.869162e-02 -2.147033e-01 -4.301532e-01 -6.207384e-01 -6.549768e-01 -6.036820e-01 -5.024734e-01 -4.845500e-01 -4.548955e-01 -3.464347e-01 -1.431465e-01 -1.373743e-05
<VARIANCE> 25
 9.099736e+00 1.085765e+01 1.415997e+01 1.307254e+01 1.362970e+01 1.741485e+01 1.680672e+01 2.035300e+01 1.757481e+01 1.691912e+01 1.925382e+01 1.512169e+01 2.053137e-01 3.517502e-01 4.882531e-01 5.629195e-01 6.287062e-01 8.151439e-01 1.002973e+00 1.158505e+00 1.064538e+00 9.883013e-01 1.010399e+00 1.078170e+00 9.961001e-07
<GCONST> 6.031332e+01
<MIXTURE> 117 6.506003e-03
<MEAN> 25
 -4.658398e+00 1.191302e+00 1.072542e+00 9.733571e+00 6.260531e+00 6.123623e+00 6.455606e+00 4.947841e+00 6.327918e+00 4.897616e+00 6.283083e+00 2.653656e+00 -7.627700e-02 -2.353689e-01 -3.340496e-01 -4.295310e-01 -3.632520e-01 -2.814569e-01 -3.016835e-01 -3.784608e-01 -4.122975e-01 -3.819784e-01 -2.622497e-01 -1.239354e-01 -1.866629e-05
<VARIANCE> 25
 7.074809e+00 8.906399e+00 9.661258e+00 1.410209e+01 1.535096e+01 1.607981e+01 1.742866e+01 1.817418e+01 1.631037e+01 1.616476e+01 1.689664e+01 1.469464e+01 2.136270e-01 3.026851e-01 4.524335e-01 6.140266e-01 8.407758e-01 1.066252e+00 1.169345e+00 1.350736e+00 1.230005e+00 1.184673e+00 1.147787e+00 1.102415e+00 9.902186e-07
<GCONST> 6.047565e+01
<MIXTURE> 118 6.506003e-03
<MEAN> 25
 -4.658398e+00 1.191302e+00 1.072542e+00 9.733571e+00 6.260531e+00 6.123623e+00 6.455606e+00 4.947841e+00 6.327918e+00 4.897616e+00 6.283083e+00 2.653656e+00 -7.627700e-02 -2.353689e-01 -3.340496e-01 -4.295310e-01 -3.632520e-01 -2.814569e-01 -3.016835e-01 -3.784608e-01 -4.122975e-01 -3.819784e-01 -2.622497e-01 -1.239354e-01 -1.866629e-05
<VARIANCE> 25
 7.074809e+00 8.906399e+00 9.661258e+00 1.410209e+01 1.535096e+01 1.607981e+01 1.742866e+01 1.817418e+01 1.631037e+01 1.616476e+01 1.689664e+01 1.469464e+01 2.136270e-01 3.026851e-01 4.524335e-01 6.140266e-01 8.407758e-01 1.066252e+00 1.169345e+00 1.350736e+00 1.230005e+00 1.184673e+00 1.147787e+00 1.102415e+00 9.902186e-07
<GCONST> 6.047565e+01
<MIXTURE> 119 4.297961e-03
<MEAN> 25
 -4.954339e+00 -7.600652e+00 2.210999e+00 2.004783e+00 2.231746e+00 2.223698e-01 5.295611e+00 5.919095e+00 1.186085e+00 9.718360e-01 6.564161e+00 1.541804e+00 -5.065048e-02 -7.956015e-02 3.898533e-02 -5.579504e-02 -1.232111e-01 -1.823481e-01 -6.676166e-02 -1.254996e-02 -9.219751e-02 -1.104691e-01 -5.966721e-02 -5.873713e-02 1.125833e-03
<VARIANCE> 25
 8.558361e+00 1.003751e+01 1.665615e+01 2.022923e+01 2.277068e+01 2.319549e+01 2.496575e+01 2.644870e+01 2.504080e+01 2.797435e+01 2.080809e+01 2.048422e+01 1.620126e-01 2.814420e-01 4.590346e-01 6.325135e-01 8.059687e-01 1.001949e+00 1.096026e+00 1.272798e+00 1.282994e+00 1.241294e+00 1.198925e+00 1.108649e+00 2.325624e-04
<GCONST> 6.976712e+01
<MIXTURE> 120 4.297961e-03
<MEAN> 25
 -4.954339e+00 -7.600652e+00 2.210999e+00 2.004783e+00 2.231746e+00 2.223698e-01 5.295611e+00 5.919095e+00 1.186085e+00 9.718360e-01 6.564161e+00 1.541804e+00 -5.065048e-02 -7.956015e-02 3.898533e-02 -5.579504e-02 -1.232111e-01 -1.823481e-01 -6.676166e-02 -1.254996e-02 -9.219751e-02 -1.104691e-01 -5.966721e-02 -5.873713e-02 1.125833e-03
<VARIANCE> 25
 8.558361e+00 1.003751e+01 1.665615e+01 2.022923e+01 2.277068e+01 2.319549e+01 2.496575e+01 2.644870e+01 2.504080e+01 2.797435e+01 2.080809e+01 2.048422e+01 1.620126e-01 2.814420e-01 4.590346e-01 6.325135e-01 8.059687e-01 1.001949e+00 1.096026e+00 1.272798e+00 1.282994e+00 1.241294e+00 1.198925e+00 1.108649e+00 2.325624e-04
<GCONST> 6.976712e+01
<MIXTURE> 121 4.567511e-03
<MEAN> 25
 2.071820e-01 -2.512669e+00 5.148766e+00 -1.288696e+01 -1.262583e+01 -1.657256e+00 9.974146e-01 -5.104526e+00 -4.196665e+00 -4.923262e-01 -5.499396e+00 -4.313224e+00 2.366131e-02 1.327208e-01 -4.172113e-02 8.027904e-02 1.591087e-01 7.699123e-02 -7.754590e-02 -1.840773e-01 -2.662373e-01 -2.592556e-01 -1.149233e-01 1.874422e-03 -7.436838e-03
<VARIANCE> 25
 7.722161e+00 1.566257e+01 1.728821e+01 2.050390e+01 2.466287e+01 2.925270e+01 2.950155e+01 2.455892e+01 3.524624e+01 2.831789e+01 1.976828e+01 2.115185e+01 1.550927e-01 6.424007e-01 6.226252e-01 7.046952e-01 7.710267e-01 1.150167e+00 1.119944e+00 1.120534e+00 1.222176e+00 1.192867e+00 9.418272e-01 8.732501e-01 2.106236e-04
<GCONST> 7.141435e+01
<MIXTURE> 122 4.567511e-03
<MEAN> 25
 2.071820e-01 -2.512669e+00 5.148766e+00 -1.288696e+01 -1.262583e+01 -1.657256e+00 9.974146e-01 -5.104526e+00 -4.196665e+00 -4.923262e-01 -5.499396e+00 -4.313224e+00 2.366131e-02 1.327208e-01 -4.172113e-02 8.027904e-02 1.591087e-01 7.699123e-02 -7.754590e-02 -1.840773e-01 -2.662373e-01 -2.592556e-01 -1.149233e-01 1.874422e-03 -7.436838e-03
<VARIANCE> 25
 7.722161e+00 1.566257e+01 1.728821e+01 2.050390e+01 2.466287e+01 2.925270e+01 2.950155e+01 2.455892e+01 3.524624e+01 2.831789e+01 1.976828e+01 2.115185e+01 1.550927e-01 6.424007e-01 6.226252e-01 7.046952e-01 7.710267e-01 1.150167e+00 1.119944e+00 1.120534e+00 1.222176e+00 1.192867e+00 9.418272e-01 8.732501e-01 2.106236e-04
<GCONST> 7.141435e+01
<MIXTURE> 123 4.393044e-03
<MEAN> 25
 -4.292861e+00 1.930019e+00 8.385385e-01 6.002537e+00 4.946424e+00 2.452962e+00 4.562507e+00 1.578559e-02 1.115947e+00 -4.345939e-01 -9.687975e-01 -7.053573e-01 -3.650091e-01 -6.081175e-01 -7.000477e-01 -4.310800e-01 -2.411449e-01 -9.132169e-02 1.706261e-01 5.839167e-01 7.605410e-01 6.502304e-01 4.814365e-01 4.203967e-01 -1.032762e-03
<VARIANCE> 25
 8.926354e+00 1.221062e+01 1.301885e+01 1.566008e+01 1.921739e+01 2.607657e+01 1.927250e+01 1.723966e+01 2.141525e+01 1.530721e+01 2.203348e+01 1.818160e+01 3.452857e-01 3.856090e-01 5.642933e-01 8.211694e-01 7.798006e-01 1.093031e+00 1.193165e+00 1.141953e+00 1.109643e+00 9.888696e-01 1.323459e+00 1.276528e+00 1.442318e-04
<GCONST> 6.890109e+01
<MIXTURE> 124 4.069876e-03
<MEAN> 25
 -6.500454e+00 -1.180186e+00 -2.842193e+00 5.108640e+00 4.958775e+00 3.372955e+00 5.420676e+00 2.536905e+00 3.251502e+00 1.242698e+00 1.016568e+00 2.930008e+00 -2.034979e-01 -3.167098e-01 -3.543711e-01 -2.104689e-01 1.155430e-01 5.113152e-01 7.937358e-01 8.535483e-01 6.658629e-01 3.301197e-01 7.224347e-02 -2.029511e-02 -1.705308e-05
<VARIANCE> 25
 1.119168e+01 7.110303e+00 1.139919e+01 1.226410e+01 1.208505e+01 1.963572e+01 1.544066e+01 1.702554e+01 1.607684e+01 1.599955e+01 1.990912e+01 1.509070e+01 1.045612e-01 1.685369e-01 2.731093e-01 4.194660e-01 6.035718e-01 7.058399e-01 7.632648e-01 8.122722e-01 9.192891e-01 9.709637e-01 1.024160e+00 9.904554e-01 1.865317e-05
<GCONST> 5.903471e+01
<MIXTURE> 125 4.069876e-03
<MEAN> 25
 -6.500454e+00 -1.180186e+00 -2.842193e+00 5.108640e+00 4.958775e+00 3.372955e+00 5.420676e+00 2.536905e+00 3.251502e+00 1.242698e+00 1.016568e+00 2.930008e+00 -2.034979e-01 -3.167098e-01 -3.543711e-01 -2.104689e-01 1.155430e-01 5.113152e-01 7.937358e-01 8.535483e-01 6.658629e-01 3.301197e-01 7.224347e-02 -2.029511e-02 -1.705308e-05
<VARIANCE> 25
 1.119168e+01 7.110303e+00 1.139919e+01 1.226410e+01 1.208505e+01 1.963572e+01 1.544066e+01 1.702554e+01 1.607684e+01 1.599955e+01 1.990912e+01 1.509070e+01 1.045612e-01 1.685369e-01 2.731093e-01 4.194660e-01 6.035718e-01 7.058399e-01 7.632648e-01 8.122722e-01 9.192891e-01 9.709637e-01 1.024160e+00 9.904554e-01 1.865317e-05
<GCONST> 5.903471e+01
<MIXTURE> 126 2.402244e-03
<MEAN> 25
 -3.741749e+00 -6.874828e+00 -5.192130e+00 2.343765e+00 4.284068e+00 -3.165095e+00 1.419539e-01 3.552949e+00 3.450169e+00 -2.680927e+00 -1.515674e+00 2.984684e+00 -1.150122e-03 -5.231998e-03 -3.553131e-02 -1.579686e-01 -3.259157e-01 -3.840048e-01 -2.749274e-01 -1.579651e-01 -9.523634e-02 -1.103016e-01 -8.281705e-02 -3.089228e-02 -1.458819e-03
<VARIANCE> 25
 7.515600e+00 1.281211e+01 1.438831e+01 1.513299e+01 2.442398e+01 2.387690e+01 2.300310e+01 2.807652e+01 3.221406e+01 2.598726e+01 2.211791e+01 1.932965e+01 1.693677e-01 3.480636e-01 4.791794e-01 5.653005e-01 7.682068e-01 9.893004e-01 1.110971e+00 1.249502e+00 1.361444e+00 1.300098e+00 1.239024e+00 1.134860e+00 2.101593e-04
<GCONST> 6.988525e+01
<MIXTURE> 127 2.402244e-03
<MEAN> 25
 -3.741749e+00 -6.874828e+00 -5.192130e+00 2.343765e+00 4.284068e+00 -3.165095e+00 1.419539e-01 3.552949e+00 3.450169e+00 -2.680927e+00 -1.515674e+00 2.984684e+00 -1.150122e-03 -5.231998e-03 -3.553131e-02 -1.579686e-01 -3.259157e-01 -3.840048e-01 -2.749274e-01 -1.579651e-01 -9.523634e-02 -1.103016e-01 -8.281705e-02 -3.089228e-02 -1.458819e-03
<VARIANCE> 25
 7.515600e+00 1.281211e+01 1.438831e+01 1.513299e+01 2.442398e+01 2.387690e+01 2.300310e+01 2.807652e+01 3.221406e+01 2.598726e+01 2.211791e+01 1.932965e+01 1.693677e-01 3.480636e-01 4.791794e-01 5.653005e-01 7.682068e-01 9.893004e-01 1.110971e+00 1.249502e+00 1.361444e+00 1.300098e+00 1.239024e+00 1.134860e+00 2.101593e-04
<GCONST> 6.988525e+01
<MIXTURE> 128 3.790457e-03
<MEAN> 25
 -3.946122e+00 1.568528e+00 -3.111973e-01 6.590492e+00 3.682560e+00 1.788261e+00 3.660716e+00 2.306949e+00 3.919920e+00 3.540885e+00 3.541689e+00 3.404063e+00 -3.685461e-01 -1.962430e-01 1.280779e-01 7.325466e-01 1.178840e+00 1.101696e+00 6.777380e-01 1.357170e-01 -3.939683e-01 -7.825245e-01 -7.071925e-01 -3.855859e-01 -4.780833e-05
<VARIANCE> 25
 1.054708e+01 1.168884e+01 1.481927e+01 1.938204e+01 2.006261e+01 2.095385e+01 2.447965e+01 2.441027e+01 2.582807e+01 2.521343e+01 2.875551e+01 1.844311e+01 9.141131e-01 1.133768e+00 1.376920e+00 1.522762e+00 1.559117e+00 1.871748e+00 2.275182e+00 2.373138e+00 2.245479e+00 1.824280e+00 1.707601e+00 1.716045e+00 1.026895e-06
<GCONST> 7.383772e+01
<TRANSP> 3
 0.000000e+00 1.000000e+00 0.000000e+00
 0.000000e+00 9.999990e-01 9.999998e-07
 0.000000e+00 0.000000e+00 0.000000e+00
<ENDHMM>
