~o
<STREAMINFO> 1 25
<VECSIZE> 25<NULLD><MFCC_E_D_N><DIAGC>
~h "jmodel"
<BEGINHMM>
<NUMSTATES> 3
<STATE> 2
<NUMMIXES> 128
<MIXTURE> 1 5.748963e-03
<MEAN> 25
 -2.582917e+00 3.181790e+00 2.310914e+00 8.752637e+00 4.371549e+00 3.445748e+00 4.062278e+00 3.932241e+00 5.831568e+00 5.253569e+00 5.882510e+00 3.079324e+00 -2.004651e+00 -1.634754e+00 -8.636339e-01 1.075171e+00 1.560166e+00 2.232491e+00 2.154084e+00 2.083708e+00 1.692705e+00 1.269309e+00 1.567089e+00 6.138524e-01 -4.690039e-02
<VARIANCE> 25
 1.006444e+01 1.175564e+01 1.494321e+01 1.869181e+01 2.318331e+01 2.217497e+01 2.188946e+01 2.199559e+01 2.099221e+01 2.253043e+01 2.095511e+01 1.708085e+01 1.788073e+00 2.111031e+00 3.026101e+00 3.210938e+00 3.739419e+00 3.355427e+00 3.318486e+00 3.383592e+00 3.522367e+00 3.726156e+00 3.513230e+00 2.833693e+00 3.123135e-03
<GCONST> 8.846504e+01
<MIXTURE> 2 4.549242e-03
<MEAN> 25
 -4.875710e+00 1.311829e+00 9.945097e-01 9.899817e+00 6.692303e+00 7.424328e+00 7.847065e+00 6.957650e+00 8.373013e+00 6.372920e+00 7.624110e+00 3.074555e+00 -6.198229e-02 4.162325e-02 1.425120e-01 2.258310e-01 2.652475e-01 2.813833e-01 2.953883e-01 3.195121e-01 3.496741e-01 3.088823e-01 1.971994e-01 8.006708e-02 1.208023e-06
<VARIANCE> 25
 6.952072e+00 8.901875e+00 1.065153e+01 1.591036e+01 1.723518e+01 1.556526e+01 1.689836e+01 1.849008e+01 1.658779e+01 1.738580e+01 1.811188e+01 1.434002e+01 1.252563e-01 2.266197e-01 3.364672e-01 4.671294e-01 6.493016e-01 8.148654e-01 9.298905e-01 1.003187e+00 1.051806e+00 1.077764e+00 1.075631e+00 1.013896e+00 9.999733e-07
<GCONST> 5.804350e+01
<MIXTURE> 3 4.549242e-03
<MEAN> 25
 -4.875710e+00 1.311829e+00 9.945097e-01 9.899817e+00 6.692303e+00 7.424328e+00 7.847065e+00 6.957650e+00 8.373013e+00 6.372920e+00 7.624110e+00 3.074555e+00 -6.198229e-02 4.162325e-02 1.425120e-01 2.258310e-01 2.652475e-01 2.813833e-01 2.953883e-01 3.195121e-01 3.496741e-01 3.088823e-01 1.971994e-01 8.006708e-02 1.208023e-06
<VARIANCE> 25
 6.952072e+00 8.901875e+00 1.065153e+01 1.591036e+01 1.723518e+01 1.556526e+01 1.689836e+01 1.849008e+01 1.658779e+01 1.738580e+01 1.811188e+01 1.434002e+01 1.252563e-01 2.266197e-01 3.364672e-01 4.671294e-01 6.493016e-01 8.148654e-01 9.298905e-01 1.003187e+00 1.051806e+00 1.077764e+00 1.075631e+00 1.013896e+00 9.999733e-07
<GCONST> 5.804350e+01
<MIXTURE> 4 1.671429e-02
<MEAN> 25
 3.346698e+00 2.564160e+00 -3.868876e+00 1.270617e+00 4.236582e+00 -5.772440e-01 6.078728e-02 5.526775e-02 1.593339e+00 1.540266e+00 -2.009245e+00 -1.623023e-01 -2.692823e+00 1.253978e+00 1.696864e+00 2.873406e+00 8.823220e-01 3.790167e-01 1.575140e+00 8.684503e-01 8.983979e-01 2.014201e-01 9.998543e-01 9.007219e-01 -1.023629e-01
<VARIANCE> 25
 1.950386e+01 2.707267e+01 2.712723e+01 3.735318e+01 4.164980e+01 6.344464e+01 6.411784e+01 4.853870e+01 5.062088e+01 5.806144e+01 4.789374e+01 3.387134e+01 2.192900e+00 4.669863e+00 3.451716e+00 4.836690e+00 4.673547e+00 5.681997e+00 5.907563e+00 5.274336e+00 5.471704e+00 6.223761e+00 6.042614e+00 4.065696e+00 5.631780e-03
<GCONST> 1.038468e+02
<MIXTURE> 5 3.206198e-03
<MEAN> 25
 -3.417191e+00 2.181347e+00 6.105997e-01 9.428834e+00 6.697111e+00 6.315886e+00 7.112484e+00 4.723178e+00 5.495892e+00 3.848132e+00 4.658523e+00 2.606525e+00 -3.246275e-01 7.528826e-01 1.224802e+00 1.032628e+00 3.076410e-01 -1.001522e-01 -8.380768e-02 3.352466e-02 4.579537e-01 6.837161e-01 4.038969e-01 8.803766e-02 -2.773025e-05
<VARIANCE> 25
 1.025048e+01 1.394270e+01 2.348657e+01 2.561641e+01 2.022075e+01 1.942616e+01 2.011307e+01 2.036125e+01 2.141910e+01 2.128293e+01 2.409768e+01 1.636003e+01 1.210075e+00 1.244357e+00 1.357160e+00 1.673538e+00 2.284793e+00 2.376301e+00 2.301497e+00 2.275312e+00 2.315650e+00 2.238184e+00 2.085538e+00 1.873898e+00 9.999801e-07
<GCONST> 7.516636e+01
<MIXTURE> 6 5.475854e-03
<MEAN> 25
 9.635881e+00 -7.159689e-01 -6.874133e+00 -1.089205e+01 -2.245069e+00 6.691377e+00 -5.892097e+00 -5.008634e+00 -3.668356e+00 1.922478e+00 4.877681e+00 -1.351276e+00 4.757683e-01 8.979878e-01 -3.477254e-01 -1.457011e+00 -6.133095e-01 1.260221e+00 1.534631e+00 1.780946e-01 -1.220077e+00 -1.147066e+00 3.482544e-01 1.226865e+00 -8.543462e-03
<VARIANCE> 25
 8.848874e+00 1.951775e+01 2.435772e+01 3.880046e+01 3.629134e+01 2.984959e+01 4.286007e+01 3.979722e+01 3.962842e+01 3.866705e+01 4.275924e+01 2.801893e+01 3.055776e-01 8.335419e-01 9.217820e-01 1.926075e+00 1.582630e+00 2.062653e+00 1.873885e+00 2.166432e+00 2.332037e+00 2.075417e+00 2.244109e+00 1.406302e+00 5.746610e-04
<GCONST> 8.385736e+01
<MIXTURE> 7 5.475854e-03
<MEAN> 25
 9.635881e+00 -7.159689e-01 -6.874133e+00 -1.089205e+01 -2.245069e+00 6.691377e+00 -5.892097e+00 -5.008634e+00 -3.668356e+00 1.922478e+00 4.877681e+00 -1.351276e+00 4.757683e-01 8.979878e-01 -3.477254e-01 -1.457011e+00 -6.133095e-01 1.260221e+00 1.534631e+00 1.780946e-01 -1.220077e+00 -1.147066e+00 3.482544e-01 1.226865e+00 -8.543462e-03
<VARIANCE> 25
 8.848874e+00 1.951775e+01 2.435772e+01 3.880046e+01 3.629134e+01 2.984959e+01 4.286007e+01 3.979722e+01 3.962842e+01 3.866705e+01 4.275924e+01 2.801893e+01 3.055776e-01 8.335419e-01 9.217820e-01 1.926075e+00 1.582630e+00 2.062653e+00 1.873885e+00 2.166432e+00 2.332037e+00 2.075417e+00 2.244109e+00 1.406302e+00 5.746610e-04
<GCONST> 8.385736e+01
<MIXTURE> 8 1.165917e-02
<MEAN> 25
 -4.730981e+00 1.361887e+00 1.293222e+00 9.555569e+00 6.573924e+00 6.253034e+00 6.481575e+00 5.683532e+00 6.655496e+00 5.627228e+00 6.567726e+00 3.151761e+00 -6.304567e-01 -1.425409e+00 -1.070182e+00 -1.730561e+00 -2.315968e-01 -9.459692e-01 -1.786782e-01 -2.898006e-01 -2.516430e-01 -1.736142e-01 -2.123103e-01 8.215509e-02 9.886583e-02
<VARIANCE> 25
 9.336819e+00 9.846389e+00 1.160503e+01 1.607914e+01 1.664469e+01 1.571294e+01 1.812084e+01 1.754189e+01 1.705098e+01 1.742111e+01 1.891294e+01 1.399819e+01 2.755877e+00 2.814996e+00 3.906226e+00 3.760525e+00 3.454758e+00 3.317013e+00 3.128969e+00 3.079090e+00 2.872832e+00 2.654555e+00 2.435376e+00 1.901749e+00 6.680345e-03
<GCONST> 8.629371e+01
<MIXTURE> 9 1.199672e-02
<MEAN> 25
 9.297559e+00 3.392581e+00 -6.206539e+00 -1.067275e+01 -2.213679e+00 4.969388e+00 -2.205559e+00 -2.304417e+00 -5.393427e+00 -1.252357e+00 5.742829e-01 -9.885365e-03 1.440624e+00 -1.290818e-01 -4.899952e-01 -2.703722e+00 -1.646238e+00 8.549253e-01 -9.734269e-01 -2.298505e-01 -1.810254e-01 -5.765237e-01 6.152284e-01 -1.528988e-01 7.332075e-02
<VARIANCE> 25
 1.224174e+01 2.140204e+01 3.362260e+01 5.349047e+01 5.020158e+01 3.227526e+01 4.321346e+01 5.213997e+01 4.206999e+01 4.162791e+01 3.613770e+01 2.691042e+01 2.088090e+00 2.450057e+00 4.574199e+00 4.876774e+00 5.008513e+00 4.094904e+00 4.241019e+00 6.040180e+00 5.037655e+00 4.078035e+00 4.014024e+00 2.803384e+00 2.212976e-03
<GCONST> 9.879950e+01
<MIXTURE> 10 6.596976e-03
<MEAN> 25
 8.229001e-01 7.633615e+00 5.373263e+00 7.147027e+00 1.586697e+00 -2.115546e+00 -5.161293e-01 -1.686082e+00 8.749357e-01 8.604952e-01 8.372731e-01 6.571534e-01 -1.924980e+00 -6.728358e-01 -4.580207e-01 3.026841e+00 2.462627e+00 2.709594e+00 2.373418e+00 2.277070e+00 1.860635e+00 1.543706e+00 2.334370e+00 5.252108e-01 -1.381162e-01
<VARIANCE> 25
 1.954337e+01 2.068037e+01 2.231348e+01 2.905843e+01 3.829915e+01 3.492644e+01 3.515022e+01 3.383112e+01 2.760322e+01 2.904032e+01 2.695920e+01 2.500582e+01 2.233918e+00 3.425583e+00 5.534038e+00 5.171935e+00 5.551044e+00 4.469660e+00 4.699130e+00 4.843318e+00 4.389193e+00 5.023557e+00 4.445661e+00 3.190188e+00 2.697401e-03
<GCONST> 9.745827e+01
<MIXTURE> 11 1.633820e-02
<MEAN> 25
 7.125928e+00 4.384316e+00 2.155004e+00 4.348878e+00 -2.800574e+00 -3.212234e+00 2.788038e-01 -5.752164e+00 -1.190286e+00 7.305330e-01 -3.641369e+00 -1.864405e+00 -4.007206e-01 5.491167e-01 8.755450e-02 3.239340e-01 5.313093e-01 -6.396629e-02 5.900618e-01 -2.364962e-01 -1.821161e-01 -4.310752e-02 -3.460828e-01 2.939578e-01 -2.682681e-02
<VARIANCE> 25
 1.000380e+01 1.653476e+01 1.486263e+01 2.198761e+01 2.377707e+01 2.814102e+01 3.915221e+01 2.763317e+01 3.173719e+01 2.299563e+01 2.527383e+01 2.026949e+01 1.160451e+00 8.712805e-01 1.595989e+00 2.016833e+00 1.542646e+00 2.044639e+00 1.775305e+00 2.287779e+00 1.823239e+00 1.824348e+00 1.810660e+00 1.652339e+00 8.816244e-04
<GCONST> 8.216306e+01
<MIXTURE> 12 5.904134e-03
<MEAN> 25
 1.076334e+01 3.734576e+00 -4.508491e+00 -1.598837e+01 -8.693907e+00 8.639733e+00 -8.985502e-01 -1.919067e+00 -1.726804e+00 -4.878059e+00 1.781708e+00 7.128490e-01 6.760504e-02 2.937052e-01 7.957249e-02 -3.685308e-01 -3.098277e-01 3.034418e-02 3.051192e-01 4.482274e-01 1.403649e-01 -3.839696e-01 -3.861782e-01 5.279572e-02 -6.297098e-03
<VARIANCE> 25
 8.883617e+00 2.110003e+01 2.339398e+01 3.504565e+01 4.203724e+01 3.095072e+01 4.177121e+01 4.896158e+01 4.405319e+01 3.745936e+01 3.803895e+01 2.892959e+01 2.466829e-01 6.879221e-01 6.855701e-01 1.169235e+00 1.185998e+00 1.054627e+00 1.170835e+00 1.386765e+00 1.240586e+00 1.222111e+00 1.221271e+00 9.585158e-01 5.783531e-04
<GCONST> 7.892781e+01
<MIXTURE> 13 5.904134e-03
<MEAN> 25
 1.076334e+01 3.734576e+00 -4.508491e+00 -1.598837e+01 -8.693907e+00 8.639733e+00 -8.985502e-01 -1.919067e+00 -1.726804e+00 -4.878059e+00 1.781708e+00 7.128490e-01 6.760504e-02 2.937052e-01 7.957249e-02 -3.685308e-01 -3.098277e-01 3.034418e-02 3.051192e-01 4.482274e-01 1.403649e-01 -3.839696e-01 -3.861782e-01 5.279572e-02 -6.297098e-03
<VARIANCE> 25
 8.883617e+00 2.110003e+01 2.339398e+01 3.504565e+01 4.203724e+01 3.095072e+01 4.177121e+01 4.896158e+01 4.405319e+01 3.745936e+01 3.803895e+01 2.892959e+01 2.466829e-01 6.879221e-01 6.855701e-01 1.169235e+00 1.185998e+00 1.054627e+00 1.170835e+00 1.386765e+00 1.240586e+00 1.222111e+00 1.221271e+00 9.585158e-01 5.783531e-04
<GCONST> 7.892781e+01
<MIXTURE> 14 6.488954e-03
<MEAN> 25
 -4.319102e+00 -3.682101e-01 -3.035448e-01 8.896335e+00 7.527343e+00 7.366620e+00 7.845194e+00 7.290436e+00 7.219289e+00 5.181527e+00 6.817633e+00 4.071828e+00 -2.771123e-01 1.927355e-01 3.703660e-01 3.136120e-01 7.663537e-03 4.788018e-02 9.365104e-02 1.777399e-01 3.029586e-01 5.383241e-01 5.088485e-01 8.135732e-02 -9.207977e-03
<VARIANCE> 25
 9.250998e+00 1.382566e+01 1.862166e+01 1.782015e+01 2.081721e+01 1.954205e+01 2.142349e+01 2.076783e+01 2.017893e+01 2.425756e+01 2.173023e+01 1.608773e+01 9.601249e-01 1.634342e+00 1.768464e+00 1.929801e+00 2.233450e+00 2.285068e+00 2.253227e+00 2.231272e+00 2.286262e+00 2.495989e+00 2.191994e+00 1.810251e+00 1.028513e-03
<GCONST> 8.192241e+01
<MIXTURE> 15 2.475190e-03
<MEAN> 25
 -5.420476e+00 -6.366009e-01 -1.907673e-01 7.360027e+00 5.729942e+00 5.691341e+00 6.073148e+00 4.949587e+00 5.140328e+00 4.134283e+00 5.476461e+00 2.549143e+00 -1.223340e-01 -2.920647e-02 7.331602e-02 2.438013e-01 4.896797e-01 7.837865e-01 1.070843e+00 1.184288e+00 1.061754e+00 7.550214e-01 4.146621e-01 1.568034e-01 -6.427934e-05
<VARIANCE> 25
 6.959365e+00 5.599749e+00 9.024480e+00 1.278006e+01 1.404806e+01 1.427079e+01 1.490048e+01 1.506913e+01 1.420037e+01 1.423869e+01 1.522576e+01 1.250158e+01 1.246182e-01 2.055272e-01 3.197238e-01 5.013034e-01 6.969026e-01 7.923487e-01 7.608731e-01 7.903446e-01 9.083737e-01 1.020989e+00 1.074607e+00 1.041314e+00 2.794309e-05
<GCONST> 5.858420e+01
<MIXTURE> 16 2.475190e-03
<MEAN> 25
 -5.420476e+00 -6.366009e-01 -1.907673e-01 7.360027e+00 5.729942e+00 5.691341e+00 6.073148e+00 4.949587e+00 5.140328e+00 4.134283e+00 5.476461e+00 2.549143e+00 -1.223340e-01 -2.920647e-02 7.331602e-02 2.438013e-01 4.896797e-01 7.837865e-01 1.070843e+00 1.184288e+00 1.061754e+00 7.550214e-01 4.146621e-01 1.568034e-01 -6.427934e-05
<VARIANCE> 25
 6.959365e+00 5.599749e+00 9.024480e+00 1.278006e+01 1.404806e+01 1.427079e+01 1.490048e+01 1.506913e+01 1.420037e+01 1.423869e+01 1.522576e+01 1.250158e+01 1.246182e-01 2.055272e-01 3.197238e-01 5.013034e-01 6.969026e-01 7.923487e-01 7.608731e-01 7.903446e-01 9.083737e-01 1.020989e+00 1.074607e+00 1.041314e+00 2.794309e-05
<GCONST> 5.858420e+01
<MIXTURE> 17 9.518312e-03
<MEAN> 25
 3.510923e+00 -6.303516e-01 6.235974e+00 2.359081e+00 -5.864482e+00 -6.334282e+00 -2.801210e+00 -1.397551e-01 -2.774477e+00 -3.141053e+00 3.136589e-01 3.861090e-01 -6.498449e-01 -1.208148e+00 1.284406e+00 -2.075230e+00 -2.346256e+00 -9.333394e-02 1.012828e-01 7.928575e-01 -3.066914e-01 -4.675154e-02 1.049586e+00 4.398073e-01 8.054942e-02
<VARIANCE> 25
 1.623334e+01 2.968949e+01 2.927637e+01 3.754341e+01 4.339701e+01 4.683064e+01 4.116507e+01 3.235678e+01 3.401508e+01 2.611593e+01 2.779957e+01 2.832264e+01 1.975757e+00 2.560371e+00 3.761147e+00 2.932279e+00 3.816024e+00 5.203906e+00 4.773687e+00 4.445716e+00 3.898987e+00 4.121191e+00 2.856956e+00 2.641330e+00 2.026719e-03
<GCONST> 9.605829e+01
<MIXTURE> 18 1.221018e-02
<MEAN> 25
 3.701640e+00 4.363375e+00 6.360596e+00 4.044091e+00 -4.937931e+00 -7.854710e+00 -2.895539e+00 -9.691315e-01 -3.476555e+00 -2.874304e+00 -3.227904e-01 1.656768e+00 -1.046422e+00 2.296169e+00 -1.557940e-01 1.609156e+00 3.468379e+00 1.263041e+00 1.010102e+00 -4.299250e-01 3.676724e-01 5.511388e-01 -3.877587e-01 -1.845269e-01 -1.137932e-01
<VARIANCE> 25
 1.477367e+01 2.309907e+01 3.024578e+01 2.743250e+01 3.749490e+01 3.113385e+01 4.577020e+01 3.248621e+01 3.485194e+01 3.279170e+01 3.201217e+01 3.554723e+01 2.940979e+00 2.871174e+00 4.181815e+00 4.783523e+00 4.836683e+00 4.413887e+00 4.465580e+00 4.231445e+00 4.420177e+00 3.878869e+00 4.120613e+00 3.460531e+00 4.241638e-03
<GCONST> 9.811152e+01
<MIXTURE> 19 9.912824e-03
<MEAN> 25
 -1.029774e+01 2.704365e+00 1.634596e+00 5.212073e-01 3.749870e+00 1.324072e+00 1.771764e+00 -6.310864e-01 3.547990e+00 7.960667e-02 1.254606e+00 2.726541e+00 2.197538e+00 1.612773e+00 2.120016e+00 6.801410e-01 -1.223874e+00 -8.638614e-01 -7.567713e-01 -9.916043e-01 -1.625447e+00 -1.007617e+00 -8.959759e-01 -8.007553e-01 -1.728069e-03
<VARIANCE> 25
 4.208202e+01 3.279179e+01 3.910927e+01 3.978542e+01 3.059074e+01 2.913219e+01 3.255706e+01 2.874589e+01 2.998176e+01 2.797971e+01 2.679110e+01 1.606792e+01 2.085348e+00 1.725850e+00 1.665768e+00 1.687956e+00 2.068682e+00 1.767007e+00 2.931671e+00 2.312425e+00 2.040849e+00 1.721634e+00 2.181980e+00 1.412734e+00 2.062827e-03
<GCONST> 8.868083e+01
<MIXTURE> 20 6.308331e-03
<MEAN> 25
 -1.416596e+01 7.396866e+00 8.566138e-01 6.131152e+00 4.846468e+00 1.626773e+00 5.165795e+00 8.372642e-01 9.518558e-01 7.690488e-01 2.582048e+00 -2.826219e-01 -3.281619e+00 -8.621270e-01 -1.561881e+00 3.232103e-01 1.532332e+00 2.060503e+00 1.964936e+00 2.052241e+00 2.150979e+00 2.029559e+00 1.683619e+00 9.458468e-01 4.745721e-02
<VARIANCE> 25
 1.964844e+01 2.347863e+01 3.087368e+01 3.714523e+01 3.076501e+01 2.782511e+01 3.045366e+01 3.144097e+01 2.812383e+01 2.835564e+01 2.521690e+01 2.095326e+01 2.089595e+00 2.182105e+00 1.906142e+00 2.553795e+00 2.716496e+00 2.307581e+00 2.354585e+00 2.315671e+00 2.243297e+00 2.675529e+00 2.234944e+00 1.863098e+00 1.884829e-03
<GCONST> 8.926979e+01
<MIXTURE> 21 7.928653e-03
<MEAN> 25
 4.001878e+00 -4.521355e+00 5.768697e+00 -1.541407e+00 -1.057365e+01 -8.728555e+00 -2.613331e+00 4.166949e+00 -2.066272e+00 -3.403317e+00 2.392987e-01 3.390495e-01 -7.189801e-01 1.340593e+00 2.588067e+00 -4.586230e-02 -1.550724e+00 3.347221e-01 5.899699e-01 -1.498599e+00 -1.957012e+00 3.137017e-01 1.325124e+00 2.486664e-01 -1.281932e-02
<VARIANCE> 25
 8.907299e+00 1.880329e+01 2.967080e+01 2.840750e+01 2.862826e+01 3.317056e+01 4.291558e+01 3.940468e+01 4.291674e+01 3.161372e+01 3.382216e+01 2.321888e+01 3.761114e-01 9.499127e-01 1.855045e+00 1.290509e+00 2.211892e+00 2.186616e+00 3.639085e+00 2.498697e+00 2.160781e+00 2.592843e+00 2.017695e+00 2.286775e+00 4.294169e-04
<GCONST> 8.509939e+01
<MIXTURE> 22 8.827789e-03
<MEAN> 25
 -1.791055e+01 7.158998e+00 -4.092165e+00 7.337866e+00 4.635944e+00 2.742540e+00 8.386956e+00 1.737682e+00 5.375277e+00 3.286000e+00 5.709250e+00 1.195833e+00 -3.120366e-01 -2.063755e-01 -1.239967e-01 -1.530877e-01 -1.034049e-02 1.326745e-01 1.749969e-01 1.740859e-01 2.446092e-01 2.051352e-01 1.755476e-01 1.951723e-01 9.052520e-03
<VARIANCE> 25
 8.105783e+00 1.676347e+01 1.762173e+01 2.567020e+01 2.303921e+01 2.081666e+01 1.938157e+01 1.865558e+01 1.807050e+01 2.084197e+01 1.921160e+01 1.378681e+01 1.091767e+00 1.353228e+00 1.361205e+00 1.571446e+00 1.405732e+00 1.528203e+00 1.513286e+00 1.528850e+00 1.609944e+00 1.539145e+00 1.353596e+00 1.164317e+00 1.751638e-03
<GCONST> 7.831630e+01
<MIXTURE> 23 6.455497e-03
<MEAN> 25
 7.815539e+00 1.974462e+00 2.699313e+00 2.971651e+00 -4.956182e+00 -3.385792e+00 -2.521419e+00 -6.234629e+00 -2.282274e+00 1.533311e-01 -5.361793e+00 -1.312583e+00 4.550691e-02 6.918709e-02 3.054842e-02 8.790030e-02 1.462479e-03 6.400400e-02 -1.222945e-02 -1.561849e-02 4.635239e-02 6.844275e-02 -1.413840e-01 1.013940e-01 -3.365744e-03
<VARIANCE> 25
 8.843663e+00 1.942768e+01 2.057029e+01 3.424907e+01 3.104789e+01 4.393312e+01 5.929931e+01 4.669994e+01 4.510795e+01 4.400641e+01 4.898061e+01 3.634858e+01 1.102277e-01 3.513492e-01 3.318315e-01 4.227026e-01 5.772487e-01 6.436492e-01 6.841711e-01 7.340469e-01 7.550430e-01 8.052604e-01 8.210526e-01 7.326014e-01 9.504821e-05
<GCONST> 7.071211e+01
<MIXTURE> 24 6.455497e-03
<MEAN> 25
 7.815539e+00 1.974462e+00 2.699313e+00 2.971651e+00 -4.956182e+00 -3.385792e+00 -2.521419e+00 -6.234629e+00 -2.282274e+00 1.533311e-01 -5.361793e+00 -1.312583e+00 4.550691e-02 6.918709e-02 3.054842e-02 8.790030e-02 1.462479e-03 6.400400e-02 -1.222945e-02 -1.561849e-02 4.635239e-02 6.844275e-02 -1.413840e-01 1.013940e-01 -3.365744e-03
<VARIANCE> 25
 8.843663e+00 1.942768e+01 2.057029e+01 3.424907e+01 3.104789e+01 4.393312e+01 5.929931e+01 4.669994e+01 4.510795e+01 4.400641e+01 4.898061e+01 3.634858e+01 1.102277e-01 3.513492e-01 3.318315e-01 4.227026e-01 5.772487e-01 6.436492e-01 6.841711e-01 7.340469e-01 7.550430e-01 8.052604e-01 8.210526e-01 7.326014e-01 9.504821e-05
<GCONST> 7.071211e+01
<MIXTURE> 25 1.118642e-02
<MEAN> 25
 5.356265e-01 3.132447e+00 1.609481e+01 -1.367006e+00 -1.139437e+01 -1.287474e+00 -4.766244e+00 -2.838566e+00 -6.802804e+00 -5.163241e+00 4.276361e+00 -1.529844e+00 -8.805391e-02 3.451407e-01 9.401039e-02 1.032084e-01 2.264640e-01 1.674266e-01 1.145743e-01 -1.560774e-01 -1.108325e-01 1.348084e-01 -1.557801e-01 -1.237245e-01 -1.067535e-02
<VARIANCE> 25
 8.495196e+00 2.136077e+01 2.304496e+01 2.882509e+01 3.024124e+01 4.046770e+01 2.557186e+01 2.755887e+01 2.644049e+01 3.640432e+01 2.014225e+01 2.607430e+01 5.748407e-01 1.462273e+00 1.362530e+00 1.455070e+00 2.376468e+00 1.931061e+00 1.695245e+00 1.672406e+00 1.740670e+00 1.614194e+00 1.515606e+00 1.263654e+00 1.287223e-03
<GCONST> 8.255172e+01
<MIXTURE> 26 7.727677e-03
<MEAN> 25
 2.421144e+00 -5.167574e+00 -1.066297e+01 -1.826681e+00 8.056415e+00 5.753888e+00 5.068260e+00 -6.680957e-01 1.972391e+00 6.364055e-01 -2.405009e+00 -2.007341e+00 -7.493461e-01 7.398695e-01 4.473518e-01 8.236643e-01 1.989610e-01 4.706278e-02 3.975750e-01 1.239649e-01 3.366556e-01 1.164724e-02 2.897881e-01 7.931665e-01 -5.366959e-02
<VARIANCE> 25
 2.111666e+01 3.195181e+01 2.336911e+01 5.621768e+01 3.103217e+01 3.899835e+01 4.321938e+01 3.546681e+01 3.123653e+01 5.105434e+01 3.443583e+01 4.930047e+01 1.332019e+00 1.754542e+00 1.914564e+00 1.785638e+00 1.976982e+00 2.249633e+00 3.131598e+00 2.559861e+00 1.940267e+00 2.118309e+00 2.232190e+00 2.247867e+00 2.788125e-03
<GCONST> 9.168285e+01
<MIXTURE> 27 7.727677e-03
<MEAN> 25
 2.421144e+00 -5.167574e+00 -1.066297e+01 -1.826681e+00 8.056415e+00 5.753888e+00 5.068260e+00 -6.680957e-01 1.972391e+00 6.364055e-01 -2.405009e+00 -2.007341e+00 -7.493461e-01 7.398695e-01 4.473518e-01 8.236643e-01 1.989610e-01 4.706278e-02 3.975750e-01 1.239649e-01 3.366556e-01 1.164724e-02 2.897881e-01 7.931665e-01 -5.366959e-02
<VARIANCE> 25
 2.111666e+01 3.195181e+01 2.336911e+01 5.621768e+01 3.103217e+01 3.899835e+01 4.321938e+01 3.546681e+01 3.123653e+01 5.105434e+01 3.443583e+01 4.930047e+01 1.332019e+00 1.754542e+00 1.914564e+00 1.785638e+00 1.976982e+00 2.249633e+00 3.131598e+00 2.559861e+00 1.940267e+00 2.118309e+00 2.232190e+00 2.247867e+00 2.788125e-03
<GCONST> 9.168285e+01
<MIXTURE> 28 5.036674e-03
<MEAN> 25
 -5.463058e+00 7.235781e-03 -1.565085e+00 6.585477e+00 5.228089e+00 3.443188e+00 5.419880e+00 3.060335e+00 3.891700e+00 2.334342e+00 2.522027e+00 3.218995e+00 -1.176952e-01 2.282741e-01 5.240404e-01 7.833452e-01 8.209820e-01 6.850934e-01 5.144369e-01 3.999341e-01 4.610995e-01 4.831555e-01 3.579366e-01 1.854744e-01 -1.789139e-05
<VARIANCE> 25
 1.032656e+01 8.254102e+00 1.201454e+01 1.474016e+01 1.457086e+01 1.796775e+01 1.787469e+01 1.920694e+01 1.706404e+01 1.682800e+01 2.142761e+01 1.483100e+01 2.539600e-01 3.350531e-01 4.036794e-01 4.597721e-01 6.147102e-01 8.624564e-01 1.052018e+00 1.137622e+00 1.118935e+00 1.023567e+00 1.039003e+00 1.056702e+00 9.936722e-07
<GCONST> 6.020082e+01
<MIXTURE> 29 5.036674e-03
<MEAN> 25
 -5.463058e+00 7.235781e-03 -1.565085e+00 6.585477e+00 5.228089e+00 3.443188e+00 5.419880e+00 3.060335e+00 3.891700e+00 2.334342e+00 2.522027e+00 3.218995e+00 -1.176952e-01 2.282741e-01 5.240404e-01 7.833452e-01 8.209820e-01 6.850934e-01 5.144369e-01 3.999341e-01 4.610995e-01 4.831555e-01 3.579366e-01 1.854744e-01 -1.789139e-05
<VARIANCE> 25
 1.032656e+01 8.254102e+00 1.201454e+01 1.474016e+01 1.457086e+01 1.796775e+01 1.787469e+01 1.920694e+01 1.706404e+01 1.682800e+01 2.142761e+01 1.483100e+01 2.539600e-01 3.350531e-01 4.036794e-01 4.597721e-01 6.147102e-01 8.624564e-01 1.052018e+00 1.137622e+00 1.118935e+00 1.023567e+00 1.039003e+00 1.056702e+00 9.936722e-07
<GCONST> 6.020082e+01
<MIXTURE> 30 8.917812e-03
<MEAN> 25
 -4.501587e+00 -1.594440e-01 6.874588e-01 9.071930e+00 7.786386e+00 7.479399e+00 7.622046e+00 6.810381e+00 6.466964e+00 4.812947e+00 6.881850e+00 3.456623e+00 -2.349732e-02 3.402207e-02 6.352706e-02 9.644043e-02 8.312200e-02 4.520893e-02 1.593343e-02 -2.326892e-03 1.697856e-02 4.991125e-02 6.995754e-02 3.037015e-02 -4.942389e-04
<VARIANCE> 25
 6.868510e+00 9.896397e+00 1.038846e+01 1.362760e+01 1.559157e+01 1.637750e+01 1.903461e+01 1.842918e+01 1.664934e+01 1.890472e+01 2.250786e+01 1.443338e+01 9.728671e-02 2.042091e-01 3.314712e-01 4.858604e-01 6.154881e-01 7.170476e-01 7.679811e-01 8.130245e-01 8.681738e-01 9.363331e-01 9.409945e-01 8.586593e-01 5.103366e-05
<GCONST> 6.071980e+01
<MIXTURE> 31 4.136493e-03
<MEAN> 25
 -3.300989e+00 -5.680126e+00 6.329697e-02 4.882063e+00 3.679976e+00 1.678036e+00 5.247191e+00 6.642297e+00 2.721687e+00 1.223717e+00 6.521242e+00 3.158528e+00 2.522080e-01 4.747885e-01 -2.125583e-01 3.105267e-01 1.228573e-01 4.234630e-01 1.916544e-01 1.456296e-02 3.794667e-01 3.821513e-01 1.060539e-01 1.145102e-01 -1.841363e-02
<VARIANCE> 25
 7.162419e+00 1.538182e+01 1.747022e+01 1.797080e+01 2.536325e+01 2.392634e+01 2.360270e+01 2.538375e+01 2.598173e+01 2.807781e+01 2.040694e+01 1.869796e+01 1.914129e-01 4.931546e-01 6.033360e-01 7.673999e-01 9.692202e-01 1.090349e+00 1.220565e+00 1.389874e+00 1.342883e+00 1.313876e+00 1.244508e+00 1.132858e+00 2.566643e-04
<GCONST> 7.183565e+01
<MIXTURE> 32 4.136493e-03
<MEAN> 25
 -3.300989e+00 -5.680126e+00 6.329697e-02 4.882063e+00 3.679976e+00 1.678036e+00 5.247191e+00 6.642297e+00 2.721687e+00 1.223717e+00 6.521242e+00 3.158528e+00 2.522080e-01 4.747885e-01 -2.125583e-01 3.105267e-01 1.228573e-01 4.234630e-01 1.916544e-01 1.456296e-02 3.794667e-01 3.821513e-01 1.060539e-01 1.145102e-01 -1.841363e-02
<VARIANCE> 25
 7.162419e+00 1.538182e+01 1.747022e+01 1.797080e+01 2.536325e+01 2.392634e+01 2.360270e+01 2.538375e+01 2.598173e+01 2.807781e+01 2.040694e+01 1.869796e+01 1.914129e-01 4.931546e-01 6.033360e-01 7.673999e-01 9.692202e-01 1.090349e+00 1.220565e+00 1.389874e+00 1.342883e+00 1.313876e+00 1.244508e+00 1.132858e+00 2.566643e-04
<GCONST> 7.183565e+01
<MIXTURE> 33 1.508826e-02
<MEAN> 25
 5.987224e+00 -5.121117e+00 -2.305688e+00 -1.226672e+00 -2.464445e+00 -4.439694e+00 -8.722672e+00 3.216328e+00 3.618002e+00 4.921468e-01 -4.944159e+00 -2.487438e+00 6.045598e-01 -1.447963e+00 -2.274152e+00 -1.586261e+00 1.137171e+00 1.334371e+00 -1.283132e+00 1.164151e+00 5.984074e-01 7.171614e-01 3.155645e-01 -1.888799e+00 3.950427e-02
<VARIANCE> 25
 7.962167e+00 2.172149e+01 2.093545e+01 2.763428e+01 3.303692e+01 3.368031e+01 6.167471e+01 4.940911e+01 2.977884e+01 3.638570e+01 2.876892e+01 2.431994e+01 1.105274e+00 1.654611e+00 1.585060e+00 1.671817e+00 3.194708e+00 2.338567e+00 5.084253e+00 4.286611e+00 2.884453e+00 2.970810e+00 4.283263e+00 2.395947e+00 1.117396e-03
<GCONST> 9.038632e+01
<MIXTURE> 34 1.588179e-02
<MEAN> 25
 8.740877e+00 -6.139227e-02 -4.162900e-02 1.263066e+00 -2.735433e+00 -1.706573e+00 -6.039560e+00 -4.358061e+00 -1.562061e+00 5.183257e-01 -2.423327e+00 -3.657162e+00 -5.578044e-02 1.391288e+00 1.309971e+00 2.339859e+00 2.721658e-02 -2.349265e-01 9.101411e-01 -1.607862e+00 -8.009941e-01 1.979783e-01 -5.929631e-01 2.492690e-01 -6.271476e-02
<VARIANCE> 25
 7.610240e+00 2.951767e+01 2.843555e+01 4.660477e+01 4.011256e+01 4.659496e+01 5.311068e+01 5.452125e+01 4.988937e+01 4.294337e+01 4.634510e+01 2.982545e+01 1.278181e+00 1.917667e+00 4.312275e+00 3.815342e+00 5.351048e+00 5.559717e+00 5.320170e+00 5.785964e+00 5.012162e+00 4.757129e+00 4.740867e+00 3.678729e+00 1.148598e-03
<GCONST> 9.873398e+01
<MIXTURE> 35 1.467755e-02
<MEAN> 25
 -2.077738e+00 -5.104995e+00 -9.973393e+00 1.076312e-01 9.635601e+00 9.438540e-01 1.739076e+00 2.382040e+00 1.488961e+00 4.728717e+00 2.088828e-01 1.888394e+00 5.248315e-01 -1.120123e+00 -1.345021e+00 -1.339258e+00 4.007687e-01 -8.040453e-01 -7.740509e-01 -1.026880e-01 -1.554430e-01 1.630532e-01 -6.112001e-01 -4.869325e-01 1.054556e-01
<VARIANCE> 25
 1.945467e+01 2.967847e+01 4.253055e+01 6.149522e+01 4.155395e+01 5.727791e+01 5.092617e+01 4.369606e+01 4.926033e+01 3.872483e+01 3.701174e+01 3.033945e+01 3.407158e+00 3.494066e+00 6.908329e+00 5.526200e+00 5.103840e+00 5.461649e+00 5.192348e+00 4.671348e+00 4.947155e+00 4.418402e+00 4.072215e+00 3.743554e+00 5.387331e-03
<GCONST> 1.034551e+02
<MIXTURE> 36 1.093293e-02
<MEAN> 25
 4.262825e+00 -2.963978e+00 6.252801e+00 2.747454e+00 -1.140785e+01 -5.962001e+00 -5.929396e+00 3.254792e+00 -3.060515e+00 -4.857449e+00 3.653308e+00 1.765798e+00 2.185780e-01 2.339860e-01 -8.604077e-01 2.850533e-02 9.386190e-01 -2.218490e-01 -7.071934e-01 1.095175e-01 4.911501e-01 5.062660e-01 -6.325671e-01 2.864235e-01 -1.622457e-02
<VARIANCE> 25
 6.980440e+00 1.209486e+01 1.602315e+01 1.841095e+01 3.737785e+01 3.480233e+01 3.961145e+01 2.328081e+01 2.462553e+01 3.423969e+01 2.035637e+01 2.258128e+01 3.879830e-01 7.354807e-01 9.297590e-01 1.068750e+00 1.875007e+00 1.341345e+00 2.454107e+00 1.930190e+00 1.411342e+00 1.103520e+00 1.062032e+00 2.092834e+00 6.196620e-04
<GCONST> 7.800770e+01
<MIXTURE> 37 1.246826e-02
<MEAN> 25
 6.065442e-01 7.627362e+00 1.197132e+01 -5.588519e+00 -7.955659e+00 -8.836228e-01 -5.080983e+00 -8.250296e+00 -3.566154e+00 -8.296241e-01 -3.605398e+00 -1.319038e+00 1.911883e-01 6.413057e-01 -1.353858e+00 3.528011e+00 1.990846e+00 -3.235692e-01 1.071959e+00 4.193341e-01 5.631810e-01 -3.436676e-01 4.819987e-01 -9.980813e-02 -9.359602e-02
<VARIANCE> 25
 1.574312e+01 2.630253e+01 3.050311e+01 4.997472e+01 3.349836e+01 3.263414e+01 4.303086e+01 3.449833e+01 3.877640e+01 3.557550e+01 3.713899e+01 3.029542e+01 2.903757e+00 3.345157e+00 2.952599e+00 4.138768e+00 4.534853e+00 3.715079e+00 4.139823e+00 3.745683e+00 3.447386e+00 3.578188e+00 3.921800e+00 2.732346e+00 3.915163e-03
<GCONST> 9.754049e+01
<MIXTURE> 38 1.154525e-02
<MEAN> 25
 -5.120209e+00 9.079283e+00 4.943308e+00 2.379375e+00 1.868060e+00 -4.637663e+00 -1.320756e+00 -2.673837e+00 -4.008046e+00 -3.573587e+00 -1.113363e+00 1.835980e-01 -4.402200e+00 1.332423e+00 -1.301475e-01 1.135884e+00 2.994356e+00 1.198288e+00 1.902693e+00 6.239886e-01 7.732579e-01 5.121337e-01 5.626462e-01 -1.583268e-01 4.083260e-02
<VARIANCE> 25
 3.096025e+01 2.480832e+01 3.250258e+01 3.155982e+01 4.712748e+01 3.013247e+01 3.350093e+01 3.433633e+01 3.393232e+01 2.790265e+01 2.441879e+01 2.759956e+01 2.032460e+00 3.462672e+00 3.293848e+00 4.596749e+00 4.678857e+00 4.216240e+00 4.735999e+00 4.228951e+00 3.847452e+00 4.169931e+00 4.737290e+00 3.665236e+00 2.012698e-03
<GCONST> 9.726571e+01
<MIXTURE> 39 9.501865e-03
<MEAN> 25
 1.428118e+00 2.441807e+00 1.021454e+01 -9.147124e+00 -1.114536e+01 -4.262892e-01 -3.060126e+00 -6.384136e+00 -4.414964e+00 1.028460e+00 -3.142768e+00 -2.322204e+00 -6.703524e-01 1.440503e+00 1.465650e+00 -1.305650e+00 2.284149e-01 1.212497e+00 -1.178276e+00 -1.257114e+00 5.660790e-01 4.948737e-01 -6.554748e-01 5.257789e-02 1.209211e-04
<VARIANCE> 25
 8.423092e+00 2.843694e+01 2.963002e+01 3.581554e+01 3.506261e+01 4.406286e+01 4.155650e+01 3.172083e+01 3.709901e+01 3.146777e+01 3.781488e+01 2.750962e+01 6.905704e-01 1.529912e+00 1.747192e+00 2.832120e+00 2.561467e+00 2.649781e+00 2.860068e+00 2.563995e+00 2.528020e+00 2.503324e+00 2.283414e+00 1.999360e+00 1.134178e-03
<GCONST> 8.907251e+01
<MIXTURE> 40 1.030800e-02
<MEAN> 25
 -9.329681e+00 2.149311e+00 -1.067699e+00 8.201714e+00 3.844029e+00 5.438812e+00 5.306487e+00 4.194168e+00 4.577132e+00 4.168197e+00 5.646913e+00 1.686463e+00 -1.031742e-01 -2.341346e-01 -1.670089e-02 -2.285557e-01 -1.046886e-01 -1.107484e-01 6.487089e-02 6.325483e-02 -1.439666e-03 8.599207e-03 7.316926e-02 3.617987e-02 3.932679e-03
<VARIANCE> 25
 4.215918e+01 2.057723e+01 2.947951e+01 2.692679e+01 2.623132e+01 1.957072e+01 1.955227e+01 1.873112e+01 1.715469e+01 1.892103e+01 1.920864e+01 1.454741e+01 7.543923e-01 7.420318e-01 8.867033e-01 1.107637e+00 1.123330e+00 1.290815e+00 1.322759e+00 1.282056e+00 1.253840e+00 1.213591e+00 1.177968e+00 1.081162e+00 8.630095e-04
<GCONST> 7.685702e+01
<MIXTURE> 41 6.713375e-03
<MEAN> 25
 1.343015e+00 1.744755e+00 1.047844e+01 -6.889398e+00 -1.053330e+01 -3.641392e+00 -2.484073e+00 -4.901076e+00 -4.724884e+00 2.520304e+00 -1.397831e+00 -9.047672e-01 1.264619e-01 -7.443318e-01 1.687032e+00 -3.525375e+00 -2.448551e+00 -6.083428e-02 -4.747790e-01 -3.133191e-01 -8.695355e-01 1.058177e+00 -9.842221e-01 5.595931e-02 8.536655e-02
<VARIANCE> 25
 1.137001e+01 2.872953e+01 3.156390e+01 3.908541e+01 3.759468e+01 4.021252e+01 3.608639e+01 2.948359e+01 3.219942e+01 2.842073e+01 3.429576e+01 2.641318e+01 3.151940e+00 3.228601e+00 3.721295e+00 3.711094e+00 4.761474e+00 5.758693e+00 4.598282e+00 4.489302e+00 3.946889e+00 4.132975e+00 3.814595e+00 3.140653e+00 2.858118e-03
<GCONST> 9.747404e+01
<MIXTURE> 42 1.106211e-02
<MEAN> 25
 -2.631799e+00 4.977856e+00 5.650144e+00 2.210133e+00 -2.883488e-02 -5.169884e+00 -1.283968e+00 -1.943624e+00 -1.737704e-01 -2.630724e+00 -1.621851e+00 2.424406e+00 4.035198e+00 -6.104724e-01 1.280658e+00 2.795624e-01 -3.255453e+00 -8.710049e-01 -1.801627e+00 -3.085911e-01 -1.510149e+00 -7.325200e-01 6.143057e-01 -8.284453e-01 1.503479e-02
<VARIANCE> 25
 2.976670e+01 1.946583e+01 3.676198e+01 2.098143e+01 3.280859e+01 3.224653e+01 2.938648e+01 2.478486e+01 2.956625e+01 2.752820e+01 1.735348e+01 1.914596e+01 2.795791e+00 4.416533e+00 5.661283e+00 3.861890e+00 3.947193e+00 4.801640e+00 5.453329e+00 4.795816e+00 6.415975e+00 3.755917e+00 3.379609e+00 3.344138e+00 3.423514e-03
<GCONST> 9.675388e+01
<MIXTURE> 43 7.108249e-03
<MEAN> 25
 3.166171e+00 -6.306705e+00 -2.250839e+00 -5.187126e+00 -7.398484e+00 -3.405636e+00 4.141145e+00 1.309732e+00 -5.062685e+00 -7.093420e+00 -4.324593e+00 -1.249157e+00 2.375776e-01 2.164950e+00 1.913988e+00 -1.335270e-01 -1.430105e+00 -7.947578e-01 -9.692473e-01 -7.798068e-01 8.216913e-01 1.468348e+00 3.421923e-01 2.100374e-02 -4.511140e-02
<VARIANCE> 25
 9.600525e+00 1.970814e+01 2.734006e+01 3.522416e+01 3.841111e+01 3.663637e+01 3.328439e+01 3.980859e+01 3.966035e+01 3.865232e+01 2.653408e+01 2.955101e+01 6.907130e-01 1.249253e+00 1.570131e+00 2.490660e+00 2.375281e+00 2.382533e+00 2.654793e+00 3.026765e+00 2.606704e+00 2.577468e+00 2.331983e+00 1.919884e+00 9.431209e-04
<GCONST> 8.796884e+01
<MIXTURE> 44 7.328289e-03
<MEAN> 25
 -1.453014e+01 2.438987e+00 3.984189e+00 -3.406327e+00 3.786039e+00 1.521074e+00 -1.572453e+00 1.719382e+00 2.488279e+00 -2.168221e+00 1.515580e+00 2.072608e+00 -8.170353e-02 -1.362690e-01 1.937619e-01 1.625205e-01 -3.949103e-01 3.827880e-01 3.023594e-01 3.239480e-01 6.529154e-01 1.361174e-01 -5.466146e-02 2.972907e-01 5.311894e-03
<VARIANCE> 25
 3.293444e+01 2.445262e+01 2.749259e+01 2.450172e+01 2.941647e+01 2.539051e+01 2.889290e+01 2.699716e+01 2.824020e+01 2.766195e+01 2.435428e+01 1.594308e+01 1.470788e+00 1.942929e+00 1.157202e+00 1.220285e+00 2.122264e+00 1.606442e+00 1.505655e+00 1.700876e+00 2.041420e+00 1.150184e+00 1.962870e+00 1.398959e+00 1.107997e-03
<GCONST> 8.366911e+01
<MIXTURE> 45 1.364932e-02
<MEAN> 25
 -1.186367e+01 3.886415e+00 6.174406e-02 2.216122e+00 6.955426e+00 -6.402959e-01 5.065528e+00 2.278612e+00 4.105432e+00 1.190176e+00 1.146185e+00 2.046565e+00 -2.668141e+00 7.999111e-01 -3.553096e-01 -9.725769e-01 3.910234e-01 1.011669e-01 1.708431e-01 8.235469e-02 2.328418e-01 1.285238e-01 4.749259e-01 9.741027e-02 1.080977e-01
<VARIANCE> 25
 2.716134e+01 2.429439e+01 2.544784e+01 2.871953e+01 2.884859e+01 2.453151e+01 2.527620e+01 2.247540e+01 2.017448e+01 2.023854e+01 2.503296e+01 1.346671e+01 1.874128e+00 2.494944e+00 2.085708e+00 2.340489e+00 2.059915e+00 2.426807e+00 1.931034e+00 1.700511e+00 2.134375e+00 1.839727e+00 1.659048e+00 1.371249e+00 3.245582e-03
<GCONST> 8.615529e+01
<MIXTURE> 46 9.336259e-03
<MEAN> 25
 -9.526011e+00 2.355607e+00 1.411401e+00 7.164915e+00 5.974675e+00 3.366835e+00 6.804111e+00 4.580267e+00 5.606272e+00 4.491546e+00 4.991961e+00 2.932634e+00 1.110307e+00 -3.114888e-01 1.228564e-02 1.012077e+00 4.854570e-01 9.171094e-01 3.451961e-01 7.297350e-01 4.780720e-01 4.786538e-01 6.724207e-01 5.897188e-01 -1.023704e-01
<VARIANCE> 25
 3.354214e+01 4.254628e+01 3.910215e+01 5.335191e+01 4.931165e+01 3.965165e+01 3.819229e+01 3.474957e+01 3.246923e+01 3.141539e+01 2.750842e+01 1.962613e+01 3.896977e+00 4.182597e+00 3.800680e+00 4.020293e+00 4.486068e+00 3.606280e+00 3.351459e+00 3.121183e+00 2.895923e+00 2.804602e+00 2.276898e+00 1.867060e+00 8.038218e-03
<GCONST> 9.820856e+01
<MIXTURE> 47 7.116147e-03
<MEAN> 25
 7.284930e+00 -7.489282e+00 -7.985972e+00 -6.544028e+00 1.108029e+00 1.255925e+00 -2.632247e+00 1.596337e+00 2.437439e+00 6.367159e-01 -3.476606e+00 -6.731729e+00 -1.819514e-01 -1.193345e+00 -6.550979e-01 -4.114484e-01 6.128440e-01 8.542778e-01 7.636921e-01 3.912562e-01 8.172291e-02 -7.924408e-01 -4.926065e-01 -5.957071e-01 2.866247e-02
<VARIANCE> 25
 1.012573e+01 2.015962e+01 2.041996e+01 3.185432e+01 3.653743e+01 5.213659e+01 4.510741e+01 4.088730e+01 4.663887e+01 4.750253e+01 5.451042e+01 3.171511e+01 4.985076e-01 7.933823e-01 1.113538e+00 1.561035e+00 1.847719e+00 2.150280e+00 2.442830e+00 2.453793e+00 2.082819e+00 2.137414e+00 2.148030e+00 2.166419e+00 5.438075e-04
<GCONST> 8.628353e+01
<MIXTURE> 48 7.116147e-03
<MEAN> 25
 7.284930e+00 -7.489282e+00 -7.985972e+00 -6.544028e+00 1.108029e+00 1.255925e+00 -2.632247e+00 1.596337e+00 2.437439e+00 6.367159e-01 -3.476606e+00 -6.731729e+00 -1.819514e-01 -1.193345e+00 -6.550979e-01 -4.114484e-01 6.128440e-01 8.542778e-01 7.636921e-01 3.912562e-01 8.172291e-02 -7.924408e-01 -4.926065e-01 -5.957071e-01 2.866247e-02
<VARIANCE> 25
 1.012573e+01 2.015962e+01 2.041996e+01 3.185432e+01 3.653743e+01 5.213659e+01 4.510741e+01 4.088730e+01 4.663887e+01 4.750253e+01 5.451042e+01 3.171511e+01 4.985076e-01 7.933823e-01 1.113538e+00 1.561035e+00 1.847719e+00 2.150280e+00 2.442830e+00 2.453793e+00 2.082819e+00 2.137414e+00 2.148030e+00 2.166419e+00 5.438075e-04
<GCONST> 8.628353e+01
<MIXTURE> 49 5.548473e-03
<MEAN> 25
 -5.125685e+00 6.718948e-01 4.760128e-01 8.426175e+00 6.352122e+00 5.515497e+00 6.458098e+00 4.172125e+00 4.868999e+00 3.406889e+00 4.362590e+00 2.618909e+00 3.554529e-01 6.840553e-01 7.446206e-01 4.206127e-01 -1.694412e-01 -5.984001e-01 -9.369792e-01 -1.088213e+00 -8.755823e-01 -5.978172e-01 -2.871825e-01 -2.403468e-01 3.661668e-04
<VARIANCE> 25
 8.883757e+00 1.047963e+01 1.422911e+01 1.475165e+01 1.517443e+01 1.603333e+01 1.968027e+01 1.915198e+01 1.729309e+01 1.777601e+01 2.272637e+01 1.387627e+01 2.624955e-01 2.562937e-01 3.607989e-01 6.230139e-01 8.138184e-01 9.587555e-01 9.756014e-01 9.858354e-01 1.131312e+00 1.211265e+00 1.690246e+00 1.127241e+00 1.538570e-05
<GCONST> 6.413433e+01
<MIXTURE> 50 6.234641e-03
<MEAN> 25
 -4.704289e+00 1.599865e-01 -1.334131e+00 6.246459e+00 4.283214e+00 2.171837e+00 3.787140e+00 1.828706e+00 2.744806e+00 1.405594e+00 2.031720e+00 2.788593e+00 5.997540e-02 1.796907e-01 8.870808e-02 -1.751561e-01 -5.064573e-01 -5.922428e-01 -4.303066e-01 -5.504356e-02 4.126845e-01 7.475380e-01 7.272164e-01 4.339181e-01 -2.579903e-05
<VARIANCE> 25
 1.031641e+01 1.114511e+01 1.469677e+01 1.532348e+01 1.513844e+01 1.848610e+01 1.836260e+01 1.991364e+01 1.810963e+01 1.729146e+01 2.189714e+01 1.501382e+01 1.451540e-01 2.354879e-01 3.718601e-01 5.125955e-01 5.991718e-01 7.476010e-01 9.370540e-01 1.111051e+00 1.144492e+00 9.229397e-01 9.131951e-01 9.693382e-01 9.863486e-07
<GCONST> 5.949384e+01
<MIXTURE> 51 6.234641e-03
<MEAN> 25
 -4.704289e+00 1.599865e-01 -1.334131e+00 6.246459e+00 4.283214e+00 2.171837e+00 3.787140e+00 1.828706e+00 2.744806e+00 1.405594e+00 2.031720e+00 2.788593e+00 5.997540e-02 1.796907e-01 8.870808e-02 -1.751561e-01 -5.064573e-01 -5.922428e-01 -4.303066e-01 -5.504356e-02 4.126845e-01 7.475380e-01 7.272164e-01 4.339181e-01 -2.579903e-05
<VARIANCE> 25
 1.031641e+01 1.114511e+01 1.469677e+01 1.532348e+01 1.513844e+01 1.848610e+01 1.836260e+01 1.991364e+01 1.810963e+01 1.729146e+01 2.189714e+01 1.501382e+01 1.451540e-01 2.354879e-01 3.718601e-01 5.125955e-01 5.991718e-01 7.476010e-01 9.370540e-01 1.111051e+00 1.144492e+00 9.229397e-01 9.131951e-01 9.693382e-01 9.863486e-07
<GCONST> 5.949384e+01
<MIXTURE> 52 6.367945e-03
<MEAN> 25
 1.010007e+01 2.021256e+00 -6.215991e+00 -1.425522e+01 -4.206401e+00 8.533106e+00 -2.736534e+00 -3.044212e+00 -4.403429e+00 -2.082366e+00 3.378012e+00 7.294070e-01 -3.850568e-01 -4.800255e-01 -6.539928e-02 1.135620e+00 1.335943e+00 -4.699783e-01 -6.107001e-01 -6.515800e-01 4.206926e-02 1.243019e+00 3.849218e-01 -5.480501e-01 -1.374501e-02
<VARIANCE> 25
 9.408417e+00 2.069731e+01 2.543450e+01 3.864819e+01 4.576231e+01 3.059820e+01 4.657963e+01 4.891390e+01 4.297551e+01 4.643571e+01 3.992884e+01 3.002739e+01 4.479371e-01 1.476925e+00 1.314908e+00 2.752473e+00 2.323437e+00 2.201327e+00 3.009887e+00 2.807536e+00 2.996604e+00 2.658757e+00 2.520575e+00 2.277312e+00 1.541249e-03
<GCONST> 8.975977e+01
<MIXTURE> 53 6.367945e-03
<MEAN> 25
 1.010007e+01 2.021256e+00 -6.215991e+00 -1.425522e+01 -4.206401e+00 8.533106e+00 -2.736534e+00 -3.044212e+00 -4.403429e+00 -2.082366e+00 3.378012e+00 7.294070e-01 -3.850568e-01 -4.800255e-01 -6.539928e-02 1.135620e+00 1.335943e+00 -4.699783e-01 -6.107001e-01 -6.515800e-01 4.206926e-02 1.243019e+00 3.849218e-01 -5.480501e-01 -1.374501e-02
<VARIANCE> 25
 9.408417e+00 2.069731e+01 2.543450e+01 3.864819e+01 4.576231e+01 3.059820e+01 4.657963e+01 4.891390e+01 4.297551e+01 4.643571e+01 3.992884e+01 3.002739e+01 4.479371e-01 1.476925e+00 1.314908e+00 2.752473e+00 2.323437e+00 2.201327e+00 3.009887e+00 2.807536e+00 2.996604e+00 2.658757e+00 2.520575e+00 2.277312e+00 1.541249e-03
<GCONST> 8.975977e+01
<MIXTURE> 54 7.368620e-03
<MEAN> 25
 -3.636212e+00 5.397879e-02 -6.775771e-01 8.036194e+00 6.486280e+00 4.618281e+00 4.679423e+00 4.589894e+00 4.051940e+00 3.587571e+00 4.442482e+00 2.324945e+00 -1.923214e-03 2.656345e-02 3.362142e-02 4.713020e-02 5.079954e-02 4.751926e-02 3.845025e-02 2.902684e-02 2.983237e-02 2.475469e-02 1.462769e-02 2.134071e-03 -1.431152e-05
<VARIANCE> 25
 9.127398e+00 1.036307e+01 9.309694e+00 1.816446e+01 1.330435e+01 1.355360e+01 1.196682e+01 1.135259e+01 1.133190e+01 1.357815e+01 1.794774e+01 1.252441e+01 4.103368e-02 8.723628e-02 1.540941e-01 2.265167e-01 3.081499e-01 3.967661e-01 4.608761e-01 5.221999e-01 5.446546e-01 5.211954e-01 5.146168e-01 5.158903e-01 1.005582e-06
<GCONST> 4.727562e+01
<MIXTURE> 55 7.368620e-03
<MEAN> 25
 -3.636212e+00 5.397879e-02 -6.775771e-01 8.036194e+00 6.486280e+00 4.618281e+00 4.679423e+00 4.589894e+00 4.051940e+00 3.587571e+00 4.442482e+00 2.324945e+00 -1.923214e-03 2.656345e-02 3.362142e-02 4.713020e-02 5.079954e-02 4.751926e-02 3.845025e-02 2.902684e-02 2.983237e-02 2.475469e-02 1.462769e-02 2.134071e-03 -1.431152e-05
<VARIANCE> 25
 9.127398e+00 1.036307e+01 9.309694e+00 1.816446e+01 1.330435e+01 1.355360e+01 1.196682e+01 1.135259e+01 1.133190e+01 1.357815e+01 1.794774e+01 1.252441e+01 4.103368e-02 8.723628e-02 1.540941e-01 2.265167e-01 3.081499e-01 3.967661e-01 4.608761e-01 5.221999e-01 5.446546e-01 5.211954e-01 5.146168e-01 5.158903e-01 1.005582e-06
<GCONST> 4.727562e+01
<MIXTURE> 56 6.132464e-03
<MEAN> 25
 7.419462e+00 -7.457206e+00 -1.026008e+01 -8.477724e+00 1.896647e+00 5.181249e+00 -2.750129e+00 7.511497e-01 -4.453240e-01 3.092785e+00 5.265070e-01 -7.963027e+00 8.259761e-03 3.538034e-02 -7.525086e-02 -9.382231e-02 4.345541e-01 1.281407e-01 2.566841e-01 -1.390222e-01 -5.635749e-02 4.211303e-02 -2.677379e-01 -1.726997e-01 -6.880136e-03
<VARIANCE> 25
 6.900512e+00 1.693658e+01 1.825849e+01 3.043025e+01 3.171674e+01 4.261903e+01 4.707932e+01 3.585076e+01 3.789637e+01 3.626719e+01 4.692816e+01 3.002303e+01 1.918697e-01 3.674070e-01 3.683921e-01 6.327220e-01 7.118376e-01 1.135047e+00 9.244058e-01 1.008839e+00 8.137180e-01 8.354520e-01 1.028368e+00 1.064937e+00 2.255164e-04
<GCONST> 7.306101e+01
<MIXTURE> 57 6.132464e-03
<MEAN> 25
 7.419462e+00 -7.457206e+00 -1.026008e+01 -8.477724e+00 1.896647e+00 5.181249e+00 -2.750129e+00 7.511497e-01 -4.453240e-01 3.092785e+00 5.265070e-01 -7.963027e+00 8.259761e-03 3.538034e-02 -7.525086e-02 -9.382231e-02 4.345541e-01 1.281407e-01 2.566841e-01 -1.390222e-01 -5.635749e-02 4.211303e-02 -2.677379e-01 -1.726997e-01 -6.880136e-03
<VARIANCE> 25
 6.900512e+00 1.693658e+01 1.825849e+01 3.043025e+01 3.171674e+01 4.261903e+01 4.707932e+01 3.585076e+01 3.789637e+01 3.626719e+01 4.692816e+01 3.002303e+01 1.918697e-01 3.674070e-01 3.683921e-01 6.327220e-01 7.118376e-01 1.135047e+00 9.244058e-01 1.008839e+00 8.137180e-01 8.354520e-01 1.028368e+00 1.064937e+00 2.255164e-04
<GCONST> 7.306101e+01
<MIXTURE> 58 6.172147e-03
<MEAN> 25
 2.631173e+00 -2.695553e+00 7.235958e+00 -4.768313e+00 -1.297904e+01 -5.216778e+00 1.307877e+00 8.812856e-01 -2.754185e+00 1.433322e+00 1.042047e+00 -2.984140e-01 8.537931e-03 -1.539882e-01 -1.296768e-01 -1.792441e-01 3.769529e-02 2.626200e-01 3.387291e-01 1.764298e-01 7.752947e-02 1.258562e-01 -1.763002e-01 -1.693880e-01 -2.391609e-03
<VARIANCE> 25
 6.776976e+00 1.470586e+01 2.008295e+01 2.821046e+01 2.350769e+01 4.492468e+01 3.042692e+01 3.165716e+01 2.923838e+01 3.100615e+01 2.255223e+01 2.078913e+01 3.103361e-01 7.327614e-01 7.148010e-01 1.048667e+00 9.938105e-01 1.143360e+00 1.097374e+00 1.248149e+00 1.063577e+00 1.071314e+00 9.369024e-01 8.073095e-01 7.039746e-04
<GCONST> 7.494642e+01
<MIXTURE> 59 6.172147e-03
<MEAN> 25
 2.631173e+00 -2.695553e+00 7.235958e+00 -4.768313e+00 -1.297904e+01 -5.216778e+00 1.307877e+00 8.812856e-01 -2.754185e+00 1.433322e+00 1.042047e+00 -2.984140e-01 8.537931e-03 -1.539882e-01 -1.296768e-01 -1.792441e-01 3.769529e-02 2.626200e-01 3.387291e-01 1.764298e-01 7.752947e-02 1.258562e-01 -1.763002e-01 -1.693880e-01 -2.391609e-03
<VARIANCE> 25
 6.776976e+00 1.470586e+01 2.008295e+01 2.821046e+01 2.350769e+01 4.492468e+01 3.042692e+01 3.165716e+01 2.923838e+01 3.100615e+01 2.255223e+01 2.078913e+01 3.103361e-01 7.327614e-01 7.148010e-01 1.048667e+00 9.938105e-01 1.143360e+00 1.097374e+00 1.248149e+00 1.063577e+00 1.071314e+00 9.369024e-01 8.073095e-01 7.039746e-04
<GCONST> 7.494642e+01
<MIXTURE> 60 4.479129e-03
<MEAN> 25
 -4.277401e+00 -5.370948e-01 -9.530942e-01 3.779779e+00 1.930169e+00 2.032317e+00 1.903608e+00 1.204227e+00 2.033437e+00 1.091614e+00 2.011090e+00 1.861714e+00 -3.771690e-02 5.953000e-02 9.407758e-02 1.313976e-01 1.458816e-01 1.199778e-01 1.800908e-01 3.466277e-01 5.501491e-01 6.483436e-01 5.101683e-01 3.209897e-01 -3.296637e-04
<VARIANCE> 25
 6.649490e+00 4.683890e+00 1.013918e+01 1.089107e+01 1.365608e+01 1.646215e+01 1.459476e+01 1.334137e+01 1.268108e+01 1.311461e+01 1.774338e+01 1.189939e+01 8.475225e-02 1.657514e-01 2.709635e-01 4.288515e-01 5.684009e-01 7.101665e-01 7.996953e-01 8.843569e-01 9.233376e-01 8.147535e-01 8.647535e-01 8.669468e-01 2.291414e-05
<GCONST> 5.631529e+01
<MIXTURE> 61 4.479129e-03
<MEAN> 25
 -4.277401e+00 -5.370948e-01 -9.530942e-01 3.779779e+00 1.930169e+00 2.032317e+00 1.903608e+00 1.204227e+00 2.033437e+00 1.091614e+00 2.011090e+00 1.861714e+00 -3.771690e-02 5.953000e-02 9.407758e-02 1.313976e-01 1.458816e-01 1.199778e-01 1.800908e-01 3.466277e-01 5.501491e-01 6.483436e-01 5.101683e-01 3.209897e-01 -3.296637e-04
<VARIANCE> 25
 6.649490e+00 4.683890e+00 1.013918e+01 1.089107e+01 1.365608e+01 1.646215e+01 1.459476e+01 1.334137e+01 1.268108e+01 1.311461e+01 1.774338e+01 1.189939e+01 8.475225e-02 1.657514e-01 2.709635e-01 4.288515e-01 5.684009e-01 7.101665e-01 7.996953e-01 8.843569e-01 9.233376e-01 8.147535e-01 8.647535e-01 8.669468e-01 2.291414e-05
<GCONST> 5.631529e+01
<MIXTURE> 62 3.278034e-03
<MEAN> 25
 -5.090965e+00 1.241202e+00 1.026411e+00 8.818295e+00 6.131158e+00 5.050473e+00 5.499990e+00 4.033063e+00 4.985448e+00 3.917437e+00 4.965884e+00 2.951443e+00 -1.003254e+00 -1.166574e+00 -9.531860e-01 -2.767162e-01 4.276018e-01 1.005066e+00 1.384601e+00 1.552285e+00 1.478799e+00 1.243412e+00 1.066897e+00 7.261487e-01 -1.264284e-03
<VARIANCE> 25
 9.871877e+00 9.957783e+00 1.311447e+01 1.673297e+01 1.741262e+01 1.752332e+01 1.970048e+01 1.911603e+01 1.886187e+01 1.872690e+01 2.156253e+01 1.479513e+01 4.017228e-01 4.321372e-01 5.541093e-01 7.792989e-01 1.034918e+00 1.192184e+00 1.252279e+00 1.278911e+00 1.329539e+00 1.363742e+00 1.400358e+00 1.371218e+00 1.632455e-05
<GCONST> 6.752532e+01
<MIXTURE> 63 4.351215e-03
<MEAN> 25
 -3.952279e+00 -1.717706e+00 -4.022038e+00 3.169544e+00 3.766863e+00 -5.452887e-01 3.508772e+00 1.204784e+00 2.142215e+00 -1.218865e+00 -1.854014e+00 2.327288e+00 -1.516312e-01 3.401080e-01 4.270943e-01 5.878789e-01 4.267178e-01 2.762959e-01 4.704865e-01 2.069750e-01 2.017851e-01 1.910048e-01 1.713369e-01 1.400855e-01 -4.206986e-03
<VARIANCE> 25
 8.319515e+00 1.532096e+01 1.776616e+01 1.505756e+01 1.907589e+01 2.582047e+01 2.255310e+01 2.203687e+01 2.544610e+01 2.015079e+01 2.153663e+01 1.538540e+01 2.524181e-01 4.241272e-01 6.505679e-01 7.026542e-01 9.093843e-01 1.172976e+00 1.337267e+00 1.215615e+00 1.260764e+00 1.480870e+00 1.371658e+00 1.237205e+00 2.013999e-04
<GCONST> 7.101135e+01
<MIXTURE> 64 4.351215e-03
<MEAN> 25
 -3.952279e+00 -1.717706e+00 -4.022038e+00 3.169544e+00 3.766863e+00 -5.452887e-01 3.508772e+00 1.204784e+00 2.142215e+00 -1.218865e+00 -1.854014e+00 2.327288e+00 -1.516312e-01 3.401080e-01 4.270943e-01 5.878789e-01 4.267178e-01 2.762959e-01 4.704865e-01 2.069750e-01 2.017851e-01 1.910048e-01 1.713369e-01 1.400855e-01 -4.206986e-03
<VARIANCE> 25
 8.319515e+00 1.532096e+01 1.776616e+01 1.505756e+01 1.907589e+01 2.582047e+01 2.255310e+01 2.203687e+01 2.544610e+01 2.015079e+01 2.153663e+01 1.538540e+01 2.524181e-01 4.241272e-01 6.505679e-01 7.026542e-01 9.093843e-01 1.172976e+00 1.337267e+00 1.215615e+00 1.260764e+00 1.480870e+00 1.371658e+00 1.237205e+00 2.013999e-04
<GCONST> 7.101135e+01
<MIXTURE> 65 1.721197e-02
<MEAN> 25
 7.656095e+00 1.991975e+00 1.764621e+00 1.407268e+00 -5.090854e+00 -4.427526e+00 -3.739053e+00 -6.460698e+00 -2.551514e+00 -1.332855e+00 -6.127532e+00 -1.527749e+00 2.019465e-01 1.438935e-01 -9.497486e-02 1.817993e-01 -1.010065e-01 2.346995e-01 9.045489e-03 -3.608044e-01 4.347184e-01 1.491104e-01 -3.361339e-01 -3.372986e-01 -5.484410e-03
<VARIANCE> 25
 8.982761e+00 1.602177e+01 2.200534e+01 3.354697e+01 3.145325e+01 4.943542e+01 6.297142e+01 4.834534e+01 5.056579e+01 5.029026e+01 5.069801e+01 4.259110e+01 5.032234e-01 8.629295e-01 1.439388e+00 1.671067e+00 1.995358e+00 2.104792e+00 2.378874e+00 3.065781e+00 2.503208e+00 2.148459e+00 2.813349e+00 1.979018e+00 4.287999e-04
<GCONST> 8.751956e+01
<MIXTURE> 66 1.191532e-02
<MEAN> 25
 6.615605e+00 -3.982261e+00 -5.640552e+00 -4.508590e+00 1.351490e+00 -4.999210e+00 -6.865802e+00 1.181466e+00 7.556056e-01 -1.595908e+00 -5.765421e+00 -3.536939e+00 -1.101349e-01 1.708148e+00 2.120008e+00 2.267941e+00 -1.142823e+00 -1.249318e+00 1.894327e-01 -5.761084e-01 -1.045831e-01 -2.480500e-01 -2.342170e-01 1.059690e+00 -6.535058e-02
<VARIANCE> 25
 8.783956e+00 2.187573e+01 2.628215e+01 3.424950e+01 3.703690e+01 5.135832e+01 5.438383e+01 4.328261e+01 5.163202e+01 6.737869e+01 3.807133e+01 3.476402e+01 1.303364e+00 2.362749e+00 2.521346e+00 2.401084e+00 4.250257e+00 4.105518e+00 4.510984e+00 4.632756e+00 4.073038e+00 4.810555e+00 3.751618e+00 3.156076e+00 1.456468e-03
<GCONST> 9.640431e+01
<MIXTURE> 67 1.559142e-02
<MEAN> 25
 8.776095e+00 1.689513e+00 -6.299491e+00 -7.819345e+00 1.251872e+00 2.776170e+00 -3.075082e+00 -2.139388e+00 -3.304617e+00 1.210848e+00 1.072403e-02 -2.042835e+00 -1.090260e+00 1.910895e+00 9.335826e-01 2.924916e+00 1.315161e+00 -5.204730e-01 1.482517e+00 -1.783394e-02 2.326147e-01 1.427200e-01 -3.230436e-01 8.071161e-01 -1.277040e-01
<VARIANCE> 25
 1.104325e+01 3.683924e+01 3.153335e+01 5.621737e+01 4.664981e+01 5.207204e+01 6.041973e+01 4.863880e+01 6.121096e+01 5.431012e+01 5.164840e+01 4.428187e+01 2.005505e+00 3.231865e+00 3.183212e+00 4.331565e+00 4.219022e+00 4.174693e+00 4.641613e+00 4.871732e+00 5.064693e+00 4.513475e+00 4.718656e+00 3.915042e+00 2.836594e-03
<GCONST> 1.017212e+02
<MIXTURE> 68 1.485092e-02
<MEAN> 25
 -2.031559e+00 -2.310235e+00 -4.065502e+00 1.243284e+00 5.211301e+00 -6.776778e-01 2.071174e+00 1.793872e+00 2.029982e+00 1.685284e+00 5.128040e-01 1.902897e+00 2.766963e+00 5.437338e-01 2.018718e-02 -2.566141e+00 -2.416851e+00 -1.581761e+00 -2.356924e+00 -1.773189e+00 -1.649489e+00 -1.478615e+00 -1.971305e+00 -1.059759e+00 1.029433e-01
<VARIANCE> 25
 2.592967e+01 3.194651e+01 5.876341e+01 5.234464e+01 4.691342e+01 5.484931e+01 4.583107e+01 4.252665e+01 4.033753e+01 4.343096e+01 3.733378e+01 2.577377e+01 1.863449e+00 3.758841e+00 5.946275e+00 5.897390e+00 4.679704e+00 5.596993e+00 5.765657e+00 5.006149e+00 4.970174e+00 5.237790e+00 5.054541e+00 3.410374e+00 6.123863e-03
<GCONST> 1.036062e+02
<MIXTURE> 69 1.204884e-02
<MEAN> 25
 4.449504e+00 -4.315697e+00 -3.273775e+00 -3.346749e+00 -3.776275e+00 -7.458931e+00 -2.313916e+00 2.766813e+00 -6.930089e-02 -4.642566e+00 -5.261191e+00 1.404354e+00 1.776377e+00 -2.346728e+00 -1.436993e+00 -2.069067e+00 -6.485124e-01 -2.919702e-01 -7.261789e-01 6.975943e-01 -5.486704e-01 -1.299094e+00 -2.165942e+00 -3.090986e-01 6.376322e-02
<VARIANCE> 25
 9.061890e+00 2.076050e+01 2.631469e+01 2.536635e+01 4.113933e+01 3.580899e+01 6.580711e+01 3.389947e+01 3.830775e+01 3.570358e+01 3.173710e+01 2.599838e+01 3.490377e+00 2.903962e+00 3.255534e+00 3.902504e+00 5.662196e+00 4.786979e+00 7.591878e+00 5.794890e+00 5.654325e+00 5.873744e+00 4.099684e+00 3.827137e+00 2.319034e-03
<GCONST> 9.876049e+01
<MIXTURE> 70 1.329190e-02
<MEAN> 25
 7.459609e+00 -2.103825e+00 -3.867869e+00 -3.504514e+00 -4.248210e-01 -7.074596e-01 -7.722949e+00 -3.829436e+00 6.607598e-01 2.939826e+00 -2.218410e-01 -4.868016e+00 1.902370e+00 -1.154859e+00 -8.369633e-01 -2.180592e+00 -1.485036e+00 1.181463e+00 -1.395821e+00 -2.989293e-02 3.208458e-01 -1.201266e-04 7.271332e-01 -1.469776e+00 5.839203e-02
<VARIANCE> 25
 9.945556e+00 2.237548e+01 2.786150e+01 4.646843e+01 3.519278e+01 4.385849e+01 4.994051e+01 4.531048e+01 4.642993e+01 3.249734e+01 4.467987e+01 2.733987e+01 3.503903e+00 3.177593e+00 4.662347e+00 4.888484e+00 5.177428e+00 6.314492e+00 6.804988e+00 7.540731e+00 6.058985e+00 5.306174e+00 5.914235e+00 4.236781e+00 2.496948e-03
<GCONST> 1.016716e+02
<MIXTURE> 71 1.406903e-02
<MEAN> 25
 5.924392e+00 5.259336e+00 4.353227e+00 3.433142e+00 -2.940461e+00 -3.370841e+00 -2.970693e+00 -6.715325e+00 -4.637542e+00 -2.542599e+00 -5.684647e+00 -2.944980e+00 -1.704356e+00 -7.152529e-01 -1.537605e-01 -1.610688e+00 1.165630e+00 -1.222976e-01 -2.664223e-01 1.368962e+00 3.825555e-01 -3.333722e-01 9.105019e-01 1.931458e-01 4.302473e-02
<VARIANCE> 25
 2.000506e+01 2.445841e+01 2.264087e+01 4.212671e+01 4.070574e+01 3.720375e+01 4.153215e+01 3.829659e+01 3.735760e+01 4.133520e+01 3.560066e+01 3.254222e+01 1.867475e+00 2.792284e+00 5.006189e+00 4.771297e+00 4.334881e+00 4.351231e+00 5.507702e+00 5.293422e+00 4.019202e+00 4.071085e+00 3.886521e+00 3.139426e+00 1.422911e-03
<GCONST> 9.796810e+01
<MIXTURE> 72 8.134747e-03
<MEAN> 25
 3.771548e+00 -3.589203e+00 5.560815e+00 -2.441871e+00 -1.043664e+01 -9.115143e+00 -2.524673e+00 1.795421e+00 -4.839646e+00 -2.214160e+00 -1.682900e+00 5.454745e-01 9.040487e-01 -7.626839e-01 -2.524639e+00 4.761139e-01 2.092447e+00 -6.449225e-01 -1.302312e+00 1.494623e+00 1.817952e+00 -5.902165e-01 -1.286349e+00 4.193183e-01 -6.465753e-03
<VARIANCE> 25
 1.041915e+01 1.922493e+01 3.202116e+01 3.818310e+01 3.280783e+01 3.916465e+01 3.979086e+01 3.581550e+01 4.294696e+01 4.157445e+01 3.906606e+01 2.789626e+01 4.432166e-01 1.024713e+00 2.014782e+00 1.426936e+00 2.233466e+00 2.303582e+00 3.018299e+00 2.758736e+00 2.533406e+00 2.880012e+00 1.997647e+00 2.127165e+00 5.415039e-04
<GCONST> 8.719443e+01
<MIXTURE> 73 1.213625e-02
<MEAN> 25
 -5.652800e+00 -8.113135e-01 -1.273570e+00 4.850286e+00 4.180800e+00 2.368104e+00 5.535029e+00 3.363990e+00 4.346779e+00 3.436419e+00 4.227932e+00 3.051430e+00 7.752057e-01 -1.044768e+00 -9.309041e-01 -2.632975e+00 -1.270736e+00 -1.725202e+00 -9.222562e-01 -5.155377e-01 -8.968573e-01 -6.962265e-01 -1.067624e+00 -2.664609e-01 1.544537e-01
<VARIANCE> 25
 1.274005e+01 1.331795e+01 1.514214e+01 2.280108e+01 2.345598e+01 2.469190e+01 2.027109e+01 2.052531e+01 1.763020e+01 1.890539e+01 2.273677e+01 1.546267e+01 4.073998e+00 3.081517e+00 5.921360e+00 4.649284e+00 6.098148e+00 4.581548e+00 4.297072e+00 4.211932e+00 3.906448e+00 4.190013e+00 3.628141e+00 2.671091e+00 4.273604e-03
<GCONST> 9.267143e+01
<MIXTURE> 74 1.756491e-02
<MEAN> 25
 4.563275e+00 -1.494260e+00 4.735598e+00 -4.500906e-01 -8.151967e+00 -7.951443e+00 -3.101247e+00 1.223619e+00 -4.167853e+00 -2.330894e+00 -1.337885e+00 1.196164e+00 1.503586e-01 2.028394e+00 -5.373954e-02 1.477817e+00 1.427970e+00 2.460760e-01 3.465863e-01 -1.525736e+00 2.757364e-01 1.720585e-01 -5.266791e-01 -2.092939e-01 -7.351750e-02
<VARIANCE> 25
 1.016720e+01 1.901964e+01 3.429273e+01 3.525876e+01 3.653130e+01 3.529428e+01 5.188647e+01 4.107236e+01 4.167790e+01 4.361053e+01 3.568541e+01 3.611000e+01 2.077064e+00 1.851117e+00 3.350781e+00 2.919353e+00 4.371175e+00 3.430758e+00 4.878703e+00 3.906042e+00 3.960637e+00 3.547246e+00 3.727903e+00 2.954702e+00 1.630964e-03
<GCONST> 9.570784e+01
<MIXTURE> 75 9.711651e-03
<MEAN> 25
 2.424496e+00 -5.509728e-01 9.860649e+00 1.341024e+00 -1.172527e+01 -4.706772e+00 -3.711484e+00 -7.213237e-01 -5.565861e+00 -5.228282e+00 4.169541e+00 6.665043e-01 1.745200e+00 -1.764157e+00 1.383015e-01 -1.859834e-01 -2.496639e+00 -1.767001e-01 -1.297572e+00 1.153407e+00 -5.501390e-01 -6.498019e-02 1.104482e+00 -6.446458e-01 4.387644e-02
<VARIANCE> 25
 7.349520e+00 1.351771e+01 2.346420e+01 1.887898e+01 2.709969e+01 3.416565e+01 3.212897e+01 2.776691e+01 2.877626e+01 2.593297e+01 1.579764e+01 2.330185e+01 2.103990e+00 1.835546e+00 3.363428e+00 2.077553e+00 3.017540e+00 2.838903e+00 3.861563e+00 2.387244e+00 4.980206e+00 2.732617e+00 2.510683e+00 2.314364e+00 1.050879e-03
<GCONST> 8.796358e+01
<MIXTURE> 76 1.052359e-02
<MEAN> 25
 -6.418725e+00 -1.143520e+00 -2.206584e+00 3.823557e+00 4.097249e+00 1.267739e+00 4.065859e+00 1.365324e+00 2.487191e+00 3.313891e-01 1.467125e+00 2.538426e+00 -2.247059e-01 -5.074323e-01 -1.314114e-01 -7.975514e-01 -5.600621e-01 -8.990709e-01 -7.097984e-01 -3.187088e-01 -2.164512e-01 -2.889893e-01 -9.855743e-02 -3.764713e-02 2.366953e-02
<VARIANCE> 25
 3.312651e+01 2.608648e+01 2.819880e+01 2.721034e+01 3.146701e+01 3.114301e+01 2.763485e+01 2.763678e+01 2.199168e+01 2.827426e+01 2.675864e+01 1.786122e+01 1.089851e+00 1.055852e+00 1.398952e+00 1.178050e+00 1.314156e+00 2.121008e+00 1.857863e+00 1.535129e+00 1.831430e+00 1.654859e+00 1.501180e+00 1.396909e+00 1.196680e-03
<GCONST> 8.331363e+01
<MIXTURE> 77 1.244626e-02
<MEAN> 25
 -3.999472e-01 8.433386e+00 1.238574e+01 -1.152237e+01 -6.998349e+00 1.077312e+00 -9.180701e+00 -7.182031e+00 -3.306368e+00 -1.212575e-01 -4.546384e+00 -1.499110e+00 7.516384e-02 1.416256e-01 4.668327e-02 2.596631e-01 2.495072e-02 6.981882e-02 -6.780716e-02 -7.671266e-02 1.315496e-01 -5.290115e-02 -2.240851e-02 1.074225e-01 -1.031427e-02
<VARIANCE> 25
 1.042857e+01 2.072670e+01 2.726208e+01 4.126770e+01 3.258823e+01 3.402866e+01 3.645876e+01 3.129009e+01 3.491727e+01 3.302293e+01 3.741352e+01 3.431944e+01 2.963032e-01 7.661889e-01 6.668294e-01 1.074587e+00 1.332395e+00 9.906783e-01 1.203838e+00 1.068493e+00 1.145403e+00 1.071995e+00 1.068386e+00 9.130479e-01 5.382682e-04
<GCONST> 7.797373e+01
<MIXTURE> 78 9.702551e-03
<MEAN> 25
 -1.142368e+01 1.390278e+00 -1.202321e+00 1.993147e+00 4.478000e+00 -2.065423e+00 3.536727e+00 2.569808e+00 2.755558e+00 4.604872e-01 -4.482369e-01 3.147415e+00 2.319536e+00 -2.769430e-01 2.041662e-01 5.983965e-01 -1.342893e-01 6.028824e-03 -2.970915e-01 -2.085117e-02 2.123014e-01 9.781330e-02 -3.727632e-01 -3.454651e-01 -5.869234e-02
<VARIANCE> 25
 4.039244e+01 3.236925e+01 3.427258e+01 3.220213e+01 3.792311e+01 3.636661e+01 3.603132e+01 3.257840e+01 2.769924e+01 2.818477e+01 2.676479e+01 1.948178e+01 4.997493e+00 2.728017e+00 2.800457e+00 2.923510e+00 3.042982e+00 3.319648e+00 3.278648e+00 2.842826e+00 2.296521e+00 2.286767e+00 2.376426e+00 2.297103e+00 4.610138e-03
<GCONST> 9.457947e+01
<MIXTURE> 79 1.156824e-02
<MEAN> 25
 2.882147e+00 1.565234e+00 8.510443e+00 -6.109885e+00 -9.988514e+00 -7.536715e-01 -2.390310e+00 -5.975703e+00 -4.147341e+00 2.130613e-02 -3.231879e+00 -3.104756e+00 1.188796e+00 -3.776900e-01 -1.495076e+00 2.250919e+00 4.597846e-01 -1.659742e+00 6.598842e-01 7.423373e-01 -1.943315e-01 -6.878056e-01 4.627349e-02 1.933810e-01 -3.607751e-02
<VARIANCE> 25
 1.208998e+01 1.876188e+01 3.137312e+01 4.073259e+01 3.808415e+01 3.959822e+01 3.421043e+01 2.961016e+01 4.794439e+01 3.292164e+01 3.458158e+01 2.469692e+01 7.571139e-01 1.856658e+00 1.495978e+00 1.707894e+00 2.231220e+00 2.393240e+00 2.676421e+00 2.841412e+00 2.472403e+00 2.412300e+00 2.139824e+00 1.604242e+00 9.804242e-04
<GCONST> 8.795168e+01
<MIXTURE> 80 7.550998e-03
<MEAN> 25
 -1.448880e+01 4.087112e+00 1.037807e+00 2.617979e+00 2.698990e+00 1.199512e+00 6.313140e+00 2.338072e+00 2.602658e+00 2.124647e+00 4.751391e+00 1.274680e+00 4.286303e+00 5.859394e-03 1.598444e+00 -1.055089e+00 -2.859318e+00 -2.707974e+00 -2.250057e+00 -1.907800e+00 -1.985388e+00 -1.683546e+00 -1.657258e+00 -6.068141e-01 -4.357339e-02
<VARIANCE> 25
 2.034042e+01 1.916932e+01 3.532145e+01 3.435970e+01 3.005910e+01 2.884242e+01 2.719348e+01 2.777651e+01 2.589120e+01 2.873656e+01 2.585954e+01 1.746103e+01 2.255704e+00 2.556208e+00 2.587973e+00 4.060729e+00 3.258204e+00 2.678937e+00 2.999282e+00 3.318158e+00 2.635870e+00 2.586370e+00 2.658151e+00 2.049482e+00 1.452229e-03
<GCONST> 9.077976e+01
<MIXTURE> 81 8.025434e-03
<MEAN> 25
 -1.087030e+00 4.042863e+00 1.017209e+01 -1.474485e+01 -9.065573e+00 -1.350459e+00 -6.751849e+00 -8.395470e+00 -4.121109e+00 -3.797199e-01 -7.503362e+00 -2.249090e+00 1.360489e-01 -5.795187e-01 -1.166476e-02 -5.480263e-01 -4.416056e-01 3.322116e-01 3.139882e-01 1.285200e-01 -1.188074e-01 1.045398e-01 -4.852893e-01 -1.285289e-01 1.121013e-02
<VARIANCE> 25
 1.019186e+01 3.261521e+01 2.624997e+01 2.946768e+01 3.349076e+01 3.093881e+01 4.511166e+01 2.815048e+01 3.785984e+01 3.183941e+01 2.576031e+01 3.081807e+01 7.669263e-01 2.267181e+00 1.544540e+00 2.862036e+00 2.709796e+00 2.118742e+00 3.260233e+00 2.280355e+00 2.397602e+00 2.528845e+00 2.314885e+00 2.064301e+00 1.187096e-03
<GCONST> 8.868917e+01
<MIXTURE> 82 8.213053e-03
<MEAN> 25
 -9.587077e+00 -3.702317e+00 1.591178e+00 -2.769613e+00 2.464109e+00 9.019465e-01 1.911054e+00 6.919331e-02 3.204746e+00 1.775351e+00 1.996050e+00 3.448399e+00 -1.343131e+00 -2.997076e-01 3.134583e-01 -2.395928e+00 -1.187474e+00 -9.802480e-01 -1.255694e+00 -8.380928e-01 -4.098272e-02 -5.084487e-01 6.436022e-03 6.429352e-03 1.681483e-01
<VARIANCE> 25
 1.681945e+01 2.237242e+01 2.833487e+01 2.726381e+01 3.254649e+01 3.027897e+01 3.444171e+01 3.297065e+01 2.825662e+01 2.514090e+01 2.881783e+01 1.604441e+01 3.329865e+00 3.009353e+00 2.987042e+00 3.136060e+00 3.181346e+00 3.322757e+00 2.897642e+00 2.740646e+00 3.068995e+00 2.199100e+00 2.718248e+00 1.846900e+00 3.617611e-03
<GCONST> 9.203018e+01
<MIXTURE> 83 1.167529e-02
<MEAN> 25
 -1.881810e+01 5.880641e+00 -3.218311e-01 -1.743756e+00 8.799852e+00 -1.803088e+00 4.898488e+00 1.895133e+00 2.016389e+00 1.113912e+00 1.477621e+00 3.118954e+00 -3.398195e-02 -4.933614e-01 9.381242e-02 -3.428400e-01 -5.817326e-01 -1.038756e-01 -2.037161e-01 -2.777129e-01 -2.763874e-01 -2.853932e-02 2.537387e-01 2.611462e-01 1.029877e-02
<VARIANCE> 25
 8.353632e+00 1.256754e+01 2.349704e+01 1.822954e+01 1.718196e+01 1.897093e+01 1.726508e+01 1.880698e+01 1.742038e+01 2.029286e+01 2.081461e+01 1.127801e+01 9.019383e-01 7.524450e-01 1.147352e+00 8.837621e-01 9.843512e-01 1.217604e+00 1.141898e+00 1.032684e+00 1.142825e+00 1.028691e+00 1.086777e+00 9.206604e-01 8.859384e-04
<GCONST> 7.266246e+01
<MIXTURE> 84 1.066614e-02
<MEAN> 25
 1.183262e+00 8.972453e+00 7.109019e+00 7.860930e+00 2.799293e+00 -9.622828e-01 -1.350065e+00 -4.472565e+00 -4.064634e+00 -2.885867e+00 -2.519874e+00 -1.527751e+00 -1.809671e+00 -1.153575e+00 -1.145483e+00 1.259091e+00 2.240541e+00 1.476769e+00 1.401629e+00 1.258525e+00 1.138454e+00 3.468562e-01 4.089312e-01 4.268594e-01 -7.038271e-02
<VARIANCE> 25
 2.378002e+01 1.792583e+01 2.195474e+01 2.415724e+01 2.882957e+01 2.763786e+01 2.882074e+01 2.606113e+01 2.521967e+01 2.489643e+01 2.379887e+01 2.413508e+01 2.079714e+00 2.516169e+00 3.884905e+00 3.266394e+00 3.214715e+00 3.324999e+00 3.398373e+00 3.368423e+00 3.454545e+00 3.296359e+00 3.595842e+00 2.775319e+00 3.580306e-03
<GCONST> 9.247681e+01
<MIXTURE> 85 7.591393e-03
<MEAN> 25
 -3.115348e+00 7.920149e+00 5.798763e+00 1.237741e+00 -3.424628e+00 -5.267452e+00 -2.922007e+00 -6.092598e+00 -3.475641e+00 -3.214774e+00 -4.814383e-01 -1.808408e+00 3.948241e+00 3.029147e-01 1.733728e+00 -2.047791e+00 -3.426423e+00 -2.551346e+00 -2.839669e+00 -2.291471e+00 -2.276561e+00 -1.259354e+00 -2.260578e+00 -6.111072e-01 9.220802e-03
<VARIANCE> 25
 4.179744e+01 2.310995e+01 3.611378e+01 3.772112e+01 3.968945e+01 4.065703e+01 3.183544e+01 2.747969e+01 2.664344e+01 2.590316e+01 2.580018e+01 2.068447e+01 2.660270e+00 4.288171e+00 4.025252e+00 5.194318e+00 4.351585e+00 3.869057e+00 3.924093e+00 4.055356e+00 3.877744e+00 3.971648e+00 4.002529e+00 3.436373e+00 5.361659e-03
<GCONST> 9.820632e+01
<MIXTURE> 86 1.273941e-02
<MEAN> 25
 -4.972727e+00 -1.152707e+00 -7.535225e-01 6.300907e+00 5.055999e+00 4.620013e+00 5.426840e+00 4.415729e+00 4.579145e+00 3.817282e+00 5.081951e+00 2.673834e+00 -6.656386e-03 -1.246418e-02 -3.992086e-02 -7.360729e-02 -1.272286e-01 -1.811107e-01 -2.620466e-01 -3.313824e-01 -3.649177e-01 -3.236986e-01 -2.210061e-01 -1.149120e-01 -5.858045e-04
<VARIANCE> 25
 7.688866e+00 5.626425e+00 9.847573e+00 1.213192e+01 1.551959e+01 1.427022e+01 1.378880e+01 1.361965e+01 1.343291e+01 1.445330e+01 1.640998e+01 1.253119e+01 1.000119e-01 1.912547e-01 3.162712e-01 4.896258e-01 6.251432e-01 7.268619e-01 7.290791e-01 7.558649e-01 8.356059e-01 8.965220e-01 9.127098e-01 8.913725e-01 5.236199e-05
<GCONST> 5.816860e+01
<MIXTURE> 87 1.100681e-02
<MEAN> 25
 -3.706383e+00 4.589303e+00 3.554926e+00 6.386015e+00 5.491519e+00 7.425224e-02 1.619178e+00 -1.561188e+00 1.630496e-01 -1.546217e+00 -3.872869e-01 6.767551e-01 -2.217777e+00 -2.482341e+00 -1.707602e+00 -2.104009e+00 -2.233961e-01 9.230055e-02 -2.283772e-02 1.090260e+00 1.700695e+00 6.709355e-01 1.368671e+00 1.103007e+00 1.035178e-01
<VARIANCE> 25
 3.411767e+01 2.500734e+01 2.463958e+01 3.006708e+01 2.484894e+01 2.946706e+01 2.945947e+01 2.384054e+01 2.533024e+01 2.689403e+01 2.486450e+01 2.170272e+01 3.320262e+00 2.701248e+00 3.738958e+00 3.027238e+00 4.053473e+00 4.191243e+00 5.451827e+00 3.413461e+00 3.714911e+00 3.432505e+00 3.994166e+00 2.317087e+00 4.234449e-03
<GCONST> 9.495173e+01
<MIXTURE> 88 1.256585e-02
<MEAN> 25
 -3.635488e+00 -3.528049e-01 -1.860867e+00 4.980108e+00 5.249979e+00 2.201918e+00 5.335251e+00 2.456609e+00 3.422921e+00 1.902539e+00 1.225157e+00 2.594173e+00 -2.386175e-01 2.315021e-01 5.202272e-01 4.421298e-01 1.637710e-01 -1.906027e-01 2.450644e-01 -1.548542e-01 3.923671e-03 -3.765649e-01 -2.489605e-01 4.345708e-01 -8.881519e-03
<VARIANCE> 25
 8.953765e+00 8.756766e+00 1.481408e+01 1.354785e+01 2.221093e+01 2.306345e+01 1.726657e+01 1.623232e+01 1.401878e+01 1.770999e+01 2.481810e+01 1.435432e+01 1.145868e+00 1.398911e+00 1.735680e+00 2.207503e+00 1.982288e+00 2.814017e+00 3.079829e+00 2.294496e+00 2.345812e+00 2.212838e+00 1.906827e+00 1.995731e+00 1.666316e-03
<GCONST> 8.095098e+01
<MIXTURE> 89 9.333527e-03
<MEAN> 25
 5.838284e+00 -6.785001e+00 -3.701715e+00 -2.932583e+00 -1.197527e+00 -5.682611e+00 -6.014331e+00 4.165238e+00 3.626180e+00 -2.620374e+00 -6.027540e+00 -3.268394e+00 -5.679679e-01 1.432216e-01 1.968708e+00 9.086841e-01 -1.819502e+00 -1.675252e+00 8.864657e-01 1.267590e+00 -7.063369e-01 -1.279501e+00 3.222235e-01 1.534273e+00 -4.176938e-03
<VARIANCE> 25
 1.022602e+01 2.596302e+01 3.060547e+01 3.067672e+01 3.940625e+01 4.058940e+01 5.822824e+01 4.081375e+01 3.836294e+01 4.193011e+01 3.461277e+01 3.130783e+01 3.418321e-01 8.221632e-01 1.434205e+00 1.275214e+00 1.917775e+00 2.075052e+00 2.499914e+00 1.975004e+00 2.361130e+00 2.100812e+00 2.431787e+00 1.420074e+00 3.707046e-04
<GCONST> 8.514838e+01
<MIXTURE> 90 7.114505e-03
<MEAN> 25
 2.448691e+00 -9.724301e+00 -4.755606e+00 -3.978380e+00 -3.383997e+00 -1.813148e+00 3.365728e+00 1.181691e+00 -7.532627e+00 -1.021617e+01 -3.428871e+00 -7.395876e-01 -1.636312e-01 9.090961e-01 1.168759e+00 -8.539671e-01 -1.612930e+00 -2.119646e-01 6.449365e-01 -2.101398e-01 -1.689323e-01 7.371625e-01 1.830813e-01 -5.499849e-01 -1.115027e-02
<VARIANCE> 25
 8.493552e+00 1.778197e+01 1.981607e+01 2.802048e+01 3.683968e+01 3.217807e+01 3.852702e+01 3.640485e+01 3.521478e+01 2.770638e+01 2.701810e+01 2.613748e+01 2.237411e-01 6.127019e-01 7.867857e-01 1.042808e+00 1.470197e+00 1.591573e+00 1.780395e+00 1.654869e+00 1.810346e+00 1.678378e+00 1.495567e+00 1.308817e+00 2.149864e-04
<GCONST> 7.813448e+01
<MIXTURE> 91 7.852945e-03
<MEAN> 25
 6.449132e+00 -7.901555e+00 -8.816155e+00 -5.658112e+00 3.716333e+00 1.225875e+00 -2.345309e+00 1.422187e+00 1.772072e-01 -9.326670e-01 -3.421303e+00 -6.216418e+00 1.859928e-01 1.016042e+00 1.323066e-01 3.883153e-01 1.798587e-01 -5.719518e-01 -2.340141e-02 -3.614812e-01 1.513974e-02 2.838425e-01 -1.324702e-01 3.049347e-01 -3.686728e-02
<VARIANCE> 25
 8.546630e+00 2.077369e+01 1.875707e+01 3.850893e+01 3.363863e+01 5.528241e+01 5.310011e+01 3.545633e+01 4.612897e+01 6.745460e+01 4.076389e+01 4.012430e+01 4.293422e-01 7.772752e-01 1.017467e+00 1.244886e+00 2.146370e+00 2.106014e+00 2.514347e+00 2.254396e+00 2.088681e+00 2.100276e+00 2.025912e+00 1.639011e+00 5.255619e-04
<GCONST> 8.572993e+01
<MIXTURE> 92 7.852945e-03
<MEAN> 25
 6.449132e+00 -7.901555e+00 -8.816155e+00 -5.658112e+00 3.716333e+00 1.225875e+00 -2.345309e+00 1.422187e+00 1.772072e-01 -9.326670e-01 -3.421303e+00 -6.216418e+00 1.859928e-01 1.016042e+00 1.323066e-01 3.883153e-01 1.798587e-01 -5.719518e-01 -2.340141e-02 -3.614812e-01 1.513974e-02 2.838425e-01 -1.324702e-01 3.049347e-01 -3.686728e-02
<VARIANCE> 25
 8.546630e+00 2.077369e+01 1.875707e+01 3.850893e+01 3.363863e+01 5.528241e+01 5.310011e+01 3.545633e+01 4.612897e+01 6.745460e+01 4.076389e+01 4.012430e+01 4.293422e-01 7.772752e-01 1.017467e+00 1.244886e+00 2.146370e+00 2.106014e+00 2.514347e+00 2.254396e+00 2.088681e+00 2.100276e+00 2.025912e+00 1.639011e+00 5.255619e-04
<GCONST> 8.572993e+01
<MIXTURE> 93 6.122769e-03
<MEAN> 25
 -6.785546e+00 -9.218202e-01 -2.358904e+00 5.801141e+00 5.954889e+00 3.806123e+00 6.188909e+00 3.556816e+00 4.112855e+00 2.426312e+00 1.682962e+00 3.706898e+00 -6.328239e-02 -1.521962e-01 -2.524043e-01 -3.320011e-01 -3.300307e-01 -2.807416e-01 -2.063671e-01 -1.714213e-01 -1.768000e-01 -1.656510e-01 -9.838811e-02 -2.820889e-02 -9.911296e-07
<VARIANCE> 25
 9.048939e+00 6.055243e+00 8.273954e+00 1.126904e+01 1.148287e+01 1.660527e+01 1.537865e+01 1.649404e+01 1.454704e+01 1.501496e+01 1.774950e+01 1.335937e+01 8.462537e-02 1.519060e-01 2.629969e-01 3.762577e-01 4.945870e-01 6.384985e-01 7.849535e-01 8.771209e-01 9.195132e-01 8.862922e-01 8.854703e-01 9.139959e-01 1.040273e-06
<GCONST> 5.374200e+01
<MIXTURE> 94 6.122769e-03
<MEAN> 25
 -6.785546e+00 -9.218202e-01 -2.358904e+00 5.801141e+00 5.954889e+00 3.806123e+00 6.188909e+00 3.556816e+00 4.112855e+00 2.426312e+00 1.682962e+00 3.706898e+00 -6.328239e-02 -1.521962e-01 -2.524043e-01 -3.320011e-01 -3.300307e-01 -2.807416e-01 -2.063671e-01 -1.714213e-01 -1.768000e-01 -1.656510e-01 -9.838811e-02 -2.820889e-02 -9.911296e-07
<VARIANCE> 25
 9.048939e+00 6.055243e+00 8.273954e+00 1.126904e+01 1.148287e+01 1.660527e+01 1.537865e+01 1.649404e+01 1.454704e+01 1.501496e+01 1.774950e+01 1.335937e+01 8.462537e-02 1.519060e-01 2.629969e-01 3.762577e-01 4.945870e-01 6.384985e-01 7.849535e-01 8.771209e-01 9.195132e-01 8.862922e-01 8.854703e-01 9.139959e-01 1.040273e-06
<GCONST> 5.374200e+01
<MIXTURE> 95 5.258835e-03
<MEAN> 25
 -5.646215e+00 -4.358480e-01 -1.470262e+00 4.945581e+00 4.496626e+00 2.814527e+00 4.802680e+00 1.089424e+00 1.893775e+00 5.663007e-01 5.695230e-01 2.540758e+00 1.336922e-01 9.651413e-02 5.730391e-02 -1.432266e-01 -3.918465e-01 -6.261273e-01 -9.192801e-01 -1.155748e+00 -1.280549e+00 -9.883237e-01 -5.360779e-01 -2.903594e-01 -5.388396e-04
<VARIANCE> 25
 8.983890e+00 6.384501e+00 1.215861e+01 1.146400e+01 1.245566e+01 1.706646e+01 1.877031e+01 1.652751e+01 1.499590e+01 1.456140e+01 2.066720e+01 1.263358e+01 2.044398e-01 2.895091e-01 4.193335e-01 6.823512e-01 7.083237e-01 9.115781e-01 8.895417e-01 9.366326e-01 8.954453e-01 1.005104e+00 1.232929e+00 9.786555e-01 3.762683e-05
<GCONST> 6.217752e+01
<MIXTURE> 96 7.034694e-03
<MEAN> 25
 -5.017304e+00 -2.703901e-01 -2.060733e+00 5.027606e+00 4.107395e+00 1.480924e+00 3.980145e+00 1.545666e+00 2.278830e+00 4.455820e-01 4.954435e-01 2.873888e+00 -3.052829e-02 7.879493e-02 2.034668e-01 3.482441e-01 5.069451e-01 4.973905e-01 2.910883e-01 -8.943564e-02 -4.853584e-01 -7.245374e-01 -5.621166e-01 -3.437017e-01 2.116389e-06
<VARIANCE> 25
 1.012821e+01 9.338176e+00 1.221386e+01 1.365169e+01 1.473115e+01 1.961963e+01 1.873270e+01 1.881364e+01 1.770969e+01 1.766237e+01 2.240994e+01 1.373277e+01 1.245339e-01 2.360190e-01 3.130991e-01 4.102131e-01 4.800350e-01 7.074862e-01 8.385708e-01 1.039236e+00 9.778342e-01 9.027930e-01 9.013898e-01 9.153914e-01 1.035092e-06
<GCONST> 5.772424e+01
<MIXTURE> 97 7.034694e-03
<MEAN> 25
 -5.017304e+00 -2.703901e-01 -2.060733e+00 5.027606e+00 4.107395e+00 1.480924e+00 3.980145e+00 1.545666e+00 2.278830e+00 4.455820e-01 4.954435e-01 2.873888e+00 -3.052829e-02 7.879493e-02 2.034668e-01 3.482441e-01 5.069451e-01 4.973905e-01 2.910883e-01 -8.943564e-02 -4.853584e-01 -7.245374e-01 -5.621166e-01 -3.437017e-01 2.116389e-06
<VARIANCE> 25
 1.012821e+01 9.338176e+00 1.221386e+01 1.365169e+01 1.473115e+01 1.961963e+01 1.873270e+01 1.881364e+01 1.770969e+01 1.766237e+01 2.240994e+01 1.373277e+01 1.245339e-01 2.360190e-01 3.130991e-01 4.102131e-01 4.800350e-01 7.074862e-01 8.385708e-01 1.039236e+00 9.778342e-01 9.027930e-01 9.013898e-01 9.153914e-01 1.035092e-06
<GCONST> 5.772424e+01
<MIXTURE> 98 9.917808e-03
<MEAN> 25
 -1.439491e+00 1.116838e+00 -2.078536e-01 4.478492e+00 3.692406e+00 2.284029e+00 3.286023e+00 1.390875e+00 1.658420e+00 9.888173e-01 5.730639e-01 1.042624e+00 -1.802275e+00 -1.456650e+00 -9.200394e-01 1.065792e-01 5.915133e-01 8.024716e-01 1.194939e+00 1.326624e+00 1.606729e+00 1.074449e+00 1.272271e+00 1.010201e+00 -3.130585e-02
<VARIANCE> 25
 1.403851e+01 1.920251e+01 3.030632e+01 3.117090e+01 4.087393e+01 3.738194e+01 3.162619e+01 2.887686e+01 2.640741e+01 3.008327e+01 2.623218e+01 2.298747e+01 1.284896e+00 1.503948e+00 2.383683e+00 2.458487e+00 2.783969e+00 3.043887e+00 2.827145e+00 2.870131e+00 2.659264e+00 2.951859e+00 2.726722e+00 2.059232e+00 2.576685e-03
<GCONST> 9.010514e+01
<MIXTURE> 99 6.696178e-03
<MEAN> 25
 -5.782534e+00 8.847497e+00 6.230675e+00 2.573231e+00 1.281615e+00 -5.298194e+00 -1.572537e+00 -3.368938e+00 -3.258848e+00 -4.126982e+00 -1.271770e+00 1.278206e+00 7.175313e-01 -8.769006e-01 2.201066e-01 -3.352076e-01 -1.342645e+00 -4.817051e-01 -3.977170e-01 4.812230e-02 4.324351e-02 1.727224e-02 2.788281e-01 3.190725e-01 1.198790e-02
<VARIANCE> 25
 3.513523e+01 2.298362e+01 3.776648e+01 2.874317e+01 3.460229e+01 2.682512e+01 2.750433e+01 2.311010e+01 2.250886e+01 2.289183e+01 1.626921e+01 2.358765e+01 2.440979e+00 1.515935e+00 1.253965e+00 1.590893e+00 2.500929e+00 1.756778e+00 1.335031e+00 1.612765e+00 2.507023e+00 1.686214e+00 1.238876e+00 1.120306e+00 1.278496e-03
<GCONST> 8.446670e+01
<MIXTURE> 100 4.498084e-03
<MEAN> 25
 -1.540895e+00 6.341565e+00 1.024758e+01 -7.272034e+00 -1.079904e+01 -4.945065e+00 -4.753706e+00 -9.915903e+00 -4.725231e+00 -1.016072e+00 -2.668218e+00 -2.526098e+00 2.945163e+00 -1.283211e+00 1.291665e+00 -2.137421e+00 -3.474190e+00 -7.784668e-01 -1.158736e+00 -8.007501e-01 -1.599080e+00 3.175951e-01 -1.546566e+00 -3.229456e-01 3.446624e-03
<VARIANCE> 25
 1.344244e+01 2.056994e+01 2.192998e+01 2.714087e+01 2.277167e+01 2.378100e+01 2.976553e+01 2.133050e+01 2.687562e+01 2.311777e+01 2.204109e+01 2.207936e+01 1.785223e+00 3.888535e+00 2.853736e+00 4.269404e+00 4.207670e+00 4.429358e+00 4.056055e+00 4.250669e+00 4.664495e+00 3.830495e+00 4.278770e+00 3.199860e+00 1.715593e-03
<GCONST> 9.266722e+01
<MIXTURE> 101 6.007792e-03
<MEAN> 25
 7.806313e+00 -5.240660e+00 -6.980206e+00 -6.050263e+00 -3.818960e-01 -2.011184e-01 -1.085451e+01 4.103214e-01 1.464244e+00 2.552666e+00 -1.050315e+00 -5.498653e+00 6.532321e-01 6.108724e-01 -1.427261e+00 -1.458439e+00 7.973497e-01 2.018035e+00 6.228884e-01 -1.483461e+00 -1.218012e+00 1.064350e+00 1.670894e+00 -3.892106e-01 -7.798694e-03
<VARIANCE> 25
 7.918516e+00 2.482068e+01 2.713327e+01 3.729161e+01 3.489007e+01 3.352634e+01 3.393170e+01 5.243826e+01 3.200615e+01 3.785152e+01 5.276156e+01 2.017813e+01 2.548191e-01 6.136663e-01 1.036186e+00 1.351094e+00 1.579309e+00 2.088947e+00 2.684296e+00 1.881222e+00 2.004487e+00 1.822569e+00 1.835220e+00 1.908411e+00 3.190213e-04
<GCONST> 8.255859e+01
<MIXTURE> 102 6.007792e-03
<MEAN> 25
 7.806313e+00 -5.240660e+00 -6.980206e+00 -6.050263e+00 -3.818960e-01 -2.011184e-01 -1.085451e+01 4.103214e-01 1.464244e+00 2.552666e+00 -1.050315e+00 -5.498653e+00 6.532321e-01 6.108724e-01 -1.427261e+00 -1.458439e+00 7.973497e-01 2.018035e+00 6.228884e-01 -1.483461e+00 -1.218012e+00 1.064350e+00 1.670894e+00 -3.892106e-01 -7.798694e-03
<VARIANCE> 25
 7.918516e+00 2.482068e+01 2.713327e+01 3.729161e+01 3.489007e+01 3.352634e+01 3.393170e+01 5.243826e+01 3.200615e+01 3.785152e+01 5.276156e+01 2.017813e+01 2.548191e-01 6.136663e-01 1.036186e+00 1.351094e+00 1.579309e+00 2.088947e+00 2.684296e+00 1.881222e+00 2.004487e+00 1.822569e+00 1.835220e+00 1.908411e+00 3.190213e-04
<GCONST> 8.255859e+01
<MIXTURE> 103 5.694618e-03
<MEAN> 25
 3.367583e+00 -9.481224e+00 -6.131951e+00 -3.088473e+00 -1.335154e+00 -1.970205e+00 2.429465e+00 2.521569e+00 -4.608134e+00 -9.254498e+00 -5.061657e+00 3.614778e-01 -1.572215e-01 -1.488623e+00 -9.814725e-01 3.750522e-01 1.213471e+00 1.020336e+00 1.595238e-01 -2.667192e-01 -7.813374e-01 -9.457175e-01 -3.439761e-02 1.187494e-01 2.693456e-02
<VARIANCE> 25
 1.033508e+01 2.033518e+01 2.290437e+01 3.167473e+01 4.803971e+01 3.500047e+01 4.660617e+01 3.673413e+01 4.215701e+01 2.933828e+01 3.005517e+01 2.640488e+01 6.440738e-01 1.251591e+00 1.537686e+00 1.939801e+00 2.926206e+00 2.409796e+00 2.890963e+00 2.576285e+00 2.562480e+00 2.524157e+00 2.097453e+00 2.021042e+00 8.073397e-04
<GCONST> 8.757936e+01
<MIXTURE> 104 5.694618e-03
<MEAN> 25
 3.367583e+00 -9.481224e+00 -6.131951e+00 -3.088473e+00 -1.335154e+00 -1.970205e+00 2.429465e+00 2.521569e+00 -4.608134e+00 -9.254498e+00 -5.061657e+00 3.614778e-01 -1.572215e-01 -1.488623e+00 -9.814725e-01 3.750522e-01 1.213471e+00 1.020336e+00 1.595238e-01 -2.667192e-01 -7.813374e-01 -9.457175e-01 -3.439761e-02 1.187494e-01 2.693456e-02
<VARIANCE> 25
 1.033508e+01 2.033518e+01 2.290437e+01 3.167473e+01 4.803971e+01 3.500047e+01 4.660617e+01 3.673413e+01 4.215701e+01 2.933828e+01 3.005517e+01 2.640488e+01 6.440738e-01 1.251591e+00 1.537686e+00 1.939801e+00 2.926206e+00 2.409796e+00 2.890963e+00 2.576285e+00 2.562480e+00 2.524157e+00 2.097453e+00 2.021042e+00 8.073397e-04
<GCONST> 8.757936e+01
<MIXTURE> 105 4.710235e-03
<MEAN> 25
 2.343745e+00 -1.346759e+00 8.726666e+00 -2.256483e+00 -1.126255e+01 -5.089609e+00 -3.835694e+00 -4.783535e-01 -3.925446e+00 -3.009778e+00 1.598213e+00 -5.957825e-01 3.233054e-02 -1.528874e-02 -1.896604e-05 -4.590388e-02 3.158326e-02 3.173547e-02 9.721514e-03 5.581319e-02 -3.204907e-02 5.319589e-02 -2.546191e-02 -4.541535e-02 -2.115552e-03
<VARIANCE> 25
 1.273021e+01 2.686110e+01 4.066402e+01 4.352665e+01 3.663434e+01 4.948571e+01 3.976054e+01 4.162398e+01 3.685347e+01 4.118136e+01 3.933792e+01 3.167159e+01 9.035879e-02 1.942450e-01 3.578678e-01 3.366348e-01 3.971271e-01 4.112743e-01 4.613249e-01 4.628036e-01 4.576426e-01 4.268895e-01 4.402534e-01 3.735635e-01 9.487395e-05
<GCONST> 6.641109e+01
<MIXTURE> 106 4.710235e-03
<MEAN> 25
 2.343745e+00 -1.346759e+00 8.726666e+00 -2.256483e+00 -1.126255e+01 -5.089609e+00 -3.835694e+00 -4.783535e-01 -3.925446e+00 -3.009778e+00 1.598213e+00 -5.957825e-01 3.233054e-02 -1.528874e-02 -1.896604e-05 -4.590388e-02 3.158326e-02 3.173547e-02 9.721514e-03 5.581319e-02 -3.204907e-02 5.319589e-02 -2.546191e-02 -4.541535e-02 -2.115552e-03
<VARIANCE> 25
 1.273021e+01 2.686110e+01 4.066402e+01 4.352665e+01 3.663434e+01 4.948571e+01 3.976054e+01 4.162398e+01 3.685347e+01 4.118136e+01 3.933792e+01 3.167159e+01 9.035879e-02 1.942450e-01 3.578678e-01 3.366348e-01 3.971271e-01 4.112743e-01 4.613249e-01 4.628036e-01 4.576426e-01 4.268895e-01 4.402534e-01 3.735635e-01 9.487395e-05
<GCONST> 6.641109e+01
<MIXTURE> 107 5.452374e-03
<MEAN> 25
 8.221339e+00 -2.468266e+00 -8.003923e+00 -9.311151e+00 2.276797e+00 3.375675e+00 -8.045292e+00 -4.095537e+00 -7.998071e-01 3.751207e+00 1.138409e+00 -5.007116e+00 -5.974075e-01 -7.718959e-01 8.071855e-01 1.641457e+00 2.626092e-01 -1.953505e+00 -1.001516e+00 8.518738e-01 1.604901e+00 -8.674464e-02 -1.666583e+00 -9.788910e-01 -1.639697e-03
<VARIANCE> 25
 1.045137e+01 1.995874e+01 2.673556e+01 4.018363e+01 3.520446e+01 3.797157e+01 5.253940e+01 3.612391e+01 4.286560e+01 3.996555e+01 4.843512e+01 2.830850e+01 3.310281e-01 9.562897e-01 1.376890e+00 2.419612e+00 2.114727e+00 2.736305e+00 2.739718e+00 2.373381e+00 2.394783e+00 3.091790e+00 1.884121e+00 2.482444e+00 6.817454e-04
<GCONST> 8.761757e+01
<MIXTURE> 108 5.452374e-03
<MEAN> 25
 8.221339e+00 -2.468266e+00 -8.003923e+00 -9.311151e+00 2.276797e+00 3.375675e+00 -8.045292e+00 -4.095537e+00 -7.998071e-01 3.751207e+00 1.138409e+00 -5.007116e+00 -5.974075e-01 -7.718959e-01 8.071855e-01 1.641457e+00 2.626092e-01 -1.953505e+00 -1.001516e+00 8.518738e-01 1.604901e+00 -8.674464e-02 -1.666583e+00 -9.788910e-01 -1.639697e-03
<VARIANCE> 25
 1.045137e+01 1.995874e+01 2.673556e+01 4.018363e+01 3.520446e+01 3.797157e+01 5.253940e+01 3.612391e+01 4.286560e+01 3.996555e+01 4.843512e+01 2.830850e+01 3.310281e-01 9.562897e-01 1.376890e+00 2.419612e+00 2.114727e+00 2.736305e+00 2.739718e+00 2.373381e+00 2.394783e+00 3.091790e+00 1.884121e+00 2.482444e+00 6.817454e-04
<GCONST> 8.761757e+01
<MIXTURE> 109 6.661064e-03
<MEAN> 25
 4.083922e+00 -1.054530e+01 -8.300776e+00 -1.357708e+00 2.746281e+00 -4.567441e-02 -8.298360e-02 1.463374e+00 -2.569224e+00 -8.350109e+00 -5.372013e+00 5.660986e-02 -3.276775e-02 -1.324030e-01 -3.294893e-02 2.502022e-01 1.965939e-01 1.190705e-01 -1.262101e-01 -1.048598e-01 -4.145113e-02 -1.301193e-01 2.206690e-01 1.157767e-02 -3.520397e-03
<VARIANCE> 25
 9.091627e+00 1.822334e+01 2.002860e+01 3.141715e+01 4.081465e+01 3.675359e+01 4.669591e+01 3.434581e+01 4.602575e+01 3.563548e+01 2.968779e+01 2.820490e+01 1.930304e-01 4.224688e-01 5.378369e-01 6.340519e-01 1.230541e+00 9.943111e-01 1.257984e+00 1.092364e+00 1.117120e+00 9.515997e-01 8.830316e-01 8.856995e-01 1.820015e-04
<GCONST> 7.446877e+01
<MIXTURE> 110 6.661064e-03
<MEAN> 25
 4.083922e+00 -1.054530e+01 -8.300776e+00 -1.357708e+00 2.746281e+00 -4.567441e-02 -8.298360e-02 1.463374e+00 -2.569224e+00 -8.350109e+00 -5.372013e+00 5.660986e-02 -3.276775e-02 -1.324030e-01 -3.294893e-02 2.502022e-01 1.965939e-01 1.190705e-01 -1.262101e-01 -1.048598e-01 -4.145113e-02 -1.301193e-01 2.206690e-01 1.157767e-02 -3.520397e-03
<VARIANCE> 25
 9.091627e+00 1.822334e+01 2.002860e+01 3.141715e+01 4.081465e+01 3.675359e+01 4.669591e+01 3.434581e+01 4.602575e+01 3.563548e+01 2.968779e+01 2.820490e+01 1.930304e-01 4.224688e-01 5.378369e-01 6.340519e-01 1.230541e+00 9.943111e-01 1.257984e+00 1.092364e+00 1.117120e+00 9.515997e-01 8.830316e-01 8.856995e-01 1.820015e-04
<GCONST> 7.446877e+01
<MIXTURE> 111 4.337247e-03
<MEAN> 25
 -4.347104e+00 -4.965641e-01 -1.313976e+00 1.981816e+00 1.428948e+00 8.478913e-01 1.224044e+00 -1.449764e-01 -1.599666e-01 -7.705029e-01 -1.076607e+00 1.907269e+00 -3.329275e-02 -2.967593e-02 -7.779454e-02 -6.118377e-02 1.885226e-04 1.138823e-02 1.521643e-02 -5.884463e-02 -1.656741e-01 -2.578823e-01 -1.196808e-01 -8.977544e-02 -3.526361e-04
<VARIANCE> 25
 6.367764e+00 5.661041e+00 9.999190e+00 8.903027e+00 1.317373e+01 2.182754e+01 1.748842e+01 1.298202e+01 1.237519e+01 1.193157e+01 1.353118e+01 1.039641e+01 7.706869e-02 1.578573e-01 2.666121e-01 4.873143e-01 5.793814e-01 6.659701e-01 7.209092e-01 8.275244e-01 9.948920e-01 8.650444e-01 8.971115e-01 8.054036e-01 2.210013e-05
<GCONST> 5.593472e+01
<MIXTURE> 112 4.337247e-03
<MEAN> 25
 -4.347104e+00 -4.965641e-01 -1.313976e+00 1.981816e+00 1.428948e+00 8.478913e-01 1.224044e+00 -1.449764e-01 -1.599666e-01 -7.705029e-01 -1.076607e+00 1.907269e+00 -3.329275e-02 -2.967593e-02 -7.779454e-02 -6.118377e-02 1.885226e-04 1.138823e-02 1.521643e-02 -5.884463e-02 -1.656741e-01 -2.578823e-01 -1.196808e-01 -8.977544e-02 -3.526361e-04
<VARIANCE> 25
 6.367764e+00 5.661041e+00 9.999190e+00 8.903027e+00 1.317373e+01 2.182754e+01 1.748842e+01 1.298202e+01 1.237519e+01 1.193157e+01 1.353118e+01 1.039641e+01 7.706869e-02 1.578573e-01 2.666121e-01 4.873143e-01 5.793814e-01 6.659701e-01 7.209092e-01 8.275244e-01 9.948920e-01 8.650444e-01 8.971115e-01 8.054036e-01 2.210013e-05
<GCONST> 5.593472e+01
<MIXTURE> 113 5.938666e-03
<MEAN> 25
 9.907378e+00 1.409045e+00 -8.911413e+00 -1.677045e+01 -1.175161e+00 5.604701e+00 -5.219315e+00 -1.358327e+00 -5.725517e+00 -2.558824e-01 6.546191e-01 -3.021954e-01 2.478751e-03 2.055692e-02 -5.648895e-02 -1.375289e-01 1.084315e-01 1.755945e-01 6.015335e-02 5.940896e-02 -8.613929e-02 -3.084026e-02 1.354577e-01 -7.290615e-03 -1.345111e-03
<VARIANCE> 25
 8.733597e+00 1.930057e+01 2.919962e+01 3.533113e+01 5.160828e+01 3.301026e+01 3.856603e+01 3.835869e+01 3.622219e+01 4.654039e+01 3.884093e+01 2.816068e+01 1.189179e-01 3.140575e-01 3.063180e-01 6.306815e-01 5.965458e-01 6.642298e-01 7.620701e-01 8.604670e-01 9.591227e-01 8.898012e-01 7.622774e-01 7.624500e-01 1.222448e-04
<GCONST> 7.119048e+01
<MIXTURE> 114 5.938666e-03
<MEAN> 25
 9.907378e+00 1.409045e+00 -8.911413e+00 -1.677045e+01 -1.175161e+00 5.604701e+00 -5.219315e+00 -1.358327e+00 -5.725517e+00 -2.558824e-01 6.546191e-01 -3.021954e-01 2.478751e-03 2.055692e-02 -5.648895e-02 -1.375289e-01 1.084315e-01 1.755945e-01 6.015335e-02 5.940896e-02 -8.613929e-02 -3.084026e-02 1.354577e-01 -7.290615e-03 -1.345111e-03
<VARIANCE> 25
 8.733597e+00 1.930057e+01 2.919962e+01 3.533113e+01 5.160828e+01 3.301026e+01 3.856603e+01 3.835869e+01 3.622219e+01 4.654039e+01 3.884093e+01 2.816068e+01 1.189179e-01 3.140575e-01 3.063180e-01 6.306815e-01 5.965458e-01 6.642298e-01 7.620701e-01 8.604670e-01 9.591227e-01 8.898012e-01 7.622774e-01 7.624500e-01 1.222448e-04
<GCONST> 7.119048e+01
<MIXTURE> 115 2.935202e-03
<MEAN> 25
 -4.051667e+00 -6.749150e-01 -2.993955e+00 3.712859e+00 2.485533e+00 -4.493145e-01 2.326171e+00 3.325368e-01 1.399555e+00 -6.071404e-02 4.023830e-03 2.692636e+00 3.812899e-02 -7.340564e-02 -2.295426e-01 -4.398398e-01 -6.256614e-01 -6.395911e-01 -5.788737e-01 -5.009093e-01 -5.098840e-01 -4.788637e-01 -3.420238e-01 -1.671093e-01 -2.348400e-05
<VARIANCE> 25
 9.097669e+00 9.999027e+00 1.392099e+01 1.280659e+01 1.348270e+01 1.723751e+01 1.715130e+01 2.074747e+01 1.767680e+01 1.716053e+01 1.903809e+01 1.444832e+01 2.038856e-01 3.456857e-01 4.818101e-01 5.542660e-01 6.265858e-01 8.304068e-01 1.002903e+00 1.126207e+00 1.092263e+00 1.007508e+00 1.033340e+00 1.045585e+00 1.053522e-06
<GCONST> 6.020112e+01
<MIXTURE> 116 2.935202e-03
<MEAN> 25
 -4.051667e+00 -6.749150e-01 -2.993955e+00 3.712859e+00 2.485533e+00 -4.493145e-01 2.326171e+00 3.325368e-01 1.399555e+00 -6.071404e-02 4.023830e-03 2.692636e+00 3.812899e-02 -7.340564e-02 -2.295426e-01 -4.398398e-01 -6.256614e-01 -6.395911e-01 -5.788737e-01 -5.009093e-01 -5.098840e-01 -4.788637e-01 -3.420238e-01 -1.671093e-01 -2.348400e-05
<VARIANCE> 25
 9.097669e+00 9.999027e+00 1.392099e+01 1.280659e+01 1.348270e+01 1.723751e+01 1.715130e+01 2.074747e+01 1.767680e+01 1.716053e+01 1.903809e+01 1.444832e+01 2.038856e-01 3.456857e-01 4.818101e-01 5.542660e-01 6.265858e-01 8.304068e-01 1.002903e+00 1.126207e+00 1.092263e+00 1.007508e+00 1.033340e+00 1.045585e+00 1.053522e-06
<GCONST> 6.020112e+01
<MIXTURE> 117 6.506003e-03
<MEAN> 25
 -4.665936e+00 1.177349e+00 1.126918e+00 9.756963e+00 6.274844e+00 6.112199e+00 6.470589e+00 4.853990e+00 6.300411e+00 4.884027e+00 6.243631e+00 2.662007e+00 -6.387097e-02 -2.298467e-01 -3.590881e-01 -4.229251e-01 -3.745541e-01 -2.803091e-01 -2.953100e-01 -3.356874e-01 -4.213735e-01 -3.790020e-01 -2.507659e-01 -1.137377e-01 -2.663306e-05
<VARIANCE> 25
 7.072433e+00 8.757779e+00 9.893236e+00 1.404721e+01 1.533902e+01 1.607712e+01 1.739856e+01 1.940164e+01 1.645703e+01 1.626062e+01 1.717059e+01 1.465572e+01 2.185930e-01 3.046494e-01 4.181490e-01 6.059583e-01 8.410237e-01 1.060235e+00 1.159011e+00 1.216024e+00 1.243560e+00 1.184005e+00 1.167851e+00 1.093528e+00 1.007811e-06
<GCONST> 6.042465e+01
<MIXTURE> 118 6.506003e-03
<MEAN> 25
 -4.665936e+00 1.177349e+00 1.126918e+00 9.756963e+00 6.274844e+00 6.112199e+00 6.470589e+00 4.853990e+00 6.300411e+00 4.884027e+00 6.243631e+00 2.662007e+00 -6.387097e-02 -2.298467e-01 -3.590881e-01 -4.229251e-01 -3.745541e-01 -2.803091e-01 -2.953100e-01 -3.356874e-01 -4.213735e-01 -3.790020e-01 -2.507659e-01 -1.137377e-01 -2.663306e-05
<VARIANCE> 25
 7.072433e+00 8.757779e+00 9.893236e+00 1.404721e+01 1.533902e+01 1.607712e+01 1.739856e+01 1.940164e+01 1.645703e+01 1.626062e+01 1.717059e+01 1.465572e+01 2.185930e-01 3.046494e-01 4.181490e-01 6.059583e-01 8.410237e-01 1.060235e+00 1.159011e+00 1.216024e+00 1.243560e+00 1.184005e+00 1.167851e+00 1.093528e+00 1.007811e-06
<GCONST> 6.042465e+01
<MIXTURE> 119 4.297961e-03
<MEAN> 25
 -4.973818e+00 -7.627710e+00 2.231430e+00 2.020300e+00 2.242155e+00 2.083597e-01 5.276889e+00 5.935762e+00 1.162424e+00 9.623311e-01 6.607243e+00 1.568504e+00 -5.007505e-02 -7.957647e-02 3.745792e-02 -5.677654e-02 -1.257923e-01 -1.800544e-01 -6.884009e-02 -1.358442e-02 -9.178363e-02 -1.124951e-01 -5.502690e-02 -5.822272e-02 1.119097e-03
<VARIANCE> 25
 8.503609e+00 9.874103e+00 1.655564e+01 2.018925e+01 2.287095e+01 2.322524e+01 2.499619e+01 2.649217e+01 2.504006e+01 2.809945e+01 2.045869e+01 2.040278e+01 1.603869e-01 2.824658e-01 4.595176e-01 6.326542e-01 8.032482e-01 1.003532e+00 1.099617e+00 1.277511e+00 1.285201e+00 1.245408e+00 1.192104e+00 1.112031e+00 2.315965e-04
<GCONST> 6.972649e+01
<MIXTURE> 120 4.297961e-03
<MEAN> 25
 -4.973818e+00 -7.627710e+00 2.231430e+00 2.020300e+00 2.242155e+00 2.083597e-01 5.276889e+00 5.935762e+00 1.162424e+00 9.623311e-01 6.607243e+00 1.568504e+00 -5.007505e-02 -7.957647e-02 3.745792e-02 -5.677654e-02 -1.257923e-01 -1.800544e-01 -6.884009e-02 -1.358442e-02 -9.178363e-02 -1.124951e-01 -5.502690e-02 -5.822272e-02 1.119097e-03
<VARIANCE> 25
 8.503609e+00 9.874103e+00 1.655564e+01 2.018925e+01 2.287095e+01 2.322524e+01 2.499619e+01 2.649217e+01 2.504006e+01 2.809945e+01 2.045869e+01 2.040278e+01 1.603869e-01 2.824658e-01 4.595176e-01 6.326542e-01 8.032482e-01 1.003532e+00 1.099617e+00 1.277511e+00 1.285201e+00 1.245408e+00 1.192104e+00 1.112031e+00 2.315965e-04
<GCONST> 6.972649e+01
<MIXTURE> 121 4.567511e-03
<MEAN> 25
 2.154389e-01 -2.513705e+00 5.168323e+00 -1.288589e+01 -1.263363e+01 -1.637661e+00 9.817957e-01 -5.103515e+00 -4.192246e+00 -4.784766e-01 -5.480251e+00 -4.306321e+00 2.475419e-02 1.330350e-01 -4.429914e-02 7.966312e-02 1.652261e-01 8.012298e-02 -8.096205e-02 -1.862423e-01 -2.598597e-01 -2.547693e-01 -1.222318e-01 -1.450944e-03 -7.475524e-03
<VARIANCE> 25
 7.727178e+00 1.559018e+01 1.729660e+01 2.039521e+01 2.440253e+01 2.941364e+01 2.954099e+01 2.451127e+01 3.520818e+01 2.831497e+01 1.994534e+01 2.113696e+01 1.547689e-01 6.412829e-01 6.238534e-01 7.042201e-01 7.831613e-01 1.149898e+00 1.115972e+00 1.120555e+00 1.237643e+00 1.195247e+00 9.578318e-01 8.711593e-01 2.111442e-04
<GCONST> 7.144765e+01
<MIXTURE> 122 4.567511e-03
<MEAN> 25
 2.154389e-01 -2.513705e+00 5.168323e+00 -1.288589e+01 -1.263363e+01 -1.637661e+00 9.817957e-01 -5.103515e+00 -4.192246e+00 -4.784766e-01 -5.480251e+00 -4.306321e+00 2.475419e-02 1.330350e-01 -4.429914e-02 7.966312e-02 1.652261e-01 8.012298e-02 -8.096205e-02 -1.862423e-01 -2.598597e-01 -2.547693e-01 -1.222318e-01 -1.450944e-03 -7.475524e-03
<VARIANCE> 25
 7.727178e+00 1.559018e+01 1.729660e+01 2.039521e+01 2.440253e+01 2.941364e+01 2.954099e+01 2.451127e+01 3.520818e+01 2.831497e+01 1.994534e+01 2.113696e+01 1.547689e-01 6.412829e-01 6.238534e-01 7.042201e-01 7.831613e-01 1.149898e+00 1.115972e+00 1.120555e+00 1.237643e+00 1.195247e+00 9.578318e-01 8.711593e-01 2.111442e-04
<GCONST> 7.144765e+01
<MIXTURE> 123 4.393044e-03
<MEAN> 25
 -4.131535e+00 1.144476e+00 3.804881e-01 6.265718e+00 5.411845e+00 3.235727e+00 3.914794e+00 2.374661e-01 -7.225657e-02 -1.175343e+00 -4.103750e-01 6.316371e-01 -4.660406e-01 -7.149333e-01 -7.221543e-01 -4.939312e-01 -1.871292e-01 -7.036297e-02 3.155071e-01 6.280521e-01 7.934590e-01 6.586678e-01 6.273628e-01 4.842465e-01 -1.190715e-03
<VARIANCE> 25
 9.517651e+00 9.333906e+00 1.426801e+01 1.527118e+01 2.044369e+01 2.815326e+01 2.219409e+01 1.818989e+01 1.813224e+01 1.877972e+01 2.162283e+01 1.799404e+01 3.563534e-01 3.521746e-01 5.897402e-01 7.651738e-01 9.042479e-01 1.324672e+00 1.130552e+00 1.080785e+00 1.183988e+00 1.181762e+00 1.237724e+00 1.160543e+00 1.182962e-04
<GCONST> 6.913345e+01
<MIXTURE> 124 4.069876e-03
<MEAN> 25
 -6.258915e+00 -7.563275e-01 -2.201764e+00 5.242229e+00 5.365541e+00 3.203771e+00 5.844294e+00 1.845293e+00 2.935482e+00 8.470752e-01 6.273363e-02 2.990791e+00 -1.988031e-01 -2.944510e-01 -3.578949e-01 -1.864601e-01 1.410283e-01 4.463014e-01 7.260047e-01 9.125061e-01 6.792393e-01 3.283125e-01 -5.431765e-02 3.030348e-02 2.161207e-04
<VARIANCE> 25
 9.746762e+00 6.826117e+00 1.188457e+01 1.069217e+01 1.117903e+01 1.750787e+01 1.446332e+01 1.786590e+01 1.546048e+01 1.566435e+01 2.308805e+01 1.321259e+01 9.503732e-02 1.494862e-01 2.444247e-01 3.817689e-01 5.456842e-01 6.440607e-01 7.026899e-01 7.485317e-01 8.736498e-01 9.118500e-01 9.476811e-01 1.033142e+00 1.878899e-05
<GCONST> 5.758603e+01
<MIXTURE> 125 4.069876e-03
<MEAN> 25
 -6.258915e+00 -7.563275e-01 -2.201764e+00 5.242229e+00 5.365541e+00 3.203771e+00 5.844294e+00 1.845293e+00 2.935482e+00 8.470752e-01 6.273363e-02 2.990791e+00 -1.988031e-01 -2.944510e-01 -3.578949e-01 -1.864601e-01 1.410283e-01 4.463014e-01 7.260047e-01 9.125061e-01 6.792393e-01 3.283125e-01 -5.431765e-02 3.030348e-02 2.161207e-04
<VARIANCE> 25
 9.746762e+00 6.826117e+00 1.188457e+01 1.069217e+01 1.117903e+01 1.750787e+01 1.446332e+01 1.786590e+01 1.546048e+01 1.566435e+01 2.308805e+01 1.321259e+01 9.503732e-02 1.494862e-01 2.444247e-01 3.817689e-01 5.456842e-01 6.440607e-01 7.026899e-01 7.485317e-01 8.736498e-01 9.118500e-01 9.476811e-01 1.033142e+00 1.878899e-05
<GCONST> 5.758603e+01
<MIXTURE> 126 2.402244e-03
<MEAN> 25
 -3.703695e+00 -6.877340e+00 -5.333406e+00 2.366053e+00 4.422660e+00 -3.394523e+00 -1.675658e-02 3.605001e+00 3.432539e+00 -2.574666e+00 -1.531338e+00 2.897377e+00 -1.377406e-02 -1.735077e-02 1.458649e-05 -1.231756e-01 -3.204249e-01 -4.439250e-01 -2.468124e-01 -1.154834e-01 -6.537823e-02 -1.156748e-01 -1.416543e-01 9.295040e-03 -9.037919e-04
<VARIANCE> 25
 7.457522e+00 1.264119e+01 1.372472e+01 1.482449e+01 2.483370e+01 2.379752e+01 2.257658e+01 2.784797e+01 3.110046e+01 2.632068e+01 2.161975e+01 1.951523e+01 1.709514e-01 3.463349e-01 5.163278e-01 5.928338e-01 7.326450e-01 1.073970e+00 1.118994e+00 1.288157e+00 1.372237e+00 1.273900e+00 1.270071e+00 1.168986e+00 2.156098e-04
<GCONST> 7.001346e+01
<MIXTURE> 127 2.402244e-03
<MEAN> 25
 -3.703695e+00 -6.877340e+00 -5.333406e+00 2.366053e+00 4.422660e+00 -3.394523e+00 -1.675658e-02 3.605001e+00 3.432539e+00 -2.574666e+00 -1.531338e+00 2.897377e+00 -1.377406e-02 -1.735077e-02 1.458649e-05 -1.231756e-01 -3.204249e-01 -4.439250e-01 -2.468124e-01 -1.154834e-01 -6.537823e-02 -1.156748e-01 -1.416543e-01 9.295040e-03 -9.037919e-04
<VARIANCE> 25
 7.457522e+00 1.264119e+01 1.372472e+01 1.482449e+01 2.483370e+01 2.379752e+01 2.257658e+01 2.784797e+01 3.110046e+01 2.632068e+01 2.161975e+01 1.951523e+01 1.709514e-01 3.463349e-01 5.163278e-01 5.928338e-01 7.326450e-01 1.073970e+00 1.118994e+00 1.288157e+00 1.372237e+00 1.273900e+00 1.270071e+00 1.168986e+00 2.156098e-04
<GCONST> 7.001346e+01
<MIXTURE> 128 3.790457e-03
<MEAN> 25
 -3.893144e+00 1.661153e+00 -3.474647e-01 6.353118e+00 3.697974e+00 1.984941e+00 3.763662e+00 2.048403e+00 3.526952e+00 3.263675e+00 3.179899e+00 3.315218e+00 -3.482275e-01 -2.407574e-01 5.820570e-02 6.380620e-01 1.157801e+00 1.198020e+00 7.381951e-01 2.311096e-01 -4.874846e-01 -8.839443e-01 -7.301525e-01 -4.380965e-01 -6.017064e-05
<VARIANCE> 25
 9.645983e+00 1.120430e+01 1.419607e+01 1.909406e+01 1.892770e+01 2.038799e+01 2.337199e+01 2.474212e+01 2.808224e+01 2.525512e+01 3.073179e+01 1.792956e+01 8.726429e-01 1.106003e+00 1.307579e+00 1.527558e+00 1.503440e+00 1.816728e+00 2.133961e+00 2.345656e+00 2.060163e+00 1.881384e+00 1.652294e+00 1.675647e+00 9.884515e-07
<GCONST> 7.324138e+01
<TRANSP> 3
 0.000000e+00 1.000000e+00 0.000000e+00
 0.000000e+00 9.999990e-01 9.999998e-07
 0.000000e+00 0.000000e+00 0.000000e+00
<ENDHMM>
