~o
<STREAMINFO> 1 25
<VECSIZE> 25<NULLD><MFCC_E_D_N><DIAGC>
~h "jmodel"
<BEGINHMM>
<NUMSTATES> 3
<STATE> 2
<NUMMIXES> 128
<MIXTURE> 1 5.748963e-03
<MEAN> 25
 -2.586504e+00 3.183618e+00 2.312355e+00 8.752256e+00 4.372166e+00 3.441051e+00 4.065755e+00 3.930855e+00 5.826246e+00 5.247406e+00 5.882333e+00 3.081739e+00 -2.003689e+00 -1.634233e+00 -8.635074e-01 1.075745e+00 1.560181e+00 2.231344e+00 2.153971e+00 2.084104e+00 1.692085e+00 1.268204e+00 1.564527e+00 6.126866e-01 -4.686955e-02
<VARIANCE> 25
 1.006550e+01 1.176602e+01 1.493323e+01 1.868257e+01 2.318814e+01 2.223065e+01 2.189724e+01 2.198602e+01 2.102539e+01 2.256305e+01 2.094811e+01 1.709159e+01 1.789085e+00 2.111223e+00 3.024475e+00 3.208240e+00 3.737885e+00 3.356231e+00 3.317026e+00 3.378497e+00 3.521503e+00 3.727858e+00 3.525630e+00 2.835629e+00 3.122629e-03
<GCONST> 8.847221e+01
<MIXTURE> 2 4.549242e-03
<MEAN> 25
 -4.875671e+00 1.311720e+00 9.943511e-01 9.899809e+00 6.692275e+00 7.424650e+00 7.847087e+00 6.958091e+00 8.373269e+00 6.373019e+00 7.624402e+00 3.074697e+00 -6.200235e-02 4.161923e-02 1.425301e-01 2.258583e-01 2.652900e-01 2.813653e-01 2.954302e-01 3.195550e-01 3.497573e-01 3.089160e-01 1.971766e-01 8.006547e-02 1.228299e-06
<VARIANCE> 25
 6.952293e+00 8.901894e+00 1.065126e+01 1.591096e+01 1.723581e+01 1.556308e+01 1.689898e+01 1.848562e+01 1.658668e+01 1.738619e+01 1.811029e+01 1.434002e+01 1.252503e-01 2.266278e-01 3.364712e-01 4.671271e-01 6.492781e-01 8.148874e-01 9.298787e-01 1.003176e+00 1.051662e+00 1.077774e+00 1.075658e+00 1.013934e+00 1.000000e-06
<GCONST> 5.804302e+01
<MIXTURE> 3 4.549242e-03
<MEAN> 25
 -4.875671e+00 1.311720e+00 9.943511e-01 9.899809e+00 6.692275e+00 7.424650e+00 7.847087e+00 6.958091e+00 8.373269e+00 6.373019e+00 7.624402e+00 3.074697e+00 -6.200235e-02 4.161923e-02 1.425301e-01 2.258583e-01 2.652900e-01 2.813653e-01 2.954302e-01 3.195550e-01 3.497573e-01 3.089160e-01 1.971766e-01 8.006547e-02 1.228299e-06
<VARIANCE> 25
 6.952293e+00 8.901894e+00 1.065126e+01 1.591096e+01 1.723581e+01 1.556308e+01 1.689898e+01 1.848562e+01 1.658668e+01 1.738619e+01 1.811029e+01 1.434002e+01 1.252503e-01 2.266278e-01 3.364712e-01 4.671271e-01 6.492781e-01 8.148874e-01 9.298787e-01 1.003176e+00 1.051662e+00 1.077774e+00 1.075658e+00 1.013934e+00 1.000000e-06
<GCONST> 5.804302e+01
<MIXTURE> 4 1.671429e-02
<MEAN> 25
 2.766310e+00 3.269958e+00 -4.442926e+00 9.153361e-01 4.455423e+00 -4.822853e-01 9.590021e-01 -6.256360e-01 1.943877e+00 1.246259e+00 -3.164820e+00 -1.195482e+00 -2.577978e+00 1.416134e+00 1.489670e+00 2.583272e+00 9.307764e-01 4.925790e-01 1.839023e+00 1.004268e+00 9.954265e-01 3.424541e-01 9.717175e-01 8.380233e-01 -1.034568e-01
<VARIANCE> 25
 1.889821e+01 2.679556e+01 2.604817e+01 3.359177e+01 4.093165e+01 5.708932e+01 5.677089e+01 4.554364e+01 4.553349e+01 6.065345e+01 4.635959e+01 3.516365e+01 2.022519e+00 4.503910e+00 3.347038e+00 4.784463e+00 4.916521e+00 5.151508e+00 5.593466e+00 5.005634e+00 5.138837e+00 5.468265e+00 5.424602e+00 4.259711e+00 5.137029e-03
<GCONST> 1.026342e+02
<MIXTURE> 5 3.206198e-03
<MEAN> 25
 -3.419980e+00 2.188171e+00 6.132118e-01 9.425759e+00 6.698145e+00 6.311430e+00 7.116875e+00 4.718513e+00 5.491129e+00 3.843175e+00 4.653332e+00 2.602646e+00 -3.249660e-01 7.524639e-01 1.223400e+00 1.031781e+00 3.093298e-01 -9.842218e-02 -8.190226e-02 3.472994e-02 4.588789e-01 6.826935e-01 4.013537e-01 8.736355e-02 -2.976052e-05
<VARIANCE> 25
 1.025295e+01 1.398469e+01 2.347743e+01 2.561433e+01 2.021083e+01 1.943240e+01 2.011912e+01 2.037292e+01 2.142731e+01 2.129168e+01 2.411019e+01 1.636438e+01 1.209274e+00 1.243942e+00 1.358228e+00 1.672956e+00 2.286520e+00 2.378325e+00 2.303444e+00 2.275340e+00 2.314341e+00 2.237571e+00 2.092170e+00 1.872977e+00 1.004215e-06
<GCONST> 7.517940e+01
<MIXTURE> 6 5.475854e-03
<MEAN> 25
 9.564389e+00 -4.493477e-01 -6.486611e+00 -1.088392e+01 -2.113987e+00 6.860374e+00 -5.651618e+00 -5.142333e+00 -3.547118e+00 1.657351e+00 4.448799e+00 -1.169589e+00 4.585402e-01 8.480688e-01 -3.782539e-01 -1.465776e+00 -6.295779e-01 1.335858e+00 1.423588e+00 2.901236e-01 -1.207196e+00 -1.194823e+00 3.659628e-01 1.261078e+00 -6.690082e-03
<VARIANCE> 25
 9.158418e+00 1.664456e+01 2.431621e+01 3.854792e+01 3.561145e+01 3.018963e+01 4.434161e+01 3.762055e+01 3.970178e+01 3.891740e+01 4.180204e+01 2.778873e+01 3.204485e-01 8.935814e-01 9.367825e-01 1.916303e+00 1.563134e+00 1.959040e+00 2.206847e+00 2.078627e+00 2.320847e+00 1.917645e+00 2.241549e+00 1.440848e+00 6.265297e-04
<GCONST> 8.388386e+01
<MIXTURE> 7 5.475854e-03
<MEAN> 25
 9.564389e+00 -4.493477e-01 -6.486611e+00 -1.088392e+01 -2.113987e+00 6.860374e+00 -5.651618e+00 -5.142333e+00 -3.547118e+00 1.657351e+00 4.448799e+00 -1.169589e+00 4.585402e-01 8.480688e-01 -3.782539e-01 -1.465776e+00 -6.295779e-01 1.335858e+00 1.423588e+00 2.901236e-01 -1.207196e+00 -1.194823e+00 3.659628e-01 1.261078e+00 -6.690082e-03
<VARIANCE> 25
 9.158418e+00 1.664456e+01 2.431621e+01 3.854792e+01 3.561145e+01 3.018963e+01 4.434161e+01 3.762055e+01 3.970178e+01 3.891740e+01 4.180204e+01 2.778873e+01 3.204485e-01 8.935814e-01 9.367825e-01 1.916303e+00 1.563134e+00 1.959040e+00 2.206847e+00 2.078627e+00 2.320847e+00 1.917645e+00 2.241549e+00 1.440848e+00 6.265297e-04
<GCONST> 8.388386e+01
<MIXTURE> 8 1.165917e-02
<MEAN> 25
 -4.760479e+00 1.391293e+00 1.273247e+00 9.509569e+00 6.597359e+00 6.182434e+00 6.510906e+00 5.639496e+00 6.621453e+00 5.576686e+00 6.502544e+00 3.162650e+00 -6.333563e-01 -1.436685e+00 -1.080160e+00 -1.725762e+00 -2.413404e-01 -9.419158e-01 -1.889448e-01 -2.745719e-01 -2.477933e-01 -1.570938e-01 -2.011308e-01 8.178560e-02 9.876128e-02
<VARIANCE> 25
 9.372954e+00 1.004183e+01 1.153523e+01 1.617401e+01 1.657581e+01 1.609939e+01 1.808201e+01 1.761832e+01 1.707257e+01 1.772311e+01 1.921140e+01 1.390214e+01 2.740944e+00 2.809385e+00 3.896805e+00 3.736028e+00 3.439865e+00 3.287252e+00 3.114417e+00 3.074273e+00 2.849874e+00 2.666377e+00 2.448169e+00 1.901438e+00 6.630712e-03
<GCONST> 8.632475e+01
<MIXTURE> 9 1.199672e-02
<MEAN> 25
 9.094137e+00 3.130955e+00 -5.866244e+00 -1.039903e+01 -2.199867e+00 5.230804e+00 -2.000973e+00 -2.181731e+00 -5.095299e+00 -1.353189e+00 4.337033e-01 5.000716e-02 1.336425e+00 -1.432592e-01 -5.361799e-01 -2.630572e+00 -1.587340e+00 9.173924e-01 -1.027857e+00 -9.641596e-02 -2.312898e-01 -5.822957e-01 6.813325e-01 -8.636609e-03 7.107932e-02
<VARIANCE> 25
 1.209526e+01 2.122186e+01 3.328540e+01 5.161661e+01 4.731418e+01 3.161804e+01 4.129345e+01 4.933810e+01 4.082682e+01 3.933120e+01 3.423985e+01 2.555536e+01 2.135231e+00 2.318451e+00 4.333864e+00 4.658878e+00 4.760464e+00 3.903365e+00 4.055300e+00 5.961392e+00 4.768501e+00 3.846839e+00 3.874271e+00 2.971215e+00 2.154545e-03
<GCONST> 9.795393e+01
<MIXTURE> 10 6.596976e-03
<MEAN> 25
 8.164604e-01 7.637098e+00 5.345238e+00 7.135507e+00 1.605607e+00 -2.118033e+00 -4.916801e-01 -1.684724e+00 8.798535e-01 8.325795e-01 8.074083e-01 6.382118e-01 -1.924062e+00 -6.671959e-01 -4.557978e-01 3.020387e+00 2.464407e+00 2.702530e+00 2.375124e+00 2.267997e+00 1.855356e+00 1.543266e+00 2.328114e+00 5.290981e-01 -1.379756e-01
<VARIANCE> 25
 1.947860e+01 2.063595e+01 2.250727e+01 2.901539e+01 3.836999e+01 3.486406e+01 3.523140e+01 3.373140e+01 2.757010e+01 2.917755e+01 2.722762e+01 2.509856e+01 2.229102e+00 3.426778e+00 5.527139e+00 5.165951e+00 5.532342e+00 4.482794e+00 4.685444e+00 4.853594e+00 4.386379e+00 5.005195e+00 4.448135e+00 3.195920e+00 2.696294e-03
<GCONST> 9.746868e+01
<MIXTURE> 11 1.633820e-02
<MEAN> 25
 6.956488e+00 4.437491e+00 3.066732e+00 4.304624e+00 -2.851489e+00 -1.811630e+00 -5.693188e-01 -6.626642e+00 -2.973797e+00 2.517007e-01 -2.066788e+00 -2.296934e+00 -2.162201e-01 5.594776e-01 1.443748e-01 2.054534e-01 6.885647e-01 -6.328614e-03 2.832270e-01 -3.202320e-01 -1.335206e-01 3.243938e-02 -5.031963e-01 1.457743e-01 -1.723657e-02
<VARIANCE> 25
 1.272714e+01 2.852843e+01 1.802366e+01 2.842569e+01 3.324059e+01 4.000233e+01 5.115144e+01 3.547489e+01 3.834842e+01 2.996509e+01 3.548750e+01 2.726131e+01 8.016397e-01 1.287476e+00 1.584487e+00 2.228106e+00 1.999781e+00 2.113982e+00 2.274325e+00 2.854867e+00 1.910567e+00 1.803739e+00 2.358438e+00 1.493540e+00 8.663578e-04
<GCONST> 8.674879e+01
<MIXTURE> 12 5.904134e-03
<MEAN> 25
 1.069436e+01 3.670539e+00 -4.478083e+00 -1.588137e+01 -8.610458e+00 8.704842e+00 -8.893828e-01 -1.898001e+00 -1.726303e+00 -4.866138e+00 1.772589e+00 7.601945e-01 6.600097e-02 2.789724e-01 7.651894e-02 -3.648074e-01 -2.958227e-01 4.495158e-02 3.019259e-01 4.271365e-01 1.347346e-01 -3.748102e-01 -3.898296e-01 7.237291e-02 -5.984182e-03
<VARIANCE> 25
 9.150385e+00 2.114248e+01 2.312803e+01 3.557153e+01 4.207927e+01 3.099879e+01 4.134581e+01 4.847645e+01 4.352510e+01 3.695888e+01 3.759413e+01 2.885887e+01 2.441912e-01 6.969004e-01 6.841070e-01 1.167111e+00 1.195797e+00 1.067035e+00 1.170602e+00 1.435512e+00 1.229414e+00 1.218886e+00 1.237934e+00 9.783403e-01 5.827060e-04
<GCONST> 7.898845e+01
<MIXTURE> 13 5.904134e-03
<MEAN> 25
 1.069436e+01 3.670539e+00 -4.478083e+00 -1.588137e+01 -8.610458e+00 8.704842e+00 -8.893828e-01 -1.898001e+00 -1.726303e+00 -4.866138e+00 1.772589e+00 7.601945e-01 6.600097e-02 2.789724e-01 7.651894e-02 -3.648074e-01 -2.958227e-01 4.495158e-02 3.019259e-01 4.271365e-01 1.347346e-01 -3.748102e-01 -3.898296e-01 7.237291e-02 -5.984182e-03
<VARIANCE> 25
 9.150385e+00 2.114248e+01 2.312803e+01 3.557153e+01 4.207927e+01 3.099879e+01 4.134581e+01 4.847645e+01 4.352510e+01 3.695888e+01 3.759413e+01 2.885887e+01 2.441912e-01 6.969004e-01 6.841070e-01 1.167111e+00 1.195797e+00 1.067035e+00 1.170602e+00 1.435512e+00 1.229414e+00 1.218886e+00 1.237934e+00 9.783403e-01 5.827060e-04
<GCONST> 7.898845e+01
<MIXTURE> 14 6.488954e-03
<MEAN> 25
 -4.331683e+00 -3.798741e-01 -3.141576e-01 8.899425e+00 7.510388e+00 7.365862e+00 7.830260e+00 7.324813e+00 7.251078e+00 5.226721e+00 6.858466e+00 4.100204e+00 -2.754333e-01 1.914518e-01 3.637214e-01 3.107627e-01 7.525906e-03 5.917560e-02 9.561812e-02 1.794537e-01 2.971101e-01 5.423269e-01 5.046239e-01 7.344594e-02 -9.242202e-03
<VARIANCE> 25
 9.366790e+00 1.387974e+01 1.861072e+01 1.789441e+01 2.088995e+01 1.970565e+01 2.146336e+01 2.061374e+01 2.006013e+01 2.388264e+01 2.141010e+01 1.596215e+01 9.625584e-01 1.641011e+00 1.772701e+00 1.933088e+00 2.243953e+00 2.256654e+00 2.255517e+00 2.243655e+00 2.284007e+00 2.509654e+00 2.197255e+00 1.815562e+00 1.034512e-03
<GCONST> 8.192943e+01
<MIXTURE> 15 2.475190e-03
<MEAN> 25
 -5.424120e+00 -6.441900e-01 -2.010967e-01 7.368019e+00 5.719787e+00 5.701427e+00 6.060749e+00 4.979499e+00 5.164726e+00 4.154409e+00 5.502232e+00 2.539873e+00 -1.212498e-01 -2.916654e-02 7.499196e-02 2.436729e-01 4.894508e-01 7.865494e-01 1.072470e+00 1.182151e+00 1.059332e+00 7.561063e-01 4.196578e-01 1.533833e-01 -8.269216e-05
<VARIANCE> 25
 6.983994e+00 5.608208e+00 9.033068e+00 1.281334e+01 1.407813e+01 1.429729e+01 1.492103e+01 1.489912e+01 1.410076e+01 1.418426e+01 1.510277e+01 1.250876e+01 1.247673e-01 2.061827e-01 3.197797e-01 5.030843e-01 6.996740e-01 7.937217e-01 7.631623e-01 7.915990e-01 9.090251e-01 1.023966e+00 1.071571e+00 1.041224e+00 2.795529e-05
<GCONST> 5.858793e+01
<MIXTURE> 16 2.475190e-03
<MEAN> 25
 -5.424120e+00 -6.441900e-01 -2.010967e-01 7.368019e+00 5.719787e+00 5.701427e+00 6.060749e+00 4.979499e+00 5.164726e+00 4.154409e+00 5.502232e+00 2.539873e+00 -1.212498e-01 -2.916654e-02 7.499196e-02 2.436729e-01 4.894508e-01 7.865494e-01 1.072470e+00 1.182151e+00 1.059332e+00 7.561063e-01 4.196578e-01 1.533833e-01 -8.269216e-05
<VARIANCE> 25
 6.983994e+00 5.608208e+00 9.033068e+00 1.281334e+01 1.407813e+01 1.429729e+01 1.492103e+01 1.489912e+01 1.410076e+01 1.418426e+01 1.510277e+01 1.250876e+01 1.247673e-01 2.061827e-01 3.197797e-01 5.030843e-01 6.996740e-01 7.937217e-01 7.631623e-01 7.915990e-01 9.090251e-01 1.023966e+00 1.071571e+00 1.041224e+00 2.795529e-05
<GCONST> 5.858793e+01
<MIXTURE> 17 9.518312e-03
<MEAN> 25
 3.646404e+00 -1.332268e+00 5.706772e+00 2.624241e+00 -5.658949e+00 -6.372521e+00 -3.702088e+00 -2.312647e-01 -1.110705e+00 -3.543953e+00 3.170895e-01 6.989321e-01 -6.472397e-01 -1.084296e+00 1.343965e+00 -1.811754e+00 -2.280829e+00 -1.983950e-01 2.470105e-03 8.147067e-01 -2.766979e-01 -3.851368e-01 1.268935e+00 5.716097e-01 7.165024e-02
<VARIANCE> 25
 1.370786e+01 3.006538e+01 2.762136e+01 3.377158e+01 3.816129e+01 4.109935e+01 3.684143e+01 2.934599e+01 4.141114e+01 2.514135e+01 2.537990e+01 2.732659e+01 1.553571e+00 2.420677e+00 3.515420e+00 3.117622e+00 3.655364e+00 4.479001e+00 4.284270e+00 4.134062e+00 3.417418e+00 3.890843e+00 2.971200e+00 2.766433e+00 2.109292e-03
<GCONST> 9.456121e+01
<MIXTURE> 18 1.221018e-02
<MEAN> 25
 2.875336e+00 4.878283e+00 5.176223e+00 3.892244e+00 -4.210225e+00 -8.149727e+00 -6.076157e-01 -8.467698e-01 -1.634975e+00 -2.152482e+00 3.330410e-01 5.059388e-01 -6.546215e-01 2.324945e+00 -4.285251e-01 1.733776e+00 2.912173e+00 9.849979e-01 1.248626e+00 -3.966342e-01 5.957015e-01 6.108205e-01 -6.901537e-01 -2.403869e-01 -1.166365e-01
<VARIANCE> 25
 1.491337e+01 2.452919e+01 3.384339e+01 2.301623e+01 3.392398e+01 2.972527e+01 3.836311e+01 3.114950e+01 4.411986e+01 3.353075e+01 4.026658e+01 3.107622e+01 2.009734e+00 2.705401e+00 4.055620e+00 3.465984e+00 3.225912e+00 4.595336e+00 4.442582e+00 3.833110e+00 3.597309e+00 3.482357e+00 3.984129e+00 3.231642e+00 3.346504e-03
<GCONST> 9.619122e+01
<MIXTURE> 19 9.912824e-03
<MEAN> 25
 -9.805841e+00 2.843040e+00 -4.902507e-02 1.257409e+00 4.430056e+00 7.581105e-01 3.583221e+00 7.865164e-01 2.052970e+00 7.456678e-01 1.390581e+00 1.562371e+00 2.050662e+00 1.579932e+00 2.197065e+00 6.430742e-01 -1.204877e+00 -8.427570e-01 -9.805689e-01 -1.472084e+00 -1.340098e+00 -1.074680e+00 -7.035780e-01 -8.033403e-01 5.283125e-03
<VARIANCE> 25
 5.020424e+01 3.581713e+01 4.542188e+01 5.387334e+01 3.362684e+01 3.340261e+01 2.820207e+01 2.889685e+01 2.556126e+01 2.581162e+01 2.806376e+01 1.947464e+01 2.275194e+00 2.625296e+00 2.395915e+00 2.277766e+00 3.103486e+00 2.420533e+00 2.366342e+00 2.566119e+00 2.124548e+00 2.400859e+00 2.136003e+00 1.655400e+00 2.465208e-03
<GCONST> 9.195802e+01
<MIXTURE> 20 6.308331e-03
<MEAN> 25
 -1.406423e+01 7.363780e+00 8.536559e-01 6.120488e+00 4.914616e+00 1.576616e+00 5.237639e+00 7.733529e-01 8.527325e-01 6.962914e-01 2.535487e+00 -2.631081e-01 -3.269158e+00 -8.697923e-01 -1.536242e+00 3.066739e-01 1.511221e+00 2.023198e+00 1.940003e+00 2.049855e+00 2.105792e+00 2.033741e+00 1.700965e+00 9.502577e-01 4.724739e-02
<VARIANCE> 25
 1.997000e+01 2.344236e+01 3.039178e+01 3.710580e+01 3.058995e+01 2.760810e+01 2.971695e+01 3.123928e+01 2.772399e+01 2.825857e+01 2.478607e+01 2.059005e+01 2.067815e+00 2.202708e+00 1.947199e+00 2.540266e+00 2.731338e+00 2.347863e+00 2.356128e+00 2.297384e+00 2.308000e+00 2.624451e+00 2.236474e+00 1.923444e+00 1.858724e-03
<GCONST> 8.922894e+01
<MIXTURE> 21 7.928653e-03
<MEAN> 25
 3.239811e+00 -5.336504e+00 5.570156e+00 -1.658644e+00 -9.733394e+00 -5.464756e+00 -3.041433e+00 5.131711e+00 -2.861519e+00 -3.882766e+00 5.114687e-01 2.163852e+00 -6.235581e-01 1.391953e+00 2.558245e+00 -2.232502e-01 -1.773902e+00 3.217892e-01 7.248539e-01 -1.438591e+00 -1.934349e+00 9.036948e-02 1.670524e+00 3.623194e-01 -1.598876e-02
<VARIANCE> 25
 8.921092e+00 1.945139e+01 2.579301e+01 2.276724e+01 2.593437e+01 6.144225e+01 3.877526e+01 4.316420e+01 4.692210e+01 2.531503e+01 3.134206e+01 2.759124e+01 3.193161e-01 1.112178e+00 1.580205e+00 1.122375e+00 2.094191e+00 1.717116e+00 2.984320e+00 2.823620e+00 1.947170e+00 2.371951e+00 1.939303e+00 2.031597e+00 4.598417e-04
<GCONST> 8.428307e+01
<MIXTURE> 22 8.827789e-03
<MEAN> 25
 -1.784835e+01 7.096193e+00 -4.088740e+00 7.306340e+00 4.618446e+00 2.729527e+00 8.386362e+00 1.801331e+00 5.368362e+00 3.298871e+00 5.671123e+00 1.173716e+00 -3.111775e-01 -2.065572e-01 -1.263247e-01 -1.456585e-01 -3.972663e-03 1.271980e-01 1.737795e-01 1.863350e-01 2.588816e-01 2.248452e-01 1.694438e-01 1.770928e-01 9.216416e-03
<VARIANCE> 25
 8.463680e+00 1.773455e+01 1.747275e+01 2.554027e+01 2.275270e+01 2.069683e+01 1.925859e+01 1.883801e+01 1.807163e+01 2.074979e+01 1.925543e+01 1.382237e+01 1.088466e+00 1.375787e+00 1.350212e+00 1.561969e+00 1.406548e+00 1.523178e+00 1.511618e+00 1.556596e+00 1.611359e+00 1.564622e+00 1.346161e+00 1.175816e+00 1.741457e-03
<GCONST> 7.841712e+01
<MIXTURE> 23 6.455497e-03
<MEAN> 25
 7.645444e+00 2.101957e+00 2.766975e+00 2.363228e+00 -4.229445e+00 -2.667336e+00 -3.271582e+00 -6.538156e+00 -3.140920e+00 -4.185638e-01 -4.482513e+00 -2.224430e+00 2.889150e-02 1.246114e-01 2.404790e-02 -8.378601e-04 2.749937e-02 3.985167e-02 -7.876039e-02 -1.023506e-02 4.180230e-02 4.163774e-02 -3.170552e-03 8.336831e-02 -3.707782e-03
<VARIANCE> 25
 1.078159e+01 2.504772e+01 2.368849e+01 3.812741e+01 3.909737e+01 5.268222e+01 6.432450e+01 5.048662e+01 4.522391e+01 4.778623e+01 4.721396e+01 3.736036e+01 1.175338e-01 3.129482e-01 3.637132e-01 5.093681e-01 5.691354e-01 7.123408e-01 8.786372e-01 8.734191e-01 8.287046e-01 8.935286e-01 8.675333e-01 7.599639e-01 9.034319e-05
<GCONST> 7.303588e+01
<MIXTURE> 24 6.455497e-03
<MEAN> 25
 7.645444e+00 2.101957e+00 2.766975e+00 2.363228e+00 -4.229445e+00 -2.667336e+00 -3.271582e+00 -6.538156e+00 -3.140920e+00 -4.185638e-01 -4.482513e+00 -2.224430e+00 2.889150e-02 1.246114e-01 2.404790e-02 -8.378601e-04 2.749937e-02 3.985167e-02 -7.876039e-02 -1.023506e-02 4.180230e-02 4.163774e-02 -3.170552e-03 8.336831e-02 -3.707782e-03
<VARIANCE> 25
 1.078159e+01 2.504772e+01 2.368849e+01 3.812741e+01 3.909737e+01 5.268222e+01 6.432450e+01 5.048662e+01 4.522391e+01 4.778623e+01 4.721396e+01 3.736036e+01 1.175338e-01 3.129482e-01 3.637132e-01 5.093681e-01 5.691354e-01 7.123408e-01 8.786372e-01 8.734191e-01 8.287046e-01 8.935286e-01 8.675333e-01 7.599639e-01 9.034319e-05
<GCONST> 7.303588e+01
<MIXTURE> 25 1.118642e-02
<MEAN> 25
 1.634201e-01 2.698884e+00 1.576855e+01 -1.218726e+00 -1.151667e+01 -1.621312e+00 -4.919471e+00 -2.078011e+00 -7.139038e+00 -5.115803e+00 4.798835e+00 -1.105427e+00 -1.646313e-01 5.243095e-01 9.440097e-02 1.142798e-01 2.620197e-01 5.952379e-02 3.858417e-01 -1.094430e-01 -1.246801e-01 2.548558e-01 4.249435e-02 -7.548786e-02 -1.847684e-02
<VARIANCE> 25
 7.962204e+00 2.655086e+01 2.506180e+01 2.582024e+01 2.949882e+01 3.813686e+01 2.555870e+01 3.298767e+01 2.665612e+01 3.375256e+01 2.268740e+01 2.693617e+01 5.331771e-01 1.460801e+00 1.314923e+00 1.253180e+00 2.148824e+00 1.829305e+00 1.913185e+00 1.671763e+00 1.520994e+00 1.809154e+00 1.396991e+00 1.250883e+00 1.425151e-03
<GCONST> 8.255117e+01
<MIXTURE> 26 7.727677e-03
<MEAN> 25
 1.875860e+00 -5.213781e+00 -9.971099e+00 -7.165709e-01 7.454160e+00 5.078672e+00 4.161085e+00 -2.640367e-01 2.561802e+00 -2.956247e-01 -3.377591e+00 -1.512693e+00 -7.318017e-01 7.060022e-01 3.513766e-01 6.458052e-01 9.518663e-02 1.937435e-01 3.823833e-01 4.614061e-01 3.822767e-01 -6.223557e-02 3.650351e-01 4.496925e-01 -5.182309e-02
<VARIANCE> 25
 2.398926e+01 4.457519e+01 2.485081e+01 5.636467e+01 3.838001e+01 4.078487e+01 4.247066e+01 4.220410e+01 3.723822e+01 5.392887e+01 3.825615e+01 4.461908e+01 1.582956e+00 2.058224e+00 1.746636e+00 1.851384e+00 2.374998e+00 2.192428e+00 2.666029e+00 2.928431e+00 2.274180e+00 2.529597e+00 2.154629e+00 1.971168e+00 3.227417e-03
<GCONST> 9.358076e+01
<MIXTURE> 27 7.727677e-03
<MEAN> 25
 1.875860e+00 -5.213781e+00 -9.971099e+00 -7.165709e-01 7.454160e+00 5.078672e+00 4.161085e+00 -2.640367e-01 2.561802e+00 -2.956247e-01 -3.377591e+00 -1.512693e+00 -7.318017e-01 7.060022e-01 3.513766e-01 6.458052e-01 9.518663e-02 1.937435e-01 3.823833e-01 4.614061e-01 3.822767e-01 -6.223557e-02 3.650351e-01 4.496925e-01 -5.182309e-02
<VARIANCE> 25
 2.398926e+01 4.457519e+01 2.485081e+01 5.636467e+01 3.838001e+01 4.078487e+01 4.247066e+01 4.220410e+01 3.723822e+01 5.392887e+01 3.825615e+01 4.461908e+01 1.582956e+00 2.058224e+00 1.746636e+00 1.851384e+00 2.374998e+00 2.192428e+00 2.666029e+00 2.928431e+00 2.274180e+00 2.529597e+00 2.154629e+00 1.971168e+00 3.227417e-03
<GCONST> 9.358076e+01
<MIXTURE> 28 5.036674e-03
<MEAN> 25
 -5.451869e+00 1.500475e-02 -1.567357e+00 6.616541e+00 5.233563e+00 3.517518e+00 5.418948e+00 3.128496e+00 3.921459e+00 2.392695e+00 2.636820e+00 3.218857e+00 -1.154677e-01 2.231626e-01 5.284139e-01 7.846512e-01 8.227519e-01 7.034758e-01 5.237611e-01 3.924388e-01 4.452344e-01 4.820892e-01 3.698817e-01 1.893223e-01 -1.332185e-05
<VARIANCE> 25
 1.043015e+01 8.379097e+00 1.216663e+01 1.483849e+01 1.470888e+01 1.772688e+01 1.805144e+01 1.901644e+01 1.718423e+01 1.673177e+01 2.060792e+01 1.500525e+01 2.565955e-01 3.364409e-01 4.070226e-01 4.641525e-01 6.223595e-01 8.475008e-01 1.056974e+00 1.144909e+00 1.102595e+00 1.029846e+00 1.040009e+00 1.066682e+00 1.001863e-06
<GCONST> 6.026295e+01
<MIXTURE> 29 5.036674e-03
<MEAN> 25
 -5.451869e+00 1.500475e-02 -1.567357e+00 6.616541e+00 5.233563e+00 3.517518e+00 5.418948e+00 3.128496e+00 3.921459e+00 2.392695e+00 2.636820e+00 3.218857e+00 -1.154677e-01 2.231626e-01 5.284139e-01 7.846512e-01 8.227519e-01 7.034758e-01 5.237611e-01 3.924388e-01 4.452344e-01 4.820892e-01 3.698817e-01 1.893223e-01 -1.332185e-05
<VARIANCE> 25
 1.043015e+01 8.379097e+00 1.216663e+01 1.483849e+01 1.470888e+01 1.772688e+01 1.805144e+01 1.901644e+01 1.718423e+01 1.673177e+01 2.060792e+01 1.500525e+01 2.565955e-01 3.364409e-01 4.070226e-01 4.641525e-01 6.223595e-01 8.475008e-01 1.056974e+00 1.144909e+00 1.102595e+00 1.029846e+00 1.040009e+00 1.066682e+00 1.001863e-06
<GCONST> 6.026295e+01
<MIXTURE> 30 8.917812e-03
<MEAN> 25
 -4.494856e+00 -1.955844e-01 6.549833e-01 9.089485e+00 7.776258e+00 7.510958e+00 7.584587e+00 6.881296e+00 6.534019e+00 4.897042e+00 7.013437e+00 3.502835e+00 -2.377401e-02 3.039365e-02 5.648663e-02 8.878811e-02 8.156331e-02 4.432442e-02 1.351708e-02 -3.020081e-03 1.724336e-02 5.153413e-02 6.148052e-02 3.488803e-02 -5.556997e-04
<VARIANCE> 25
 6.938110e+00 9.864533e+00 1.039685e+01 1.374210e+01 1.575179e+01 1.641825e+01 1.912591e+01 1.818077e+01 1.628381e+01 1.836780e+01 2.123915e+01 1.436375e+01 9.739164e-02 1.995653e-01 3.250103e-01 4.815429e-01 6.194437e-01 7.241967e-01 7.724708e-01 8.124726e-01 8.762312e-01 9.372468e-01 9.205505e-01 8.626050e-01 5.096844e-05
<GCONST> 6.058838e+01
<MIXTURE> 31 4.136493e-03
<MEAN> 25
 -3.293381e+00 -5.675468e+00 7.549530e-02 4.875129e+00 3.660849e+00 1.651173e+00 5.222342e+00 6.641418e+00 2.748799e+00 1.235517e+00 6.546089e+00 3.166476e+00 2.528670e-01 4.753692e-01 -2.138311e-01 3.100690e-01 1.208988e-01 4.192234e-01 1.946204e-01 1.433736e-02 3.768396e-01 3.842919e-01 1.033280e-01 1.123260e-01 -1.843888e-02
<VARIANCE> 25
 7.185540e+00 1.543325e+01 1.752120e+01 1.794892e+01 2.548802e+01 2.418349e+01 2.386839e+01 2.528946e+01 2.590467e+01 2.797922e+01 2.029174e+01 1.868119e+01 1.910869e-01 4.922214e-01 6.022363e-01 7.657796e-01 9.631014e-01 1.095726e+00 1.222024e+00 1.387982e+00 1.343259e+00 1.312715e+00 1.251430e+00 1.147543e+00 2.560891e-04
<GCONST> 7.186038e+01
<MIXTURE> 32 4.136493e-03
<MEAN> 25
 -3.293381e+00 -5.675468e+00 7.549530e-02 4.875129e+00 3.660849e+00 1.651173e+00 5.222342e+00 6.641418e+00 2.748799e+00 1.235517e+00 6.546089e+00 3.166476e+00 2.528670e-01 4.753692e-01 -2.138311e-01 3.100690e-01 1.208988e-01 4.192234e-01 1.946204e-01 1.433736e-02 3.768396e-01 3.842919e-01 1.033280e-01 1.123260e-01 -1.843888e-02
<VARIANCE> 25
 7.185540e+00 1.543325e+01 1.752120e+01 1.794892e+01 2.548802e+01 2.418349e+01 2.386839e+01 2.528946e+01 2.590467e+01 2.797922e+01 2.029174e+01 1.868119e+01 1.910869e-01 4.922214e-01 6.022363e-01 7.657796e-01 9.631014e-01 1.095726e+00 1.222024e+00 1.387982e+00 1.343259e+00 1.312715e+00 1.251430e+00 1.147543e+00 2.560891e-04
<GCONST> 7.186038e+01
<MIXTURE> 33 1.508826e-02
<MEAN> 25
 5.693143e+00 -3.969919e+00 -2.438136e+00 -2.106417e+00 -2.007451e+00 -5.173548e+00 -5.494498e+00 2.820611e+00 2.359869e+00 1.109495e+00 -3.678707e+00 -2.466740e+00 3.755932e-01 -1.243557e+00 -1.954125e+00 -1.663143e+00 1.262155e+00 1.409471e+00 -9.250082e-01 1.118591e+00 7.747456e-01 5.240757e-01 -4.721080e-01 -1.389663e+00 3.588113e-02
<VARIANCE> 25
 9.244677e+00 1.961691e+01 2.151918e+01 2.764882e+01 3.602304e+01 4.036854e+01 4.266771e+01 4.795261e+01 3.300902e+01 3.827997e+01 3.146635e+01 2.379466e+01 1.074149e+00 1.563921e+00 2.077364e+00 1.728662e+00 3.385813e+00 2.696713e+00 4.376152e+00 5.069027e+00 2.998694e+00 3.942552e+00 3.529656e+00 2.407128e+00 1.188980e-03
<GCONST> 9.118495e+01
<MIXTURE> 34 1.588179e-02
<MEAN> 25
 8.404333e+00 -2.091764e-01 -7.982082e-02 9.512169e-01 -2.565953e+00 -9.161783e-01 -5.728450e+00 -5.141346e+00 -1.023641e+00 2.544520e-01 -2.616368e+00 -3.713017e+00 2.832204e-02 1.383407e+00 1.230717e+00 2.259795e+00 4.773040e-02 -4.215021e-01 8.289495e-01 -1.662759e+00 -6.979641e-01 1.722471e-01 -7.958257e-01 2.723457e-01 -6.004341e-02
<VARIANCE> 25
 8.185050e+00 2.908541e+01 2.601035e+01 4.467329e+01 3.898075e+01 4.703460e+01 5.341587e+01 5.120856e+01 5.187668e+01 3.838279e+01 4.220627e+01 2.789598e+01 1.160895e+00 1.817884e+00 4.320413e+00 3.776780e+00 5.318702e+00 5.659522e+00 4.950292e+00 5.756222e+00 4.815937e+00 4.661500e+00 5.268501e+00 3.746739e+00 1.094637e-03
<GCONST> 9.814278e+01
<MIXTURE> 35 1.467755e-02
<MEAN> 25
 -2.048198e+00 -4.881428e+00 -1.135541e+01 1.403000e+00 1.115072e+01 8.762913e-01 1.216320e+00 9.577103e-01 9.104681e-01 4.695880e+00 -3.516365e-01 6.387596e-01 6.894079e-01 -1.451559e+00 -1.480523e+00 -8.550274e-01 1.656641e-01 -1.078402e+00 -9.580037e-01 1.144608e-01 -3.098816e-01 -2.740082e-01 -6.040165e-01 -5.723248e-01 1.127141e-01
<VARIANCE> 25
 1.570088e+01 2.952478e+01 4.481095e+01 5.293670e+01 4.393258e+01 5.040571e+01 4.460861e+01 4.208611e+01 4.167152e+01 3.307888e+01 2.913777e+01 2.891162e+01 2.872612e+00 4.712289e+00 8.704852e+00 5.187216e+00 5.085106e+00 4.980059e+00 4.339853e+00 3.928554e+00 4.302415e+00 4.710811e+00 3.251256e+00 3.030694e+00 5.142318e-03
<GCONST> 1.015728e+02
<MIXTURE> 36 1.093293e-02
<MEAN> 25
 3.825912e+00 -4.331331e+00 6.500269e+00 1.790643e+00 -9.816072e+00 -8.148720e+00 -6.197011e+00 2.871354e+00 -1.454648e-02 -4.088541e+00 5.124619e+00 1.936101e+00 7.862578e-02 4.165590e-01 -9.131008e-01 -6.360824e-02 5.959003e-01 -2.194220e-01 3.000638e-01 3.589754e-01 3.518188e-01 9.796197e-01 -1.002624e-01 -3.134251e-01 -2.328494e-02
<VARIANCE> 25
 8.625690e+00 2.354453e+01 2.268988e+01 2.050892e+01 2.187008e+01 2.521404e+01 3.134299e+01 2.366150e+01 3.614875e+01 2.318107e+01 2.576115e+01 2.460927e+01 4.540270e-01 9.489273e-01 1.087568e+00 1.092168e+00 1.364257e+00 1.129444e+00 2.284546e+00 1.387438e+00 1.579616e+00 1.505708e+00 1.508823e+00 1.237255e+00 7.930499e-04
<GCONST> 7.877477e+01
<MIXTURE> 37 1.246826e-02
<MEAN> 25
 3.308302e-01 7.847802e+00 1.113897e+01 -5.281087e+00 -7.873521e+00 3.629012e-01 -3.839538e+00 -7.036081e+00 -4.378818e+00 -1.436017e+00 -3.308246e+00 -8.798314e-01 9.266937e-02 7.768235e-01 -1.566529e+00 3.249643e+00 2.102957e+00 -6.674199e-01 1.118243e+00 9.313662e-02 9.028654e-01 -3.847677e-01 9.482621e-02 -3.683264e-01 -1.000550e-01
<VARIANCE> 25
 1.390364e+01 2.320375e+01 3.157484e+01 4.449331e+01 3.134044e+01 3.954656e+01 4.529795e+01 3.832748e+01 3.710328e+01 3.273823e+01 3.418504e+01 2.748076e+01 2.567333e+00 3.241768e+00 3.008135e+00 4.068692e+00 4.025885e+00 4.064685e+00 3.616005e+00 3.866865e+00 3.761452e+00 3.119359e+00 4.340106e+00 2.829490e+00 3.530657e-03
<GCONST> 9.688111e+01
<MIXTURE> 38 1.154525e-02
<MEAN> 25
 -4.690176e+00 8.709369e+00 4.413436e+00 2.876883e+00 1.348812e+00 -4.781229e+00 -5.184609e-01 -2.693171e+00 -2.858161e+00 -3.203138e+00 -1.196988e+00 -4.513274e-01 -4.392008e+00 1.281543e+00 -2.170036e-01 1.307822e+00 2.547848e+00 1.284214e+00 1.943972e+00 1.060931e+00 7.430738e-01 6.158375e-01 1.058936e+00 2.739116e-01 4.831045e-02
<VARIANCE> 25
 3.047132e+01 2.876969e+01 3.749217e+01 3.301292e+01 5.048542e+01 3.603959e+01 3.494086e+01 3.946641e+01 3.323007e+01 3.070715e+01 2.446644e+01 2.705039e+01 2.413788e+00 3.817494e+00 3.776294e+00 5.126335e+00 4.015322e+00 4.847471e+00 4.693806e+00 4.638433e+00 4.194929e+00 4.661376e+00 4.168782e+00 3.206471e+00 1.941630e-03
<GCONST> 9.855732e+01
<MIXTURE> 39 9.501865e-03
<MEAN> 25
 1.319137e+00 2.622943e+00 1.016452e+01 -9.129484e+00 -1.124927e+01 -9.297288e-01 -2.876033e+00 -6.490963e+00 -4.587976e+00 8.255891e-01 -3.560948e+00 -2.180544e+00 -7.232551e-01 1.545281e+00 1.616308e+00 -1.367934e+00 8.239631e-02 1.208513e+00 -1.176232e+00 -1.271420e+00 4.177770e-01 4.422357e-01 -5.059150e-01 1.026699e-01 5.024911e-04
<VARIANCE> 25
 8.840424e+00 3.023691e+01 3.154015e+01 3.839793e+01 3.709249e+01 4.326935e+01 4.454358e+01 3.391201e+01 3.961385e+01 3.301864e+01 3.685403e+01 3.020019e+01 6.865131e-01 1.592194e+00 1.500376e+00 2.944559e+00 2.415039e+00 2.803101e+00 3.069787e+00 2.764452e+00 2.416801e+00 2.586211e+00 2.118167e+00 2.094993e+00 1.229121e-03
<GCONST> 8.977356e+01
<MIXTURE> 40 1.030800e-02
<MEAN> 25
 -9.601914e+00 1.882045e+00 -1.174509e+00 7.693049e+00 4.109088e+00 5.047412e+00 5.342298e+00 4.324503e+00 4.819659e+00 4.321370e+00 5.126699e+00 1.662470e+00 -1.142354e-01 -2.950265e-01 -1.054835e-01 -1.657931e-01 -5.033625e-02 -1.584036e-01 -1.097004e-02 1.884410e-01 9.419224e-02 1.724299e-01 1.804606e-02 -5.414351e-02 7.679589e-03
<VARIANCE> 25
 3.914334e+01 2.337712e+01 2.719711e+01 2.713724e+01 2.677347e+01 1.936200e+01 1.781259e+01 1.997272e+01 1.659303e+01 1.719101e+01 2.067624e+01 1.369782e+01 7.660916e-01 7.189614e-01 8.889393e-01 1.064121e+00 1.184837e+00 1.257464e+00 1.330505e+00 1.475037e+00 1.314267e+00 1.440796e+00 1.106629e+00 1.051487e+00 9.158643e-04
<GCONST> 7.700981e+01
<MIXTURE> 41 6.713375e-03
<MEAN> 25
 1.302609e+00 1.795639e+00 1.048164e+01 -6.973431e+00 -1.046224e+01 -3.828966e+00 -2.465332e+00 -5.055972e+00 -4.646629e+00 2.634689e+00 -1.727132e+00 -9.552513e-01 8.945074e-02 -7.732689e-01 1.696055e+00 -3.543336e+00 -2.469541e+00 -1.065525e-01 -5.112526e-01 -3.530810e-01 -8.260806e-01 1.082545e+00 -1.041146e+00 8.409187e-02 8.629209e-02
<VARIANCE> 25
 1.167987e+01 2.962719e+01 3.256351e+01 4.000415e+01 3.863734e+01 4.036770e+01 3.720352e+01 2.985840e+01 3.303543e+01 2.898494e+01 3.188759e+01 2.712154e+01 3.216217e+00 3.357891e+00 3.814859e+00 3.874746e+00 4.917822e+00 5.873457e+00 4.711961e+00 4.551526e+00 3.964930e+00 4.216712e+00 3.831029e+00 3.215805e+00 2.921933e-03
<GCONST> 9.795171e+01
<MIXTURE> 42 1.106211e-02
<MEAN> 25
 -2.056683e+00 5.140353e+00 3.573156e+00 3.038416e+00 1.295702e+00 -5.843141e+00 -1.473006e-01 -2.136583e+00 -1.080091e+00 -1.794080e+00 -1.645374e+00 2.472902e-01 3.765067e+00 -4.061830e-01 1.836469e+00 1.212555e-01 -3.163601e+00 -7.648153e-01 -2.051210e+00 -7.707540e-01 -7.032670e-01 -8.995430e-01 3.829710e-01 -9.728113e-01 1.799337e-02
<VARIANCE> 25
 3.121517e+01 2.366069e+01 4.625769e+01 3.394675e+01 3.870662e+01 3.381639e+01 3.388911e+01 2.469127e+01 2.440061e+01 2.633045e+01 1.914004e+01 1.789339e+01 3.924545e+00 5.572367e+00 5.843806e+00 3.946419e+00 5.063672e+00 5.903569e+00 4.435409e+00 4.647406e+00 4.441387e+00 5.051992e+00 3.617458e+00 3.027903e+00 4.147399e-03
<GCONST> 9.878467e+01
<MIXTURE> 43 7.108249e-03
<MEAN> 25
 3.055409e+00 -6.210381e+00 -1.976060e+00 -5.116866e+00 -7.453084e+00 -3.027951e+00 4.007368e+00 1.479543e+00 -5.247638e+00 -6.999019e+00 -4.093402e+00 -9.475340e-01 2.269380e-01 2.197694e+00 1.915547e+00 -1.429497e-01 -1.442314e+00 -7.637326e-01 -8.965131e-01 -8.641257e-01 7.697011e-01 1.422274e+00 3.696982e-01 -1.136190e-02 -4.547638e-02
<VARIANCE> 25
 9.689640e+00 1.967871e+01 2.885532e+01 3.446024e+01 3.767868e+01 4.010812e+01 3.286546e+01 4.011014e+01 4.044515e+01 3.789151e+01 2.754320e+01 3.206879e+01 6.719574e-01 1.280946e+00 1.547125e+00 2.452257e+00 2.338748e+00 2.348489e+00 2.742127e+00 3.150704e+00 2.641486e+00 2.584150e+00 2.333051e+00 1.973641e+00 9.330501e-04
<GCONST> 8.823660e+01
<MIXTURE> 44 7.328289e-03
<MEAN> 25
 -1.480623e+01 2.679738e+00 3.400305e+00 -3.153900e+00 3.908642e+00 1.586087e+00 8.910114e-01 2.643891e+00 1.438648e+00 -8.562784e-01 1.949624e+00 1.447960e+00 -1.634332e-01 1.864973e-01 1.544922e-01 2.274532e-01 -9.121196e-02 6.684721e-02 5.426783e-01 6.673347e-02 2.930370e-01 1.492613e-01 9.621537e-02 -1.861333e-02 5.644957e-03
<VARIANCE> 25
 3.983432e+01 3.740339e+01 3.285829e+01 2.859226e+01 3.004736e+01 2.895852e+01 2.853719e+01 3.069436e+01 2.616562e+01 2.589889e+01 2.533559e+01 2.123363e+01 1.226283e+00 2.034156e+00 1.293382e+00 1.344714e+00 2.074979e+00 1.676913e+00 1.506015e+00 1.696537e+00 1.457045e+00 1.436400e+00 1.333391e+00 1.256011e+00 1.188497e-03
<GCONST> 8.462076e+01
<MIXTURE> 45 1.364932e-02
<MEAN> 25
 -1.148639e+01 4.086018e+00 -8.725822e-01 1.753622e+00 6.186129e+00 1.468585e-01 4.715066e+00 2.480361e+00 2.585885e+00 7.159898e-01 2.189858e+00 2.191464e+00 -2.698521e+00 6.880758e-01 -3.303071e-01 -5.644762e-01 4.159227e-01 -1.789718e-01 3.901472e-01 3.640680e-01 -1.235414e-02 3.671132e-02 5.400026e-01 4.967857e-02 1.011056e-01
<VARIANCE> 25
 2.941948e+01 2.792842e+01 2.730891e+01 3.371550e+01 2.720581e+01 2.429266e+01 2.593504e+01 2.209101e+01 2.372154e+01 2.622493e+01 2.344395e+01 1.338766e+01 2.173437e+00 3.326940e+00 2.546145e+00 2.403113e+00 2.756490e+00 2.320067e+00 2.188301e+00 2.702878e+00 1.769428e+00 2.035719e+00 1.973007e+00 1.706262e+00 3.986009e-03
<GCONST> 8.890289e+01
<MIXTURE> 46 9.336259e-03
<MEAN> 25
 -9.029591e+00 2.214538e+00 3.268829e-01 7.271546e+00 8.541817e+00 2.859036e+00 6.156059e+00 3.191128e+00 4.873682e+00 5.184043e+00 4.348457e+00 2.428344e+00 1.111750e+00 6.111640e-01 1.449603e-01 7.702538e-01 7.193565e-01 1.128364e+00 5.819585e-01 -5.519795e-02 2.055220e-01 3.414073e-01 5.927864e-01 4.187837e-01 -1.078217e-01
<VARIANCE> 25
 2.823594e+01 4.107563e+01 3.308017e+01 4.042978e+01 6.489397e+01 3.558222e+01 3.439995e+01 3.780360e+01 3.049886e+01 2.584810e+01 2.586078e+01 1.747304e+01 3.144346e+00 5.889700e+00 3.220878e+00 3.552939e+00 4.486260e+00 3.284142e+00 3.180141e+00 4.355546e+00 2.636410e+00 2.401518e+00 2.026101e+00 1.514416e+00 6.577992e-03
<GCONST> 9.651720e+01
<MIXTURE> 47 7.116147e-03
<MEAN> 25
 6.136744e+00 -6.783576e+00 -6.289897e+00 -5.060304e+00 1.416083e+00 2.142695e+00 -2.139335e+00 1.826167e+00 2.121448e+00 1.028023e+00 -4.213810e+00 -5.527207e+00 -1.619977e-01 -1.261793e+00 -5.852456e-01 -5.303836e-01 5.140662e-01 1.052276e+00 5.376810e-01 5.155724e-01 -1.232042e-01 -7.865596e-01 -3.483760e-01 -3.077963e-01 2.962741e-02
<VARIANCE> 25
 1.007575e+01 1.817696e+01 1.838006e+01 3.030998e+01 2.780271e+01 5.093964e+01 3.769599e+01 4.690854e+01 3.435889e+01 3.813205e+01 3.694732e+01 2.853291e+01 4.437001e-01 6.774550e-01 9.884282e-01 1.246896e+00 1.622508e+00 1.891651e+00 3.027887e+00 3.003707e+00 1.745133e+00 2.018598e+00 2.914406e+00 2.353147e+00 4.518199e-04
<GCONST> 8.417049e+01
<MIXTURE> 48 7.116147e-03
<MEAN> 25
 6.136744e+00 -6.783576e+00 -6.289897e+00 -5.060304e+00 1.416083e+00 2.142695e+00 -2.139335e+00 1.826167e+00 2.121448e+00 1.028023e+00 -4.213810e+00 -5.527207e+00 -1.619977e-01 -1.261793e+00 -5.852456e-01 -5.303836e-01 5.140662e-01 1.052276e+00 5.376810e-01 5.155724e-01 -1.232042e-01 -7.865596e-01 -3.483760e-01 -3.077963e-01 2.962741e-02
<VARIANCE> 25
 1.007575e+01 1.817696e+01 1.838006e+01 3.030998e+01 2.780271e+01 5.093964e+01 3.769599e+01 4.690854e+01 3.435889e+01 3.813205e+01 3.694732e+01 2.853291e+01 4.437001e-01 6.774550e-01 9.884282e-01 1.246896e+00 1.622508e+00 1.891651e+00 3.027887e+00 3.003707e+00 1.745133e+00 2.018598e+00 2.914406e+00 2.353147e+00 4.518199e-04
<GCONST> 8.417049e+01
<MIXTURE> 49 5.548473e-03
<MEAN> 25
 -5.087485e+00 3.547415e-01 1.706981e-01 8.453926e+00 6.148538e+00 5.620632e+00 6.068976e+00 4.488417e+00 5.026273e+00 3.723449e+00 4.934968e+00 2.862850e+00 3.660426e-01 6.559807e-01 7.026452e-01 3.534243e-01 -1.966139e-01 -6.695331e-01 -1.009067e+00 -1.121606e+00 -9.561820e-01 -6.807481e-01 -4.928881e-01 -2.715284e-01 -2.008005e-05
<VARIANCE> 25
 9.597992e+00 1.003649e+01 1.425577e+01 1.587317e+01 1.589453e+01 1.713665e+01 1.943544e+01 1.942959e+01 1.823021e+01 1.794926e+01 2.063239e+01 1.428914e+01 2.803990e-01 2.632295e-01 3.594671e-01 6.115493e-01 8.694316e-01 9.741457e-01 9.924999e-01 1.052719e+00 1.135285e+00 1.219569e+00 1.280768e+00 1.208620e+00 1.434273e-05
<GCONST> 6.432121e+01
<MIXTURE> 50 6.234641e-03
<MEAN> 25
 -4.667297e+00 9.274097e-02 -1.451486e+00 6.200746e+00 4.220960e+00 2.276392e+00 3.705180e+00 1.987271e+00 2.779905e+00 1.404947e+00 2.157530e+00 2.846884e+00 5.631480e-02 1.759396e-01 9.540368e-02 -1.772728e-01 -5.118390e-01 -6.152570e-01 -4.266462e-01 -5.125352e-02 4.410728e-01 7.741106e-01 7.390668e-01 4.451569e-01 -1.301583e-05
<VARIANCE> 25
 1.053794e+01 1.115888e+01 1.434672e+01 1.541858e+01 1.534401e+01 1.857921e+01 1.856904e+01 1.948717e+01 1.854696e+01 1.749004e+01 2.164972e+01 1.520352e+01 1.447876e-01 2.394428e-01 3.785429e-01 5.173824e-01 5.987353e-01 7.348699e-01 9.568260e-01 1.118142e+00 1.060243e+00 9.096958e-01 9.182222e-01 9.894410e-01 1.000000e-06
<GCONST> 5.954232e+01
<MIXTURE> 51 6.234641e-03
<MEAN> 25
 -4.667297e+00 9.274097e-02 -1.451486e+00 6.200746e+00 4.220960e+00 2.276392e+00 3.705180e+00 1.987271e+00 2.779905e+00 1.404947e+00 2.157530e+00 2.846884e+00 5.631480e-02 1.759396e-01 9.540368e-02 -1.772728e-01 -5.118390e-01 -6.152570e-01 -4.266462e-01 -5.125352e-02 4.410728e-01 7.741106e-01 7.390668e-01 4.451569e-01 -1.301583e-05
<VARIANCE> 25
 1.053794e+01 1.115888e+01 1.434672e+01 1.541858e+01 1.534401e+01 1.857921e+01 1.856904e+01 1.948717e+01 1.854696e+01 1.749004e+01 2.164972e+01 1.520352e+01 1.447876e-01 2.394428e-01 3.785429e-01 5.173824e-01 5.987353e-01 7.348699e-01 9.568260e-01 1.118142e+00 1.060243e+00 9.096958e-01 9.182222e-01 9.894410e-01 1.000000e-06
<GCONST> 5.954232e+01
<MIXTURE> 52 6.367945e-03
<MEAN> 25
 9.723929e+00 1.537610e+00 -5.916234e+00 -1.374253e+01 -3.931510e+00 9.108397e+00 -2.568102e+00 -2.990934e+00 -4.248738e+00 -2.154434e+00 3.138457e+00 1.165604e+00 -3.481842e-01 -4.713745e-01 -2.008182e-02 1.104199e+00 1.328743e+00 -4.500594e-01 -5.231618e-01 -7.664559e-01 8.970644e-02 1.241745e+00 1.725305e-01 -5.079820e-01 -1.319145e-02
<VARIANCE> 25
 1.012088e+01 2.169034e+01 2.408862e+01 3.842482e+01 4.300715e+01 3.167561e+01 4.350558e+01 4.570748e+01 3.980957e+01 4.244007e+01 3.775695e+01 3.065709e+01 4.272285e-01 1.385183e+00 1.280937e+00 2.582336e+00 2.164850e+00 2.148959e+00 2.875587e+00 2.757927e+00 2.876515e+00 2.477185e+00 3.141373e+00 2.238212e+00 1.458782e-03
<GCONST> 8.913078e+01
<MIXTURE> 53 6.367945e-03
<MEAN> 25
 9.723929e+00 1.537610e+00 -5.916234e+00 -1.374253e+01 -3.931510e+00 9.108397e+00 -2.568102e+00 -2.990934e+00 -4.248738e+00 -2.154434e+00 3.138457e+00 1.165604e+00 -3.481842e-01 -4.713745e-01 -2.008182e-02 1.104199e+00 1.328743e+00 -4.500594e-01 -5.231618e-01 -7.664559e-01 8.970644e-02 1.241745e+00 1.725305e-01 -5.079820e-01 -1.319145e-02
<VARIANCE> 25
 1.012088e+01 2.169034e+01 2.408862e+01 3.842482e+01 4.300715e+01 3.167561e+01 4.350558e+01 4.570748e+01 3.980957e+01 4.244007e+01 3.775695e+01 3.065709e+01 4.272285e-01 1.385183e+00 1.280937e+00 2.582336e+00 2.164850e+00 2.148959e+00 2.875587e+00 2.757927e+00 2.876515e+00 2.477185e+00 3.141373e+00 2.238212e+00 1.458782e-03
<GCONST> 8.913078e+01
<MIXTURE> 54 7.368620e-03
<MEAN> 25
 -3.633801e+00 4.931954e-02 -6.831419e-01 8.036570e+00 6.484003e+00 4.625407e+00 4.675332e+00 4.601055e+00 4.053099e+00 3.593801e+00 4.457477e+00 2.326298e+00 -2.133210e-03 2.653849e-02 3.415401e-02 4.748240e-02 5.136495e-02 4.707923e-02 3.888674e-02 2.892036e-02 3.080963e-02 2.506088e-02 1.452187e-02 1.778039e-03 -1.219590e-05
<VARIANCE> 25
 9.137465e+00 1.036359e+01 9.295803e+00 1.818508e+01 1.332127e+01 1.353345e+01 1.197145e+01 1.128198e+01 1.134292e+01 1.354989e+01 1.780268e+01 1.253449e+01 4.087522e-02 8.734614e-02 1.540843e-01 2.265825e-01 3.079380e-01 3.969485e-01 4.608482e-01 5.215847e-01 5.420835e-01 5.211474e-01 5.144392e-01 5.164422e-01 1.000000e-06
<GCONST> 4.724841e+01
<MIXTURE> 55 7.368620e-03
<MEAN> 25
 -3.633801e+00 4.931954e-02 -6.831419e-01 8.036570e+00 6.484003e+00 4.625407e+00 4.675332e+00 4.601055e+00 4.053099e+00 3.593801e+00 4.457477e+00 2.326298e+00 -2.133210e-03 2.653849e-02 3.415401e-02 4.748240e-02 5.136495e-02 4.707923e-02 3.888674e-02 2.892036e-02 3.080963e-02 2.506088e-02 1.452187e-02 1.778039e-03 -1.219590e-05
<VARIANCE> 25
 9.137465e+00 1.036359e+01 9.295803e+00 1.818508e+01 1.332127e+01 1.353345e+01 1.197145e+01 1.128198e+01 1.134292e+01 1.354989e+01 1.780268e+01 1.253449e+01 4.087522e-02 8.734614e-02 1.540843e-01 2.265825e-01 3.079380e-01 3.969485e-01 4.608482e-01 5.215847e-01 5.420835e-01 5.211474e-01 5.144392e-01 5.164422e-01 1.000000e-06
<GCONST> 4.724841e+01
<MIXTURE> 56 6.132464e-03
<MEAN> 25
 7.053550e+00 -6.661424e+00 -8.332026e+00 -7.883996e+00 3.658957e+00 4.159798e+00 -1.714733e+00 -1.052522e+00 1.964299e+00 1.120341e+00 -2.909031e+00 -7.136816e+00 -7.864780e-03 -2.798631e-02 -3.272973e-02 -4.730183e-02 2.422888e-01 5.605264e-02 -7.271269e-02 -1.332173e-01 3.914816e-02 3.837240e-02 -1.214960e-02 -1.062660e-02 -5.564548e-03
<VARIANCE> 25
 9.208830e+00 2.126456e+01 2.099050e+01 4.087800e+01 2.905444e+01 5.178791e+01 5.758518e+01 4.078703e+01 3.500833e+01 3.579058e+01 4.000088e+01 3.018041e+01 1.875541e-01 4.352079e-01 4.623358e-01 6.953319e-01 7.174550e-01 1.022109e+00 1.109783e+00 8.692163e-01 9.247268e-01 9.745839e-01 1.128924e+00 8.572916e-01 2.311333e-04
<GCONST> 7.479028e+01
<MIXTURE> 57 6.132464e-03
<MEAN> 25
 7.053550e+00 -6.661424e+00 -8.332026e+00 -7.883996e+00 3.658957e+00 4.159798e+00 -1.714733e+00 -1.052522e+00 1.964299e+00 1.120341e+00 -2.909031e+00 -7.136816e+00 -7.864780e-03 -2.798631e-02 -3.272973e-02 -4.730183e-02 2.422888e-01 5.605264e-02 -7.271269e-02 -1.332173e-01 3.914816e-02 3.837240e-02 -1.214960e-02 -1.062660e-02 -5.564548e-03
<VARIANCE> 25
 9.208830e+00 2.126456e+01 2.099050e+01 4.087800e+01 2.905444e+01 5.178791e+01 5.758518e+01 4.078703e+01 3.500833e+01 3.579058e+01 4.000088e+01 3.018041e+01 1.875541e-01 4.352079e-01 4.623358e-01 6.953319e-01 7.174550e-01 1.022109e+00 1.109783e+00 8.692163e-01 9.247268e-01 9.745839e-01 1.128924e+00 8.572916e-01 2.311333e-04
<GCONST> 7.479028e+01
<MIXTURE> 58 6.172147e-03
<MEAN> 25
 2.353597e+00 -3.329169e+00 7.406768e+00 -4.789784e+00 -1.324778e+01 -5.344425e+00 5.769408e-01 1.045831e+00 -2.732344e+00 9.427586e-01 1.357077e+00 -3.993497e-01 -7.184573e-02 -9.807180e-02 -1.039269e-01 -1.824873e-01 -5.607083e-02 1.776581e-01 4.318373e-01 2.808835e-01 6.190100e-02 1.325761e-01 8.336187e-02 -1.447334e-01 -5.052391e-03
<VARIANCE> 25
 6.926101e+00 1.432629e+01 1.862923e+01 2.578686e+01 2.153820e+01 4.267209e+01 3.620646e+01 3.105983e+01 3.580984e+01 3.280247e+01 2.517953e+01 1.976953e+01 2.844821e-01 7.880803e-01 7.087947e-01 9.414651e-01 8.159593e-01 1.114422e+00 1.094793e+00 1.220650e+00 1.081791e+00 1.130642e+00 1.060996e+00 8.499414e-01 7.653256e-04
<GCONST> 7.506430e+01
<MIXTURE> 59 6.172147e-03
<MEAN> 25
 2.353597e+00 -3.329169e+00 7.406768e+00 -4.789784e+00 -1.324778e+01 -5.344425e+00 5.769408e-01 1.045831e+00 -2.732344e+00 9.427586e-01 1.357077e+00 -3.993497e-01 -7.184573e-02 -9.807180e-02 -1.039269e-01 -1.824873e-01 -5.607083e-02 1.776581e-01 4.318373e-01 2.808835e-01 6.190100e-02 1.325761e-01 8.336187e-02 -1.447334e-01 -5.052391e-03
<VARIANCE> 25
 6.926101e+00 1.432629e+01 1.862923e+01 2.578686e+01 2.153820e+01 4.267209e+01 3.620646e+01 3.105983e+01 3.580984e+01 3.280247e+01 2.517953e+01 1.976953e+01 2.844821e-01 7.880803e-01 7.087947e-01 9.414651e-01 8.159593e-01 1.114422e+00 1.094793e+00 1.220650e+00 1.081791e+00 1.130642e+00 1.060996e+00 8.499414e-01 7.653256e-04
<GCONST> 7.506430e+01
<MIXTURE> 60 4.479129e-03
<MEAN> 25
 -4.264412e+00 -6.649205e-01 -1.084359e+00 3.697169e+00 1.731557e+00 2.118899e+00 1.637533e+00 1.531136e+00 2.158362e+00 1.264580e+00 2.385927e+00 1.916047e+00 -2.849471e-02 5.649697e-02 1.011009e-01 1.301843e-01 1.294747e-01 1.293214e-01 1.787819e-01 3.225700e-01 5.452019e-01 6.645793e-01 5.562655e-01 3.033060e-01 -3.906275e-04
<VARIANCE> 25
 6.933399e+00 4.524334e+00 1.027669e+01 1.130723e+01 1.357739e+01 1.700132e+01 1.399784e+01 1.185820e+01 1.272535e+01 1.319722e+01 1.594126e+01 1.229309e+01 8.693253e-02 1.683314e-01 2.793862e-01 4.319099e-01 5.865163e-01 7.279976e-01 8.283083e-01 8.989606e-01 9.026433e-01 8.357123e-01 8.391441e-01 8.626376e-01 2.295632e-05
<GCONST> 5.633125e+01
<MIXTURE> 61 4.479129e-03
<MEAN> 25
 -4.264412e+00 -6.649205e-01 -1.084359e+00 3.697169e+00 1.731557e+00 2.118899e+00 1.637533e+00 1.531136e+00 2.158362e+00 1.264580e+00 2.385927e+00 1.916047e+00 -2.849471e-02 5.649697e-02 1.011009e-01 1.301843e-01 1.294747e-01 1.293214e-01 1.787819e-01 3.225700e-01 5.452019e-01 6.645793e-01 5.562655e-01 3.033060e-01 -3.906275e-04
<VARIANCE> 25
 6.933399e+00 4.524334e+00 1.027669e+01 1.130723e+01 1.357739e+01 1.700132e+01 1.399784e+01 1.185820e+01 1.272535e+01 1.319722e+01 1.594126e+01 1.229309e+01 8.693253e-02 1.683314e-01 2.793862e-01 4.319099e-01 5.865163e-01 7.279976e-01 8.283083e-01 8.989606e-01 9.026433e-01 8.357123e-01 8.391441e-01 8.626376e-01 2.295632e-05
<GCONST> 5.633125e+01
<MIXTURE> 62 3.278034e-03
<MEAN> 25
 -5.094316e+00 1.267333e+00 1.035835e+00 8.813740e+00 6.137731e+00 5.039512e+00 5.522489e+00 4.015405e+00 4.969250e+00 3.898991e+00 4.944651e+00 2.937373e+00 -1.002509e+00 -1.162634e+00 -9.515233e-01 -2.754778e-01 4.343119e-01 1.008981e+00 1.387009e+00 1.552401e+00 1.478832e+00 1.237878e+00 1.054255e+00 7.214350e-01 -1.268982e-03
<VARIANCE> 25
 9.843402e+00 1.012960e+01 1.309954e+01 1.668516e+01 1.737014e+01 1.750410e+01 1.979278e+01 1.915105e+01 1.888238e+01 1.877189e+01 2.163261e+01 1.480337e+01 4.005893e-01 4.355584e-01 5.531875e-01 7.772701e-01 1.045079e+00 1.192583e+00 1.249801e+00 1.274799e+00 1.325251e+00 1.368715e+00 1.444949e+00 1.373292e+00 1.627385e-05
<GCONST> 6.758162e+01
<MIXTURE> 63 4.351215e-03
<MEAN> 25
 -4.151786e+00 -2.405448e+00 -4.692477e+00 2.866207e+00 3.385139e+00 -3.388928e-01 2.893336e+00 1.423981e+00 2.352426e+00 -7.984380e-01 -1.146532e+00 2.519338e+00 -1.032177e-01 3.212942e-01 4.138457e-01 5.113373e-01 3.918306e-01 4.111762e-01 4.127156e-01 1.542783e-01 1.485106e-01 2.416474e-01 2.025659e-01 1.352925e-01 -4.294454e-03
<VARIANCE> 25
 9.020182e+00 1.496350e+01 1.671303e+01 1.608107e+01 1.810525e+01 2.713742e+01 2.304677e+01 2.465107e+01 2.491981e+01 2.205361e+01 2.082752e+01 1.710360e+01 2.724753e-01 4.647628e-01 6.174405e-01 7.116239e-01 9.063650e-01 1.143222e+00 1.259542e+00 1.366310e+00 1.358973e+00 1.445116e+00 1.425876e+00 1.239039e+00 1.811544e-04
<GCONST> 7.148746e+01
<MIXTURE> 64 4.351215e-03
<MEAN> 25
 -4.151786e+00 -2.405448e+00 -4.692477e+00 2.866207e+00 3.385139e+00 -3.388928e-01 2.893336e+00 1.423981e+00 2.352426e+00 -7.984380e-01 -1.146532e+00 2.519338e+00 -1.032177e-01 3.212942e-01 4.138457e-01 5.113373e-01 3.918306e-01 4.111762e-01 4.127156e-01 1.542783e-01 1.485106e-01 2.416474e-01 2.025659e-01 1.352925e-01 -4.294454e-03
<VARIANCE> 25
 9.020182e+00 1.496350e+01 1.671303e+01 1.608107e+01 1.810525e+01 2.713742e+01 2.304677e+01 2.465107e+01 2.491981e+01 2.205361e+01 2.082752e+01 1.710360e+01 2.724753e-01 4.647628e-01 6.174405e-01 7.116239e-01 9.063650e-01 1.143222e+00 1.259542e+00 1.366310e+00 1.358973e+00 1.445116e+00 1.425876e+00 1.239039e+00 1.811544e-04
<GCONST> 7.148746e+01
<MIXTURE> 65 1.721197e-02
<MEAN> 25
 7.244029e+00 1.555635e+00 1.526694e+00 8.765574e-01 -4.595663e+00 -3.486181e+00 -4.313737e+00 -6.056086e+00 -2.742716e+00 -2.045963e+00 -4.863989e+00 -1.789630e+00 1.481778e-01 6.665891e-02 -6.098559e-02 -1.149518e-01 -2.058986e-01 2.365366e-01 -1.434748e-01 6.060137e-03 2.027843e-01 9.245344e-02 -2.490490e-02 -8.961187e-02 -2.294371e-03
<VARIANCE> 25
 1.048811e+01 1.727100e+01 2.121363e+01 3.183430e+01 3.614678e+01 5.956875e+01 6.173193e+01 5.150148e+01 4.768336e+01 5.270391e+01 5.116476e+01 4.665908e+01 4.740587e-01 8.740894e-01 1.428446e+00 1.819003e+00 1.957091e+00 2.060577e+00 2.441248e+00 3.042477e+00 2.046766e+00 2.383604e+00 2.986771e+00 2.340953e+00 4.289505e-04
<GCONST> 8.825668e+01
<MIXTURE> 66 1.191532e-02
<MEAN> 25
 6.017067e+00 -4.448233e+00 -4.881944e+00 -4.519252e+00 1.045500e+00 -4.054440e+00 -6.690991e+00 8.979566e-01 2.272285e+00 -8.899310e-01 -5.516849e+00 -3.997047e+00 -3.073707e-02 1.518164e+00 2.024848e+00 2.302551e+00 -1.253482e+00 -1.511721e+00 -7.436887e-03 -1.121737e+00 4.884263e-02 -3.939505e-01 -2.026843e-01 1.272599e+00 -5.708292e-02
<VARIANCE> 25
 8.721451e+00 2.142503e+01 2.416110e+01 2.953639e+01 3.329121e+01 5.031469e+01 4.626520e+01 5.273091e+01 5.427093e+01 5.911580e+01 3.124488e+01 3.266333e+01 1.037127e+00 2.308208e+00 2.075524e+00 2.088650e+00 3.538621e+00 3.744304e+00 3.660968e+00 5.945876e+00 3.634750e+00 4.116479e+00 4.016159e+00 3.117137e+00 1.410876e-03
<GCONST> 9.464573e+01
<MIXTURE> 67 1.559142e-02
<MEAN> 25
 8.229532e+00 1.404820e+00 -6.087969e+00 -7.437944e+00 1.109569e+00 2.831877e+00 -3.743775e+00 -2.713135e+00 -3.269230e+00 1.631157e+00 -5.664431e-01 -1.897816e+00 -1.051978e+00 2.051000e+00 7.747900e-01 2.707587e+00 1.492951e+00 -6.011938e-01 1.817441e+00 -2.159666e-01 3.531547e-01 -4.511224e-03 -4.225521e-01 3.579970e-01 -1.316468e-01
<VARIANCE> 25
 1.281977e+01 3.681733e+01 2.678810e+01 5.161236e+01 4.341060e+01 4.757883e+01 5.730817e+01 4.817385e+01 5.733248e+01 5.427039e+01 4.943441e+01 4.121694e+01 1.901381e+00 3.260743e+00 3.275328e+00 4.549793e+00 4.090997e+00 4.021714e+00 5.529901e+00 5.118699e+00 4.936657e+00 4.478807e+00 4.582872e+00 3.624628e+00 2.702603e-03
<GCONST> 1.012165e+02
<MIXTURE> 68 1.485092e-02
<MEAN> 25
 -2.044234e+00 -2.013917e+00 -4.861484e+00 1.702880e+00 5.702748e+00 -1.066308e+00 2.184389e+00 1.514748e+00 1.843633e+00 1.718343e+00 3.350441e-01 1.467240e+00 2.686397e+00 4.493461e-01 2.144191e-01 -2.328300e+00 -2.457370e+00 -1.468001e+00 -2.325156e+00 -1.512501e+00 -1.539099e+00 -1.396783e+00 -1.864932e+00 -1.064543e+00 9.999543e-02
<VARIANCE> 25
 2.433751e+01 3.266955e+01 6.264767e+01 4.947901e+01 4.954566e+01 5.156895e+01 4.230890e+01 4.008244e+01 3.781544e+01 4.031414e+01 3.404570e+01 2.502469e+01 1.910307e+00 3.992172e+00 6.403589e+00 5.925462e+00 4.642842e+00 5.809506e+00 5.823021e+00 5.198856e+00 4.723649e+00 5.931941e+00 4.734808e+00 3.163373e+00 5.882596e-03
<GCONST> 1.032998e+02
<MIXTURE> 69 1.204884e-02
<MEAN> 25
 4.529078e+00 -4.172853e+00 -3.573000e+00 -3.372206e+00 -3.487452e+00 -7.712777e+00 -1.168074e+00 2.255041e+00 -1.691274e-01 -4.298172e+00 -5.434385e+00 8.697273e-01 1.637907e+00 -2.239065e+00 -1.281691e+00 -2.172229e+00 -5.232250e-01 -2.477645e-01 -5.731696e-01 6.518652e-01 -6.182458e-01 -1.269863e+00 -2.181043e+00 -2.567878e-01 6.269045e-02
<VARIANCE> 25
 8.863593e+00 2.156614e+01 2.546684e+01 2.595770e+01 4.125358e+01 3.602702e+01 4.766841e+01 3.170483e+01 3.871143e+01 3.961459e+01 3.117058e+01 2.409529e+01 3.534594e+00 2.787527e+00 3.229911e+00 3.619897e+00 5.566261e+00 5.006914e+00 7.429509e+00 5.836581e+00 5.638579e+00 6.334659e+00 4.211048e+00 3.702805e+00 2.398464e-03
<GCONST> 9.840875e+01
<MIXTURE> 70 1.329190e-02
<MEAN> 25
 6.432935e+00 -2.128633e+00 -4.113810e+00 -2.525333e+00 -1.954608e-01 -7.532063e-02 -7.505060e+00 -3.358467e+00 6.945356e-01 3.368951e+00 -1.053627e+00 -4.563986e+00 2.054453e+00 -1.460150e+00 -5.461087e-01 -2.001326e+00 -1.425148e+00 1.452114e+00 -1.740148e+00 2.242723e-01 -2.003861e-02 5.804420e-01 3.061790e-01 -1.323546e+00 6.392391e-02
<VARIANCE> 25
 1.144751e+01 2.029571e+01 2.242227e+01 4.111803e+01 2.978026e+01 3.664582e+01 4.546710e+01 3.801960e+01 3.901629e+01 2.886546e+01 3.732581e+01 2.254332e+01 3.109639e+00 2.857920e+00 4.013474e+00 4.021613e+00 4.173954e+00 5.297112e+00 8.095674e+00 6.322345e+00 5.241659e+00 6.174569e+00 5.336345e+00 3.541778e+00 2.230116e-03
<GCONST> 9.874152e+01
<MIXTURE> 71 1.406903e-02
<MEAN> 25
 5.979941e+00 4.981125e+00 3.758849e+00 2.738697e+00 -3.196722e+00 -3.233556e+00 -2.749415e+00 -6.680206e+00 -4.444913e+00 -2.540430e+00 -5.053046e+00 -2.981306e+00 -1.544602e+00 -6.928812e-01 -1.984139e-01 -1.704799e+00 1.167118e+00 -9.993441e-02 -1.058365e-01 1.481466e+00 2.427008e-01 -1.728155e-01 8.265333e-01 2.112019e-01 3.965576e-02
<VARIANCE> 25
 1.978641e+01 2.541091e+01 2.488290e+01 4.330064e+01 3.874738e+01 3.935524e+01 4.478258e+01 3.921914e+01 3.700516e+01 4.223080e+01 3.432582e+01 3.278188e+01 1.671876e+00 2.807889e+00 4.952188e+00 4.574747e+00 4.633074e+00 4.412581e+00 4.807277e+00 5.152761e+00 4.004182e+00 3.843949e+00 3.625813e+00 3.129987e+00 1.325081e-03
<GCONST> 9.776087e+01
<MIXTURE> 72 8.134747e-03
<MEAN> 25
 3.866667e+00 -3.655075e+00 5.293615e+00 -2.138798e+00 -1.022155e+01 -8.948602e+00 -2.448387e+00 2.008575e+00 -4.616989e+00 -2.395462e+00 -1.314478e+00 5.160288e-01 9.959647e-01 -7.758920e-01 -2.653770e+00 6.022255e-01 2.126268e+00 -6.768585e-01 -1.156779e+00 1.425089e+00 1.736606e+00 -4.050051e-01 -1.376316e+00 2.596968e-01 -7.544708e-03
<VARIANCE> 25
 1.015101e+01 1.828406e+01 3.110081e+01 3.718369e+01 3.056904e+01 3.746347e+01 3.845457e+01 3.387456e+01 4.207045e+01 3.943033e+01 4.032921e+01 2.681027e+01 4.858387e-01 9.619452e-01 2.005418e+00 1.687617e+00 2.047374e+00 2.212782e+00 3.181463e+00 2.699025e+00 2.504626e+00 3.221749e+00 1.982784e+00 2.244077e+00 5.407085e-04
<GCONST> 8.701664e+01
<MIXTURE> 73 1.213625e-02
<MEAN> 25
 -5.857568e+00 -7.917383e-02 -1.788333e+00 4.556486e+00 4.094047e+00 1.188964e+00 5.903741e+00 3.100579e+00 3.564229e+00 2.807301e+00 3.706825e+00 2.953490e+00 9.717148e-01 -1.301492e+00 -1.115790e+00 -2.464333e+00 -1.422365e+00 -1.406788e+00 -1.358945e+00 -3.244811e-01 -6.774269e-01 -3.597301e-01 -1.121083e+00 -4.323679e-01 1.517126e-01
<VARIANCE> 25
 1.127836e+01 1.645953e+01 1.451334e+01 1.994196e+01 2.099616e+01 2.824928e+01 1.871267e+01 1.809836e+01 1.919382e+01 1.974901e+01 2.076348e+01 1.359033e+01 3.673014e+00 3.034487e+00 5.456902e+00 4.172275e+00 5.405111e+00 4.541818e+00 4.852954e+00 3.737553e+00 3.658498e+00 4.232100e+00 3.065903e+00 2.405226e+00 3.748552e-03
<GCONST> 9.141571e+01
<MIXTURE> 74 1.756491e-02
<MEAN> 25
 2.722101e+00 -4.960137e-01 5.196147e+00 -1.772814e+00 -8.638721e+00 -6.099035e+00 -1.057455e+00 1.253199e+00 -3.969619e+00 -1.636863e+00 2.087382e+00 1.397900e+00 2.330555e-01 2.547715e+00 -3.168313e-01 1.306719e+00 1.463031e+00 -1.324684e-01 9.030436e-01 -1.615907e+00 5.156177e-01 3.123825e-01 -4.849674e-01 -3.061745e-01 -8.558305e-02
<VARIANCE> 25
 1.163288e+01 2.609890e+01 2.943724e+01 2.793613e+01 2.849691e+01 4.903544e+01 4.461178e+01 3.443096e+01 4.808365e+01 3.435318e+01 5.139520e+01 2.779429e+01 1.429480e+00 1.931741e+00 2.968686e+00 2.138984e+00 2.997032e+00 2.944255e+00 4.705878e+00 3.640283e+00 2.958060e+00 2.973422e+00 2.775874e+00 2.621502e+00 1.377129e-03
<GCONST> 9.308188e+01
<MIXTURE> 75 9.711651e-03
<MEAN> 25
 2.629019e+00 -1.267626e+00 1.060922e+01 1.392785e+00 -1.158689e+01 -6.446002e+00 -4.165870e+00 -4.149539e-01 -3.772670e+00 -4.794738e+00 3.709055e+00 3.810182e-01 1.740747e+00 -1.844914e+00 3.918285e-02 1.152576e-02 -2.323838e+00 -4.342445e-01 -1.346671e+00 1.016677e+00 -1.613503e-01 -1.958885e-01 1.025246e+00 -5.028561e-01 3.746917e-02
<VARIANCE> 25
 9.712137e+00 1.687183e+01 3.071410e+01 2.671951e+01 2.621022e+01 4.255597e+01 3.219642e+01 2.726643e+01 3.535653e+01 2.790950e+01 2.075311e+01 2.172346e+01 2.466501e+00 2.115228e+00 4.261780e+00 3.066012e+00 3.443111e+00 3.790322e+00 3.661776e+00 3.044967e+00 3.367912e+00 3.217665e+00 3.247102e+00 2.438190e+00 1.341549e-03
<GCONST> 9.159641e+01
<MIXTURE> 76 1.052359e-02
<MEAN> 25
 -6.675512e+00 -5.121686e-01 -2.324709e+00 4.015000e+00 4.679689e+00 9.271734e-01 4.511796e+00 1.801330e+00 3.048898e+00 1.027001e+00 8.876544e-01 1.907295e+00 -6.372008e-02 -6.677088e-01 -4.403879e-01 -5.754611e-01 -4.660957e-01 -7.232206e-01 -5.282789e-01 -2.287128e-01 -3.681182e-01 -2.061010e-01 -2.934795e-01 -2.863699e-01 2.416307e-02
<VARIANCE> 25
 3.480271e+01 3.210101e+01 2.609130e+01 2.327413e+01 3.527090e+01 3.506155e+01 2.305974e+01 2.799240e+01 2.181636e+01 2.459267e+01 2.677269e+01 1.928265e+01 1.118512e+00 1.012044e+00 1.307458e+00 1.418869e+00 1.701484e+00 1.585888e+00 1.639524e+00 1.810463e+00 1.472803e+00 1.760867e+00 1.674268e+00 1.587724e+00 1.076702e-03
<GCONST> 8.341567e+01
<MIXTURE> 77 1.244626e-02
<MEAN> 25
 -5.057625e-01 8.892401e+00 1.219166e+01 -1.102709e+01 -6.695372e+00 5.626388e-01 -8.707341e+00 -7.272510e+00 -3.530017e+00 -1.409203e-01 -4.187200e+00 -1.255490e+00 4.942026e-02 1.504273e-01 4.671348e-02 2.371294e-01 2.496539e-02 1.094309e-01 -5.295588e-02 -3.376632e-02 5.868156e-02 -7.681823e-02 -1.105552e-02 1.316391e-01 -1.043713e-02
<VARIANCE> 25
 9.996173e+00 2.103093e+01 2.772152e+01 4.669419e+01 3.359146e+01 3.536184e+01 4.163455e+01 3.044441e+01 3.411825e+01 3.181415e+01 4.029685e+01 3.439396e+01 2.922162e-01 7.500694e-01 6.374761e-01 1.043532e+00 1.227766e+00 9.644640e-01 1.179913e+00 1.045229e+00 1.011200e+00 1.041473e+00 9.562840e-01 8.856229e-01 5.207706e-04
<GCONST> 7.768819e+01
<MIXTURE> 78 9.702551e-03
<MEAN> 25
 -1.056812e+01 1.587085e+00 -1.972804e+00 2.641935e+00 4.809466e+00 -2.965431e+00 3.841752e+00 2.316020e+00 3.181566e+00 1.437266e+00 2.277215e-01 2.617900e+00 2.137064e+00 -1.389046e-01 8.782819e-02 6.664258e-01 3.509775e-01 3.425649e-02 -3.017851e-01 -4.736023e-01 -7.448976e-02 2.497226e-01 -3.655725e-01 -6.412157e-01 -4.935945e-02
<VARIANCE> 25
 3.725945e+01 3.441294e+01 2.860688e+01 2.739931e+01 3.964527e+01 3.505759e+01 2.874804e+01 3.258508e+01 2.463080e+01 2.786407e+01 2.594559e+01 1.819847e+01 4.260914e+00 2.668389e+00 2.470453e+00 2.496739e+00 3.405136e+00 3.213989e+00 3.144936e+00 2.970624e+00 2.240942e+00 2.122148e+00 2.328752e+00 2.249743e+00 5.008351e-03
<GCONST> 9.333202e+01
<MIXTURE> 79 1.156824e-02
<MEAN> 25
 2.421168e+00 1.536510e+00 9.205393e+00 -6.517733e+00 -1.208333e+01 -1.700006e+00 -1.853492e+00 -6.341074e+00 -6.510435e+00 2.162634e-01 -3.294522e+00 -3.262424e+00 1.246706e+00 -5.603959e-01 -1.457205e+00 2.365935e+00 3.664967e-01 -1.448893e+00 5.189065e-01 8.829359e-01 -4.231499e-01 -5.055619e-01 3.259043e-01 2.608137e-01 -3.557193e-02
<VARIANCE> 25
 1.403740e+01 2.395727e+01 3.757396e+01 4.943777e+01 3.301013e+01 4.375986e+01 4.246078e+01 3.715652e+01 3.859422e+01 3.976662e+01 4.586933e+01 3.023801e+01 9.791342e-01 2.355589e+00 1.907589e+00 2.066811e+00 2.495670e+00 2.810559e+00 3.176165e+00 3.494066e+00 2.484649e+00 2.765349e+00 2.345710e+00 2.021338e+00 1.268159e-03
<GCONST> 9.187793e+01
<MIXTURE> 80 7.550998e-03
<MEAN> 25
 -1.460392e+01 4.004447e+00 6.874905e-01 2.848663e+00 2.462540e+00 1.396816e+00 6.396589e+00 2.492885e+00 2.716775e+00 2.361959e+00 4.854054e+00 1.179619e+00 4.283388e+00 -1.807367e-02 1.639853e+00 -1.135861e+00 -2.890478e+00 -2.768317e+00 -2.320284e+00 -2.025150e+00 -1.971481e+00 -1.682931e+00 -1.646529e+00 -6.021017e-01 -4.403634e-02
<VARIANCE> 25
 2.092224e+01 2.004668e+01 3.438015e+01 3.480019e+01 3.021222e+01 2.924560e+01 2.823253e+01 2.850921e+01 2.669944e+01 2.882417e+01 2.680299e+01 1.810044e+01 2.357219e+00 2.663436e+00 2.670119e+00 4.112129e+00 3.388610e+00 2.744036e+00 3.024037e+00 3.205215e+00 2.750310e+00 2.699308e+00 2.786366e+00 2.141976e+00 1.528965e-03
<GCONST> 9.142029e+01
<MIXTURE> 81 8.025434e-03
<MEAN> 25
 -1.118047e+00 4.067015e+00 1.017883e+01 -1.480336e+01 -9.079710e+00 -1.421859e+00 -6.766209e+00 -8.426254e+00 -4.151101e+00 -4.162922e-01 -7.574880e+00 -2.246807e+00 1.337845e-01 -5.873047e-01 -2.698672e-03 -5.565020e-01 -4.638779e-01 3.352813e-01 3.196141e-01 1.370379e-01 -1.404869e-01 1.065116e-01 -4.691499e-01 -1.251874e-01 1.151367e-02
<VARIANCE> 25
 1.015448e+01 3.280703e+01 2.646194e+01 2.927527e+01 3.371091e+01 3.052889e+01 4.545821e+01 2.825264e+01 3.799258e+01 3.188769e+01 2.529887e+01 3.104898e+01 7.723401e-01 2.277213e+00 1.545910e+00 2.872461e+00 2.663612e+00 2.126095e+00 3.281002e+00 2.287899e+00 2.355366e+00 2.539160e+00 2.299523e+00 2.078688e+00 1.183324e-03
<GCONST> 8.868705e+01
<MIXTURE> 82 8.213053e-03
<MEAN> 25
 -9.939907e+00 -3.838911e+00 1.571548e+00 -2.918212e+00 3.112853e+00 6.012142e-01 2.051542e+00 9.399773e-01 2.903165e+00 1.680179e+00 1.743309e+00 3.098013e+00 -1.280601e+00 -1.510024e-01 2.636654e-01 -2.594657e+00 -1.121427e+00 -1.251594e+00 -1.036929e+00 -8.486753e-01 -2.954113e-01 -4.557687e-01 -3.211427e-01 -1.037662e-01 1.776768e-01
<VARIANCE> 25
 1.783943e+01 2.497732e+01 3.233799e+01 3.072822e+01 3.263766e+01 3.229251e+01 3.163372e+01 3.257312e+01 3.091953e+01 2.500962e+01 3.040001e+01 1.730531e+01 3.805942e+00 3.067905e+00 3.333556e+00 3.236357e+00 3.552778e+00 3.260173e+00 2.953753e+00 3.017133e+00 2.796722e+00 2.499321e+00 2.427860e+00 1.849881e+00 3.435336e-03
<GCONST> 9.300775e+01
<MIXTURE> 83 1.167529e-02
<MEAN> 25
 -1.992030e+01 5.524447e+00 -1.732476e+00 -3.957946e-01 7.853229e+00 -1.240768e+00 5.503128e+00 3.105787e+00 1.213302e+00 2.183460e+00 7.262927e-01 2.782460e+00 -1.844746e-02 -4.271688e-01 5.318875e-03 -3.587552e-01 -4.793111e-01 -1.444386e-01 -1.297964e-01 -1.045133e-01 -3.288962e-02 -2.691189e-02 -3.104838e-02 -5.181315e-02 4.557458e-03
<VARIANCE> 25
 9.559400e+00 1.752790e+01 2.840593e+01 2.243235e+01 2.102201e+01 2.371370e+01 2.186172e+01 2.325168e+01 2.026601e+01 2.205632e+01 2.319630e+01 1.500886e+01 1.052755e+00 1.004489e+00 1.226241e+00 1.068240e+00 1.396593e+00 1.295624e+00 1.299344e+00 1.385950e+00 1.340652e+00 1.306184e+00 1.206030e+00 1.073679e+00 8.837910e-04
<GCONST> 7.721780e+01
<MIXTURE> 84 1.066614e-02
<MEAN> 25
 6.883633e-01 9.586984e+00 6.493169e+00 7.298048e+00 3.061778e+00 -1.191919e+00 -1.906626e-01 -4.392790e+00 -4.248662e+00 -2.933987e+00 -2.144372e+00 -1.097588e+00 -1.636040e+00 -1.047093e+00 -1.136433e+00 1.130328e+00 2.281985e+00 1.284524e+00 1.398129e+00 1.113661e+00 1.253796e+00 4.687647e-01 2.402148e-01 2.734386e-01 -6.939696e-02
<VARIANCE> 25
 2.108075e+01 1.981102e+01 2.196268e+01 2.362957e+01 2.675681e+01 2.701787e+01 3.238897e+01 2.409736e+01 2.462385e+01 2.349397e+01 2.424380e+01 2.361719e+01 1.935793e+00 2.304600e+00 3.686593e+00 2.977061e+00 2.807795e+00 3.920111e+00 2.900721e+00 3.410626e+00 3.137452e+00 2.916933e+00 3.366790e+00 2.813721e+00 3.293181e-03
<GCONST> 9.151511e+01
<MIXTURE> 85 7.591393e-03
<MEAN> 25
 -3.220938e+00 8.167211e+00 5.704139e+00 9.451559e-01 -3.056641e+00 -5.189489e+00 -2.589713e+00 -6.076579e+00 -3.471524e+00 -3.294465e+00 -2.490785e-01 -1.984182e+00 3.926668e+00 1.547616e-01 1.806101e+00 -2.018813e+00 -3.537329e+00 -2.352491e+00 -2.826801e+00 -2.340710e+00 -2.184997e+00 -1.272921e+00 -2.169662e+00 -5.601630e-01 1.255846e-02
<VARIANCE> 25
 4.113211e+01 2.464251e+01 3.520618e+01 3.986342e+01 4.219985e+01 3.988934e+01 3.408481e+01 2.700935e+01 2.560645e+01 2.532782e+01 2.626047e+01 1.980613e+01 2.640004e+00 4.852527e+00 3.934003e+00 5.067544e+00 4.577024e+00 4.842074e+00 3.754460e+00 3.841122e+00 3.780794e+00 3.889163e+00 4.134152e+00 3.413572e+00 5.453586e-03
<GCONST> 9.853082e+01
<MIXTURE> 86 1.273941e-02
<MEAN> 25
 -4.975224e+00 -1.208778e+00 -7.959488e-01 6.335958e+00 5.018042e+00 4.673903e+00 5.318591e+00 4.572395e+00 4.661075e+00 3.916124e+00 5.337991e+00 2.700945e+00 -6.727763e-03 -8.739086e-03 -3.817101e-02 -6.555463e-02 -1.176851e-01 -1.850285e-01 -2.673005e-01 -3.320605e-01 -3.533331e-01 -3.193383e-01 -2.302794e-01 -1.065218e-01 -5.496545e-04
<VARIANCE> 25
 7.887239e+00 5.633228e+00 9.979511e+00 1.230350e+01 1.587471e+01 1.433668e+01 1.353668e+01 1.305162e+01 1.319229e+01 1.424013e+01 1.433433e+01 1.277750e+01 9.992801e-02 1.929849e-01 3.185031e-01 4.834941e-01 6.364243e-01 7.346537e-01 7.434497e-01 7.641304e-01 8.305349e-01 8.844517e-01 9.115456e-01 9.031843e-01 5.342565e-05
<GCONST> 5.811404e+01
<MIXTURE> 87 1.100681e-02
<MEAN> 25
 -4.277385e+00 5.010789e+00 2.648981e+00 6.353646e+00 6.313120e+00 1.042242e-01 3.458746e+00 -1.228745e+00 -5.104334e-01 -8.411256e-01 -4.960436e-01 6.286638e-01 -1.909206e+00 -2.747861e+00 -1.960817e+00 -1.903622e+00 -3.520668e-01 -2.671387e-01 1.724844e-01 1.279600e+00 1.116655e+00 1.107564e+00 1.164537e+00 9.726408e-01 9.612763e-02
<VARIANCE> 25
 3.103962e+01 2.961616e+01 2.277668e+01 2.885844e+01 2.318789e+01 2.549351e+01 2.890048e+01 2.121586e+01 2.198110e+01 2.384386e+01 1.909005e+01 1.863612e+01 3.363849e+00 2.300886e+00 3.666897e+00 3.186130e+00 3.933233e+00 3.302646e+00 3.670274e+00 2.972692e+00 3.146751e+00 2.998484e+00 3.195286e+00 2.787055e+00 4.299790e-03
<GCONST> 9.263570e+01
<MIXTURE> 88 1.256585e-02
<MEAN> 25
 -4.902521e+00 -9.433081e-02 -1.653478e+00 4.995480e+00 4.379478e+00 1.754603e+00 4.690310e+00 2.983533e+00 3.570353e+00 2.091392e+00 2.834013e+00 2.902259e+00 -1.555594e-03 -4.992762e-03 1.545707e-01 6.367209e-01 5.090756e-01 1.400937e-01 -1.755860e-02 -3.624675e-01 -3.348514e-01 -2.591922e-01 -1.554980e-01 -7.529382e-02 -2.067163e-03
<VARIANCE> 25
 1.076435e+01 1.400273e+01 1.702199e+01 1.409908e+01 1.868018e+01 3.088470e+01 1.626875e+01 1.798010e+01 1.766940e+01 1.917750e+01 2.139715e+01 1.582525e+01 1.293151e+00 1.592856e+00 1.782835e+00 2.131954e+00 2.690065e+00 2.390047e+00 2.533791e+00 2.787951e+00 2.084431e+00 2.510060e+00 2.815919e+00 2.159405e+00 1.456451e-03
<GCONST> 8.293163e+01
<MIXTURE> 89 9.333527e-03
<MEAN> 25
 4.748812e+00 -5.715279e+00 -2.382881e+00 -1.734756e+00 -1.201877e+00 -3.230233e+00 -6.162990e+00 3.198186e+00 3.008359e+00 -2.456542e+00 -5.727628e+00 -1.336095e+00 -4.707746e-01 2.468224e-02 1.748397e+00 7.903589e-01 -1.805222e+00 -1.460083e+00 5.348693e-01 1.206379e+00 -9.243868e-01 -1.479531e+00 7.882678e-01 1.918509e+00 3.120839e-03
<VARIANCE> 25
 7.951671e+00 3.197690e+01 2.258940e+01 2.354714e+01 2.530536e+01 5.015715e+01 3.720583e+01 5.783558e+01 3.262288e+01 2.981610e+01 2.727225e+01 2.858657e+01 2.546728e-01 7.810764e-01 1.189604e+00 1.278825e+00 1.346399e+00 2.082549e+00 2.040540e+00 2.490213e+00 1.637305e+00 1.443780e+00 2.448499e+00 1.197433e+00 4.820780e-04
<GCONST> 8.188080e+01
<MIXTURE> 90 7.114505e-03
<MEAN> 25
 2.407234e+00 -9.687593e+00 -4.684731e+00 -3.937893e+00 -3.327675e+00 -1.621369e+00 3.221851e+00 1.396922e+00 -7.476510e+00 -1.008449e+01 -3.483358e+00 -6.138833e-01 -1.705242e-01 9.100661e-01 1.187020e+00 -8.474830e-01 -1.634800e+00 -2.132485e-01 6.551798e-01 -2.100084e-01 -2.036407e-01 6.958650e-01 2.176770e-01 -4.960499e-01 -1.118389e-02
<VARIANCE> 25
 8.419739e+00 1.760206e+01 1.970855e+01 2.762016e+01 3.636188e+01 3.361922e+01 3.884781e+01 3.824629e+01 3.477594e+01 2.809657e+01 2.669270e+01 2.656662e+01 2.226150e-01 6.036918e-01 7.982067e-01 1.026918e+00 1.475026e+00 1.561967e+00 1.756065e+00 1.628960e+00 1.850112e+00 1.735561e+00 1.552271e+00 1.443419e+00 2.123707e-04
<GCONST> 7.830200e+01
<MIXTURE> 91 7.852945e-03
<MEAN> 25
 5.958273e+00 -7.359745e+00 -7.579910e+00 -5.126520e+00 3.434443e+00 1.547533e+00 -3.149558e+00 3.748198e-01 1.100168e+00 -1.376965e+00 -4.035670e+00 -5.082119e+00 2.482950e-01 1.032176e+00 1.887087e-01 5.260569e-01 3.676859e-02 -7.396367e-01 -2.697249e-01 -4.218045e-01 2.746169e-01 4.020365e-01 -2.195077e-01 9.177379e-02 -3.648582e-02
<VARIANCE> 25
 8.732871e+00 1.965495e+01 1.916784e+01 3.354600e+01 2.991203e+01 5.756903e+01 5.255561e+01 4.323379e+01 4.521579e+01 6.277509e+01 3.771415e+01 3.597172e+01 3.765080e-01 8.014119e-01 1.006471e+00 1.212391e+00 1.977563e+00 2.345915e+00 2.561602e+00 2.448052e+00 2.547715e+00 2.071990e+00 2.076200e+00 1.825955e+00 5.336264e-04
<GCONST> 8.573386e+01
<MIXTURE> 92 7.852945e-03
<MEAN> 25
 5.958273e+00 -7.359745e+00 -7.579910e+00 -5.126520e+00 3.434443e+00 1.547533e+00 -3.149558e+00 3.748198e-01 1.100168e+00 -1.376965e+00 -4.035670e+00 -5.082119e+00 2.482950e-01 1.032176e+00 1.887087e-01 5.260569e-01 3.676859e-02 -7.396367e-01 -2.697249e-01 -4.218045e-01 2.746169e-01 4.020365e-01 -2.195077e-01 9.177379e-02 -3.648582e-02
<VARIANCE> 25
 8.732871e+00 1.965495e+01 1.916784e+01 3.354600e+01 2.991203e+01 5.756903e+01 5.255561e+01 4.323379e+01 4.521579e+01 6.277509e+01 3.771415e+01 3.597172e+01 3.765080e-01 8.014119e-01 1.006471e+00 1.212391e+00 1.977563e+00 2.345915e+00 2.561602e+00 2.448052e+00 2.547715e+00 2.071990e+00 2.076200e+00 1.825955e+00 5.336264e-04
<GCONST> 8.573386e+01
<MIXTURE> 93 6.122769e-03
<MEAN> 25
 -6.825819e+00 -9.612056e-01 -2.402231e+00 5.798120e+00 5.908294e+00 3.922797e+00 6.123493e+00 3.609040e+00 4.119614e+00 2.509350e+00 1.818382e+00 3.705910e+00 -6.164000e-02 -1.543872e-01 -2.573870e-01 -3.317066e-01 -3.337587e-01 -2.844732e-01 -2.177871e-01 -1.742780e-01 -1.667204e-01 -1.506447e-01 -1.044153e-01 -3.554936e-02 -3.837683e-06
<VARIANCE> 25
 9.093901e+00 6.027777e+00 8.185111e+00 1.136881e+01 1.149258e+01 1.598249e+01 1.527640e+01 1.644382e+01 1.475774e+01 1.454170e+01 1.678724e+01 1.344866e+01 8.272374e-02 1.533694e-01 2.637162e-01 3.805642e-01 4.977629e-01 6.423341e-01 7.793725e-01 8.873125e-01 9.166239e-01 8.761251e-01 8.923470e-01 9.178919e-01 1.000000e-06
<GCONST> 5.360219e+01
<MIXTURE> 94 6.122769e-03
<MEAN> 25
 -6.825819e+00 -9.612056e-01 -2.402231e+00 5.798120e+00 5.908294e+00 3.922797e+00 6.123493e+00 3.609040e+00 4.119614e+00 2.509350e+00 1.818382e+00 3.705910e+00 -6.164000e-02 -1.543872e-01 -2.573870e-01 -3.317066e-01 -3.337587e-01 -2.844732e-01 -2.177871e-01 -1.742780e-01 -1.667204e-01 -1.506447e-01 -1.044153e-01 -3.554936e-02 -3.837683e-06
<VARIANCE> 25
 9.093901e+00 6.027777e+00 8.185111e+00 1.136881e+01 1.149258e+01 1.598249e+01 1.527640e+01 1.644382e+01 1.475774e+01 1.454170e+01 1.678724e+01 1.344866e+01 8.272374e-02 1.533694e-01 2.637162e-01 3.805642e-01 4.977629e-01 6.423341e-01 7.793725e-01 8.873125e-01 9.166239e-01 8.761251e-01 8.923470e-01 9.178919e-01 1.000000e-06
<GCONST> 5.360219e+01
<MIXTURE> 95 5.258835e-03
<MEAN> 25
 -5.829643e+00 -7.384560e-01 -1.989257e+00 4.897110e+00 4.225209e+00 2.807811e+00 4.173627e+00 1.663081e+00 2.226847e+00 8.731531e-01 1.195359e+00 2.592906e+00 1.456027e-01 1.465132e-01 8.506732e-02 -8.292855e-02 -3.776346e-01 -7.178386e-01 -1.055956e+00 -1.281575e+00 -1.263711e+00 -9.915689e-01 -6.497763e-01 -3.078122e-01 -1.374572e-04
<VARIANCE> 25
 1.024405e+01 6.486775e+00 1.222791e+01 1.277771e+01 1.398028e+01 1.832147e+01 1.790423e+01 1.689851e+01 1.541500e+01 1.543163e+01 1.998693e+01 1.435215e+01 2.094522e-01 2.931982e-01 4.539399e-01 6.298813e-01 8.023736e-01 8.965243e-01 9.119498e-01 9.240708e-01 9.707355e-01 1.076880e+00 1.159626e+00 1.114523e+00 4.204957e-05
<GCONST> 6.326504e+01
<MIXTURE> 96 7.034694e-03
<MEAN> 25
 -5.096753e+00 -4.540853e-01 -2.243328e+00 5.163647e+00 3.866371e+00 1.791492e+00 3.542261e+00 1.804204e+00 2.453166e+00 9.497770e-01 1.147125e+00 2.836773e+00 -2.974190e-02 8.781602e-02 2.133860e-01 4.057477e-01 5.390643e-01 5.000576e-01 2.463388e-01 -1.264534e-01 -4.633222e-01 -6.517449e-01 -6.086765e-01 -3.674411e-01 -1.601344e-05
<VARIANCE> 25
 1.101123e+01 9.732233e+00 1.288998e+01 1.428289e+01 1.502191e+01 1.951959e+01 1.808122e+01 1.930106e+01 1.800508e+01 1.660843e+01 1.976691e+01 1.453523e+01 1.204779e-01 2.181456e-01 3.166901e-01 3.977386e-01 4.948792e-01 6.607864e-01 8.676641e-01 9.965374e-01 9.570473e-01 8.640708e-01 8.869808e-01 9.406164e-01 1.000405e-06
<GCONST> 5.757379e+01
<MIXTURE> 97 7.034694e-03
<MEAN> 25
 -5.096753e+00 -4.540853e-01 -2.243328e+00 5.163647e+00 3.866371e+00 1.791492e+00 3.542261e+00 1.804204e+00 2.453166e+00 9.497770e-01 1.147125e+00 2.836773e+00 -2.974190e-02 8.781602e-02 2.133860e-01 4.057477e-01 5.390643e-01 5.000576e-01 2.463388e-01 -1.264534e-01 -4.633222e-01 -6.517449e-01 -6.086765e-01 -3.674411e-01 -1.601344e-05
<VARIANCE> 25
 1.101123e+01 9.732233e+00 1.288998e+01 1.428289e+01 1.502191e+01 1.951959e+01 1.808122e+01 1.930106e+01 1.800508e+01 1.660843e+01 1.976691e+01 1.453523e+01 1.204779e-01 2.181456e-01 3.166901e-01 3.977386e-01 4.948792e-01 6.607864e-01 8.676641e-01 9.965374e-01 9.570473e-01 8.640708e-01 8.869808e-01 9.406164e-01 1.000405e-06
<GCONST> 5.757379e+01
<MIXTURE> 98 9.917808e-03
<MEAN> 25
 -1.803355e+00 1.956377e+00 -8.475357e-01 4.010839e+00 3.023725e+00 1.635550e+00 3.773069e+00 1.113858e+00 1.701087e+00 2.634203e-01 -1.820386e-01 5.775475e-01 -1.731387e+00 -1.377155e+00 -8.968335e-01 1.827972e-01 7.623616e-01 5.360655e-01 1.066169e+00 1.171209e+00 1.463379e+00 8.527120e-01 1.379286e+00 9.733825e-01 -3.170704e-02
<VARIANCE> 25
 1.358616e+01 2.212273e+01 2.984518e+01 3.074205e+01 4.337379e+01 3.472375e+01 2.911788e+01 2.753942e+01 2.544481e+01 3.044785e+01 2.721369e+01 2.204895e+01 1.218867e+00 1.434587e+00 2.087289e+00 2.166874e+00 2.817597e+00 2.881546e+00 2.669922e+00 2.802791e+00 2.508482e+00 3.335893e+00 2.665633e+00 2.260332e+00 2.327670e-03
<GCONST> 8.956030e+01
<MIXTURE> 99 6.696178e-03
<MEAN> 25
 -5.188922e+00 1.079022e+01 5.738156e+00 3.385333e+00 1.572438e+00 -5.645484e+00 3.738191e-01 -4.338812e+00 -3.585335e+00 -2.976015e+00 -4.780660e-01 7.772765e-01 2.409877e-01 -7.924271e-01 2.053393e-01 -1.840003e-01 -5.831756e-01 -2.423545e-01 -3.365223e-01 -1.620600e-01 1.907597e-02 -1.250254e-01 9.504868e-02 1.489407e-01 7.309457e-03
<VARIANCE> 25
 2.789576e+01 2.538783e+01 3.565118e+01 2.479453e+01 3.002761e+01 2.580770e+01 2.629476e+01 2.277446e+01 2.250386e+01 2.499785e+01 1.844489e+01 2.326360e+01 1.805861e+00 2.200466e+00 1.217030e+00 1.468107e+00 2.943413e+00 1.659078e+00 1.297374e+00 1.419908e+00 1.460307e+00 1.322776e+00 1.282415e+00 1.218266e+00 1.272198e-03
<GCONST> 8.333043e+01
<MIXTURE> 100 4.498084e-03
<MEAN> 25
 -1.546482e+00 6.289133e+00 1.049526e+01 -7.788454e+00 -1.052754e+01 -4.151482e+00 -4.160539e+00 -9.972876e+00 -4.515291e+00 -1.383656e+00 -2.149854e+00 -2.658896e+00 3.019964e+00 -1.572953e+00 1.305123e+00 -1.847998e+00 -3.587656e+00 -5.544861e-01 -1.292972e+00 -6.724975e-01 -1.395992e+00 2.806685e-01 -1.476085e+00 -2.255150e-01 8.476339e-03
<VARIANCE> 25
 1.261921e+01 1.950668e+01 2.128190e+01 2.558261e+01 2.203352e+01 3.140754e+01 3.365838e+01 2.004624e+01 2.583161e+01 2.401952e+01 2.447452e+01 1.973185e+01 1.776888e+00 4.735953e+00 2.696975e+00 5.228538e+00 4.177936e+00 4.775219e+00 3.768686e+00 4.252234e+00 3.918449e+00 3.645822e+00 3.968543e+00 3.018620e+00 2.010179e-03
<GCONST> 9.289359e+01
<MIXTURE> 101 6.007792e-03
<MEAN> 25
 7.869512e+00 -3.724557e+00 -6.235961e+00 -6.758467e+00 6.157489e-01 -8.680506e-01 -1.064625e+01 -1.828395e+00 1.417246e+00 3.050713e+00 -2.399015e+00 -4.926367e+00 6.768462e-01 5.791362e-01 -1.399559e+00 -1.593723e+00 9.857351e-01 2.263304e+00 1.302619e-01 -1.371421e+00 -1.095180e+00 1.068063e+00 1.352350e+00 -4.086067e-01 -4.002743e-03
<VARIANCE> 25
 9.806292e+00 1.694991e+01 2.862147e+01 4.120578e+01 3.583044e+01 3.821731e+01 3.688175e+01 3.629647e+01 3.680648e+01 4.661991e+01 4.945292e+01 2.403375e+01 2.834764e-01 7.381848e-01 1.187887e+00 1.483911e+00 1.661338e+00 2.067201e+00 2.085382e+00 2.050158e+00 2.272327e+00 2.200160e+00 1.797060e+00 1.860149e+00 3.454425e-04
<GCONST> 8.361748e+01
<MIXTURE> 102 6.007792e-03
<MEAN> 25
 7.869512e+00 -3.724557e+00 -6.235961e+00 -6.758467e+00 6.157489e-01 -8.680506e-01 -1.064625e+01 -1.828395e+00 1.417246e+00 3.050713e+00 -2.399015e+00 -4.926367e+00 6.768462e-01 5.791362e-01 -1.399559e+00 -1.593723e+00 9.857351e-01 2.263304e+00 1.302619e-01 -1.371421e+00 -1.095180e+00 1.068063e+00 1.352350e+00 -4.086067e-01 -4.002743e-03
<VARIANCE> 25
 9.806292e+00 1.694991e+01 2.862147e+01 4.120578e+01 3.583044e+01 3.821731e+01 3.688175e+01 3.629647e+01 3.680648e+01 4.661991e+01 4.945292e+01 2.403375e+01 2.834764e-01 7.381848e-01 1.187887e+00 1.483911e+00 1.661338e+00 2.067201e+00 2.085382e+00 2.050158e+00 2.272327e+00 2.200160e+00 1.797060e+00 1.860149e+00 3.454425e-04
<GCONST> 8.361748e+01
<MIXTURE> 103 5.694618e-03
<MEAN> 25
 3.426893e+00 -9.247697e+00 -5.870166e+00 -3.182772e+00 -1.215803e+00 -1.209611e+00 2.182726e+00 2.329745e+00 -4.388935e+00 -8.795197e+00 -4.920094e+00 3.672501e-01 -1.458648e-01 -1.473410e+00 -9.728764e-01 2.737345e-01 1.151756e+00 1.111243e+00 9.854763e-02 -2.017490e-01 -8.141703e-01 -9.706990e-01 1.026164e-01 1.480509e-01 2.744257e-02
<VARIANCE> 25
 9.813097e+00 2.032119e+01 2.245452e+01 3.021114e+01 4.550250e+01 4.208321e+01 4.476731e+01 3.676450e+01 4.009922e+01 3.098682e+01 2.890712e+01 2.500079e+01 6.157593e-01 1.196802e+00 1.463090e+00 1.967591e+00 2.818054e+00 2.402609e+00 2.811380e+00 2.570441e+00 2.439373e+00 2.447112e+00 2.560825e+00 2.021160e+00 7.658976e-04
<GCONST> 8.733202e+01
<MIXTURE> 104 5.694618e-03
<MEAN> 25
 3.426893e+00 -9.247697e+00 -5.870166e+00 -3.182772e+00 -1.215803e+00 -1.209611e+00 2.182726e+00 2.329745e+00 -4.388935e+00 -8.795197e+00 -4.920094e+00 3.672501e-01 -1.458648e-01 -1.473410e+00 -9.728764e-01 2.737345e-01 1.151756e+00 1.111243e+00 9.854763e-02 -2.017490e-01 -8.141703e-01 -9.706990e-01 1.026164e-01 1.480509e-01 2.744257e-02
<VARIANCE> 25
 9.813097e+00 2.032119e+01 2.245452e+01 3.021114e+01 4.550250e+01 4.208321e+01 4.476731e+01 3.676450e+01 4.009922e+01 3.098682e+01 2.890712e+01 2.500079e+01 6.157593e-01 1.196802e+00 1.463090e+00 1.967591e+00 2.818054e+00 2.402609e+00 2.811380e+00 2.570441e+00 2.439373e+00 2.447112e+00 2.560825e+00 2.021160e+00 7.658976e-04
<GCONST> 8.733202e+01
<MIXTURE> 105 4.710235e-03
<MEAN> 25
 1.740241e+00 -2.074074e+00 9.090422e+00 -2.080302e+00 -1.156070e+01 -3.825305e+00 -5.138476e+00 3.500145e-01 -5.393929e+00 -3.626044e+00 2.104429e+00 1.264584e-01 -4.218075e-02 -1.714450e-02 1.021983e-01 -2.392225e-01 -6.567150e-02 -2.299566e-02 1.296645e-02 3.622448e-02 -1.402117e-01 5.798668e-02 2.093288e-01 -1.734490e-01 -6.577101e-04
<VARIANCE> 25
 1.027276e+01 2.562971e+01 3.039624e+01 3.478935e+01 2.947636e+01 4.319708e+01 3.323927e+01 3.606498e+01 3.789323e+01 3.192076e+01 3.266676e+01 2.631886e+01 7.103695e-02 1.644705e-01 3.267324e-01 3.133340e-01 3.244397e-01 4.524495e-01 3.766260e-01 4.973015e-01 5.583549e-01 4.257467e-01 4.425289e-01 4.033059e-01 1.206182e-04
<GCONST> 6.407156e+01
<MIXTURE> 106 4.710235e-03
<MEAN> 25
 1.740241e+00 -2.074074e+00 9.090422e+00 -2.080302e+00 -1.156070e+01 -3.825305e+00 -5.138476e+00 3.500145e-01 -5.393929e+00 -3.626044e+00 2.104429e+00 1.264584e-01 -4.218075e-02 -1.714450e-02 1.021983e-01 -2.392225e-01 -6.567150e-02 -2.299566e-02 1.296645e-02 3.622448e-02 -1.402117e-01 5.798668e-02 2.093288e-01 -1.734490e-01 -6.577101e-04
<VARIANCE> 25
 1.027276e+01 2.562971e+01 3.039624e+01 3.478935e+01 2.947636e+01 4.319708e+01 3.323927e+01 3.606498e+01 3.789323e+01 3.192076e+01 3.266676e+01 2.631886e+01 7.103695e-02 1.644705e-01 3.267324e-01 3.133340e-01 3.244397e-01 4.524495e-01 3.766260e-01 4.973015e-01 5.583549e-01 4.257467e-01 4.425289e-01 4.033059e-01 1.206182e-04
<GCONST> 6.407156e+01
<MIXTURE> 107 5.452374e-03
<MEAN> 25
 8.326587e+00 -2.379447e+00 -7.286705e+00 -9.069597e+00 2.001205e+00 3.728378e+00 -7.804104e+00 -4.818081e+00 -6.342572e-01 3.174591e+00 9.549965e-02 -4.483202e+00 -5.776136e-01 -6.296652e-01 8.315887e-01 1.698848e+00 2.329687e-01 -2.032500e+00 -8.887025e-01 6.923332e-01 1.771828e+00 1.837048e-01 -1.727293e+00 -9.508281e-01 -4.912580e-03
<VARIANCE> 25
 9.190208e+00 1.873273e+01 3.061932e+01 4.091251e+01 3.241430e+01 4.008034e+01 5.381469e+01 3.365293e+01 4.282404e+01 3.833488e+01 5.462865e+01 3.164131e+01 3.357713e-01 1.064435e+00 1.334941e+00 2.232293e+00 2.085765e+00 2.574149e+00 2.416563e+00 2.580008e+00 2.126674e+00 2.949022e+00 1.934500e+00 2.308074e+00 7.244887e-04
<GCONST> 8.743411e+01
<MIXTURE> 108 5.452374e-03
<MEAN> 25
 8.326587e+00 -2.379447e+00 -7.286705e+00 -9.069597e+00 2.001205e+00 3.728378e+00 -7.804104e+00 -4.818081e+00 -6.342572e-01 3.174591e+00 9.549965e-02 -4.483202e+00 -5.776136e-01 -6.296652e-01 8.315887e-01 1.698848e+00 2.329687e-01 -2.032500e+00 -8.887025e-01 6.923332e-01 1.771828e+00 1.837048e-01 -1.727293e+00 -9.508281e-01 -4.912580e-03
<VARIANCE> 25
 9.190208e+00 1.873273e+01 3.061932e+01 4.091251e+01 3.241430e+01 4.008034e+01 5.381469e+01 3.365293e+01 4.282404e+01 3.833488e+01 5.462865e+01 3.164131e+01 3.357713e-01 1.064435e+00 1.334941e+00 2.232293e+00 2.085765e+00 2.574149e+00 2.416563e+00 2.580008e+00 2.126674e+00 2.949022e+00 1.934500e+00 2.308074e+00 7.244887e-04
<GCONST> 8.743411e+01
<MIXTURE> 109 6.661064e-03
<MEAN> 25
 4.065788e+00 -1.036017e+01 -8.076305e+00 -1.329757e+00 2.737826e+00 1.678587e-01 -4.316883e-02 1.528391e+00 -2.426914e+00 -7.769150e+00 -5.505869e+00 -1.291675e-01 -3.503516e-02 -1.441148e-01 -7.510787e-03 2.226807e-01 1.789509e-01 1.204538e-01 -1.627496e-01 -7.809870e-02 -3.191332e-02 -1.424189e-01 2.178599e-01 3.870786e-02 -3.000029e-03
<VARIANCE> 25
 8.775374e+00 1.848256e+01 2.029915e+01 3.084739e+01 3.914862e+01 3.733890e+01 4.621124e+01 3.670281e+01 4.491428e+01 4.165994e+01 2.910525e+01 2.884908e+01 1.940981e-01 4.136418e-01 5.440664e-01 6.262239e-01 1.208620e+00 9.727902e-01 1.316706e+00 1.099059e+00 1.100729e+00 9.563547e-01 9.167904e-01 9.352780e-01 1.834538e-04
<GCONST> 7.469271e+01
<MIXTURE> 110 6.661064e-03
<MEAN> 25
 4.065788e+00 -1.036017e+01 -8.076305e+00 -1.329757e+00 2.737826e+00 1.678587e-01 -4.316883e-02 1.528391e+00 -2.426914e+00 -7.769150e+00 -5.505869e+00 -1.291675e-01 -3.503516e-02 -1.441148e-01 -7.510787e-03 2.226807e-01 1.789509e-01 1.204538e-01 -1.627496e-01 -7.809870e-02 -3.191332e-02 -1.424189e-01 2.178599e-01 3.870786e-02 -3.000029e-03
<VARIANCE> 25
 8.775374e+00 1.848256e+01 2.029915e+01 3.084739e+01 3.914862e+01 3.733890e+01 4.621124e+01 3.670281e+01 4.491428e+01 4.165994e+01 2.910525e+01 2.884908e+01 1.940981e-01 4.136418e-01 5.440664e-01 6.262239e-01 1.208620e+00 9.727902e-01 1.316706e+00 1.099059e+00 1.100729e+00 9.563547e-01 9.167904e-01 9.352780e-01 1.834538e-04
<GCONST> 7.469271e+01
<MIXTURE> 111 4.337247e-03
<MEAN> 25
 -4.470517e+00 -9.068261e-01 -1.720088e+00 1.685866e+00 9.645373e-01 9.666678e-01 3.134971e-01 2.093263e-01 9.022503e-02 -5.396534e-01 -6.332443e-01 1.962514e+00 -2.122129e-02 -3.284164e-02 -7.248357e-02 -7.360788e-02 -3.744758e-02 6.348626e-03 -1.456523e-03 -5.882237e-02 -1.404262e-01 -2.032558e-01 -1.896179e-01 -1.066903e-01 -2.121100e-04
<VARIANCE> 25
 7.028391e+00 4.976029e+00 1.021131e+01 9.417454e+00 1.310419e+01 2.384872e+01 1.466324e+01 1.316922e+01 1.160065e+01 1.191749e+01 1.365129e+01 1.159513e+01 7.921210e-02 1.638869e-01 2.752333e-01 4.204391e-01 5.693280e-01 7.051588e-01 8.006235e-01 8.584574e-01 8.924685e-01 8.558419e-01 8.626122e-01 8.477315e-01 2.232712e-05
<GCONST> 5.598840e+01
<MIXTURE> 112 4.337247e-03
<MEAN> 25
 -4.470517e+00 -9.068261e-01 -1.720088e+00 1.685866e+00 9.645373e-01 9.666678e-01 3.134971e-01 2.093263e-01 9.022503e-02 -5.396534e-01 -6.332443e-01 1.962514e+00 -2.122129e-02 -3.284164e-02 -7.248357e-02 -7.360788e-02 -3.744758e-02 6.348626e-03 -1.456523e-03 -5.882237e-02 -1.404262e-01 -2.032558e-01 -1.896179e-01 -1.066903e-01 -2.121100e-04
<VARIANCE> 25
 7.028391e+00 4.976029e+00 1.021131e+01 9.417454e+00 1.310419e+01 2.384872e+01 1.466324e+01 1.316922e+01 1.160065e+01 1.191749e+01 1.365129e+01 1.159513e+01 7.921210e-02 1.638869e-01 2.752333e-01 4.204391e-01 5.693280e-01 7.051588e-01 8.006235e-01 8.584574e-01 8.924685e-01 8.558419e-01 8.626122e-01 8.477315e-01 2.232712e-05
<GCONST> 5.598840e+01
<MIXTURE> 113 5.938666e-03
<MEAN> 25
 9.954757e+00 1.729094e+00 -8.749633e+00 -1.700007e+01 -1.029527e+00 5.697100e+00 -5.263996e+00 -1.468360e+00 -5.673136e+00 -4.974033e-01 2.945504e-01 -1.927069e-01 4.428943e-03 1.113418e-02 -5.958190e-02 -1.127915e-01 1.073870e-01 1.509320e-01 5.737674e-02 3.189868e-02 -5.593510e-02 -4.872300e-02 1.781302e-01 3.431649e-02 -1.391397e-03
<VARIANCE> 25
 8.944588e+00 1.647688e+01 2.976274e+01 3.452958e+01 5.250185e+01 3.410412e+01 3.961583e+01 3.899498e+01 3.734284e+01 4.625291e+01 3.628399e+01 2.844200e+01 1.215122e-01 3.224579e-01 3.158114e-01 6.310075e-01 6.152637e-01 6.519641e-01 7.796829e-01 8.569894e-01 9.566260e-01 9.075831e-01 7.370704e-01 7.175912e-01 1.245884e-04
<GCONST> 7.116348e+01
<MIXTURE> 114 5.938666e-03
<MEAN> 25
 9.954757e+00 1.729094e+00 -8.749633e+00 -1.700007e+01 -1.029527e+00 5.697100e+00 -5.263996e+00 -1.468360e+00 -5.673136e+00 -4.974033e-01 2.945504e-01 -1.927069e-01 4.428943e-03 1.113418e-02 -5.958190e-02 -1.127915e-01 1.073870e-01 1.509320e-01 5.737674e-02 3.189868e-02 -5.593510e-02 -4.872300e-02 1.781302e-01 3.431649e-02 -1.391397e-03
<VARIANCE> 25
 8.944588e+00 1.647688e+01 2.976274e+01 3.452958e+01 5.250185e+01 3.410412e+01 3.961583e+01 3.899498e+01 3.734284e+01 4.625291e+01 3.628399e+01 2.844200e+01 1.215122e-01 3.224579e-01 3.158114e-01 6.310075e-01 6.152637e-01 6.519641e-01 7.796829e-01 8.569894e-01 9.566260e-01 9.075831e-01 7.370704e-01 7.175912e-01 1.245884e-04
<GCONST> 7.116348e+01
<MIXTURE> 115 2.935202e-03
<MEAN> 25
 -4.031508e+00 -7.523134e-01 -3.108292e+00 3.656949e+00 2.413549e+00 -4.277790e-01 2.235019e+00 4.127970e-01 1.388240e+00 -1.980280e-02 4.044602e-02 2.687725e+00 3.161651e-02 -7.211528e-02 -2.307798e-01 -4.386980e-01 -6.334474e-01 -6.703678e-01 -5.921516e-01 -5.095131e-01 -4.866898e-01 -4.566612e-01 -3.437370e-01 -1.649531e-01 -3.168033e-06
<VARIANCE> 25
 9.267219e+00 9.883682e+00 1.353192e+01 1.270435e+01 1.348816e+01 1.756121e+01 1.708409e+01 2.080719e+01 1.793073e+01 1.721353e+01 1.919555e+01 1.466582e+01 2.037629e-01 3.456421e-01 4.855044e-01 5.616056e-01 6.341601e-01 7.979911e-01 1.008026e+00 1.130844e+00 1.075163e+00 9.943575e-01 1.025555e+00 1.064796e+00 1.000000e-06
<GCONST> 6.016114e+01
<MIXTURE> 116 2.935202e-03
<MEAN> 25
 -4.031508e+00 -7.523134e-01 -3.108292e+00 3.656949e+00 2.413549e+00 -4.277790e-01 2.235019e+00 4.127970e-01 1.388240e+00 -1.980280e-02 4.044602e-02 2.687725e+00 3.161651e-02 -7.211528e-02 -2.307798e-01 -4.386980e-01 -6.334474e-01 -6.703678e-01 -5.921516e-01 -5.095131e-01 -4.866898e-01 -4.566612e-01 -3.437370e-01 -1.649531e-01 -3.168033e-06
<VARIANCE> 25
 9.267219e+00 9.883682e+00 1.353192e+01 1.270435e+01 1.348816e+01 1.756121e+01 1.708409e+01 2.080719e+01 1.793073e+01 1.721353e+01 1.919555e+01 1.466582e+01 2.037629e-01 3.456421e-01 4.855044e-01 5.616056e-01 6.341601e-01 7.979911e-01 1.008026e+00 1.130844e+00 1.075163e+00 9.943575e-01 1.025555e+00 1.064796e+00 1.000000e-06
<GCONST> 6.016114e+01
<MIXTURE> 117 6.506003e-03
<MEAN> 25
 -4.644592e+00 1.117793e+00 1.054499e+00 9.758447e+00 6.260121e+00 6.256477e+00 6.463082e+00 5.044496e+00 6.385674e+00 4.929173e+00 6.367208e+00 2.709929e+00 -7.503008e-02 -2.341336e-01 -3.583474e-01 -4.199596e-01 -3.675186e-01 -3.027199e-01 -2.873273e-01 -3.314594e-01 -3.917833e-01 -3.689738e-01 -2.631080e-01 -1.159785e-01 -9.052962e-06
<VARIANCE> 25
 7.187259e+00 8.753097e+00 9.809425e+00 1.430823e+01 1.561781e+01 1.534934e+01 1.772638e+01 1.796108e+01 1.640261e+01 1.637152e+01 1.674076e+01 1.475332e+01 2.166086e-01 3.075042e-01 4.261350e-01 6.171185e-01 8.536685e-01 1.055364e+00 1.177562e+00 1.232911e+00 1.223976e+00 1.194855e+00 1.167213e+00 1.113683e+00 1.000000e-06
<GCONST> 6.042865e+01
<MIXTURE> 118 6.506003e-03
<MEAN> 25
 -4.644592e+00 1.117793e+00 1.054499e+00 9.758447e+00 6.260121e+00 6.256477e+00 6.463082e+00 5.044496e+00 6.385674e+00 4.929173e+00 6.367208e+00 2.709929e+00 -7.503008e-02 -2.341336e-01 -3.583474e-01 -4.199596e-01 -3.675186e-01 -3.027199e-01 -2.873273e-01 -3.314594e-01 -3.917833e-01 -3.689738e-01 -2.631080e-01 -1.159785e-01 -9.052962e-06
<VARIANCE> 25
 7.187259e+00 8.753097e+00 9.809425e+00 1.430823e+01 1.561781e+01 1.534934e+01 1.772638e+01 1.796108e+01 1.640261e+01 1.637152e+01 1.674076e+01 1.475332e+01 2.166086e-01 3.075042e-01 4.261350e-01 6.171185e-01 8.536685e-01 1.055364e+00 1.177562e+00 1.232911e+00 1.223976e+00 1.194855e+00 1.167213e+00 1.113683e+00 1.000000e-06
<GCONST> 6.042865e+01
<MIXTURE> 119 4.297961e-03
<MEAN> 25
 -4.972320e+00 -7.630457e+00 2.233119e+00 2.017012e+00 2.234735e+00 2.021256e-01 5.267476e+00 5.937079e+00 1.168555e+00 9.672109e-01 6.614460e+00 1.573978e+00 -5.020508e-02 -7.935873e-02 3.700926e-02 -5.663611e-02 -1.257709e-01 -1.800595e-01 -6.848649e-02 -1.333458e-02 -9.173379e-02 -1.115498e-01 -5.550605e-02 -5.776667e-02 1.103559e-03
<VARIANCE> 25
 8.530210e+00 9.830675e+00 1.656263e+01 2.016638e+01 2.289140e+01 2.323604e+01 2.506165e+01 2.648086e+01 2.503499e+01 2.805315e+01 2.041007e+01 2.041803e+01 1.603723e-01 2.828657e-01 4.597671e-01 6.331280e-01 8.031549e-01 1.003964e+00 1.100013e+00 1.277448e+00 1.285076e+00 1.246760e+00 1.193455e+00 1.112110e+00 2.321964e-04
<GCONST> 6.973258e+01
<MIXTURE> 120 4.297961e-03
<MEAN> 25
 -4.972320e+00 -7.630457e+00 2.233119e+00 2.017012e+00 2.234735e+00 2.021256e-01 5.267476e+00 5.937079e+00 1.168555e+00 9.672109e-01 6.614460e+00 1.573978e+00 -5.020508e-02 -7.935873e-02 3.700926e-02 -5.663611e-02 -1.257709e-01 -1.800595e-01 -6.848649e-02 -1.333458e-02 -9.173379e-02 -1.115498e-01 -5.550605e-02 -5.776667e-02 1.103559e-03
<VARIANCE> 25
 8.530210e+00 9.830675e+00 1.656263e+01 2.016638e+01 2.289140e+01 2.323604e+01 2.506165e+01 2.648086e+01 2.503499e+01 2.805315e+01 2.041007e+01 2.041803e+01 1.603723e-01 2.828657e-01 4.597671e-01 6.331280e-01 8.031549e-01 1.003964e+00 1.100013e+00 1.277448e+00 1.285076e+00 1.246760e+00 1.193455e+00 1.112110e+00 2.321964e-04
<GCONST> 6.973258e+01
<MIXTURE> 121 4.567511e-03
<MEAN> 25
 2.130881e-01 -2.524140e+00 5.149205e+00 -1.288964e+01 -1.263099e+01 -1.654425e+00 9.944516e-01 -5.105148e+00 -4.192192e+00 -4.857598e-01 -5.509070e+00 -4.310574e+00 2.355213e-02 1.309485e-01 -4.190987e-02 7.888024e-02 1.577874e-01 7.818998e-02 -8.029698e-02 -1.816882e-01 -2.679644e-01 -2.584884e-01 -1.126342e-01 1.968298e-04 -7.417562e-03
<VARIANCE> 25
 7.747546e+00 1.558484e+01 1.728016e+01 2.045151e+01 2.457872e+01 2.930148e+01 2.953288e+01 2.455985e+01 3.531792e+01 2.832974e+01 1.976539e+01 2.116100e+01 1.550089e-01 6.437203e-01 6.224336e-01 7.045352e-01 7.699861e-01 1.148957e+00 1.117561e+00 1.121576e+00 1.216174e+00 1.191591e+00 9.431052e-01 8.718494e-01 2.108047e-04
<GCONST> 7.140371e+01
<MIXTURE> 122 4.567511e-03
<MEAN> 25
 2.130881e-01 -2.524140e+00 5.149205e+00 -1.288964e+01 -1.263099e+01 -1.654425e+00 9.944516e-01 -5.105148e+00 -4.192192e+00 -4.857598e-01 -5.509070e+00 -4.310574e+00 2.355213e-02 1.309485e-01 -4.190987e-02 7.888024e-02 1.577874e-01 7.818998e-02 -8.029698e-02 -1.816882e-01 -2.679644e-01 -2.584884e-01 -1.126342e-01 1.968298e-04 -7.417562e-03
<VARIANCE> 25
 7.747546e+00 1.558484e+01 1.728016e+01 2.045151e+01 2.457872e+01 2.930148e+01 2.953288e+01 2.455985e+01 3.531792e+01 2.832974e+01 1.976539e+01 2.116100e+01 1.550089e-01 6.437203e-01 6.224336e-01 7.045352e-01 7.699861e-01 1.148957e+00 1.117561e+00 1.121576e+00 1.216174e+00 1.191591e+00 9.431052e-01 8.718494e-01 2.108047e-04
<GCONST> 7.140371e+01
<MIXTURE> 123 4.393044e-03
<MEAN> 25
 -4.257993e+00 1.165057e+00 5.472171e-01 6.483142e+00 5.351310e+00 3.183504e+00 3.692635e+00 3.208289e-01 1.518164e-01 -8.861072e-01 -6.848109e-01 9.882567e-01 -5.231625e-01 -8.103852e-01 -8.724307e-01 -6.060542e-01 -1.648574e-01 1.288201e-01 4.085165e-01 6.078159e-01 7.405033e-01 6.372733e-01 5.720253e-01 4.377390e-01 -8.331972e-04
<VARIANCE> 25
 9.912745e+00 1.003304e+01 1.641686e+01 1.722094e+01 2.072461e+01 2.702298e+01 2.233007e+01 1.798872e+01 1.788794e+01 1.775021e+01 2.746704e+01 1.866432e+01 3.703895e-01 3.578762e-01 4.739823e-01 7.386279e-01 1.029065e+00 1.107275e+00 1.130228e+00 1.119635e+00 1.104697e+00 1.274156e+00 1.377918e+00 1.255023e+00 1.351563e-04
<GCONST> 6.979105e+01
<MIXTURE> 124 4.069876e-03
<MEAN> 25
 -6.564323e+00 -1.209809e+00 -2.922169e+00 5.106391e+00 4.972799e+00 3.390033e+00 5.391775e+00 2.564732e+00 3.192425e+00 1.279637e+00 1.126513e+00 3.042910e+00 -2.049070e-01 -3.230325e-01 -3.621424e-01 -2.166531e-01 1.283019e-01 5.197483e-01 8.106553e-01 8.601463e-01 6.549943e-01 3.273972e-01 7.178103e-02 -2.499790e-02 4.257988e-05
<VARIANCE> 25
 1.101318e+01 6.995715e+00 1.114683e+01 1.243115e+01 1.210685e+01 1.981709e+01 1.552225e+01 1.707414e+01 1.544096e+01 1.607044e+01 1.921300e+01 1.444267e+01 1.048469e-01 1.681196e-01 2.702822e-01 4.176600e-01 5.935831e-01 7.069094e-01 7.481455e-01 8.143011e-01 9.083855e-01 9.810262e-01 1.009368e+00 9.926227e-01 1.798655e-05
<GCONST> 5.879968e+01
<MIXTURE> 125 4.069876e-03
<MEAN> 25
 -6.564323e+00 -1.209809e+00 -2.922169e+00 5.106391e+00 4.972799e+00 3.390033e+00 5.391775e+00 2.564732e+00 3.192425e+00 1.279637e+00 1.126513e+00 3.042910e+00 -2.049070e-01 -3.230325e-01 -3.621424e-01 -2.166531e-01 1.283019e-01 5.197483e-01 8.106553e-01 8.601463e-01 6.549943e-01 3.273972e-01 7.178103e-02 -2.499790e-02 4.257988e-05
<VARIANCE> 25
 1.101318e+01 6.995715e+00 1.114683e+01 1.243115e+01 1.210685e+01 1.981709e+01 1.552225e+01 1.707414e+01 1.544096e+01 1.607044e+01 1.921300e+01 1.444267e+01 1.048469e-01 1.681196e-01 2.702822e-01 4.176600e-01 5.935831e-01 7.069094e-01 7.481455e-01 8.143011e-01 9.083855e-01 9.810262e-01 1.009368e+00 9.926227e-01 1.798655e-05
<GCONST> 5.879968e+01
<MIXTURE> 126 2.402244e-03
<MEAN> 25
 -3.779183e+00 -6.934212e+00 -5.278265e+00 2.318534e+00 4.273044e+00 -3.232089e+00 6.705168e-02 3.554468e+00 3.332346e+00 -2.692863e+00 -1.438544e+00 3.045468e+00 -2.478101e-03 -6.565795e-03 -3.505036e-02 -1.592841e-01 -3.193908e-01 -3.886482e-01 -2.729277e-01 -1.568975e-01 -1.127681e-01 -1.161720e-01 -9.942143e-02 -2.932807e-02 -1.462227e-03
<VARIANCE> 25
 7.480186e+00 1.264621e+01 1.382618e+01 1.511982e+01 2.464368e+01 2.380423e+01 2.278324e+01 2.849818e+01 3.126946e+01 2.628069e+01 2.180293e+01 1.924514e+01 1.708210e-01 3.518447e-01 4.847728e-01 5.680032e-01 7.541829e-01 9.950442e-01 1.122414e+00 1.262462e+00 1.328164e+00 1.311459e+00 1.215360e+00 1.151309e+00 2.108654e-04
<GCONST> 6.982678e+01
<MIXTURE> 127 2.402244e-03
<MEAN> 25
 -3.779183e+00 -6.934212e+00 -5.278265e+00 2.318534e+00 4.273044e+00 -3.232089e+00 6.705168e-02 3.554468e+00 3.332346e+00 -2.692863e+00 -1.438544e+00 3.045468e+00 -2.478101e-03 -6.565795e-03 -3.505036e-02 -1.592841e-01 -3.193908e-01 -3.886482e-01 -2.729277e-01 -1.568975e-01 -1.127681e-01 -1.161720e-01 -9.942143e-02 -2.932807e-02 -1.462227e-03
<VARIANCE> 25
 7.480186e+00 1.264621e+01 1.382618e+01 1.511982e+01 2.464368e+01 2.380423e+01 2.278324e+01 2.849818e+01 3.126946e+01 2.628069e+01 2.180293e+01 1.924514e+01 1.708210e-01 3.518447e-01 4.847728e-01 5.680032e-01 7.541829e-01 9.950442e-01 1.122414e+00 1.262462e+00 1.328164e+00 1.311459e+00 1.215360e+00 1.151309e+00 2.108654e-04
<GCONST> 6.982678e+01
<MIXTURE> 128 3.790457e-03
<MEAN> 25
 -4.098818e+00 2.136069e+00 -1.798970e-02 6.624553e+00 3.964607e+00 1.839687e+00 4.261025e+00 2.070094e+00 3.652702e+00 3.275763e+00 3.345843e+00 3.152685e+00 -4.253635e-01 -1.771804e-01 5.662676e-02 6.795480e-01 1.281989e+00 1.213039e+00 8.230554e-01 2.446499e-01 -2.882493e-01 -7.632970e-01 -8.625075e-01 -4.135647e-01 -2.294414e-04
<VARIANCE> 25
 9.714874e+00 1.459949e+01 1.506355e+01 1.790578e+01 1.995834e+01 1.954377e+01 2.753243e+01 2.373324e+01 2.544398e+01 2.398020e+01 2.666235e+01 1.829058e+01 8.327647e-01 1.060857e+00 1.277730e+00 1.409946e+00 1.562653e+00 1.786455e+00 2.196194e+00 2.284505e+00 2.227657e+00 1.723745e+00 1.911815e+00 1.622255e+00 1.324978e-06
<GCONST> 7.359828e+01
<TRANSP> 3
 0.000000e+00 1.000000e+00 0.000000e+00
 0.000000e+00 9.999990e-01 9.999998e-07
 0.000000e+00 0.000000e+00 0.000000e+00
<ENDHMM>
