~o
<STREAMINFO> 1 25
<VECSIZE> 25<NULLD><MFCC_E_D_N><DIAGC>
~h "jmodel"
<BEGINHMM>
<NUMSTATES> 3
<STATE> 2
<NUMMIXES> 128
<MIXTURE> 1 5.748963e-03
<MEAN> 25
 -2.574534e+00 3.192049e+00 2.294865e+00 8.732215e+00 4.369101e+00 3.438495e+00 4.051053e+00 3.927431e+00 5.810078e+00 5.215858e+00 5.871460e+00 3.074857e+00 -2.004013e+00 -1.613949e+00 -8.613093e-01 1.066400e+00 1.566421e+00 2.218801e+00 2.160591e+00 2.069159e+00 1.695194e+00 1.259691e+00 1.562939e+00 6.059863e-01 -4.691811e-02
<VARIANCE> 25
 1.004694e+01 1.173430e+01 1.494742e+01 1.870112e+01 2.314913e+01 2.209428e+01 2.185060e+01 2.191377e+01 2.104048e+01 2.271291e+01 2.093244e+01 1.702290e+01 1.782180e+00 2.188857e+00 3.019458e+00 3.221650e+00 3.731230e+00 3.381521e+00 3.316698e+00 3.414643e+00 3.506277e+00 3.727854e+00 3.508670e+00 2.830953e+00 3.108549e-03
<GCONST> 8.849461e+01
<MIXTURE> 2 4.549242e-03
<MEAN> 25
 -4.876113e+00 1.315334e+00 9.932528e-01 9.895852e+00 6.693080e+00 7.421770e+00 7.848264e+00 6.953763e+00 8.372190e+00 6.373944e+00 7.622557e+00 3.073893e+00 -6.186423e-02 4.169799e-02 1.427468e-01 2.267111e-01 2.656220e-01 2.818727e-01 2.956656e-01 3.195486e-01 3.496135e-01 3.084333e-01 1.971846e-01 8.039478e-02 8.161884e-08
<VARIANCE> 25
 6.949736e+00 8.928197e+00 1.064944e+01 1.594021e+01 1.722985e+01 1.557549e+01 1.689486e+01 1.852087e+01 1.658219e+01 1.738064e+01 1.811032e+01 1.433531e+01 1.252401e-01 2.265440e-01 3.364340e-01 4.686039e-01 6.492516e-01 8.151291e-01 9.296042e-01 1.002742e+00 1.051255e+00 1.077846e+00 1.075193e+00 1.013746e+00 1.002603e-06
<GCONST> 5.805223e+01
<MIXTURE> 3 4.549242e-03
<MEAN> 25
 -4.876113e+00 1.315334e+00 9.932528e-01 9.895852e+00 6.693080e+00 7.421770e+00 7.848264e+00 6.953763e+00 8.372190e+00 6.373944e+00 7.622557e+00 3.073893e+00 -6.186423e-02 4.169799e-02 1.427468e-01 2.267111e-01 2.656220e-01 2.818727e-01 2.956656e-01 3.195486e-01 3.496135e-01 3.084333e-01 1.971846e-01 8.039478e-02 8.161884e-08
<VARIANCE> 25
 6.949736e+00 8.928197e+00 1.064944e+01 1.594021e+01 1.722985e+01 1.557549e+01 1.689486e+01 1.852087e+01 1.658219e+01 1.738064e+01 1.811032e+01 1.433531e+01 1.252401e-01 2.265440e-01 3.364340e-01 4.686039e-01 6.492516e-01 8.151291e-01 9.296042e-01 1.002742e+00 1.051255e+00 1.077846e+00 1.075193e+00 1.013746e+00 1.002603e-06
<GCONST> 5.805223e+01
<MIXTURE> 4 1.671429e-02
<MEAN> 25
 2.641748e+00 3.540887e+00 -4.089820e+00 7.557831e-01 5.185802e+00 7.175124e-01 1.508925e+00 -4.578573e-01 1.778953e+00 1.048743e+00 -1.620200e+00 -7.877833e-02 -2.546929e+00 1.551102e+00 1.412608e+00 2.772834e+00 8.979174e-01 1.887054e-01 1.717469e+00 4.626904e-01 9.604111e-01 1.439477e-01 1.255432e+00 6.790967e-01 -9.886768e-02
<VARIANCE> 25
 2.087453e+01 2.967580e+01 2.568292e+01 3.553158e+01 4.132485e+01 7.241111e+01 7.166240e+01 4.616198e+01 4.786111e+01 5.354160e+01 4.158314e+01 3.325645e+01 2.195879e+00 4.568878e+00 4.054970e+00 4.637288e+00 4.278366e+00 5.488070e+00 5.598199e+00 5.925147e+00 5.585919e+00 5.556234e+00 5.303862e+00 3.965362e+00 5.282308e-03
<GCONST> 1.035162e+02
<MIXTURE> 5 3.206198e-03
<MEAN> 25
 -3.421624e+00 2.194695e+00 6.064374e-01 9.413301e+00 6.700261e+00 6.305933e+00 7.118561e+00 4.709285e+00 5.496699e+00 3.856196e+00 4.656249e+00 2.604103e+00 -3.236384e-01 7.519495e-01 1.223768e+00 1.034721e+00 3.089662e-01 -9.734963e-02 -8.207806e-02 3.402510e-02 4.572071e-01 6.810927e-01 4.035779e-01 8.938060e-02 -3.238293e-05
<VARIANCE> 25
 1.024381e+01 1.401742e+01 2.345423e+01 2.570507e+01 2.019180e+01 1.944814e+01 2.009863e+01 2.043445e+01 2.138098e+01 2.128576e+01 2.405776e+01 1.633422e+01 1.208530e+00 1.242644e+00 1.355354e+00 1.672917e+00 2.281655e+00 2.376496e+00 2.299142e+00 2.271389e+00 2.311764e+00 2.238101e+00 2.081921e+00 1.871575e+00 1.010365e-06
<GCONST> 7.516802e+01
<MIXTURE> 6 5.475854e-03
<MEAN> 25
 9.689621e+00 -4.089781e-01 -6.697312e+00 -1.102060e+01 -2.094826e+00 6.719626e+00 -5.876820e+00 -5.293752e+00 -3.645948e+00 1.835674e+00 4.629694e+00 -1.251384e+00 4.833942e-01 8.960200e-01 -3.511966e-01 -1.469924e+00 -6.387941e-01 1.313634e+00 1.535352e+00 2.441431e-01 -1.219102e+00 -1.216806e+00 3.248796e-01 1.225273e+00 -8.214052e-03
<VARIANCE> 25
 9.013224e+00 1.710671e+01 2.393280e+01 3.940798e+01 3.689149e+01 3.069119e+01 4.418287e+01 3.802859e+01 4.073914e+01 3.943259e+01 4.209064e+01 2.842838e+01 3.122930e-01 8.558508e-01 9.457937e-01 1.982743e+00 1.604380e+00 2.011948e+00 1.916540e+00 2.053724e+00 2.395470e+00 1.960394e+00 2.242428e+00 1.439971e+00 5.871543e-04
<GCONST> 8.389191e+01
<MIXTURE> 7 5.475854e-03
<MEAN> 25
 9.689621e+00 -4.089781e-01 -6.697312e+00 -1.102060e+01 -2.094826e+00 6.719626e+00 -5.876820e+00 -5.293752e+00 -3.645948e+00 1.835674e+00 4.629694e+00 -1.251384e+00 4.833942e-01 8.960200e-01 -3.511966e-01 -1.469924e+00 -6.387941e-01 1.313634e+00 1.535352e+00 2.441431e-01 -1.219102e+00 -1.216806e+00 3.248796e-01 1.225273e+00 -8.214052e-03
<VARIANCE> 25
 9.013224e+00 1.710671e+01 2.393280e+01 3.940798e+01 3.689149e+01 3.069119e+01 4.418287e+01 3.802859e+01 4.073914e+01 3.943259e+01 4.209064e+01 2.842838e+01 3.122930e-01 8.558508e-01 9.457937e-01 1.982743e+00 1.604380e+00 2.011948e+00 1.916540e+00 2.053724e+00 2.395470e+00 1.960394e+00 2.242428e+00 1.439971e+00 5.871543e-04
<GCONST> 8.389191e+01
<MIXTURE> 8 1.165917e-02
<MEAN> 25
 -4.735557e+00 1.373094e+00 1.318091e+00 9.533169e+00 6.486856e+00 6.160647e+00 6.540159e+00 5.595375e+00 6.645476e+00 5.570196e+00 6.547456e+00 3.104254e+00 -6.203136e-01 -1.445235e+00 -1.051328e+00 -1.724888e+00 -2.587579e-01 -9.726477e-01 -2.052352e-01 -2.485652e-01 -2.172829e-01 -1.754874e-01 -2.006146e-01 1.027260e-01 9.937726e-02
<VARIANCE> 25
 9.227489e+00 9.826242e+00 1.153033e+01 1.596598e+01 1.706900e+01 1.616851e+01 1.819971e+01 1.788896e+01 1.686204e+01 1.741642e+01 1.866654e+01 1.397779e+01 2.747493e+00 2.866196e+00 3.881251e+00 3.716298e+00 3.526426e+00 3.334089e+00 3.164713e+00 3.192788e+00 2.922237e+00 2.619668e+00 2.419251e+00 1.921246e+00 6.659950e-03
<GCONST> 8.639241e+01
<MIXTURE> 9 1.199672e-02
<MEAN> 25
 8.983595e+00 3.581854e+00 -6.258101e+00 -1.013999e+01 -1.824907e+00 4.455841e+00 -2.018076e+00 -2.938599e+00 -4.954678e+00 -1.078840e+00 7.084281e-01 -1.349566e-01 1.407706e+00 -2.078256e-01 -4.890331e-01 -2.738707e+00 -1.602812e+00 8.270378e-01 -9.973295e-01 -2.234293e-01 -2.713800e-01 -5.008862e-01 6.481005e-01 -2.658110e-01 7.333697e-02
<VARIANCE> 25
 1.277044e+01 2.051609e+01 3.130707e+01 5.386299e+01 4.870189e+01 3.366925e+01 4.163171e+01 5.375754e+01 4.162944e+01 3.921739e+01 3.400138e+01 2.546561e+01 1.964787e+00 2.427261e+00 4.270399e+00 4.560322e+00 4.716130e+00 3.826488e+00 3.962263e+00 5.754097e+00 4.823035e+00 4.037343e+00 3.796143e+00 2.796814e+00 2.117145e-03
<GCONST> 9.794754e+01
<MIXTURE> 10 6.596976e-03
<MEAN> 25
 7.990683e-01 7.585686e+00 5.320772e+00 7.100458e+00 1.650102e+00 -2.103854e+00 -5.745425e-01 -1.658676e+00 8.781884e-01 8.220662e-01 7.898127e-01 6.968876e-01 -1.920879e+00 -6.485655e-01 -4.796688e-01 3.003177e+00 2.461923e+00 2.673811e+00 2.392509e+00 2.247457e+00 1.871472e+00 1.525749e+00 2.326924e+00 5.086927e-01 -1.372962e-01
<VARIANCE> 25
 1.942996e+01 2.074400e+01 2.245472e+01 2.904967e+01 3.849280e+01 3.468627e+01 3.529117e+01 3.364581e+01 2.744251e+01 2.891751e+01 2.704564e+01 2.497341e+01 2.216220e+00 3.454376e+00 5.533375e+00 5.185138e+00 5.502951e+00 4.567487e+00 4.715334e+00 4.896418e+00 4.358988e+00 5.009621e+00 4.414638e+00 3.189046e+00 2.743247e-03
<GCONST> 9.747997e+01
<MIXTURE> 11 1.633820e-02
<MEAN> 25
 7.588096e+00 4.196491e+00 3.371220e+00 5.159786e+00 -3.082534e+00 -2.022149e+00 -2.413857e+00 -6.210385e+00 -3.343832e+00 5.677528e-02 -2.555144e+00 -1.897574e+00 -2.689954e-01 5.396988e-01 1.697135e-01 2.182916e-01 5.217181e-01 -4.594563e-02 3.047972e-01 -1.946754e-01 -1.657642e-01 -4.754403e-02 -1.113202e-01 1.711958e-01 -1.813587e-02
<VARIANCE> 25
 1.188316e+01 2.441225e+01 2.187364e+01 3.044650e+01 3.966135e+01 3.843924e+01 4.807536e+01 4.515171e+01 4.419411e+01 3.454370e+01 3.388657e+01 2.991408e+01 9.037602e-01 1.273872e+00 1.731339e+00 2.380440e+00 2.171057e+00 2.095850e+00 2.082347e+00 2.697621e+00 2.229153e+00 1.904960e+00 1.867741e+00 1.567718e+00 9.695945e-04
<GCONST> 8.776271e+01
<MIXTURE> 12 5.904134e-03
<MEAN> 25
 1.076434e+01 3.744191e+00 -4.503073e+00 -1.599243e+01 -8.693268e+00 8.643752e+00 -8.956116e-01 -1.921907e+00 -1.722806e+00 -4.885003e+00 1.774019e+00 7.154041e-01 6.773160e-02 2.935155e-01 7.974707e-02 -3.683524e-01 -3.103624e-01 2.956946e-02 3.053351e-01 4.477015e-01 1.410589e-01 -3.848362e-01 -3.855986e-01 5.395843e-02 -6.299606e-03
<VARIANCE> 25
 8.890145e+00 2.100217e+01 2.337295e+01 3.503616e+01 4.212475e+01 3.095960e+01 4.180418e+01 4.897576e+01 4.405787e+01 3.739799e+01 3.799712e+01 2.893172e+01 2.467720e-01 6.889045e-01 6.861194e-01 1.169768e+00 1.186337e+00 1.053739e+00 1.171144e+00 1.386150e+00 1.240422e+00 1.222212e+00 1.221324e+00 9.564050e-01 5.787299e-04
<GCONST> 7.892437e+01
<MIXTURE> 13 5.904134e-03
<MEAN> 25
 1.076434e+01 3.744191e+00 -4.503073e+00 -1.599243e+01 -8.693268e+00 8.643752e+00 -8.956116e-01 -1.921907e+00 -1.722806e+00 -4.885003e+00 1.774019e+00 7.154041e-01 6.773160e-02 2.935155e-01 7.974707e-02 -3.683524e-01 -3.103624e-01 2.956946e-02 3.053351e-01 4.477015e-01 1.410589e-01 -3.848362e-01 -3.855986e-01 5.395843e-02 -6.299606e-03
<VARIANCE> 25
 8.890145e+00 2.100217e+01 2.337295e+01 3.503616e+01 4.212475e+01 3.095960e+01 4.180418e+01 4.897576e+01 4.405787e+01 3.739799e+01 3.799712e+01 2.893172e+01 2.467720e-01 6.889045e-01 6.861194e-01 1.169768e+00 1.186337e+00 1.053739e+00 1.171144e+00 1.386150e+00 1.240422e+00 1.222212e+00 1.221324e+00 9.564050e-01 5.787299e-04
<GCONST> 7.892437e+01
<MIXTURE> 14 6.488954e-03
<MEAN> 25
 -4.316649e+00 -3.662768e-01 -3.122942e-01 8.904650e+00 7.514339e+00 7.376441e+00 7.829515e+00 7.316780e+00 7.243304e+00 5.220001e+00 6.862851e+00 4.097240e+00 -2.750455e-01 1.938864e-01 3.660040e-01 3.107504e-01 7.764740e-03 5.998686e-02 9.889033e-02 1.762854e-01 2.969477e-01 5.385182e-01 5.070218e-01 7.612845e-02 -9.333346e-03
<VARIANCE> 25
 9.288436e+00 1.397670e+01 1.861143e+01 1.785260e+01 2.090050e+01 1.957848e+01 2.149568e+01 2.072375e+01 2.013373e+01 2.393488e+01 2.137110e+01 1.598272e+01 9.624222e-01 1.644816e+00 1.772183e+00 1.937719e+00 2.250328e+00 2.256254e+00 2.259239e+00 2.240242e+00 2.284231e+00 2.505886e+00 2.195792e+00 1.811474e+00 1.032445e-03
<GCONST> 8.193260e+01
<MIXTURE> 15 2.475190e-03
<MEAN> 25
 -5.424130e+00 -6.438495e-01 -2.012694e-01 7.367652e+00 5.719886e+00 5.701249e+00 6.060848e+00 4.979208e+00 5.164891e+00 4.154793e+00 5.502283e+00 2.539889e+00 -1.212136e-01 -2.915456e-02 7.503580e-02 2.437846e-01 4.894342e-01 7.865539e-01 1.072433e+00 1.182092e+00 1.059263e+00 7.560481e-01 4.197235e-01 1.534414e-01 -8.277716e-05
<VARIANCE> 25
 6.983775e+00 5.611670e+00 9.032478e+00 1.281537e+01 1.407798e+01 1.429780e+01 1.492073e+01 1.490122e+01 1.409968e+01 1.418403e+01 1.510134e+01 1.250813e+01 1.247616e-01 2.061796e-01 3.197813e-01 5.032800e-01 6.995765e-01 7.936769e-01 7.631168e-01 7.916126e-01 9.090519e-01 1.024035e+00 1.071291e+00 1.041200e+00 2.795463e-05
<GCONST> 5.858841e+01
<MIXTURE> 16 2.475190e-03
<MEAN> 25
 -5.424130e+00 -6.438495e-01 -2.012694e-01 7.367652e+00 5.719886e+00 5.701249e+00 6.060848e+00 4.979208e+00 5.164891e+00 4.154793e+00 5.502283e+00 2.539889e+00 -1.212136e-01 -2.915456e-02 7.503580e-02 2.437846e-01 4.894342e-01 7.865539e-01 1.072433e+00 1.182092e+00 1.059263e+00 7.560481e-01 4.197235e-01 1.534414e-01 -8.277716e-05
<VARIANCE> 25
 6.983775e+00 5.611670e+00 9.032478e+00 1.281537e+01 1.407798e+01 1.429780e+01 1.492073e+01 1.490122e+01 1.409968e+01 1.418403e+01 1.510134e+01 1.250813e+01 1.247616e-01 2.061796e-01 3.197813e-01 5.032800e-01 6.995765e-01 7.936769e-01 7.631168e-01 7.916126e-01 9.090519e-01 1.024035e+00 1.071291e+00 1.041200e+00 2.795463e-05
<GCONST> 5.858841e+01
<MIXTURE> 17 9.518312e-03
<MEAN> 25
 3.573861e+00 -2.379326e+00 6.334504e+00 2.508417e+00 -5.569781e+00 -5.765514e+00 -4.580411e+00 4.980517e-01 -1.105295e+00 -4.328511e+00 -8.983395e-01 2.298409e+00 -8.888706e-01 -1.181682e+00 1.702945e+00 -2.115389e+00 -2.263059e+00 1.500490e-01 -2.746672e-01 1.161288e+00 -1.131423e+00 2.380486e-01 1.428845e+00 2.909820e-01 7.269306e-02
<VARIANCE> 25
 1.218317e+01 2.708697e+01 2.494685e+01 3.195605e+01 3.315347e+01 3.489156e+01 3.376104e+01 2.843292e+01 4.205754e+01 2.257856e+01 2.575359e+01 2.770478e+01 1.477793e+00 2.149451e+00 3.570503e+00 2.230996e+00 3.326035e+00 4.139067e+00 4.085523e+00 3.791710e+00 4.730744e+00 3.796571e+00 2.924927e+00 2.280413e+00 1.700836e-03
<GCONST> 9.277622e+01
<MIXTURE> 18 1.221018e-02
<MEAN> 25
 3.673993e+00 4.078354e+00 5.144500e+00 4.756209e+00 -3.321344e+00 -7.466738e+00 -2.102509e+00 -1.076417e+00 -2.522096e+00 -2.220779e+00 -1.180297e+00 1.089179e+00 -8.284296e-01 2.279696e+00 -5.377070e-01 1.689635e+00 2.934258e+00 1.199776e+00 9.955087e-01 -5.998616e-01 9.188178e-01 3.391878e-01 -1.176253e-01 -2.433184e-01 -1.172942e-01
<VARIANCE> 25
 1.529803e+01 2.338372e+01 3.841545e+01 2.196273e+01 4.236422e+01 3.109994e+01 3.765598e+01 3.122260e+01 3.907695e+01 2.960213e+01 2.802017e+01 2.806463e+01 2.253960e+00 2.692582e+00 4.350492e+00 3.786988e+00 3.858198e+00 4.338024e+00 4.222363e+00 4.427104e+00 4.358811e+00 3.866820e+00 3.992638e+00 3.292642e+00 3.635472e-03
<GCONST> 9.667303e+01
<MIXTURE> 19 9.912824e-03
<MEAN> 25
 -9.955676e+00 2.695731e+00 1.551135e-01 1.132380e+00 4.342560e+00 1.594690e+00 3.913387e+00 2.611241e-01 1.738391e+00 5.285560e-01 1.033082e+00 1.490623e+00 1.954303e+00 1.730388e+00 2.044186e+00 7.800319e-01 -1.115165e+00 -9.848219e-01 -8.121348e-01 -1.438189e+00 -1.529730e+00 -1.010471e+00 -5.725478e-01 -6.064572e-01 -4.338347e-03
<VARIANCE> 25
 5.146854e+01 3.153436e+01 4.673672e+01 4.750377e+01 3.156046e+01 3.051313e+01 2.958717e+01 3.110270e+01 2.752512e+01 2.909606e+01 3.072311e+01 1.980113e+01 2.477606e+00 2.419994e+00 2.049822e+00 2.322131e+00 2.327155e+00 1.990953e+00 2.675720e+00 2.772482e+00 1.985964e+00 1.935886e+00 2.673595e+00 1.848557e+00 2.366879e-03
<GCONST> 9.162233e+01
<MIXTURE> 20 6.308331e-03
<MEAN> 25
 -1.413743e+01 7.436177e+00 8.153380e-01 6.128781e+00 4.837022e+00 1.613377e+00 5.207435e+00 8.033177e-01 9.622230e-01 7.972022e-01 2.574358e+00 -3.009627e-01 -3.278643e+00 -8.576005e-01 -1.555691e+00 3.369542e-01 1.541515e+00 2.051634e+00 1.981422e+00 2.047900e+00 2.126139e+00 2.022517e+00 1.683011e+00 9.390960e-01 4.742437e-02
<VARIANCE> 25
 1.985817e+01 2.337288e+01 3.093276e+01 3.706043e+01 3.072947e+01 2.784049e+01 2.977510e+01 3.168960e+01 2.804130e+01 2.807773e+01 2.501602e+01 2.082089e+01 2.088475e+00 2.184716e+00 1.912331e+00 2.531359e+00 2.695558e+00 2.323632e+00 2.306761e+00 2.320321e+00 2.278913e+00 2.688185e+00 2.228972e+00 1.860266e+00 1.881117e-03
<GCONST> 8.922321e+01
<MIXTURE> 21 7.928653e-03
<MEAN> 25
 3.251846e+00 -5.547648e+00 5.779243e+00 -8.211479e-01 -9.352571e+00 -7.154389e+00 -3.545823e+00 3.903360e+00 -2.154965e+00 -2.818814e+00 -4.567621e-01 2.298907e+00 -6.670605e-01 1.238833e+00 2.348539e+00 -9.006022e-02 -1.249055e+00 3.629453e-01 3.102279e-01 -1.215868e+00 -1.850108e+00 2.482157e-01 1.516874e+00 -5.097559e-02 -8.963284e-03
<VARIANCE> 25
 6.860862e+00 1.724989e+01 2.773009e+01 2.019025e+01 2.120343e+01 2.570978e+01 3.182920e+01 3.131631e+01 3.535657e+01 2.416239e+01 2.943613e+01 2.027439e+01 3.356833e-01 6.792193e-01 1.661342e+00 1.212536e+00 1.608499e+00 1.900261e+00 2.692899e+00 2.408591e+00 2.044690e+00 2.393004e+00 1.672618e+00 2.227828e+00 6.580242e-04
<GCONST> 8.118154e+01
<MIXTURE> 22 8.827789e-03
<MEAN> 25
 -1.690337e+01 7.208334e+00 -4.675807e+00 8.430107e+00 5.235641e+00 7.947069e-01 8.052794e+00 4.747500e-01 5.448725e+00 1.197826e+00 6.003414e+00 1.114287e+00 -3.497164e-01 -3.287357e-01 -5.733139e-02 -5.458011e-02 -7.197767e-02 3.999764e-01 2.143736e-01 2.087379e-02 -7.428566e-02 2.257593e-01 2.312612e-01 3.284612e-01 5.275997e-03
<VARIANCE> 25
 8.945085e+00 1.316199e+01 1.487154e+01 2.417798e+01 1.924778e+01 2.791429e+01 1.686930e+01 1.895954e+01 1.500609e+01 3.019932e+01 1.611472e+01 1.121342e+01 1.092087e+00 1.126512e+00 1.123942e+00 1.382114e+00 1.210108e+00 1.646758e+00 1.195615e+00 1.262506e+00 1.557814e+00 1.442031e+00 1.195547e+00 9.965957e-01 1.480149e-03
<GCONST> 7.618559e+01
<MIXTURE> 23 6.455497e-03
<MEAN> 25
 7.830290e+00 2.384260e+00 3.222375e+00 2.325728e+00 -5.073820e+00 -2.879502e+00 -4.055644e+00 -6.509687e+00 -3.525334e+00 -9.500477e-01 -3.753155e+00 -2.307491e+00 4.133469e-02 1.778666e-01 5.600935e-03 3.804274e-02 5.767021e-03 7.265261e-02 2.559687e-02 -8.390181e-02 3.461972e-02 8.300225e-02 -1.050879e-02 6.723654e-04 -4.092368e-03
<VARIANCE> 25
 1.060941e+01 2.179043e+01 2.489157e+01 3.996740e+01 3.811388e+01 5.475719e+01 5.891699e+01 5.344859e+01 4.692483e+01 4.591657e+01 5.142614e+01 4.015749e+01 1.165091e-01 2.865441e-01 3.795215e-01 4.882679e-01 5.842664e-01 7.166193e-01 7.577758e-01 8.976366e-01 8.764403e-01 8.925182e-01 8.035854e-01 7.988873e-01 8.921643e-05
<GCONST> 7.294480e+01
<MIXTURE> 24 6.455497e-03
<MEAN> 25
 7.830290e+00 2.384260e+00 3.222375e+00 2.325728e+00 -5.073820e+00 -2.879502e+00 -4.055644e+00 -6.509687e+00 -3.525334e+00 -9.500477e-01 -3.753155e+00 -2.307491e+00 4.133469e-02 1.778666e-01 5.600935e-03 3.804274e-02 5.767021e-03 7.265261e-02 2.559687e-02 -8.390181e-02 3.461972e-02 8.300225e-02 -1.050879e-02 6.723654e-04 -4.092368e-03
<VARIANCE> 25
 1.060941e+01 2.179043e+01 2.489157e+01 3.996740e+01 3.811388e+01 5.475719e+01 5.891699e+01 5.344859e+01 4.692483e+01 4.591657e+01 5.142614e+01 4.015749e+01 1.165091e-01 2.865441e-01 3.795215e-01 4.882679e-01 5.842664e-01 7.166193e-01 7.577758e-01 8.976366e-01 8.764403e-01 8.925182e-01 8.035854e-01 7.988873e-01 8.921643e-05
<GCONST> 7.294480e+01
<MIXTURE> 25 1.118642e-02
<MEAN> 25
 1.040816e+00 1.817052e+00 1.531892e+01 -1.627313e+00 -1.211158e+01 1.022470e+00 -4.028737e+00 -2.960313e+00 -7.351525e+00 -3.783742e+00 5.484247e+00 -2.106953e+00 -3.408917e-02 4.401333e-01 8.798394e-03 2.199346e-01 -1.337584e-01 1.035558e-01 5.822599e-01 -1.340036e-01 -1.750174e-01 -2.772914e-01 2.918566e-01 -2.511590e-01 -1.169425e-02
<VARIANCE> 25
 6.888478e+00 1.783662e+01 1.733559e+01 2.214418e+01 2.738645e+01 4.658071e+01 2.243362e+01 2.364116e+01 1.946128e+01 3.121120e+01 1.831837e+01 2.032627e+01 4.318207e-01 1.006330e+00 1.119891e+00 1.460934e+00 1.770696e+00 2.671465e+00 1.851837e+00 1.521951e+00 1.127946e+00 1.608995e+00 1.283160e+00 1.368981e+00 9.390739e-04
<GCONST> 7.890000e+01
<MIXTURE> 26 7.727677e-03
<MEAN> 25
 2.397761e+00 -3.548775e+00 -1.059788e+01 -1.803172e+00 8.569848e+00 6.001043e+00 4.523562e+00 -9.403598e-01 2.241716e+00 1.032126e+00 -2.639780e+00 -2.765942e+00 -6.773890e-01 9.289380e-01 4.601142e-01 6.729650e-01 2.488247e-01 1.834673e-01 4.339568e-01 -4.833785e-02 3.502476e-01 -2.262397e-01 3.406331e-01 4.620229e-01 -5.363386e-02
<VARIANCE> 25
 2.251239e+01 4.775519e+01 2.387016e+01 5.446043e+01 3.166374e+01 4.229955e+01 3.839232e+01 3.632990e+01 3.483250e+01 5.136226e+01 3.336481e+01 4.130803e+01 1.268280e+00 2.278178e+00 1.642207e+00 1.776605e+00 1.893796e+00 2.656202e+00 2.562333e+00 2.414165e+00 2.049874e+00 2.285830e+00 1.833234e+00 1.516174e+00 2.839066e-03
<GCONST> 9.152769e+01
<MIXTURE> 27 7.727677e-03
<MEAN> 25
 2.397761e+00 -3.548775e+00 -1.059788e+01 -1.803172e+00 8.569848e+00 6.001043e+00 4.523562e+00 -9.403598e-01 2.241716e+00 1.032126e+00 -2.639780e+00 -2.765942e+00 -6.773890e-01 9.289380e-01 4.601142e-01 6.729650e-01 2.488247e-01 1.834673e-01 4.339568e-01 -4.833785e-02 3.502476e-01 -2.262397e-01 3.406331e-01 4.620229e-01 -5.363386e-02
<VARIANCE> 25
 2.251239e+01 4.775519e+01 2.387016e+01 5.446043e+01 3.166374e+01 4.229955e+01 3.839232e+01 3.632990e+01 3.483250e+01 5.136226e+01 3.336481e+01 4.130803e+01 1.268280e+00 2.278178e+00 1.642207e+00 1.776605e+00 1.893796e+00 2.656202e+00 2.562333e+00 2.414165e+00 2.049874e+00 2.285830e+00 1.833234e+00 1.516174e+00 2.839066e-03
<GCONST> 9.152769e+01
<MIXTURE> 28 5.036674e-03
<MEAN> 25
 -5.464081e+00 3.259999e-01 -1.576720e+00 6.424081e+00 5.330568e+00 3.420425e+00 5.578312e+00 2.914557e+00 3.987173e+00 2.581167e+00 2.656729e+00 3.154869e+00 -1.048351e-01 2.239573e-01 5.310400e-01 8.287782e-01 8.292990e-01 7.292697e-01 5.373611e-01 3.889475e-01 4.300196e-01 4.412856e-01 3.677579e-01 2.103661e-01 -9.636494e-05
<VARIANCE> 25
 1.009758e+01 1.088307e+01 1.180587e+01 1.539801e+01 1.459634e+01 1.744468e+01 1.823614e+01 1.978150e+01 1.673190e+01 1.733669e+01 1.995735e+01 1.462863e+01 2.537163e-01 3.257988e-01 3.950981e-01 5.089836e-01 6.025673e-01 8.399390e-01 1.036758e+00 1.107144e+00 1.072541e+00 1.045293e+00 1.005226e+00 1.044063e+00 1.173860e-06
<GCONST> 6.049133e+01
<MIXTURE> 29 5.036674e-03
<MEAN> 25
 -5.464081e+00 3.259999e-01 -1.576720e+00 6.424081e+00 5.330568e+00 3.420425e+00 5.578312e+00 2.914557e+00 3.987173e+00 2.581167e+00 2.656729e+00 3.154869e+00 -1.048351e-01 2.239573e-01 5.310400e-01 8.287782e-01 8.292990e-01 7.292697e-01 5.373611e-01 3.889475e-01 4.300196e-01 4.412856e-01 3.677579e-01 2.103661e-01 -9.636494e-05
<VARIANCE> 25
 1.009758e+01 1.088307e+01 1.180587e+01 1.539801e+01 1.459634e+01 1.744468e+01 1.823614e+01 1.978150e+01 1.673190e+01 1.733669e+01 1.995735e+01 1.462863e+01 2.537163e-01 3.257988e-01 3.950981e-01 5.089836e-01 6.025673e-01 8.399390e-01 1.036758e+00 1.107144e+00 1.072541e+00 1.045293e+00 1.005226e+00 1.044063e+00 1.173860e-06
<GCONST> 6.049133e+01
<MIXTURE> 30 8.917812e-03
<MEAN> 25
 -4.495914e+00 -1.886784e-01 6.530658e-01 9.082318e+00 7.777090e+00 7.505867e+00 7.585677e+00 6.874359e+00 6.534079e+00 4.899656e+00 7.009225e+00 3.500032e+00 -2.359914e-02 3.050175e-02 5.694700e-02 9.032562e-02 8.218341e-02 4.527960e-02 1.407929e-02 -2.793659e-03 1.720639e-02 5.066050e-02 6.133750e-02 3.542917e-02 -5.568512e-04
<VARIANCE> 25
 6.933890e+00 9.925720e+00 1.039302e+01 1.379504e+01 1.574014e+01 1.643800e+01 1.912702e+01 1.823615e+01 1.627353e+01 1.836213e+01 2.125653e+01 1.436920e+01 9.737455e-02 1.994377e-01 3.250078e-01 4.843216e-01 6.196134e-01 7.250417e-01 7.723325e-01 8.118784e-01 8.755306e-01 9.376765e-01 9.204383e-01 8.623746e-01 5.093114e-05
<GCONST> 6.060524e+01
<MIXTURE> 31 4.136493e-03
<MEAN> 25
 -3.037133e+00 -4.965861e+00 3.858817e-01 4.488776e+00 2.886442e+00 1.871157e+00 4.309874e+00 6.511832e+00 1.938493e+00 9.828778e-01 5.978847e+00 2.892741e+00 2.559368e-01 5.251104e-01 -2.968714e-01 3.593388e-01 2.858082e-01 3.595098e-01 2.866738e-01 -4.208657e-03 3.269216e-01 3.611755e-01 1.125501e-01 1.699701e-01 -2.065580e-02
<VARIANCE> 25
 6.917335e+00 1.737519e+01 1.676641e+01 1.737092e+01 2.780673e+01 2.154693e+01 2.729897e+01 2.276141e+01 2.784297e+01 2.562695e+01 2.061820e+01 1.796023e+01 1.784164e-01 4.698802e-01 6.049916e-01 7.138307e-01 1.058481e+00 1.040975e+00 1.233568e+00 1.270193e+00 1.340254e+00 1.177837e+00 1.261553e+00 1.123808e+00 2.738627e-04
<GCONST> 7.155240e+01
<MIXTURE> 32 4.136493e-03
<MEAN> 25
 -3.037133e+00 -4.965861e+00 3.858817e-01 4.488776e+00 2.886442e+00 1.871157e+00 4.309874e+00 6.511832e+00 1.938493e+00 9.828778e-01 5.978847e+00 2.892741e+00 2.559368e-01 5.251104e-01 -2.968714e-01 3.593388e-01 2.858082e-01 3.595098e-01 2.866738e-01 -4.208657e-03 3.269216e-01 3.611755e-01 1.125501e-01 1.699701e-01 -2.065580e-02
<VARIANCE> 25
 6.917335e+00 1.737519e+01 1.676641e+01 1.737092e+01 2.780673e+01 2.154693e+01 2.729897e+01 2.276141e+01 2.784297e+01 2.562695e+01 2.061820e+01 1.796023e+01 1.784164e-01 4.698802e-01 6.049916e-01 7.138307e-01 1.058481e+00 1.040975e+00 1.233568e+00 1.270193e+00 1.340254e+00 1.177837e+00 1.261553e+00 1.123808e+00 2.738627e-04
<GCONST> 7.155240e+01
<MIXTURE> 33 1.508826e-02
<MEAN> 25
 6.484768e+00 -4.049901e+00 -2.592616e+00 -2.663427e+00 -1.685369e+00 -5.233235e+00 -6.946167e+00 1.968766e+00 2.030775e+00 1.720252e-02 -4.765752e+00 -2.747283e+00 6.823510e-01 -1.296211e+00 -2.316138e+00 -1.833069e+00 1.298392e+00 1.349863e+00 -6.892909e-01 8.202833e-01 7.552847e-01 6.678383e-01 -4.158184e-01 -1.287233e+00 4.086462e-02
<VARIANCE> 25
 9.461532e+00 2.159833e+01 2.848684e+01 3.434753e+01 3.793316e+01 4.124540e+01 3.997248e+01 5.233306e+01 3.759959e+01 4.208168e+01 3.616523e+01 2.815271e+01 1.100916e+00 1.924521e+00 2.240171e+00 2.098080e+00 4.086058e+00 3.178199e+00 3.991918e+00 5.392490e+00 4.169598e+00 4.181594e+00 3.298084e+00 2.470690e+00 1.469854e-03
<GCONST> 9.381160e+01
<MIXTURE> 34 1.588179e-02
<MEAN> 25
 8.742979e+00 -1.697525e-01 -3.243150e-01 1.616713e+00 -2.506790e+00 -1.878052e+00 -5.967003e+00 -4.560683e+00 -1.182209e+00 1.658707e-01 -2.747632e+00 -3.326109e+00 -2.507138e-02 1.402347e+00 1.370618e+00 2.336805e+00 2.997742e-02 -1.449030e-01 8.474550e-01 -1.677797e+00 -7.026225e-01 2.021594e-01 -5.555918e-01 2.788732e-01 -6.356155e-02
<VARIANCE> 25
 7.529325e+00 3.063873e+01 2.996207e+01 4.876054e+01 4.255723e+01 4.751820e+01 5.189494e+01 5.359716e+01 5.388196e+01 4.161528e+01 4.526967e+01 3.113479e+01 1.195669e+00 1.958809e+00 4.273196e+00 4.009731e+00 5.553285e+00 5.453487e+00 5.210814e+00 5.773186e+00 5.336169e+00 4.720922e+00 4.708911e+00 3.725526e+00 1.137916e-03
<GCONST> 9.900311e+01
<MIXTURE> 35 1.467755e-02
<MEAN> 25
 -2.163691e+00 -4.541303e+00 -9.803189e+00 1.503428e-01 9.752118e+00 1.062591e+00 1.887559e+00 2.164635e+00 1.600876e+00 4.664124e+00 6.783239e-02 1.628976e+00 4.845445e-01 -1.187173e+00 -1.330443e+00 -1.315716e+00 3.632423e-01 -8.080491e-01 -7.741912e-01 5.713436e-02 -2.911219e-02 1.882123e-01 -7.486740e-01 -4.777741e-01 1.044477e-01
<VARIANCE> 25
 1.875041e+01 3.702990e+01 4.175315e+01 5.923793e+01 4.046374e+01 5.615246e+01 5.014576e+01 4.440966e+01 4.804671e+01 3.691142e+01 3.540208e+01 3.056753e+01 3.391523e+00 3.486036e+00 6.599523e+00 5.376719e+00 4.984597e+00 5.291120e+00 4.837139e+00 5.137808e+00 5.182265e+00 4.311649e+00 4.075706e+00 3.603614e+00 5.211280e-03
<GCONST> 1.032685e+02
<MIXTURE> 36 1.093293e-02
<MEAN> 25
 3.463052e+00 -4.199112e+00 6.652691e+00 1.311675e+00 -7.470327e+00 -6.489608e+00 -7.465599e+00 3.561903e+00 -2.380743e+00 -3.422756e+00 1.268023e+00 2.372200e+00 2.263668e-01 7.821372e-02 -9.254563e-01 1.364003e-01 1.016940e+00 3.354118e-02 -4.485837e-01 -6.491933e-02 5.491047e-01 5.104387e-01 -4.396003e-01 -2.058710e-01 -1.273912e-02
<VARIANCE> 25
 7.659513e+00 1.685532e+01 1.400551e+01 2.017071e+01 2.445061e+01 2.511697e+01 2.852345e+01 2.314759e+01 2.252563e+01 2.666386e+01 1.884973e+01 2.195126e+01 3.795787e-01 7.519740e-01 1.742043e+00 1.458772e+00 2.094829e+00 1.041917e+00 2.031968e+00 1.351389e+00 1.499056e+00 1.792518e+00 1.114789e+00 1.282601e+00 6.188064e-04
<GCONST> 7.721519e+01
<MIXTURE> 37 1.246826e-02
<MEAN> 25
 5.440391e-01 7.761321e+00 1.204263e+01 -5.540393e+00 -8.014056e+00 -1.051891e+00 -5.084557e+00 -8.307614e+00 -3.709006e+00 -9.100817e-01 -3.667044e+00 -1.282032e+00 1.804677e-01 6.485528e-01 -1.355381e+00 3.577748e+00 1.988506e+00 -3.005898e-01 1.092815e+00 4.341158e-01 5.303034e-01 -3.233701e-01 5.373883e-01 -9.791432e-02 -9.485337e-02
<VARIANCE> 25
 1.591042e+01 2.603200e+01 3.094992e+01 5.104075e+01 3.413847e+01 3.199736e+01 4.397052e+01 3.514618e+01 3.856927e+01 3.591099e+01 3.772136e+01 3.091146e+01 2.954198e+00 3.412277e+00 3.015003e+00 4.104978e+00 4.615833e+00 3.749838e+00 4.207774e+00 3.808521e+00 3.450300e+00 3.617373e+00 3.865745e+00 2.789069e+00 3.925798e-03
<GCONST> 9.778590e+01
<MIXTURE> 38 1.154525e-02
<MEAN> 25
 -4.486312e+00 8.721931e+00 3.936840e+00 3.265460e+00 1.543630e+00 -5.057756e+00 -2.648252e-01 -2.581685e+00 -2.147079e+00 -3.088562e+00 -1.289481e+00 -2.482703e-01 -4.366342e+00 1.320767e+00 -4.004554e-01 1.423763e+00 2.447841e+00 1.124027e+00 2.165782e+00 8.004575e-01 9.067053e-01 5.043467e-01 1.102783e+00 1.961374e-01 4.393923e-02
<VARIANCE> 25
 2.925753e+01 2.826257e+01 4.077005e+01 3.107385e+01 5.053462e+01 3.449594e+01 3.609145e+01 3.893068e+01 3.771246e+01 3.030762e+01 2.368852e+01 2.789885e+01 2.412201e+00 3.696840e+00 3.788532e+00 4.949822e+00 4.179375e+00 5.394361e+00 4.814897e+00 4.532490e+00 4.328395e+00 4.722362e+00 4.262920e+00 3.172620e+00 2.182783e-03
<GCONST> 9.886793e+01
<MIXTURE> 39 9.501865e-03
<MEAN> 25
 1.810127e+00 2.232671e+00 1.058741e+01 -8.215370e+00 -1.145434e+01 1.283756e+00 -2.420332e+00 -7.241446e+00 -4.562440e+00 1.651223e+00 -2.143560e+00 -3.317647e+00 -6.306685e-01 1.321683e+00 1.603475e+00 -1.391518e+00 -5.988758e-02 1.406197e+00 -1.310134e+00 -9.820847e-01 2.297523e-01 3.573216e-01 -5.139275e-01 1.628533e-01 4.095063e-03
<VARIANCE> 25
 8.122173e+00 2.534780e+01 2.682131e+01 3.538300e+01 3.066564e+01 5.556204e+01 3.821345e+01 2.945942e+01 3.236657e+01 2.949858e+01 3.835144e+01 2.820915e+01 6.017941e-01 1.414091e+00 1.244394e+00 2.411937e+00 2.049633e+00 2.466149e+00 2.587398e+00 2.629690e+00 2.172976e+00 2.245661e+00 1.793713e+00 1.719619e+00 9.980416e-04
<GCONST> 8.672173e+01
<MIXTURE> 40 1.030800e-02
<MEAN> 25
 -9.187201e+00 2.740329e+00 -1.240519e+00 8.063608e+00 4.195802e+00 5.305885e+00 5.536506e+00 3.623775e+00 4.486429e+00 3.927504e+00 5.539080e+00 1.554524e+00 -8.410950e-02 -2.410815e-01 3.668446e-02 -1.684663e-01 -1.439392e-01 -1.086470e-01 7.565473e-02 4.044107e-02 -3.370771e-02 9.076455e-03 1.171826e-01 8.232369e-02 3.484882e-03
<VARIANCE> 25
 4.113774e+01 2.417455e+01 2.835470e+01 2.702979e+01 2.651407e+01 1.935319e+01 1.927287e+01 2.235431e+01 1.643547e+01 1.930595e+01 1.900870e+01 1.431038e+01 7.227111e-01 7.932037e-01 8.853387e-01 1.213260e+00 1.142291e+00 1.245302e+00 1.266600e+00 1.228067e+00 1.221484e+00 1.164296e+00 1.174612e+00 1.071110e+00 8.864027e-04
<GCONST> 7.702562e+01
<MIXTURE> 41 6.713375e-03
<MEAN> 25
 1.311754e+00 1.756518e+00 1.047431e+01 -6.941384e+00 -1.045211e+01 -3.852141e+00 -2.506989e+00 -5.014017e+00 -4.656355e+00 2.643515e+00 -1.733931e+00 -9.279295e-01 7.826820e-02 -7.630559e-01 1.694654e+00 -3.550460e+00 -2.454943e+00 -1.134743e-01 -5.125217e-01 -3.514097e-01 -8.296593e-01 1.091841e+00 -1.041618e+00 8.398604e-02 8.615281e-02
<VARIANCE> 25
 1.165592e+01 2.979701e+01 3.251559e+01 4.002725e+01 3.868196e+01 4.011252e+01 3.716120e+01 3.008086e+01 3.297690e+01 2.878687e+01 3.178208e+01 2.732010e+01 3.171247e+00 3.305623e+00 3.815063e+00 3.801127e+00 4.896604e+00 5.857262e+00 4.711259e+00 4.549890e+00 3.966643e+00 4.219710e+00 3.833073e+00 3.214467e+00 2.924917e-03
<GCONST> 9.789671e+01
<MIXTURE> 42 1.106211e-02
<MEAN> 25
 -2.426238e+00 5.271096e+00 4.521939e+00 3.449184e+00 7.896153e-01 -6.317574e+00 -5.042692e-03 -1.343860e+00 -1.238011e+00 -2.357672e+00 -1.207154e+00 1.911180e+00 4.273092e+00 -6.792403e-01 1.370358e+00 1.677839e-01 -3.004353e+00 -9.001426e-01 -2.810776e+00 -1.412988e-01 -1.090239e+00 -2.644758e-01 -5.095876e-02 -4.984377e-01 1.646105e-02
<VARIANCE> 25
 3.263263e+01 2.026023e+01 3.977741e+01 2.165763e+01 3.418190e+01 3.175129e+01 3.720285e+01 2.390494e+01 2.507046e+01 2.584998e+01 2.221010e+01 1.800138e+01 2.902617e+00 4.376779e+00 5.086668e+00 4.059859e+00 3.682456e+00 4.852123e+00 5.154200e+00 5.604518e+00 4.378565e+00 4.514456e+00 4.609431e+00 3.610163e+00 3.732419e-03
<GCONST> 9.746590e+01
<MIXTURE> 43 7.108249e-03
<MEAN> 25
 3.176404e+00 -6.699494e+00 -1.978874e+00 -4.940956e+00 -7.328718e+00 -3.377156e+00 3.497464e+00 1.814569e+00 -4.874637e+00 -6.395852e+00 -4.541467e+00 -7.785640e-01 2.137505e-01 2.069291e+00 1.915763e+00 -7.622616e-02 -1.324104e+00 -7.674866e-01 -9.402387e-01 -8.795028e-01 7.870597e-01 1.267880e+00 3.757770e-01 3.433579e-02 -4.515535e-02
<VARIANCE> 25
 8.983792e+00 2.054438e+01 2.671724e+01 3.364022e+01 3.599416e+01 3.412336e+01 3.621690e+01 4.115691e+01 3.795777e+01 4.230403e+01 2.542145e+01 3.034012e+01 6.604126e-01 1.315217e+00 1.489087e+00 2.360028e+00 2.426189e+00 2.229764e+00 2.483155e+00 3.068181e+00 2.583634e+00 2.916742e+00 2.206679e+00 1.846589e+00 8.849390e-04
<GCONST> 8.764492e+01
<MIXTURE> 44 7.328289e-03
<MEAN> 25
 -1.486751e+01 2.377781e+00 3.631407e+00 -3.123406e+00 3.593743e+00 1.960863e+00 5.719511e-01 1.485577e+00 1.027346e+00 -1.056753e+00 2.082806e+00 1.441579e+00 -1.334606e-01 -6.307342e-02 2.636311e-01 3.950351e-01 -2.726814e-01 2.107152e-01 5.790689e-01 5.942122e-02 4.230199e-02 4.732254e-02 1.802415e-01 1.675340e-01 1.137191e-03
<VARIANCE> 25
 4.433595e+01 2.910980e+01 3.253052e+01 2.846350e+01 2.858599e+01 2.728401e+01 2.525496e+01 3.399451e+01 2.785451e+01 2.587720e+01 2.460182e+01 1.886418e+01 1.240949e+00 1.480919e+00 1.353155e+00 1.398357e+00 2.323135e+00 1.519898e+00 1.480886e+00 1.519684e+00 1.998700e+00 1.539451e+00 1.291326e+00 1.190188e+00 1.279041e-03
<GCONST> 8.428651e+01
<MIXTURE> 45 1.364932e-02
<MEAN> 25
 -1.095953e+01 6.218537e+00 -1.696606e+00 2.755874e+00 6.867280e+00 -8.773822e-01 5.581262e+00 9.323094e-01 3.962655e+00 -1.886270e-01 3.137230e+00 1.592642e+00 -2.956784e+00 6.452152e-01 -2.324839e-01 -1.686864e-01 5.422733e-01 -4.637297e-01 5.986658e-01 -1.743739e-01 1.326294e-01 -4.494196e-01 5.353813e-01 -2.604812e-01 8.734409e-02
<VARIANCE> 25
 2.616820e+01 2.556270e+01 2.673225e+01 3.086021e+01 2.541648e+01 2.766938e+01 2.606178e+01 2.242334e+01 1.964576e+01 2.490293e+01 1.901792e+01 1.241452e+01 1.631367e+00 2.492290e+00 2.002700e+00 2.870379e+00 2.738171e+00 2.188935e+00 2.442968e+00 1.985701e+00 2.312268e+00 2.346844e+00 1.850336e+00 1.338079e+00 3.745426e-03
<GCONST> 8.728346e+01
<MIXTURE> 46 9.336259e-03
<MEAN> 25
 -9.378180e+00 2.527198e+00 1.163769e+00 7.409922e+00 5.951650e+00 3.285759e+00 7.116173e+00 4.254828e+00 5.568042e+00 4.547788e+00 5.052907e+00 2.813096e+00 1.048618e+00 -2.450736e-01 6.029727e-02 1.012652e+00 5.536197e-01 8.879688e-01 3.752000e-01 6.648689e-01 4.739888e-01 4.899729e-01 6.255277e-01 5.176108e-01 -1.023643e-01
<VARIANCE> 25
 3.425943e+01 4.403354e+01 3.844154e+01 4.944944e+01 4.999107e+01 4.066506e+01 3.639706e+01 3.623563e+01 3.302606e+01 3.113527e+01 2.816761e+01 2.015059e+01 4.012334e+00 4.135526e+00 3.792261e+00 4.098741e+00 4.210170e+00 3.685530e+00 3.372233e+00 3.139762e+00 2.944724e+00 2.810688e+00 2.317592e+00 1.749104e+00 8.111044e-03
<GCONST> 9.824755e+01
<MIXTURE> 47 7.116147e-03
<MEAN> 25
 7.158801e+00 -7.094967e+00 -7.807549e+00 -6.785411e+00 1.722036e+00 9.225163e-01 -2.115027e+00 1.279591e+00 2.671038e+00 1.142537e+00 -4.077018e+00 -6.595630e+00 -1.911600e-01 -1.274508e+00 -6.924136e-01 -5.517811e-01 6.081916e-01 8.447422e-01 8.653251e-01 5.495420e-01 -1.403369e-02 -6.303057e-01 -4.881903e-01 -4.914094e-01 3.073070e-02
<VARIANCE> 25
 9.907728e+00 2.272387e+01 1.923462e+01 3.176522e+01 3.524709e+01 4.772674e+01 4.104827e+01 3.922494e+01 4.025904e+01 4.955238e+01 4.455478e+01 3.186419e+01 4.782846e-01 7.229240e-01 1.053762e+00 1.706612e+00 1.859312e+00 2.059990e+00 2.081874e+00 2.812832e+00 2.114874e+00 2.513390e+00 2.139608e+00 1.905563e+00 5.223091e-04
<GCONST> 8.560127e+01
<MIXTURE> 48 7.116147e-03
<MEAN> 25
 7.158801e+00 -7.094967e+00 -7.807549e+00 -6.785411e+00 1.722036e+00 9.225163e-01 -2.115027e+00 1.279591e+00 2.671038e+00 1.142537e+00 -4.077018e+00 -6.595630e+00 -1.911600e-01 -1.274508e+00 -6.924136e-01 -5.517811e-01 6.081916e-01 8.447422e-01 8.653251e-01 5.495420e-01 -1.403369e-02 -6.303057e-01 -4.881903e-01 -4.914094e-01 3.073070e-02
<VARIANCE> 25
 9.907728e+00 2.272387e+01 1.923462e+01 3.176522e+01 3.524709e+01 4.772674e+01 4.104827e+01 3.922494e+01 4.025904e+01 4.955238e+01 4.455478e+01 3.186419e+01 4.782846e-01 7.229240e-01 1.053762e+00 1.706612e+00 1.859312e+00 2.059990e+00 2.081874e+00 2.812832e+00 2.114874e+00 2.513390e+00 2.139608e+00 1.905563e+00 5.223091e-04
<GCONST> 8.560127e+01
<MIXTURE> 49 5.548473e-03
<MEAN> 25
 -5.087777e+00 3.564360e-01 1.667194e-01 8.438134e+00 6.154363e+00 5.617712e+00 6.061058e+00 4.489662e+00 5.034083e+00 3.727064e+00 4.919015e+00 2.850016e+00 3.652838e-01 6.547843e-01 7.023594e-01 3.542359e-01 -1.964548e-01 -6.684449e-01 -1.007486e+00 -1.119716e+00 -9.551173e-01 -6.828554e-01 -4.947683e-01 -2.711170e-01 -1.797088e-05
<VARIANCE> 25
 9.583720e+00 1.005750e+01 1.424506e+01 1.601731e+01 1.589390e+01 1.712070e+01 1.949578e+01 1.943692e+01 1.825232e+01 1.793365e+01 2.081001e+01 1.439995e+01 2.804329e-01 2.638400e-01 3.589855e-01 6.119314e-01 8.687790e-01 9.744606e-01 9.929749e-01 1.053497e+00 1.134351e+00 1.221470e+00 1.283107e+00 1.207264e+00 1.433224e-05
<GCONST> 6.435245e+01
<MIXTURE> 50 6.234641e-03
<MEAN> 25
 -4.667310e+00 9.284075e-02 -1.451487e+00 6.200689e+00 4.221005e+00 2.276376e+00 3.705251e+00 1.987218e+00 2.779938e+00 1.405021e+00 2.157543e+00 2.846867e+00 5.631689e-02 1.759401e-01 9.540939e-02 -1.772480e-01 -5.118229e-01 -6.152354e-01 -4.266330e-01 -5.124981e-02 4.410684e-01 7.740941e-01 7.390613e-01 4.451610e-01 -1.304331e-05
<VARIANCE> 25
 1.053785e+01 1.115972e+01 1.434657e+01 1.541873e+01 1.534405e+01 1.857904e+01 1.856934e+01 1.948723e+01 1.854687e+01 1.749038e+01 2.164951e+01 1.520339e+01 1.447865e-01 2.394403e-01 3.785421e-01 5.174357e-01 5.987539e-01 7.349069e-01 9.568327e-01 1.118132e+00 1.060234e+00 9.097124e-01 9.182155e-01 9.894323e-01 1.000062e-06
<GCONST> 5.954262e+01
<MIXTURE> 51 6.234641e-03
<MEAN> 25
 -4.667310e+00 9.284075e-02 -1.451487e+00 6.200689e+00 4.221005e+00 2.276376e+00 3.705251e+00 1.987218e+00 2.779938e+00 1.405021e+00 2.157543e+00 2.846867e+00 5.631689e-02 1.759401e-01 9.540939e-02 -1.772480e-01 -5.118229e-01 -6.152354e-01 -4.266330e-01 -5.124981e-02 4.410684e-01 7.740941e-01 7.390613e-01 4.451610e-01 -1.304331e-05
<VARIANCE> 25
 1.053785e+01 1.115972e+01 1.434657e+01 1.541873e+01 1.534405e+01 1.857904e+01 1.856934e+01 1.948723e+01 1.854687e+01 1.749038e+01 2.164951e+01 1.520339e+01 1.447865e-01 2.394403e-01 3.785421e-01 5.174357e-01 5.987539e-01 7.349069e-01 9.568327e-01 1.118132e+00 1.060234e+00 9.097124e-01 9.182155e-01 9.894323e-01 1.000062e-06
<GCONST> 5.954262e+01
<MIXTURE> 52 6.367945e-03
<MEAN> 25
 1.012156e+01 2.049834e+00 -6.201185e+00 -1.428401e+01 -4.215535e+00 8.538013e+00 -2.748791e+00 -3.059527e+00 -4.406970e+00 -2.129317e+00 3.352081e+00 7.428705e-01 -3.854683e-01 -4.803579e-01 -6.966580e-02 1.140001e+00 1.339135e+00 -4.731095e-01 -6.026450e-01 -6.589243e-01 4.307460e-02 1.245679e+00 3.872641e-01 -5.455832e-01 -1.381502e-02
<VARIANCE> 25
 9.299919e+00 2.049980e+01 2.534163e+01 3.858665e+01 4.581895e+01 3.071680e+01 4.656703e+01 4.893480e+01 4.305349e+01 4.605803e+01 3.995088e+01 3.002895e+01 4.495306e-01 1.481249e+00 1.310734e+00 2.758290e+00 2.328948e+00 2.199688e+00 2.985936e+00 2.798778e+00 3.005148e+00 2.667492e+00 2.519807e+00 2.276802e+00 1.546102e-03
<GCONST> 8.973750e+01
<MIXTURE> 53 6.367945e-03
<MEAN> 25
 1.012156e+01 2.049834e+00 -6.201185e+00 -1.428401e+01 -4.215535e+00 8.538013e+00 -2.748791e+00 -3.059527e+00 -4.406970e+00 -2.129317e+00 3.352081e+00 7.428705e-01 -3.854683e-01 -4.803579e-01 -6.966580e-02 1.140001e+00 1.339135e+00 -4.731095e-01 -6.026450e-01 -6.589243e-01 4.307460e-02 1.245679e+00 3.872641e-01 -5.455832e-01 -1.381502e-02
<VARIANCE> 25
 9.299919e+00 2.049980e+01 2.534163e+01 3.858665e+01 4.581895e+01 3.071680e+01 4.656703e+01 4.893480e+01 4.305349e+01 4.605803e+01 3.995088e+01 3.002895e+01 4.495306e-01 1.481249e+00 1.310734e+00 2.758290e+00 2.328948e+00 2.199688e+00 2.985936e+00 2.798778e+00 3.005148e+00 2.667492e+00 2.519807e+00 2.276802e+00 1.546102e-03
<GCONST> 8.973750e+01
<MIXTURE> 54 7.368620e-03
<MEAN> 25
 -3.633813e+00 4.930846e-02 -6.831591e-01 8.036479e+00 6.484036e+00 4.625408e+00 4.675273e+00 4.601084e+00 4.053162e+00 3.593815e+00 4.457369e+00 2.326213e+00 -2.135403e-03 2.653616e-02 3.415760e-02 4.748570e-02 5.136064e-02 4.707534e-02 3.888447e-02 2.892068e-02 3.080654e-02 2.504005e-02 1.450200e-02 1.775684e-03 -1.217326e-05
<VARIANCE> 25
 9.137406e+00 1.036352e+01 9.295762e+00 1.818592e+01 1.332129e+01 1.353334e+01 1.197177e+01 1.128199e+01 1.134330e+01 1.354980e+01 1.780395e+01 1.253525e+01 4.087546e-02 8.734608e-02 1.540846e-01 2.265819e-01 3.079377e-01 3.969470e-01 4.608450e-01 5.215804e-01 5.420802e-01 5.211957e-01 5.144829e-01 5.164386e-01 1.000054e-06
<GCONST> 4.724881e+01
<MIXTURE> 55 7.368620e-03
<MEAN> 25
 -3.633813e+00 4.930846e-02 -6.831591e-01 8.036479e+00 6.484036e+00 4.625408e+00 4.675273e+00 4.601084e+00 4.053162e+00 3.593815e+00 4.457369e+00 2.326213e+00 -2.135403e-03 2.653616e-02 3.415760e-02 4.748570e-02 5.136064e-02 4.707534e-02 3.888447e-02 2.892068e-02 3.080654e-02 2.504005e-02 1.450200e-02 1.775684e-03 -1.217326e-05
<VARIANCE> 25
 9.137406e+00 1.036352e+01 9.295762e+00 1.818592e+01 1.332129e+01 1.353334e+01 1.197177e+01 1.128199e+01 1.134330e+01 1.354980e+01 1.780395e+01 1.253525e+01 4.087546e-02 8.734608e-02 1.540846e-01 2.265819e-01 3.079377e-01 3.969470e-01 4.608450e-01 5.215804e-01 5.420802e-01 5.211957e-01 5.144829e-01 5.164386e-01 1.000054e-06
<GCONST> 4.724881e+01
<MIXTURE> 56 6.132464e-03
<MEAN> 25
 7.399424e+00 -6.933658e+00 -9.314143e+00 -8.484173e+00 4.057155e+00 4.362800e+00 -1.677281e+00 -9.072098e-01 1.083085e+00 2.240919e+00 -3.075061e+00 -7.129707e+00 1.761183e-03 1.125287e-01 -2.727826e-01 8.393373e-02 2.010711e-01 7.886390e-02 2.000583e-01 -1.915206e-01 5.906035e-03 -8.252548e-02 -3.807985e-02 -1.177418e-01 -7.599920e-03
<VARIANCE> 25
 7.760450e+00 2.590834e+01 1.725494e+01 3.683110e+01 2.915427e+01 4.301894e+01 5.179947e+01 3.177150e+01 3.460826e+01 3.999777e+01 3.718427e+01 2.597325e+01 1.768015e-01 5.280028e-01 6.475709e-01 7.289914e-01 7.136453e-01 1.029314e+00 8.105792e-01 8.847799e-01 8.205029e-01 7.852043e-01 8.587332e-01 7.315117e-01 2.335679e-04
<GCONST> 7.332150e+01
<MIXTURE> 57 6.132464e-03
<MEAN> 25
 7.399424e+00 -6.933658e+00 -9.314143e+00 -8.484173e+00 4.057155e+00 4.362800e+00 -1.677281e+00 -9.072098e-01 1.083085e+00 2.240919e+00 -3.075061e+00 -7.129707e+00 1.761183e-03 1.125287e-01 -2.727826e-01 8.393373e-02 2.010711e-01 7.886390e-02 2.000583e-01 -1.915206e-01 5.906035e-03 -8.252548e-02 -3.807985e-02 -1.177418e-01 -7.599920e-03
<VARIANCE> 25
 7.760450e+00 2.590834e+01 1.725494e+01 3.683110e+01 2.915427e+01 4.301894e+01 5.179947e+01 3.177150e+01 3.460826e+01 3.999777e+01 3.718427e+01 2.597325e+01 1.768015e-01 5.280028e-01 6.475709e-01 7.289914e-01 7.136453e-01 1.029314e+00 8.105792e-01 8.847799e-01 8.205029e-01 7.852043e-01 8.587332e-01 7.315117e-01 2.335679e-04
<GCONST> 7.332150e+01
<MIXTURE> 58 6.172147e-03
<MEAN> 25
 2.217909e+00 -2.786006e+00 7.632238e+00 -4.298351e+00 -1.258061e+01 -3.228792e+00 7.699521e-01 6.945695e-01 -2.902585e+00 1.221296e+00 1.831746e+00 -1.103972e+00 3.537761e-04 6.930770e-02 -1.290618e-01 -1.281770e-01 5.055636e-02 4.521246e-01 4.280458e-01 -1.234918e-02 9.036855e-02 1.098069e-01 -7.368370e-02 -3.847108e-01 -5.544219e-03
<VARIANCE> 25
 7.808256e+00 1.377320e+01 1.711805e+01 2.230554e+01 2.035263e+01 4.851305e+01 2.964289e+01 3.770197e+01 2.626148e+01 2.603348e+01 2.373408e+01 2.010477e+01 2.975324e-01 7.926902e-01 8.183685e-01 8.971858e-01 8.576354e-01 1.134884e+00 1.106912e+00 1.185326e+00 8.831458e-01 9.900126e-01 8.402409e-01 9.768539e-01 6.265687e-04
<GCONST> 7.396316e+01
<MIXTURE> 59 6.172147e-03
<MEAN> 25
 2.217909e+00 -2.786006e+00 7.632238e+00 -4.298351e+00 -1.258061e+01 -3.228792e+00 7.699521e-01 6.945695e-01 -2.902585e+00 1.221296e+00 1.831746e+00 -1.103972e+00 3.537761e-04 6.930770e-02 -1.290618e-01 -1.281770e-01 5.055636e-02 4.521246e-01 4.280458e-01 -1.234918e-02 9.036855e-02 1.098069e-01 -7.368370e-02 -3.847108e-01 -5.544219e-03
<VARIANCE> 25
 7.808256e+00 1.377320e+01 1.711805e+01 2.230554e+01 2.035263e+01 4.851305e+01 2.964289e+01 3.770197e+01 2.626148e+01 2.603348e+01 2.373408e+01 2.010477e+01 2.975324e-01 7.926902e-01 8.183685e-01 8.971858e-01 8.576354e-01 1.134884e+00 1.106912e+00 1.185326e+00 8.831458e-01 9.900126e-01 8.402409e-01 9.768539e-01 6.265687e-04
<GCONST> 7.396316e+01
<MIXTURE> 60 4.479129e-03
<MEAN> 25
 -4.264487e+00 -6.649057e-01 -1.084375e+00 3.697239e+00 1.731568e+00 2.118855e+00 1.637564e+00 1.531185e+00 2.158351e+00 1.264553e+00 2.386028e+00 1.916092e+00 -2.849127e-02 5.650640e-02 1.011057e-01 1.301869e-01 1.294798e-01 1.293240e-01 1.787916e-01 3.225632e-01 5.452076e-01 6.645933e-01 5.562593e-01 3.033151e-01 -3.906901e-04
<VARIANCE> 25
 6.932817e+00 4.524348e+00 1.027675e+01 1.130676e+01 1.357749e+01 1.700124e+01 1.399785e+01 1.185802e+01 1.272545e+01 1.319725e+01 1.594022e+01 1.229296e+01 8.693190e-02 1.683225e-01 2.793859e-01 4.319128e-01 5.865183e-01 7.280031e-01 8.283045e-01 8.989630e-01 9.026473e-01 8.356966e-01 8.391468e-01 8.626353e-01 2.295606e-05
<GCONST> 5.633097e+01
<MIXTURE> 61 4.479129e-03
<MEAN> 25
 -4.264487e+00 -6.649057e-01 -1.084375e+00 3.697239e+00 1.731568e+00 2.118855e+00 1.637564e+00 1.531185e+00 2.158351e+00 1.264553e+00 2.386028e+00 1.916092e+00 -2.849127e-02 5.650640e-02 1.011057e-01 1.301869e-01 1.294798e-01 1.293240e-01 1.787916e-01 3.225632e-01 5.452076e-01 6.645933e-01 5.562593e-01 3.033151e-01 -3.906901e-04
<VARIANCE> 25
 6.932817e+00 4.524348e+00 1.027675e+01 1.130676e+01 1.357749e+01 1.700124e+01 1.399785e+01 1.185802e+01 1.272545e+01 1.319725e+01 1.594022e+01 1.229296e+01 8.693190e-02 1.683225e-01 2.793859e-01 4.319128e-01 5.865183e-01 7.280031e-01 8.283045e-01 8.989630e-01 9.026473e-01 8.356966e-01 8.391468e-01 8.626353e-01 2.295606e-05
<GCONST> 5.633097e+01
<MIXTURE> 62 3.278034e-03
<MEAN> 25
 -5.091068e+00 1.242405e+00 1.026030e+00 8.817658e+00 6.130846e+00 5.050494e+00 5.499804e+00 4.032598e+00 4.985778e+00 3.917868e+00 4.965775e+00 2.950272e+00 -1.003301e+00 -1.166641e+00 -9.531108e-01 -2.767450e-01 4.275752e-01 1.005051e+00 1.384626e+00 1.552215e+00 1.478721e+00 1.243455e+00 1.067098e+00 7.260588e-01 -1.265634e-03
<VARIANCE> 25
 9.871998e+00 9.971572e+00 1.311503e+01 1.674262e+01 1.741267e+01 1.752357e+01 1.969996e+01 1.912786e+01 1.885936e+01 1.872563e+01 2.156595e+01 1.480236e+01 4.016920e-01 4.320432e-01 5.542670e-01 7.793005e-01 1.034941e+00 1.192307e+00 1.252265e+00 1.278931e+00 1.329587e+00 1.363861e+00 1.399905e+00 1.371230e+00 1.632688e-05
<GCONST> 6.752843e+01
<MIXTURE> 63 4.351215e-03
<MEAN> 25
 -4.164307e+00 -2.110573e+00 -4.674435e+00 2.787353e+00 3.315053e+00 -2.644580e-01 2.831853e+00 1.225678e+00 2.405934e+00 -8.248134e-01 -1.135726e+00 2.380602e+00 -1.192793e-01 3.442313e-01 3.779114e-01 5.015881e-01 4.165936e-01 4.422866e-01 4.738178e-01 1.670915e-01 1.266148e-01 2.410803e-01 2.508815e-01 1.493519e-01 -4.805981e-03
<VARIANCE> 25
 8.600380e+00 1.717957e+01 1.672287e+01 1.576447e+01 1.837175e+01 2.628047e+01 2.285142e+01 2.724525e+01 2.508208e+01 2.154183e+01 1.958951e+01 1.703869e+01 2.845466e-01 4.391447e-01 6.438605e-01 6.893069e-01 9.011164e-01 1.196609e+00 1.401007e+00 1.311882e+00 1.341484e+00 1.390019e+00 1.353087e+00 1.210707e+00 1.845746e-04
<GCONST> 7.154427e+01
<MIXTURE> 64 4.351215e-03
<MEAN> 25
 -4.164307e+00 -2.110573e+00 -4.674435e+00 2.787353e+00 3.315053e+00 -2.644580e-01 2.831853e+00 1.225678e+00 2.405934e+00 -8.248134e-01 -1.135726e+00 2.380602e+00 -1.192793e-01 3.442313e-01 3.779114e-01 5.015881e-01 4.165936e-01 4.422866e-01 4.738178e-01 1.670915e-01 1.266148e-01 2.410803e-01 2.508815e-01 1.493519e-01 -4.805981e-03
<VARIANCE> 25
 8.600380e+00 1.717957e+01 1.672287e+01 1.576447e+01 1.837175e+01 2.628047e+01 2.285142e+01 2.724525e+01 2.508208e+01 2.154183e+01 1.958951e+01 1.703869e+01 2.845466e-01 4.391447e-01 6.438605e-01 6.893069e-01 9.011164e-01 1.196609e+00 1.401007e+00 1.311882e+00 1.341484e+00 1.390019e+00 1.353087e+00 1.210707e+00 1.845746e-04
<GCONST> 7.154427e+01
<MIXTURE> 65 1.721197e-02
<MEAN> 25
 7.569593e+00 1.731790e+00 1.916411e+00 9.075655e-01 -5.418262e+00 -4.446025e+00 -6.055630e+00 -5.755271e+00 -3.996964e+00 -2.468637e+00 -5.209729e+00 -9.038898e-01 1.981069e-01 -8.517139e-02 1.387865e-01 -5.347026e-02 -2.039160e-01 3.245664e-01 -8.048318e-02 -1.893428e-01 3.412987e-01 -4.544274e-02 6.029997e-02 -2.047082e-01 -3.949416e-03
<VARIANCE> 25
 1.045778e+01 1.882115e+01 2.451708e+01 3.360268e+01 3.468450e+01 5.340920e+01 5.361883e+01 6.163590e+01 5.426435e+01 5.343888e+01 5.184072e+01 5.409846e+01 5.348902e-01 1.205312e+00 1.614555e+00 1.905204e+00 2.002005e+00 2.021292e+00 2.158367e+00 2.686019e+00 2.445336e+00 2.352606e+00 2.286701e+00 1.945386e+00 4.059678e-04
<GCONST> 8.875507e+01
<MIXTURE> 66 1.191532e-02
<MEAN> 25
 6.601920e+00 -4.799649e+00 -5.484864e+00 -3.355924e+00 1.048191e+00 -4.917232e+00 -6.685332e+00 1.494648e+00 1.356299e+00 -2.122956e+00 -6.046999e+00 -2.386109e+00 6.886990e-02 1.405119e+00 2.112420e+00 2.420475e+00 -1.221183e+00 -1.065950e+00 2.590726e-04 -8.420521e-01 2.301722e-01 -4.404031e-01 -2.888288e-01 1.292594e+00 -6.243199e-02
<VARIANCE> 25
 7.275623e+00 2.051510e+01 2.304913e+01 3.611565e+01 3.297185e+01 4.271906e+01 4.549106e+01 4.272005e+01 4.484832e+01 5.408442e+01 2.873605e+01 3.201932e+01 1.201178e+00 2.122483e+00 1.904348e+00 2.439062e+00 3.373111e+00 3.469572e+00 3.473350e+00 4.226886e+00 3.838372e+00 4.082487e+00 3.369871e+00 2.759360e+00 1.162771e-03
<GCONST> 9.296056e+01
<MIXTURE> 67 1.559142e-02
<MEAN> 25
 8.617756e+00 2.271131e+00 -6.283076e+00 -7.931231e+00 1.575288e+00 3.554655e+00 -2.550626e+00 -2.279428e+00 -3.353310e+00 1.191730e+00 -4.198712e-02 -1.970056e+00 -1.091243e+00 1.941401e+00 1.036792e+00 2.949158e+00 1.389172e+00 -4.239726e-01 1.364147e+00 8.245834e-03 1.912574e-01 1.413510e-01 -2.398293e-01 6.130679e-01 -1.283417e-01
<VARIANCE> 25
 1.262792e+01 3.825333e+01 3.052887e+01 5.556429e+01 5.153720e+01 5.880545e+01 6.857581e+01 4.983883e+01 6.322795e+01 5.587606e+01 5.195098e+01 4.523965e+01 2.048576e+00 3.371784e+00 3.149476e+00 4.524740e+00 4.240742e+00 4.470950e+00 4.448630e+00 4.896327e+00 5.141443e+00 4.649590e+00 4.830622e+00 3.495579e+00 2.885327e-03
<GCONST> 1.024140e+02
<MIXTURE> 68 1.485092e-02
<MEAN> 25
 -2.424407e+00 -1.754216e+00 -4.049958e+00 1.710960e+00 5.162333e+00 -1.124823e+00 2.189939e+00 1.492921e+00 2.239256e+00 1.147681e+00 6.151826e-01 2.077280e+00 2.883883e+00 2.569403e-01 1.191651e-02 -2.658017e+00 -2.421690e+00 -1.497739e+00 -2.424427e+00 -1.537729e+00 -1.587427e+00 -1.253202e+00 -2.229696e+00 -1.010617e+00 1.019619e-01
<VARIANCE> 25
 2.749529e+01 3.351111e+01 5.514602e+01 5.221526e+01 4.373463e+01 5.365015e+01 4.252559e+01 4.213622e+01 3.847140e+01 4.421696e+01 3.518457e+01 2.450247e+01 1.955836e+00 4.534719e+00 5.588611e+00 5.639805e+00 4.578647e+00 5.301377e+00 5.447000e+00 5.447802e+00 4.758552e+00 5.473929e+00 5.423971e+00 3.211006e+00 5.726662e-03
<GCONST> 1.033558e+02
<MIXTURE> 69 1.204884e-02
<MEAN> 25
 4.115228e+00 -4.724567e+00 -3.282749e+00 -2.514796e+00 -3.042278e+00 -6.177329e+00 -1.609111e+00 3.210234e+00 3.713627e-01 -2.782728e+00 -6.569788e+00 1.299277e+00 2.024319e+00 -2.745126e+00 -1.005639e+00 -2.168137e+00 -9.114130e-01 9.163561e-02 -9.787223e-01 1.372238e+00 -8.836406e-01 -4.411369e-01 -2.525085e+00 -1.550757e-01 7.354125e-02
<VARIANCE> 25
 7.643157e+00 2.493444e+01 2.039435e+01 2.338228e+01 3.114445e+01 2.990344e+01 4.062888e+01 3.512770e+01 3.434826e+01 3.486354e+01 2.750721e+01 1.990927e+01 3.249898e+00 3.456947e+00 3.173591e+00 3.383405e+00 4.995449e+00 3.923326e+00 5.753542e+00 5.392931e+00 5.049927e+00 5.686513e+00 4.368773e+00 2.721489e+00 2.182173e-03
<GCONST> 9.576677e+01
<MIXTURE> 70 1.329190e-02
<MEAN> 25
 7.421447e+00 -1.320710e+00 -4.415479e+00 -3.843495e+00 6.409262e-02 -9.360119e-01 -7.022379e+00 -4.894231e+00 6.068549e-01 2.900433e+00 3.350595e-01 -4.631919e+00 1.804136e+00 -1.316782e+00 -8.057268e-01 -2.328482e+00 -1.327511e+00 1.135564e+00 -1.295504e+00 1.847477e-01 1.750123e-01 2.867210e-01 5.702534e-01 -1.534458e+00 6.361441e-02
<VARIANCE> 25
 9.163351e+00 2.417566e+01 2.629638e+01 4.130257e+01 3.210850e+01 3.900748e+01 4.605519e+01 4.397709e+01 4.084461e+01 2.919357e+01 4.148139e+01 2.514199e+01 3.169877e+00 3.048219e+00 4.115868e+00 4.385984e+00 4.822542e+00 5.610497e+00 5.936496e+00 7.206851e+00 5.498245e+00 5.334357e+00 5.317969e+00 3.799653e+00 2.364807e-03
<GCONST> 9.967088e+01
<MIXTURE> 71 1.406903e-02
<MEAN> 25
 6.376863e+00 5.145881e+00 4.243548e+00 3.112401e+00 -3.449571e+00 -3.430775e+00 -3.439114e+00 -6.611550e+00 -4.609095e+00 -2.534256e+00 -5.219192e+00 -3.176739e+00 -1.567202e+00 -7.025815e-01 -2.363741e-01 -1.781655e+00 1.116672e+00 -1.407190e-01 4.745213e-02 1.529373e+00 3.034519e-01 -1.837685e-01 6.931838e-01 1.805599e-01 4.076753e-02
<VARIANCE> 25
 1.879801e+01 2.595366e+01 2.417573e+01 4.477552e+01 4.063038e+01 4.036885e+01 4.250980e+01 4.169807e+01 3.962575e+01 4.399644e+01 3.643185e+01 3.491388e+01 1.755764e+00 3.033248e+00 5.324228e+00 4.853645e+00 4.729552e+00 4.712274e+00 4.865020e+00 5.375916e+00 4.323717e+00 4.078743e+00 3.615523e+00 3.284410e+00 1.426156e-03
<GCONST> 9.870278e+01
<MIXTURE> 72 8.134747e-03
<MEAN> 25
 3.737191e+00 -3.736036e+00 5.486711e+00 -2.393346e+00 -1.026172e+01 -9.475894e+00 -2.677337e+00 2.006179e+00 -4.880331e+00 -2.158449e+00 -1.835749e+00 7.946609e-01 9.118633e-01 -7.694439e-01 -2.533923e+00 4.594688e-01 2.081431e+00 -6.447861e-01 -1.320565e+00 1.474845e+00 1.791477e+00 -5.715157e-01 -1.278445e+00 3.919765e-01 -5.766272e-03
<VARIANCE> 25
 1.054167e+01 1.945161e+01 3.192141e+01 3.777473e+01 3.197982e+01 3.301725e+01 4.117680e+01 3.555207e+01 4.244699e+01 4.039534e+01 3.762292e+01 2.861643e+01 4.333625e-01 1.012965e+00 2.053746e+00 1.467542e+00 2.238060e+00 2.293904e+00 3.087764e+00 2.735790e+00 2.539556e+00 2.932696e+00 1.977279e+00 2.100569e+00 5.421506e-04
<GCONST> 8.700626e+01
<MIXTURE> 73 1.213625e-02
<MEAN> 25
 -5.528106e+00 -7.359168e-01 -8.095186e-01 4.673005e+00 3.105440e+00 1.300033e+00 5.704637e+00 3.279273e+00 5.239448e+00 2.728233e+00 4.484449e+00 3.049558e+00 9.723028e-01 -1.469053e+00 -9.057844e-01 -2.426533e+00 -1.346743e+00 -1.829397e+00 -1.458917e+00 3.517188e-01 -7.295086e-01 -4.991780e-01 -1.220194e+00 2.328281e-02 1.537312e-01
<VARIANCE> 25
 1.139764e+01 1.286389e+01 1.398678e+01 2.133159e+01 2.462090e+01 2.416702e+01 2.123137e+01 1.831674e+01 1.797636e+01 1.760252e+01 2.046219e+01 1.392244e+01 3.570922e+00 3.317262e+00 4.975535e+00 4.002709e+00 5.378109e+00 3.973253e+00 4.667444e+00 6.109462e+00 3.958512e+00 3.603316e+00 3.873744e+00 2.577538e+00 3.654222e-03
<GCONST> 9.161687e+01
<MIXTURE> 74 1.756491e-02
<MEAN> 25
 4.205447e+00 -3.209860e+00 3.705844e+00 5.372898e-02 -6.530715e+00 -6.493532e+00 -3.517787e+00 2.044267e+00 -3.114209e+00 -1.278137e+00 -2.571447e+00 2.117872e+00 1.159199e-01 2.402375e+00 -5.898374e-01 1.616188e+00 1.416741e+00 1.278421e-01 5.121000e-01 -1.632057e+00 5.485046e-01 -1.494680e-01 3.287856e-02 -3.208126e-01 -7.710953e-02
<VARIANCE> 25
 8.297464e+00 2.431713e+01 2.958063e+01 2.770214e+01 2.988451e+01 2.869499e+01 3.776364e+01 3.236851e+01 3.578414e+01 3.161515e+01 2.775720e+01 2.684549e+01 1.704589e+00 1.675269e+00 3.434092e+00 1.895407e+00 3.170970e+00 2.598228e+00 3.713294e+00 3.205261e+00 3.476787e+00 2.930959e+00 2.484704e+00 2.604834e+00 1.208348e-03
<GCONST> 9.044855e+01
<MIXTURE> 75 9.711651e-03
<MEAN> 25
 2.363770e+00 -1.460650e+00 1.027039e+01 2.042267e+00 -1.059180e+01 -6.665565e+00 -4.794907e+00 2.789028e-01 -4.976210e+00 -4.258770e+00 2.699585e+00 1.105079e+00 1.759088e+00 -1.798561e+00 2.737671e-01 -3.838500e-01 -2.280405e+00 -3.829459e-01 -1.931834e+00 8.956186e-01 -4.113064e-01 -1.727750e-01 5.573502e-01 -3.465371e-01 4.244921e-02
<VARIANCE> 25
 9.202476e+00 1.638637e+01 2.714800e+01 2.324329e+01 2.572024e+01 2.895503e+01 2.961786e+01 2.676147e+01 2.735450e+01 2.566479e+01 1.795737e+01 2.153951e+01 2.525931e+00 1.859553e+00 3.794466e+00 2.017497e+00 3.236255e+00 3.490760e+00 4.407190e+00 2.798898e+00 3.784492e+00 3.169436e+00 4.453611e+00 2.426632e+00 1.289426e-03
<GCONST> 8.994090e+01
<MIXTURE> 76 1.052359e-02
<MEAN> 25
 -5.890423e+00 5.218082e-01 -3.614623e+00 3.511279e+00 5.277551e+00 2.018584e+00 4.808471e+00 4.758597e-01 2.442858e+00 8.587866e-02 1.353403e+00 1.736580e+00 -8.425462e-02 -5.655884e-01 -9.060620e-02 -8.795421e-01 -6.188399e-01 -7.906820e-01 -5.548373e-01 -3.758176e-01 -4.768855e-01 -4.556659e-01 -2.255366e-01 -1.293718e-01 1.778815e-02
<VARIANCE> 25
 4.173372e+01 3.601131e+01 2.682603e+01 2.833101e+01 2.991427e+01 3.535054e+01 2.503231e+01 3.292901e+01 1.942600e+01 2.893040e+01 2.475480e+01 1.999527e+01 1.207258e+00 1.212907e+00 1.395183e+00 1.622950e+00 1.339139e+00 1.542781e+00 1.581269e+00 1.631341e+00 1.647280e+00 1.475593e+00 1.692491e+00 1.113603e+00 1.279070e-03
<GCONST> 8.384184e+01
<MIXTURE> 77 1.244626e-02
<MEAN> 25
 -2.566671e-01 8.159444e+00 1.257194e+01 -1.136963e+01 -7.328506e+00 1.707672e+00 -8.958202e+00 -7.185488e+00 -3.569327e+00 -4.615450e-02 -4.106170e+00 -1.757954e+00 5.927259e-02 1.321854e-01 9.803820e-02 2.270852e-01 -7.644485e-02 7.213791e-02 -7.545288e-02 1.836372e-02 3.536668e-02 -1.280109e-01 5.883292e-02 1.751788e-01 -8.623890e-03
<VARIANCE> 25
 1.065103e+01 2.176112e+01 2.683335e+01 4.059472e+01 3.343996e+01 4.101166e+01 3.628469e+01 3.071342e+01 3.390073e+01 3.177252e+01 4.002617e+01 3.422390e+01 2.848796e-01 7.390538e-01 6.362588e-01 1.070398e+00 1.255051e+00 9.724892e-01 1.190118e+00 1.133799e+00 1.023743e+00 1.150257e+00 9.553763e-01 9.304057e-01 5.448841e-04
<GCONST> 7.791763e+01
<MIXTURE> 78 9.702551e-03
<MEAN> 25
 -1.135460e+01 2.371450e+00 -1.763449e+00 2.777941e+00 4.484730e+00 -2.963450e+00 4.217790e+00 1.099274e+00 2.674528e+00 -5.310119e-01 5.957939e-01 2.746063e+00 2.264733e+00 -2.164022e-01 2.923021e-01 4.160589e-01 -2.242880e-01 -1.330863e-01 -4.560824e-01 -5.437183e-02 2.822089e-01 2.034848e-01 -3.928613e-01 -2.933665e-01 -5.375472e-02
<VARIANCE> 25
 3.644862e+01 2.994451e+01 3.257815e+01 2.807040e+01 3.442493e+01 3.304113e+01 3.288997e+01 3.281354e+01 2.525650e+01 2.920926e+01 2.848590e+01 1.734377e+01 5.423791e+00 2.316014e+00 2.855403e+00 3.034201e+00 2.621550e+00 2.856260e+00 3.162272e+00 3.330606e+00 2.324554e+00 2.087418e+00 2.273445e+00 2.080836e+00 4.140424e-03
<GCONST> 9.329140e+01
<MIXTURE> 79 1.156824e-02
<MEAN> 25
 2.591923e+00 1.413437e+00 1.007071e+01 -6.097384e+00 -1.298636e+01 1.436048e-01 -1.653129e+00 -6.190372e+00 -6.777959e+00 -2.895784e-01 -1.486032e+00 -3.435993e+00 1.030838e+00 -4.694872e-01 -1.323804e+00 2.346139e+00 1.102972e-01 -1.697210e+00 6.771360e-01 8.763227e-01 -4.253959e-01 -8.788046e-01 5.682759e-01 2.722297e-01 -3.042263e-02
<VARIANCE> 25
 1.210255e+01 2.037860e+01 3.540004e+01 4.351421e+01 3.248998e+01 5.425069e+01 3.652181e+01 3.150730e+01 3.293710e+01 3.604158e+01 5.531549e+01 2.589508e+01 9.471292e-01 1.912767e+00 1.647170e+00 1.768767e+00 2.445482e+00 2.648844e+00 2.784616e+00 2.966770e+00 2.111681e+00 2.831850e+00 2.171147e+00 1.726396e+00 1.196443e-03
<GCONST> 8.968849e+01
<MIXTURE> 80 7.550998e-03
<MEAN> 25
 -1.442466e+01 4.269873e+00 1.183993e+00 3.051568e+00 2.408449e+00 9.617508e-01 6.589616e+00 2.004751e+00 2.353509e+00 1.901097e+00 5.443763e+00 1.196697e+00 4.275100e+00 -1.257938e-01 1.528860e+00 -8.921155e-01 -2.838367e+00 -2.583006e+00 -2.166398e+00 -1.708923e+00 -1.821284e+00 -1.482422e+00 -1.593370e+00 -4.921579e-01 -4.050929e-02
<VARIANCE> 25
 1.967217e+01 1.862173e+01 3.590102e+01 3.275495e+01 2.825726e+01 2.812209e+01 2.622730e+01 2.842558e+01 2.584604e+01 2.814114e+01 2.801260e+01 1.678937e+01 2.161282e+00 2.535777e+00 2.524778e+00 4.634452e+00 3.106077e+00 2.786061e+00 3.066631e+00 3.748765e+00 2.703096e+00 2.797294e+00 2.690698e+00 2.064181e+00 1.535349e-03
<GCONST> 9.097454e+01
<MIXTURE> 81 8.025434e-03
<MEAN> 25
 -1.115110e+00 4.063581e+00 1.018290e+01 -1.479777e+01 -9.082483e+00 -1.413657e+00 -6.766011e+00 -8.423939e+00 -4.153035e+00 -4.140985e-01 -7.566077e+00 -2.248106e+00 1.336841e-01 -5.869430e-01 -2.026514e-03 -5.566433e-01 -4.643947e-01 3.352208e-01 3.190196e-01 1.377630e-01 -1.407330e-01 1.062538e-01 -4.688303e-01 -1.245861e-01 1.151745e-02
<VARIANCE> 25
 1.016060e+01 3.281047e+01 2.644316e+01 2.930852e+01 3.369555e+01 3.065308e+01 4.542575e+01 2.826704e+01 3.796906e+01 3.187823e+01 2.538623e+01 3.105924e+01 7.717089e-01 2.276202e+00 1.545695e+00 2.871090e+00 2.661806e+00 2.125781e+00 3.280254e+00 2.287425e+00 2.354439e+00 2.540709e+00 2.297892e+00 2.077941e+00 1.182731e-03
<GCONST> 8.868993e+01
<MIXTURE> 82 8.213053e-03
<MEAN> 25
 -9.962022e+00 -3.895382e+00 1.639447e+00 -2.965154e+00 3.111120e+00 6.675741e-01 2.002579e+00 9.384605e-01 2.982730e+00 1.726435e+00 1.748177e+00 3.083056e+00 -1.312422e+00 -1.284718e-01 2.891110e-01 -2.602671e+00 -1.105962e+00 -1.266953e+00 -1.016277e+00 -8.651459e-01 -3.150488e-01 -4.773553e-01 -3.168100e-01 -9.384957e-02 1.783830e-01
<VARIANCE> 25
 1.801060e+01 2.501078e+01 3.233538e+01 3.090820e+01 3.304478e+01 3.226834e+01 3.180704e+01 3.295547e+01 3.086956e+01 2.510713e+01 3.078203e+01 1.750187e+01 3.758925e+00 3.059429e+00 3.313507e+00 3.266643e+00 3.561351e+00 3.284854e+00 2.947855e+00 3.039880e+00 2.795569e+00 2.488618e+00 2.449310e+00 1.867120e+00 3.432689e-03
<GCONST> 9.309538e+01
<MIXTURE> 83 1.167529e-02
<MEAN> 25
 -1.963346e+01 5.706039e+00 -1.326218e+00 -6.692613e-01 7.787373e+00 -1.469613e+00 5.820712e+00 2.354276e+00 1.332704e+00 1.708618e+00 1.649275e+00 2.613224e+00 -9.190644e-02 -5.750951e-01 2.156695e-01 -3.139740e-01 -6.603059e-01 -4.494088e-02 4.446708e-04 -1.437429e-01 -3.835066e-01 -1.165325e-01 9.451222e-03 5.793961e-02 5.842465e-03
<VARIANCE> 25
 8.803212e+00 1.464753e+01 2.931326e+01 2.319535e+01 1.843002e+01 2.223889e+01 2.025788e+01 2.390697e+01 1.987560e+01 2.961455e+01 2.730894e+01 1.302533e+01 1.010930e+00 9.935331e-01 1.406140e+00 9.701181e-01 1.491657e+00 1.354670e+00 1.384193e+00 1.234933e+00 1.929343e+00 1.215189e+00 1.116765e+00 1.006199e+00 8.356249e-04
<GCONST> 7.721456e+01
<MIXTURE> 84 1.066614e-02
<MEAN> 25
 9.817609e-01 8.318524e+00 6.816913e+00 7.646968e+00 3.120132e+00 -9.793929e-01 -2.310046e+00 -4.029551e+00 -3.900287e+00 -2.913243e+00 -2.573527e+00 -9.435071e-01 -1.720706e+00 -9.568343e-01 -1.338346e+00 1.187129e+00 2.314743e+00 1.393449e+00 1.614238e+00 1.148658e+00 1.289435e+00 3.588842e-01 4.047164e-01 3.734877e-01 -7.002027e-02
<VARIANCE> 25
 2.187264e+01 2.166027e+01 2.184166e+01 2.351913e+01 2.819155e+01 2.612708e+01 3.278948e+01 2.637984e+01 2.403942e+01 2.316107e+01 2.220491e+01 2.676165e+01 1.976064e+00 2.826036e+00 3.730490e+00 3.137752e+00 3.062183e+00 3.286747e+00 3.439971e+00 3.321976e+00 3.358769e+00 2.997715e+00 3.357847e+00 2.631094e+00 3.252311e-03
<GCONST> 9.210823e+01
<MIXTURE> 85 7.591393e-03
<MEAN> 25
 -3.240729e+00 7.809621e+00 5.553153e+00 1.493223e+00 -3.304575e+00 -5.349699e+00 -2.737475e+00 -6.030946e+00 -3.406076e+00 -3.279977e+00 -3.452282e-01 -1.724596e+00 3.967935e+00 2.119239e-01 1.714052e+00 -2.103468e+00 -3.406456e+00 -2.510376e+00 -2.913712e+00 -2.226085e+00 -2.194905e+00 -1.186892e+00 -2.372814e+00 -5.950063e-01 1.104296e-02
<VARIANCE> 25
 4.221266e+01 2.309286e+01 3.758536e+01 3.846060e+01 4.014062e+01 4.011739e+01 3.292779e+01 2.743390e+01 2.712505e+01 2.565016e+01 2.598012e+01 2.092233e+01 2.639392e+00 4.585911e+00 3.990023e+00 5.190663e+00 4.274117e+00 3.910455e+00 3.787981e+00 4.256767e+00 3.826051e+00 4.112550e+00 4.031482e+00 3.410670e+00 5.380024e-03
<GCONST> 9.841150e+01
<MIXTURE> 86 1.273941e-02
<MEAN> 25
 -4.975157e+00 -1.208833e+00 -7.993546e-01 6.320004e+00 5.027348e+00 4.674103e+00 5.305196e+00 4.578448e+00 4.673143e+00 3.918511e+00 5.314191e+00 2.682723e+00 -7.196030e-03 -9.140208e-03 -3.727471e-02 -6.469511e-02 -1.183711e-01 -1.853829e-01 -2.672031e-01 -3.313640e-01 -3.533131e-01 -3.231445e-01 -2.339960e-01 -1.067972e-01 -5.446321e-04
<VARIANCE> 25
 7.871999e+00 5.624449e+00 9.969228e+00 1.242967e+01 1.589846e+01 1.431087e+01 1.361767e+01 1.305158e+01 1.325369e+01 1.421932e+01 1.464246e+01 1.294955e+01 9.986410e-02 1.927440e-01 3.184010e-01 4.831037e-01 6.353403e-01 7.334448e-01 7.421529e-01 7.631083e-01 8.291234e-01 8.910878e-01 9.180464e-01 9.016895e-01 5.334062e-05
<GCONST> 5.816336e+01
<MIXTURE> 87 1.100681e-02
<MEAN> 25
 -3.441771e+00 5.539165e+00 2.975954e+00 6.710063e+00 5.970350e+00 1.670477e+00 2.782017e+00 -1.778265e+00 -1.663837e-01 -3.972747e-01 -7.806241e-01 -3.810349e-01 -1.909696e+00 -2.867489e+00 -1.734616e+00 -1.902941e+00 -3.938198e-01 -3.750151e-01 3.799326e-01 1.432047e+00 1.462294e+00 7.864457e-01 8.777825e-01 9.473104e-01 1.068745e-01
<VARIANCE> 25
 3.341652e+01 3.314421e+01 2.778187e+01 3.150521e+01 2.696070e+01 3.221535e+01 3.243106e+01 2.833839e+01 2.379531e+01 2.380228e+01 2.272562e+01 2.119493e+01 3.714230e+00 2.476521e+00 4.162511e+00 3.796544e+00 5.138384e+00 3.986326e+00 4.067025e+00 3.610986e+00 3.133136e+00 3.422368e+00 3.309003e+00 2.429209e+00 4.626106e-03
<GCONST> 9.560435e+01
<MIXTURE> 88 1.256585e-02
<MEAN> 25
 -3.774255e+00 -2.194308e-01 -1.347376e+00 5.255636e+00 4.274030e+00 3.327277e+00 4.232781e+00 3.337223e+00 2.852827e+00 1.862877e+00 3.011615e+00 2.561153e+00 -1.107882e-01 3.975339e-01 1.967492e-01 2.349705e-01 5.086862e-01 1.528797e-01 2.609345e-01 -2.906925e-01 -7.901801e-02 -2.481232e-01 -1.734405e-02 -5.203786e-02 -1.186025e-02
<VARIANCE> 25
 1.032860e+01 1.203458e+01 1.417283e+01 1.434304e+01 1.983102e+01 1.867104e+01 1.881858e+01 1.849203e+01 2.002733e+01 1.796900e+01 1.945869e+01 1.360996e+01 1.355601e+00 1.914883e+00 1.922476e+00 2.329971e+00 2.877845e+00 2.350896e+00 3.056702e+00 2.379828e+00 2.564741e+00 2.267671e+00 2.158427e+00 1.834159e+00 1.540083e-03
<GCONST> 8.232571e+01
<MIXTURE> 89 9.333527e-03
<MEAN> 25
 5.599143e+00 -7.480609e+00 -3.687386e+00 -2.338805e+00 -1.648576e+00 -5.007510e+00 -5.002347e+00 4.643799e+00 4.007531e+00 -2.058710e+00 -6.521198e+00 -1.598064e+00 -5.509294e-01 5.713660e-02 1.908057e+00 7.003627e-01 -1.638961e+00 -1.314861e+00 4.156907e-01 8.957240e-01 -6.527575e-01 -1.151447e+00 4.522442e-01 1.505211e+00 -4.125956e-03
<VARIANCE> 25
 7.843330e+00 3.043143e+01 2.527873e+01 3.132007e+01 3.557250e+01 3.277748e+01 4.724155e+01 3.887317e+01 3.925029e+01 4.088668e+01 2.855293e+01 3.291189e+01 3.043511e-01 8.349609e-01 1.386057e+00 1.108176e+00 1.666786e+00 1.990901e+00 2.441899e+00 2.174278e+00 2.252728e+00 1.858722e+00 1.940923e+00 1.254489e+00 3.617664e-04
<GCONST> 8.322512e+01
<MIXTURE> 90 7.114505e-03
<MEAN> 25
 2.463290e+00 -9.862066e+00 -4.504646e+00 -3.913849e+00 -3.511949e+00 -1.845401e+00 3.053988e+00 1.524764e+00 -7.301331e+00 -9.653564e+00 -3.553320e+00 -4.134432e-01 -1.558253e-01 8.866578e-01 1.202687e+00 -8.034737e-01 -1.548960e+00 -2.135529e-01 5.756432e-01 -2.171700e-01 -2.337511e-01 6.994902e-01 1.798572e-01 -5.312129e-01 -1.157014e-02
<VARIANCE> 25
 8.142823e+00 1.767461e+01 2.065339e+01 2.693579e+01 3.578912e+01 3.079991e+01 3.889376e+01 3.753013e+01 3.500183e+01 3.383817e+01 2.647421e+01 2.733653e+01 2.173082e-01 6.336300e-01 7.808501e-01 1.062920e+00 1.512368e+00 1.523350e+00 1.805325e+00 1.601800e+00 1.872491e+00 1.647583e+00 1.444244e+00 1.278378e+00 2.243267e-04
<GCONST> 7.825477e+01
<MIXTURE> 91 7.852945e-03
<MEAN> 25
 6.269200e+00 -7.456968e+00 -9.020232e+00 -5.029096e+00 4.060890e+00 1.115658e-01 -1.699715e+00 7.772507e-01 8.187446e-01 -1.389680e+00 -4.990211e+00 -5.589999e+00 1.223126e-01 1.065561e+00 1.749390e-01 4.848606e-01 7.877567e-02 -7.118137e-01 -3.021992e-01 -1.453306e-01 1.487729e-01 1.939923e-02 9.657994e-02 3.057328e-01 -3.314868e-02
<VARIANCE> 25
 9.506761e+00 2.123449e+01 1.882929e+01 3.741037e+01 3.261445e+01 5.307598e+01 4.581913e+01 3.356771e+01 4.724586e+01 6.610756e+01 3.388708e+01 3.664674e+01 5.025257e-01 8.216093e-01 1.147628e+00 1.277348e+00 2.072109e+00 2.574087e+00 2.350140e+00 2.005515e+00 2.297944e+00 2.809773e+00 1.934216e+00 1.766977e+00 5.432881e-04
<GCONST> 8.607621e+01
<MIXTURE> 92 7.852945e-03
<MEAN> 25
 6.269200e+00 -7.456968e+00 -9.020232e+00 -5.029096e+00 4.060890e+00 1.115658e-01 -1.699715e+00 7.772507e-01 8.187446e-01 -1.389680e+00 -4.990211e+00 -5.589999e+00 1.223126e-01 1.065561e+00 1.749390e-01 4.848606e-01 7.877567e-02 -7.118137e-01 -3.021992e-01 -1.453306e-01 1.487729e-01 1.939923e-02 9.657994e-02 3.057328e-01 -3.314868e-02
<VARIANCE> 25
 9.506761e+00 2.123449e+01 1.882929e+01 3.741037e+01 3.261445e+01 5.307598e+01 4.581913e+01 3.356771e+01 4.724586e+01 6.610756e+01 3.388708e+01 3.664674e+01 5.025257e-01 8.216093e-01 1.147628e+00 1.277348e+00 2.072109e+00 2.574087e+00 2.350140e+00 2.005515e+00 2.297944e+00 2.809773e+00 1.934216e+00 1.766977e+00 5.432881e-04
<GCONST> 8.607621e+01
<MIXTURE> 93 6.122769e-03
<MEAN> 25
 -6.824910e+00 -9.613782e-01 -2.402421e+00 5.793607e+00 5.910667e+00 3.923189e+00 6.119048e+00 3.611386e+00 4.123514e+00 2.510798e+00 1.812961e+00 3.699879e+00 -6.174703e-02 -1.544398e-01 -2.570100e-01 -3.313025e-01 -3.338301e-01 -2.845461e-01 -2.177966e-01 -1.741525e-01 -1.668122e-01 -1.518632e-01 -1.056026e-01 -3.567807e-02 -2.418777e-06
<VARIANCE> 25
 9.090781e+00 6.024711e+00 8.180938e+00 1.140217e+01 1.149748e+01 1.597450e+01 1.530657e+01 1.644591e+01 1.477941e+01 1.453820e+01 1.683517e+01 1.351179e+01 8.270294e-02 1.532952e-01 2.638535e-01 3.806817e-01 4.975147e-01 6.420115e-01 7.789688e-01 8.868830e-01 9.161651e-01 8.785329e-01 8.946016e-01 9.174481e-01 1.003362e-06
<GCONST> 5.362031e+01
<MIXTURE> 94 6.122769e-03
<MEAN> 25
 -6.824910e+00 -9.613782e-01 -2.402421e+00 5.793607e+00 5.910667e+00 3.923189e+00 6.119048e+00 3.611386e+00 4.123514e+00 2.510798e+00 1.812961e+00 3.699879e+00 -6.174703e-02 -1.544398e-01 -2.570100e-01 -3.313025e-01 -3.338301e-01 -2.845461e-01 -2.177966e-01 -1.741525e-01 -1.668122e-01 -1.518632e-01 -1.056026e-01 -3.567807e-02 -2.418777e-06
<VARIANCE> 25
 9.090781e+00 6.024711e+00 8.180938e+00 1.140217e+01 1.149748e+01 1.597450e+01 1.530657e+01 1.644591e+01 1.477941e+01 1.453820e+01 1.683517e+01 1.351179e+01 8.270294e-02 1.532952e-01 2.638535e-01 3.806817e-01 4.975147e-01 6.420115e-01 7.789688e-01 8.868830e-01 9.161651e-01 8.785329e-01 8.946016e-01 9.174481e-01 1.003362e-06
<GCONST> 5.362031e+01
<MIXTURE> 95 5.258835e-03
<MEAN> 25
 -5.816279e+00 -7.468984e-01 -2.001812e+00 4.774066e+00 4.322416e+00 2.838735e+00 4.068754e+00 1.764189e+00 2.374737e+00 9.417934e-01 1.042394e+00 2.428416e+00 1.389628e-01 1.404161e-01 9.129323e-02 -7.488050e-02 -3.798581e-01 -7.129791e-01 -1.042963e+00 -1.260578e+00 -1.249515e+00 -1.015875e+00 -6.772502e-01 -3.072929e-01 -9.725194e-05
<VARIANCE> 25
 1.007965e+01 6.390389e+00 1.204775e+01 1.350960e+01 1.435408e+01 1.808337e+01 1.829510e+01 1.726975e+01 1.652864e+01 1.548522e+01 2.114035e+01 1.581438e+01 2.087654e-01 2.909109e-01 4.490611e-01 6.239261e-01 7.878739e-01 8.836825e-01 9.079759e-01 9.373211e-01 9.683053e-01 1.093981e+00 1.188082e+00 1.097181e+00 4.142353e-05
<GCONST> 6.351030e+01
<MIXTURE> 96 7.034694e-03
<MEAN> 25
 -5.099499e+00 -4.228343e-01 -2.245701e+00 5.079100e+00 3.939099e+00 1.811467e+00 3.518476e+00 1.838242e+00 2.543319e+00 1.015151e+00 1.074062e+00 2.740980e+00 -3.061746e-02 8.549567e-02 2.172010e-01 4.129741e-01 5.323968e-01 4.959381e-01 2.445664e-01 -1.232998e-01 -4.606345e-01 -6.677567e-01 -6.201742e-01 -3.620657e-01 -2.965071e-06
<VARIANCE> 25
 1.087998e+01 1.000459e+01 1.273579e+01 1.471364e+01 1.527818e+01 1.935669e+01 1.834379e+01 1.949456e+01 1.852034e+01 1.677551e+01 2.033420e+01 1.531688e+01 1.198096e-01 2.165605e-01 3.140597e-01 4.051099e-01 4.979756e-01 6.633022e-01 8.605657e-01 9.852214e-01 9.461201e-01 8.817650e-01 9.049992e-01 9.348019e-01 1.077126e-06
<GCONST> 5.784307e+01
<MIXTURE> 97 7.034694e-03
<MEAN> 25
 -5.099499e+00 -4.228343e-01 -2.245701e+00 5.079100e+00 3.939099e+00 1.811467e+00 3.518476e+00 1.838242e+00 2.543319e+00 1.015151e+00 1.074062e+00 2.740980e+00 -3.061746e-02 8.549567e-02 2.172010e-01 4.129741e-01 5.323968e-01 4.959381e-01 2.445664e-01 -1.232998e-01 -4.606345e-01 -6.677567e-01 -6.201742e-01 -3.620657e-01 -2.965071e-06
<VARIANCE> 25
 1.087998e+01 1.000459e+01 1.273579e+01 1.471364e+01 1.527818e+01 1.935669e+01 1.834379e+01 1.949456e+01 1.852034e+01 1.677551e+01 2.033420e+01 1.531688e+01 1.198096e-01 2.165605e-01 3.140597e-01 4.051099e-01 4.979756e-01 6.633022e-01 8.605657e-01 9.852214e-01 9.461201e-01 8.817650e-01 9.049992e-01 9.348019e-01 1.077126e-06
<GCONST> 5.784307e+01
<MIXTURE> 98 9.917808e-03
<MEAN> 25
 -1.667841e+00 1.720776e+00 -6.597937e-01 4.050536e+00 4.222809e+00 2.389535e+00 2.732973e+00 1.042396e+00 1.800999e+00 7.393119e-01 4.306623e-01 9.834415e-01 -1.714532e+00 -1.239279e+00 -1.008013e+00 1.825213e-01 6.953154e-01 5.575538e-01 1.245423e+00 1.306718e+00 1.821451e+00 9.804162e-01 1.115214e+00 7.140712e-01 -3.191791e-02
<VARIANCE> 25
 1.260792e+01 2.104729e+01 2.980766e+01 2.932500e+01 4.231493e+01 3.519363e+01 3.515862e+01 2.973475e+01 2.611796e+01 2.992585e+01 2.487586e+01 2.258867e+01 1.228032e+00 2.142434e+00 2.365668e+00 2.142063e+00 2.689497e+00 2.868196e+00 3.955171e+00 3.338801e+00 2.373652e+00 2.715540e+00 3.238628e+00 2.133378e+00 2.399973e-03
<GCONST> 9.052995e+01
<MIXTURE> 99 6.696178e-03
<MEAN> 25
 -6.766451e+00 1.005066e+01 5.459537e+00 3.111403e+00 2.015349e+00 -4.457285e+00 -5.689692e-01 -4.400926e+00 -2.190284e+00 -3.236675e+00 -7.980988e-01 -3.443848e-01 3.530488e-01 -6.504381e-01 4.499242e-01 -2.538572e-01 -1.121235e+00 -4.673294e-01 -2.504027e-01 -3.198966e-01 -1.706756e-01 3.906143e-02 4.100050e-01 1.341387e-01 9.980481e-03
<VARIANCE> 25
 3.706847e+01 2.279949e+01 4.675528e+01 2.750946e+01 3.652796e+01 3.496271e+01 3.170317e+01 2.547620e+01 3.051823e+01 2.854795e+01 2.055989e+01 2.773789e+01 2.586981e+00 1.885919e+00 1.335866e+00 1.920828e+00 2.298827e+00 1.749302e+00 1.452547e+00 1.558778e+00 1.525671e+00 1.478249e+00 1.321941e+00 1.104140e+00 1.680603e-03
<GCONST> 8.634741e+01
<MIXTURE> 100 4.498084e-03
<MEAN> 25
 -1.598521e+00 6.342605e+00 1.027648e+01 -7.457213e+00 -1.077916e+01 -5.073844e+00 -4.937439e+00 -9.964555e+00 -4.719216e+00 -8.566574e-01 -2.730207e+00 -2.706304e+00 2.918543e+00 -1.261045e+00 1.298924e+00 -2.184893e+00 -3.419074e+00 -7.837637e-01 -1.220556e+00 -8.187672e-01 -1.475160e+00 3.463534e-01 -1.656555e+00 -2.857432e-01 2.041068e-03
<VARIANCE> 25
 1.362050e+01 2.105959e+01 2.245164e+01 2.647897e+01 2.302549e+01 2.371484e+01 2.913692e+01 2.173565e+01 2.747121e+01 2.264631e+01 2.242089e+01 2.133905e+01 1.799225e+00 3.952616e+00 2.919708e+00 4.286601e+00 4.182806e+00 4.535326e+00 4.020203e+00 4.340475e+00 4.166126e+00 3.894459e+00 3.910361e+00 3.224011e+00 1.675410e-03
<GCONST> 9.257092e+01
<MIXTURE> 101 6.007792e-03
<MEAN> 25
 8.091759e+00 -3.490417e+00 -6.360418e+00 -6.908091e+00 8.935209e-01 -1.233949e+00 -1.051150e+01 -2.027609e+00 1.579911e+00 2.754757e+00 -2.368340e+00 -5.173792e+00 6.711546e-01 6.478010e-01 -1.464981e+00 -1.593614e+00 1.029224e+00 2.310875e+00 2.046344e-01 -1.449700e+00 -1.057862e+00 1.030758e+00 1.367717e+00 -4.173169e-01 -4.879578e-03
<VARIANCE> 25
 9.214887e+00 1.661834e+01 2.999236e+01 4.279283e+01 3.631071e+01 3.567450e+01 3.767945e+01 3.615347e+01 3.788884e+01 4.394950e+01 5.149185e+01 2.422908e+01 2.926445e-01 6.665721e-01 1.175114e+00 1.587136e+00 1.678479e+00 2.091568e+00 2.081456e+00 1.997489e+00 2.341028e+00 2.207450e+00 1.778669e+00 1.923012e+00 3.437692e-04
<GCONST> 8.363199e+01
<MIXTURE> 102 6.007792e-03
<MEAN> 25
 8.091759e+00 -3.490417e+00 -6.360418e+00 -6.908091e+00 8.935209e-01 -1.233949e+00 -1.051150e+01 -2.027609e+00 1.579911e+00 2.754757e+00 -2.368340e+00 -5.173792e+00 6.711546e-01 6.478010e-01 -1.464981e+00 -1.593614e+00 1.029224e+00 2.310875e+00 2.046344e-01 -1.449700e+00 -1.057862e+00 1.030758e+00 1.367717e+00 -4.173169e-01 -4.879578e-03
<VARIANCE> 25
 9.214887e+00 1.661834e+01 2.999236e+01 4.279283e+01 3.631071e+01 3.567450e+01 3.767945e+01 3.615347e+01 3.788884e+01 4.394950e+01 5.149185e+01 2.422908e+01 2.926445e-01 6.665721e-01 1.175114e+00 1.587136e+00 1.678479e+00 2.091568e+00 2.081456e+00 1.997489e+00 2.341028e+00 2.207450e+00 1.778669e+00 1.923012e+00 3.437692e-04
<GCONST> 8.363199e+01
<MIXTURE> 103 5.694618e-03
<MEAN> 25
 3.379587e+00 -9.471199e+00 -6.059109e+00 -3.051683e+00 -1.353072e+00 -1.981681e+00 2.338038e+00 2.652415e+00 -4.525240e+00 -9.067663e+00 -5.088962e+00 4.155447e-01 -1.533339e-01 -1.490833e+00 -9.487983e-01 3.543657e-01 1.172400e+00 9.955533e-01 1.536555e-01 -2.557386e-01 -7.729011e-01 -9.215622e-01 -1.987427e-02 1.224628e-01 2.693592e-02
<VARIANCE> 25
 1.013997e+01 2.029146e+01 2.313996e+01 3.120120e+01 4.723900e+01 3.437993e+01 4.605465e+01 3.720608e+01 4.199504e+01 3.125341e+01 2.998118e+01 2.607660e+01 6.420217e-01 1.234486e+00 1.604427e+00 1.928055e+00 2.967052e+00 2.393549e+00 2.844071e+00 2.571500e+00 2.552555e+00 2.520518e+00 2.099944e+00 1.984286e+00 8.017728e-04
<GCONST> 8.754282e+01
<MIXTURE> 104 5.694618e-03
<MEAN> 25
 3.379587e+00 -9.471199e+00 -6.059109e+00 -3.051683e+00 -1.353072e+00 -1.981681e+00 2.338038e+00 2.652415e+00 -4.525240e+00 -9.067663e+00 -5.088962e+00 4.155447e-01 -1.533339e-01 -1.490833e+00 -9.487983e-01 3.543657e-01 1.172400e+00 9.955533e-01 1.536555e-01 -2.557386e-01 -7.729011e-01 -9.215622e-01 -1.987427e-02 1.224628e-01 2.693592e-02
<VARIANCE> 25
 1.013997e+01 2.029146e+01 2.313996e+01 3.120120e+01 4.723900e+01 3.437993e+01 4.605465e+01 3.720608e+01 4.199504e+01 3.125341e+01 2.998118e+01 2.607660e+01 6.420217e-01 1.234486e+00 1.604427e+00 1.928055e+00 2.967052e+00 2.393549e+00 2.844071e+00 2.571500e+00 2.552555e+00 2.520518e+00 2.099944e+00 1.984286e+00 8.017728e-04
<GCONST> 8.754282e+01
<MIXTURE> 105 4.710235e-03
<MEAN> 25
 2.257084e+00 -1.412792e+00 9.237153e+00 -2.589761e+00 -1.163368e+01 -4.379005e+00 -3.793641e+00 -9.611973e-01 -3.920704e+00 -3.017664e+00 1.966750e+00 -1.490745e+00 2.050278e-02 4.222557e-02 3.329523e-02 -4.763859e-02 1.558396e-02 7.221344e-02 1.178159e-03 -3.569228e-03 3.743344e-03 6.376559e-02 1.016655e-02 -8.550070e-02 -2.100969e-03
<VARIANCE> 25
 1.282025e+01 2.691452e+01 3.845989e+01 4.239576e+01 3.599117e+01 5.617020e+01 4.091205e+01 4.273230e+01 3.763375e+01 4.071633e+01 4.226524e+01 3.120062e+01 8.126325e-02 1.812192e-01 3.443976e-01 3.164994e-01 3.725912e-01 4.949959e-01 4.484114e-01 5.522239e-01 5.035368e-01 4.882602e-01 4.077879e-01 4.508605e-01 9.349874e-05
<GCONST> 6.688924e+01
<MIXTURE> 106 4.710235e-03
<MEAN> 25
 2.257084e+00 -1.412792e+00 9.237153e+00 -2.589761e+00 -1.163368e+01 -4.379005e+00 -3.793641e+00 -9.611973e-01 -3.920704e+00 -3.017664e+00 1.966750e+00 -1.490745e+00 2.050278e-02 4.222557e-02 3.329523e-02 -4.763859e-02 1.558396e-02 7.221344e-02 1.178159e-03 -3.569228e-03 3.743344e-03 6.376559e-02 1.016655e-02 -8.550070e-02 -2.100969e-03
<VARIANCE> 25
 1.282025e+01 2.691452e+01 3.845989e+01 4.239576e+01 3.599117e+01 5.617020e+01 4.091205e+01 4.273230e+01 3.763375e+01 4.071633e+01 4.226524e+01 3.120062e+01 8.126325e-02 1.812192e-01 3.443976e-01 3.164994e-01 3.725912e-01 4.949959e-01 4.484114e-01 5.522239e-01 5.035368e-01 4.882602e-01 4.077879e-01 4.508605e-01 9.349874e-05
<GCONST> 6.688924e+01
<MIXTURE> 107 5.452374e-03
<MEAN> 25
 8.631907e+00 -2.308857e+00 -8.045405e+00 -9.546112e+00 1.973885e+00 2.964156e+00 -8.617254e+00 -4.548000e+00 -8.784297e-01 3.393384e+00 8.435889e-01 -5.079272e+00 -6.104956e-01 -7.658876e-01 8.343859e-01 1.769597e+00 2.272999e-01 -2.012893e+00 -9.208710e-01 8.479897e-01 1.768263e+00 4.284675e-02 -1.654106e+00 -8.176461e-01 -1.788902e-03
<VARIANCE> 25
 9.316431e+00 2.055872e+01 2.831284e+01 4.288034e+01 3.580431e+01 3.846744e+01 5.138476e+01 3.624137e+01 4.574015e+01 4.168774e+01 5.135727e+01 3.033192e+01 3.555092e-01 9.772056e-01 1.461984e+00 2.416582e+00 2.286533e+00 2.824642e+00 2.612798e+00 2.542876e+00 2.295878e+00 3.039584e+00 1.957857e+00 2.206947e+00 7.030606e-04
<GCONST> 8.807558e+01
<MIXTURE> 108 5.452374e-03
<MEAN> 25
 8.631907e+00 -2.308857e+00 -8.045405e+00 -9.546112e+00 1.973885e+00 2.964156e+00 -8.617254e+00 -4.548000e+00 -8.784297e-01 3.393384e+00 8.435889e-01 -5.079272e+00 -6.104956e-01 -7.658876e-01 8.343859e-01 1.769597e+00 2.272999e-01 -2.012893e+00 -9.208710e-01 8.479897e-01 1.768263e+00 4.284675e-02 -1.654106e+00 -8.176461e-01 -1.788902e-03
<VARIANCE> 25
 9.316431e+00 2.055872e+01 2.831284e+01 4.288034e+01 3.580431e+01 3.846744e+01 5.138476e+01 3.624137e+01 4.574015e+01 4.168774e+01 5.135727e+01 3.033192e+01 3.555092e-01 9.772056e-01 1.461984e+00 2.416582e+00 2.286533e+00 2.824642e+00 2.612798e+00 2.542876e+00 2.295878e+00 3.039584e+00 1.957857e+00 2.206947e+00 7.030606e-04
<GCONST> 8.807558e+01
<MIXTURE> 109 6.661064e-03
<MEAN> 25
 4.033034e+00 -1.058279e+01 -7.988832e+00 -1.443714e+00 2.074480e+00 -2.911911e-01 -2.320396e-01 2.389497e+00 -2.331549e+00 -7.169679e+00 -5.644537e+00 4.601510e-01 -3.362806e-02 -1.661256e-01 3.665443e-02 2.054134e-01 9.987296e-02 7.089703e-02 -1.440088e-01 -1.133518e-01 -1.422352e-01 -1.251457e-01 2.519717e-01 9.083295e-02 -2.211014e-03
<VARIANCE> 25
 8.311624e+00 1.875379e+01 2.024398e+01 2.884674e+01 4.162884e+01 3.396574e+01 4.228658e+01 3.857906e+01 4.339877e+01 4.379284e+01 2.754084e+01 2.724131e+01 2.008241e-01 4.782322e-01 5.841979e-01 6.430261e-01 1.205634e+00 9.310154e-01 1.190053e+00 1.023076e+00 1.217691e+00 8.667362e-01 8.427428e-01 9.083797e-01 1.999732e-04
<GCONST> 7.444715e+01
<MIXTURE> 110 6.661064e-03
<MEAN> 25
 4.033034e+00 -1.058279e+01 -7.988832e+00 -1.443714e+00 2.074480e+00 -2.911911e-01 -2.320396e-01 2.389497e+00 -2.331549e+00 -7.169679e+00 -5.644537e+00 4.601510e-01 -3.362806e-02 -1.661256e-01 3.665443e-02 2.054134e-01 9.987296e-02 7.089703e-02 -1.440088e-01 -1.133518e-01 -1.422352e-01 -1.251457e-01 2.519717e-01 9.083295e-02 -2.211014e-03
<VARIANCE> 25
 8.311624e+00 1.875379e+01 2.024398e+01 2.884674e+01 4.162884e+01 3.396574e+01 4.228658e+01 3.857906e+01 4.339877e+01 4.379284e+01 2.754084e+01 2.724131e+01 2.008241e-01 4.782322e-01 5.841979e-01 6.430261e-01 1.205634e+00 9.310154e-01 1.190053e+00 1.023076e+00 1.217691e+00 8.667362e-01 8.427428e-01 9.083797e-01 1.999732e-04
<GCONST> 7.444715e+01
<MIXTURE> 111 4.337247e-03
<MEAN> 25
 -4.473989e+00 -9.064276e-01 -1.721202e+00 1.686980e+00 9.669551e-01 9.652594e-01 3.135632e-01 2.129204e-01 9.171749e-02 -5.400432e-01 -6.319479e-01 1.962221e+00 -2.113712e-02 -3.252678e-02 -7.221000e-02 -7.341903e-02 -3.736703e-02 6.298023e-03 -1.168931e-03 -5.923104e-02 -1.404923e-01 -2.035172e-01 -1.906714e-01 -1.064859e-01 -2.139697e-04
<VARIANCE> 25
 6.999816e+00 4.975796e+00 1.021131e+01 9.410003e+00 1.312781e+01 2.383997e+01 1.466542e+01 1.317838e+01 1.163013e+01 1.191738e+01 1.364078e+01 1.160915e+01 7.917498e-02 1.635422e-01 2.752703e-01 4.204968e-01 5.694247e-01 7.052743e-01 8.004310e-01 8.580618e-01 8.925901e-01 8.570031e-01 8.630845e-01 8.476599e-01 2.231235e-05
<GCONST> 5.598740e+01
<MIXTURE> 112 4.337247e-03
<MEAN> 25
 -4.473989e+00 -9.064276e-01 -1.721202e+00 1.686980e+00 9.669551e-01 9.652594e-01 3.135632e-01 2.129204e-01 9.171749e-02 -5.400432e-01 -6.319479e-01 1.962221e+00 -2.113712e-02 -3.252678e-02 -7.221000e-02 -7.341903e-02 -3.736703e-02 6.298023e-03 -1.168931e-03 -5.923104e-02 -1.404923e-01 -2.035172e-01 -1.906714e-01 -1.064859e-01 -2.139697e-04
<VARIANCE> 25
 6.999816e+00 4.975796e+00 1.021131e+01 9.410003e+00 1.312781e+01 2.383997e+01 1.466542e+01 1.317838e+01 1.163013e+01 1.191738e+01 1.364078e+01 1.160915e+01 7.917498e-02 1.635422e-01 2.752703e-01 4.204968e-01 5.694247e-01 7.052743e-01 8.004310e-01 8.580618e-01 8.925901e-01 8.570031e-01 8.630845e-01 8.476599e-01 2.231235e-05
<GCONST> 5.598740e+01
<MIXTURE> 113 5.938666e-03
<MEAN> 25
 9.885645e+00 1.676101e+00 -8.823615e+00 -1.694897e+01 -8.408853e-01 5.669838e+00 -5.134173e+00 -1.425807e+00 -5.638201e+00 -2.313667e-01 2.383551e-01 -3.619834e-01 5.666358e-03 4.472641e-03 -8.125138e-02 -1.154174e-01 1.161393e-01 1.653662e-01 7.734157e-02 5.632452e-02 -7.567147e-02 -4.685599e-02 1.806588e-01 2.492302e-02 -1.200539e-03
<VARIANCE> 25
 8.993829e+00 1.625428e+01 2.903195e+01 3.399672e+01 5.294894e+01 3.318967e+01 3.970538e+01 3.827856e+01 3.670615e+01 4.823714e+01 3.556355e+01 2.886189e+01 1.194343e-01 3.187973e-01 3.438401e-01 6.173133e-01 6.111543e-01 6.464705e-01 7.721474e-01 8.682653e-01 9.639406e-01 8.840511e-01 7.072008e-01 7.014053e-01 1.235878e-04
<GCONST> 7.103109e+01
<MIXTURE> 114 5.938666e-03
<MEAN> 25
 9.885645e+00 1.676101e+00 -8.823615e+00 -1.694897e+01 -8.408853e-01 5.669838e+00 -5.134173e+00 -1.425807e+00 -5.638201e+00 -2.313667e-01 2.383551e-01 -3.619834e-01 5.666358e-03 4.472641e-03 -8.125138e-02 -1.154174e-01 1.161393e-01 1.653662e-01 7.734157e-02 5.632452e-02 -7.567147e-02 -4.685599e-02 1.806588e-01 2.492302e-02 -1.200539e-03
<VARIANCE> 25
 8.993829e+00 1.625428e+01 2.903195e+01 3.399672e+01 5.294894e+01 3.318967e+01 3.970538e+01 3.827856e+01 3.670615e+01 4.823714e+01 3.556355e+01 2.886189e+01 1.194343e-01 3.187973e-01 3.438401e-01 6.173133e-01 6.111543e-01 6.464705e-01 7.721474e-01 8.682653e-01 9.639406e-01 8.840511e-01 7.072008e-01 7.014053e-01 1.235878e-04
<GCONST> 7.103109e+01
<MIXTURE> 115 2.935202e-03
<MEAN> 25
 -4.031935e+00 -7.525360e-01 -3.108152e+00 3.654251e+00 2.416866e+00 -4.256808e-01 2.233092e+00 4.159703e-01 1.392454e+00 -1.761609e-02 3.687917e-02 2.683362e+00 3.149334e-02 -7.219078e-02 -2.304919e-01 -4.383337e-01 -6.333809e-01 -6.702670e-01 -5.920053e-01 -5.092759e-01 -4.866311e-01 -4.575015e-01 -3.445799e-01 -1.650020e-01 -2.043444e-06
<VARIANCE> 25
 9.263855e+00 9.879742e+00 1.352641e+01 1.271683e+01 1.350937e+01 1.756470e+01 1.708610e+01 2.082313e+01 1.796655e+01 1.721808e+01 1.921860e+01 1.470608e+01 2.037161e-01 3.455139e-01 4.855065e-01 5.616976e-01 6.339103e-01 7.976879e-01 1.007664e+00 1.130516e+00 1.074730e+00 9.956660e-01 1.026861e+00 1.064364e+00 1.002665e-06
<GCONST> 6.017240e+01
<MIXTURE> 116 2.935202e-03
<MEAN> 25
 -4.031935e+00 -7.525360e-01 -3.108152e+00 3.654251e+00 2.416866e+00 -4.256808e-01 2.233092e+00 4.159703e-01 1.392454e+00 -1.761609e-02 3.687917e-02 2.683362e+00 3.149334e-02 -7.219078e-02 -2.304919e-01 -4.383337e-01 -6.333809e-01 -6.702670e-01 -5.920053e-01 -5.092759e-01 -4.866311e-01 -4.575015e-01 -3.445799e-01 -1.650020e-01 -2.043444e-06
<VARIANCE> 25
 9.263855e+00 9.879742e+00 1.352641e+01 1.271683e+01 1.350937e+01 1.756470e+01 1.708610e+01 2.082313e+01 1.796655e+01 1.721808e+01 1.921860e+01 1.470608e+01 2.037161e-01 3.455139e-01 4.855065e-01 5.616976e-01 6.339103e-01 7.976879e-01 1.007664e+00 1.130516e+00 1.074730e+00 9.956660e-01 1.026861e+00 1.064364e+00 1.002665e-06
<GCONST> 6.017240e+01
<MIXTURE> 117 6.506003e-03
<MEAN> 25
 -4.644606e+00 1.117830e+00 1.054436e+00 9.758234e+00 6.260186e+00 6.256418e+00 6.463011e+00 5.044470e+00 6.385730e+00 4.929204e+00 6.367014e+00 2.709796e+00 -7.502979e-02 -2.341304e-01 -3.583304e-01 -4.199300e-01 -3.675092e-01 -3.027081e-01 -2.873182e-01 -3.314500e-01 -3.917797e-01 -3.690014e-01 -2.631287e-01 -1.159732e-01 -9.041493e-06
<VARIANCE> 25
 7.187137e+00 8.753547e+00 9.809457e+00 1.431040e+01 1.561776e+01 1.534930e+01 1.772708e+01 1.796134e+01 1.640262e+01 1.637131e+01 1.674308e+01 1.475435e+01 2.166058e-01 3.075000e-01 4.261423e-01 6.171669e-01 8.536672e-01 1.055367e+00 1.177549e+00 1.232893e+00 1.223954e+00 1.194886e+00 1.167244e+00 1.113669e+00 1.000119e-06
<GCONST> 6.042928e+01
<MIXTURE> 118 6.506003e-03
<MEAN> 25
 -4.644606e+00 1.117830e+00 1.054436e+00 9.758234e+00 6.260186e+00 6.256418e+00 6.463011e+00 5.044470e+00 6.385730e+00 4.929204e+00 6.367014e+00 2.709796e+00 -7.502979e-02 -2.341304e-01 -3.583304e-01 -4.199300e-01 -3.675092e-01 -3.027081e-01 -2.873182e-01 -3.314500e-01 -3.917797e-01 -3.690014e-01 -2.631287e-01 -1.159732e-01 -9.041493e-06
<VARIANCE> 25
 7.187137e+00 8.753547e+00 9.809457e+00 1.431040e+01 1.561776e+01 1.534930e+01 1.772708e+01 1.796134e+01 1.640262e+01 1.637131e+01 1.674308e+01 1.475435e+01 2.166058e-01 3.075000e-01 4.261423e-01 6.171669e-01 8.536672e-01 1.055367e+00 1.177549e+00 1.232893e+00 1.223954e+00 1.194886e+00 1.167244e+00 1.113669e+00 1.000119e-06
<GCONST> 6.042928e+01
<MIXTURE> 119 4.297961e-03
<MEAN> 25
 -4.965199e+00 -7.620720e+00 2.238690e+00 2.007404e+00 2.219643e+00 2.124350e-01 5.251020e+00 5.937777e+00 1.161772e+00 9.551941e-01 6.603154e+00 1.565311e+00 -4.947880e-02 -7.856145e-02 3.738166e-02 -5.638421e-02 -1.226110e-01 -1.780347e-01 -6.900328e-02 -1.454071e-02 -9.288586e-02 -1.114265e-01 -5.644580e-02 -5.932060e-02 1.075835e-03
<VARIANCE> 25
 8.534478e+00 9.883039e+00 1.655575e+01 2.016109e+01 2.304200e+01 2.318819e+01 2.513898e+01 2.642881e+01 2.501387e+01 2.813139e+01 2.043175e+01 2.040076e+01 1.604714e-01 2.836658e-01 4.606591e-01 6.332970e-01 8.075696e-01 1.003860e+00 1.097603e+00 1.275551e+00 1.283634e+00 1.245976e+00 1.191873e+00 1.111330e+00 2.325695e-04
<GCONST> 6.975067e+01
<MIXTURE> 120 4.297961e-03
<MEAN> 25
 -4.965199e+00 -7.620720e+00 2.238690e+00 2.007404e+00 2.219643e+00 2.124350e-01 5.251020e+00 5.937777e+00 1.161772e+00 9.551941e-01 6.603154e+00 1.565311e+00 -4.947880e-02 -7.856145e-02 3.738166e-02 -5.638421e-02 -1.226110e-01 -1.780347e-01 -6.900328e-02 -1.454071e-02 -9.288586e-02 -1.114265e-01 -5.644580e-02 -5.932060e-02 1.075835e-03
<VARIANCE> 25
 8.534478e+00 9.883039e+00 1.655575e+01 2.016109e+01 2.304200e+01 2.318819e+01 2.513898e+01 2.642881e+01 2.501387e+01 2.813139e+01 2.043175e+01 2.040076e+01 1.604714e-01 2.836658e-01 4.606591e-01 6.332970e-01 8.075696e-01 1.003860e+00 1.097603e+00 1.275551e+00 1.283634e+00 1.245976e+00 1.191873e+00 1.111330e+00 2.325695e-04
<GCONST> 6.975067e+01
<MIXTURE> 121 4.567511e-03
<MEAN> 25
 2.125205e-01 -2.516362e+00 5.168336e+00 -1.286228e+01 -1.263671e+01 -1.632767e+00 9.901530e-01 -5.094062e+00 -4.197936e+00 -4.847333e-01 -5.465425e+00 -4.312860e+00 2.467791e-02 1.334841e-01 -4.081894e-02 7.929756e-02 1.593884e-01 8.169899e-02 -7.934611e-02 -1.844806e-01 -2.677588e-01 -2.562211e-01 -1.159418e-01 -2.976755e-04 -7.425739e-03
<VARIANCE> 25
 7.745341e+00 1.558034e+01 1.731695e+01 2.071146e+01 2.436314e+01 2.946822e+01 2.949494e+01 2.473156e+01 3.516806e+01 2.826142e+01 2.013588e+01 2.115288e+01 1.548218e-01 6.414649e-01 6.236356e-01 7.044965e-01 7.727793e-01 1.150838e+00 1.115946e+00 1.120735e+00 1.214478e+00 1.192542e+00 9.407868e-01 8.729743e-01 2.116013e-04
<GCONST> 7.143417e+01
<MIXTURE> 122 4.567511e-03
<MEAN> 25
 2.125205e-01 -2.516362e+00 5.168336e+00 -1.286228e+01 -1.263671e+01 -1.632767e+00 9.901530e-01 -5.094062e+00 -4.197936e+00 -4.847333e-01 -5.465425e+00 -4.312860e+00 2.467791e-02 1.334841e-01 -4.081894e-02 7.929756e-02 1.593884e-01 8.169899e-02 -7.934611e-02 -1.844806e-01 -2.677588e-01 -2.562211e-01 -1.159418e-01 -2.976755e-04 -7.425739e-03
<VARIANCE> 25
 7.745341e+00 1.558034e+01 1.731695e+01 2.071146e+01 2.436314e+01 2.946822e+01 2.949494e+01 2.473156e+01 3.516806e+01 2.826142e+01 2.013588e+01 2.115288e+01 1.548218e-01 6.414649e-01 6.236356e-01 7.044965e-01 7.727793e-01 1.150838e+00 1.115946e+00 1.120735e+00 1.214478e+00 1.192542e+00 9.407868e-01 8.729743e-01 2.116013e-04
<GCONST> 7.143417e+01
<MIXTURE> 123 4.393044e-03
<MEAN> 25
 -4.372461e+00 2.284489e+00 -1.087710e-01 5.311277e+00 5.527001e+00 3.562186e+00 3.964501e+00 -3.153040e-01 5.207474e-01 -2.986184e-01 -5.277731e-01 -1.843571e-01 -5.075040e-01 -7.702277e-01 -7.544081e-01 -5.169740e-01 -1.646251e-01 7.691441e-02 3.986505e-01 6.716260e-01 7.849031e-01 7.077063e-01 7.017298e-01 5.292566e-01 -3.652896e-03
<VARIANCE> 25
 9.520553e+00 2.064755e+01 1.430719e+01 2.031538e+01 2.053138e+01 2.439731e+01 2.245057e+01 2.234658e+01 1.745476e+01 1.644113e+01 2.290302e+01 2.462666e+01 3.348221e-01 3.250155e-01 5.397649e-01 7.192424e-01 9.305898e-01 1.098578e+00 1.174963e+00 1.098389e+00 1.068800e+00 1.213650e+00 1.084277e+00 1.073943e+00 9.055838e-05
<GCONST> 6.954487e+01
<MIXTURE> 124 4.069876e-03
<MEAN> 25
 -6.564718e+00 -1.210404e+00 -2.922997e+00 5.104659e+00 4.973389e+00 3.390688e+00 5.389427e+00 2.566599e+00 3.194526e+00 1.280275e+00 1.125641e+00 3.041386e+00 -2.048783e-01 -3.230588e-01 -3.620290e-01 -2.165586e-01 1.279207e-01 5.194853e-01 8.102950e-01 8.600462e-01 6.546877e-01 3.268915e-01 7.187688e-02 -2.496163e-02 4.234498e-05
<VARIANCE> 25
 1.100719e+01 6.989933e+00 1.114060e+01 1.244155e+01 1.211038e+01 1.981544e+01 1.552389e+01 1.707155e+01 1.545028e+01 1.606924e+01 1.922021e+01 1.446523e+01 1.048097e-01 1.680903e-01 2.703480e-01 4.177320e-01 5.929518e-01 7.065718e-01 7.480523e-01 8.140367e-01 9.084387e-01 9.821799e-01 1.009039e+00 9.925406e-01 1.798615e-05
<GCONST> 5.879990e+01
<MIXTURE> 125 4.069876e-03
<MEAN> 25
 -6.564718e+00 -1.210404e+00 -2.922997e+00 5.104659e+00 4.973389e+00 3.390688e+00 5.389427e+00 2.566599e+00 3.194526e+00 1.280275e+00 1.125641e+00 3.041386e+00 -2.048783e-01 -3.230588e-01 -3.620290e-01 -2.165586e-01 1.279207e-01 5.194853e-01 8.102950e-01 8.600462e-01 6.546877e-01 3.268915e-01 7.187688e-02 -2.496163e-02 4.234498e-05
<VARIANCE> 25
 1.100719e+01 6.989933e+00 1.114060e+01 1.244155e+01 1.211038e+01 1.981544e+01 1.552389e+01 1.707155e+01 1.545028e+01 1.606924e+01 1.922021e+01 1.446523e+01 1.048097e-01 1.680903e-01 2.703480e-01 4.177320e-01 5.929518e-01 7.065718e-01 7.480523e-01 8.140367e-01 9.084387e-01 9.821799e-01 1.009039e+00 9.925406e-01 1.798615e-05
<GCONST> 5.879990e+01
<MIXTURE> 126 2.402244e-03
<MEAN> 25
 -3.790961e+00 -6.824137e+00 -5.218931e+00 2.177232e+00 4.383584e+00 -3.053804e+00 -9.250461e-04 3.689154e+00 3.520787e+00 -2.484768e+00 -1.622364e+00 2.806253e+00 -8.599953e-03 -1.286627e-02 -1.996495e-02 -1.434559e-01 -3.230185e-01 -3.898365e-01 -2.740882e-01 -1.519101e-01 -1.255727e-01 -1.713546e-01 -1.507299e-01 -3.253270e-02 -1.353741e-03
<VARIANCE> 25
 7.461584e+00 1.315586e+01 1.366794e+01 1.541375e+01 2.527940e+01 2.444543e+01 2.227877e+01 2.828758e+01 3.206645e+01 2.710499e+01 2.247497e+01 2.140401e+01 1.683139e-01 3.470798e-01 4.807350e-01 5.621009e-01 7.340814e-01 9.685363e-01 1.093831e+00 1.228842e+00 1.308913e+00 1.402810e+00 1.299939e+00 1.122525e+00 2.064308e-04
<GCONST> 7.000592e+01
<MIXTURE> 127 2.402244e-03
<MEAN> 25
 -3.790961e+00 -6.824137e+00 -5.218931e+00 2.177232e+00 4.383584e+00 -3.053804e+00 -9.250461e-04 3.689154e+00 3.520787e+00 -2.484768e+00 -1.622364e+00 2.806253e+00 -8.599953e-03 -1.286627e-02 -1.996495e-02 -1.434559e-01 -3.230185e-01 -3.898365e-01 -2.740882e-01 -1.519101e-01 -1.255727e-01 -1.713546e-01 -1.507299e-01 -3.253270e-02 -1.353741e-03
<VARIANCE> 25
 7.461584e+00 1.315586e+01 1.366794e+01 1.541375e+01 2.527940e+01 2.444543e+01 2.227877e+01 2.828758e+01 3.206645e+01 2.710499e+01 2.247497e+01 2.140401e+01 1.683139e-01 3.470798e-01 4.807350e-01 5.621009e-01 7.340814e-01 9.685363e-01 1.093831e+00 1.228842e+00 1.308913e+00 1.402810e+00 1.299939e+00 1.122525e+00 2.064308e-04
<GCONST> 7.000592e+01
<MIXTURE> 128 3.790457e-03
<MEAN> 25
 -3.957281e+00 1.809517e+00 -7.124773e-01 6.302803e+00 3.467402e+00 1.553064e+00 3.663897e+00 1.648750e+00 4.052767e+00 3.407516e+00 3.541660e+00 3.422058e+00 -4.286264e-01 -1.454499e-01 7.500228e-02 7.060537e-01 1.182661e+00 1.206635e+00 8.612799e-01 1.358482e-01 -4.363817e-01 -7.304312e-01 -5.790029e-01 -3.528829e-01 -6.342980e-05
<VARIANCE> 25
 9.663653e+00 1.221914e+01 1.645480e+01 1.933094e+01 1.979906e+01 2.151107e+01 2.329347e+01 3.159965e+01 2.498730e+01 2.470911e+01 2.614479e+01 1.731246e+01 8.703249e-01 1.121776e+00 1.302791e+00 1.453277e+00 1.488951e+00 1.837826e+00 2.482016e+00 2.189023e+00 2.023077e+00 1.809001e+00 1.886567e+00 1.673458e+00 9.990277e-07
<GCONST> 7.362086e+01
<TRANSP> 3
 0.000000e+00 1.000000e+00 0.000000e+00
 0.000000e+00 9.999990e-01 9.999998e-07
 0.000000e+00 0.000000e+00 0.000000e+00
<ENDHMM>
