~o
<STREAMINFO> 1 25
<VECSIZE> 25<NULLD><MFCC_E_D_N><DIAGC>
~h "jmodel"
<BEGINHMM>
<NUMSTATES> 3
<STATE> 2
<NUMMIXES> 128
<MIXTURE> 1 5.748963e-03
<MEAN> 25
 -2.561885e+00 3.221349e+00 2.237224e+00 8.670591e+00 4.351791e+00 3.478024e+00 4.056515e+00 3.899521e+00 5.874329e+00 5.184399e+00 5.879751e+00 3.110986e+00 -1.992564e+00 -1.602509e+00 -8.769049e-01 1.081346e+00 1.574075e+00 2.209992e+00 2.151332e+00 2.058789e+00 1.674944e+00 1.240132e+00 1.529692e+00 5.958121e-01 -4.734608e-02
<VARIANCE> 25
 1.006092e+01 1.201460e+01 1.539586e+01 1.890399e+01 2.341676e+01 2.201680e+01 2.221715e+01 2.179626e+01 2.100858e+01 2.259021e+01 2.074834e+01 1.722894e+01 1.782215e+00 2.211947e+00 3.004554e+00 3.168148e+00 3.735394e+00 3.394277e+00 3.312361e+00 3.393252e+00 3.532827e+00 3.767204e+00 3.575299e+00 2.830742e+00 3.095137e-03
<GCONST> 8.859405e+01
<MIXTURE> 2 4.549242e-03
<MEAN> 25
 -4.875602e+00 1.313259e+00 9.887270e-01 9.897857e+00 6.695201e+00 7.426073e+00 7.847101e+00 6.957711e+00 8.374381e+00 6.369489e+00 7.619886e+00 3.073626e+00 -6.200350e-02 4.160333e-02 1.423527e-01 2.256932e-01 2.655123e-01 2.812843e-01 2.953824e-01 3.190989e-01 3.495779e-01 3.093306e-01 1.970385e-01 8.001112e-02 1.557940e-06
<VARIANCE> 25
 6.949751e+00 8.905258e+00 1.073338e+01 1.591564e+01 1.725281e+01 1.556333e+01 1.689352e+01 1.848045e+01 1.658398e+01 1.741539e+01 1.815995e+01 1.433895e+01 1.252044e-01 2.265472e-01 3.364337e-01 4.670301e-01 6.492883e-01 8.146111e-01 9.295538e-01 1.003567e+00 1.051366e+00 1.078749e+00 1.075355e+00 1.013620e+00 1.000580e-06
<GCONST> 5.805486e+01
<MIXTURE> 3 4.549242e-03
<MEAN> 25
 -4.875602e+00 1.313259e+00 9.887270e-01 9.897857e+00 6.695201e+00 7.426073e+00 7.847101e+00 6.957711e+00 8.374381e+00 6.369489e+00 7.619886e+00 3.073626e+00 -6.200350e-02 4.160333e-02 1.423527e-01 2.256932e-01 2.655123e-01 2.812843e-01 2.953824e-01 3.190989e-01 3.495779e-01 3.093306e-01 1.970385e-01 8.001112e-02 1.557940e-06
<VARIANCE> 25
 6.949751e+00 8.905258e+00 1.073338e+01 1.591564e+01 1.725281e+01 1.556333e+01 1.689352e+01 1.848045e+01 1.658398e+01 1.741539e+01 1.815995e+01 1.433895e+01 1.252044e-01 2.265472e-01 3.364337e-01 4.670301e-01 6.492883e-01 8.146111e-01 9.295538e-01 1.003567e+00 1.051366e+00 1.078749e+00 1.075355e+00 1.013620e+00 1.000580e-06
<GCONST> 5.805486e+01
<MIXTURE> 4 1.671429e-02
<MEAN> 25
 3.244159e+00 3.497481e+00 -3.168268e+00 1.053896e+00 5.155871e+00 -5.512434e-01 -1.684443e+00 1.966622e-01 2.601513e+00 1.109239e+00 -2.603354e+00 2.337102e-01 -2.701435e+00 1.232574e+00 1.117049e+00 2.869551e+00 1.365699e+00 -3.935713e-02 1.954351e+00 9.007920e-01 6.126058e-01 5.043648e-01 6.827137e-01 9.869865e-01 -8.882724e-02
<VARIANCE> 25
 1.759760e+01 3.133070e+01 2.809626e+01 3.351181e+01 4.180276e+01 7.070229e+01 6.000355e+01 4.653608e+01 4.923739e+01 5.586423e+01 4.913884e+01 2.908465e+01 2.124722e+00 6.497053e+00 4.028003e+00 4.563885e+00 6.373487e+00 6.432401e+00 5.924870e+00 4.898319e+00 5.565483e+00 5.254378e+00 5.713210e+00 3.928239e+00 5.533671e-03
<GCONST> 1.041250e+02
<MIXTURE> 5 3.206198e-03
<MEAN> 25
 -3.429183e+00 2.209399e+00 4.611579e-01 9.383725e+00 6.781392e+00 6.367956e+00 7.120069e+00 4.728854e+00 5.553007e+00 3.786195e+00 4.574881e+00 2.588220e+00 -3.222864e-01 7.457186e-01 1.211025e+00 1.020526e+00 3.122696e-01 -1.018812e-01 -8.224108e-02 2.025732e-02 4.517840e-01 6.959834e-01 4.006702e-01 8.849393e-02 -2.249048e-05
<VARIANCE> 25
 1.016297e+01 1.388899e+01 2.544812e+01 2.557619e+01 2.072974e+01 1.950058e+01 1.993234e+01 2.023765e+01 2.152977e+01 2.157060e+01 2.464836e+01 1.629720e+01 1.198609e+00 1.237232e+00 1.363976e+00 1.671414e+00 2.268220e+00 2.358156e+00 2.279102e+00 2.273971e+00 2.296523e+00 2.238478e+00 2.067953e+00 1.856413e+00 1.027559e-06
<GCONST> 7.524782e+01
<MIXTURE> 6 5.475854e-03
<MEAN> 25
 9.470840e+00 -4.378788e-01 -5.841808e+00 -1.137818e+01 -2.802624e+00 7.187760e+00 -6.131796e+00 -5.449571e+00 -4.174788e+00 2.594523e+00 5.215600e+00 -1.671114e+00 4.446268e-01 8.827729e-01 -3.873211e-01 -1.513930e+00 -4.453574e-01 1.477458e+00 1.524404e+00 9.555335e-02 -1.142882e+00 -1.345953e+00 3.207602e-01 1.213255e+00 -9.634998e-03
<VARIANCE> 25
 8.056136e+00 1.461114e+01 2.412934e+01 3.492396e+01 3.524500e+01 2.742496e+01 3.964512e+01 3.362079e+01 3.616246e+01 3.753836e+01 3.751207e+01 2.513861e+01 2.805190e-01 7.488792e-01 8.402248e-01 1.768278e+00 1.654614e+00 2.082295e+00 1.672029e+00 2.046169e+00 2.095445e+00 1.841681e+00 1.981103e+00 1.242630e+00 5.326190e-04
<GCONST> 8.159940e+01
<MIXTURE> 7 5.475854e-03
<MEAN> 25
 9.470840e+00 -4.378788e-01 -5.841808e+00 -1.137818e+01 -2.802624e+00 7.187760e+00 -6.131796e+00 -5.449571e+00 -4.174788e+00 2.594523e+00 5.215600e+00 -1.671114e+00 4.446268e-01 8.827729e-01 -3.873211e-01 -1.513930e+00 -4.453574e-01 1.477458e+00 1.524404e+00 9.555335e-02 -1.142882e+00 -1.345953e+00 3.207602e-01 1.213255e+00 -9.634998e-03
<VARIANCE> 25
 8.056136e+00 1.461114e+01 2.412934e+01 3.492396e+01 3.524500e+01 2.742496e+01 3.964512e+01 3.362079e+01 3.616246e+01 3.753836e+01 3.751207e+01 2.513861e+01 2.805190e-01 7.488792e-01 8.402248e-01 1.768278e+00 1.654614e+00 2.082295e+00 1.672029e+00 2.046169e+00 2.095445e+00 1.841681e+00 1.981103e+00 1.242630e+00 5.326190e-04
<GCONST> 8.159940e+01
<MIXTURE> 8 1.165917e-02
<MEAN> 25
 -4.753580e+00 1.382011e+00 1.174893e+00 9.481704e+00 6.678631e+00 6.123635e+00 6.575020e+00 5.704484e+00 6.475087e+00 5.483340e+00 6.417036e+00 3.115278e+00 -6.895627e-01 -1.510918e+00 -1.035843e+00 -1.708474e+00 -2.874567e-01 -1.014189e+00 -1.179256e-01 -2.285413e-01 -3.382490e-01 -1.345502e-01 -2.141257e-01 8.401757e-02 9.807233e-02
<VARIANCE> 25
 9.164566e+00 9.771904e+00 1.234268e+01 1.598769e+01 1.665381e+01 1.614540e+01 1.816341e+01 1.776777e+01 1.800037e+01 1.769918e+01 1.916739e+01 1.369721e+01 2.851645e+00 3.106595e+00 3.929157e+00 3.675685e+00 3.521197e+00 3.393212e+00 3.292577e+00 3.163883e+00 3.144533e+00 2.650982e+00 2.409409e+00 1.881892e+00 6.592933e-03
<GCONST> 8.671820e+01
<MIXTURE> 9 1.199672e-02
<MEAN> 25
 8.652058e+00 3.178912e+00 -5.060968e+00 -9.917445e+00 -2.201141e+00 5.611826e+00 -3.084611e+00 -4.280134e+00 -4.947721e+00 -1.391996e+00 5.007895e-01 1.627579e-01 1.548510e+00 -4.275086e-02 -3.215412e-01 -2.552682e+00 -1.456734e+00 1.137575e+00 -1.145217e+00 -1.802136e-01 -2.272724e-02 -2.409727e-01 5.669460e-01 -3.249970e-01 7.095456e-02
<VARIANCE> 25
 1.323615e+01 1.869307e+01 3.531951e+01 4.902156e+01 4.297312e+01 3.098865e+01 4.092297e+01 6.464076e+01 3.737425e+01 3.637239e+01 3.116943e+01 2.332878e+01 1.900700e+00 2.139679e+00 4.138376e+00 4.307707e+00 4.553452e+00 4.345397e+00 3.829285e+00 5.902525e+00 4.526848e+00 4.115952e+00 3.494764e+00 2.551711e+00 1.936076e-03
<GCONST> 9.704587e+01
<MIXTURE> 10 6.596976e-03
<MEAN> 25
 8.497816e-01 7.660071e+00 5.291762e+00 6.856865e+00 1.758793e+00 -1.531531e+00 -4.136066e-01 -1.592210e+00 1.076072e+00 7.895188e-01 9.338871e-01 5.777822e-01 -1.839719e+00 -5.363042e-01 -5.842110e-01 2.955884e+00 2.479090e+00 2.646775e+00 2.249846e+00 2.098679e+00 1.917345e+00 1.386962e+00 2.140467e+00 4.998328e-01 -1.353950e-01
<VARIANCE> 25
 1.861493e+01 2.026081e+01 2.324283e+01 2.864352e+01 3.804140e+01 3.804866e+01 3.809240e+01 3.252395e+01 2.708840e+01 2.855240e+01 2.579986e+01 2.552201e+01 2.226515e+00 3.533752e+00 5.471325e+00 4.977000e+00 5.256366e+00 4.287388e+00 4.830390e+00 5.000640e+00 4.396273e+00 5.105170e+00 4.725850e+00 3.089899e+00 2.641299e-03
<GCONST> 9.744326e+01
<MIXTURE> 11 1.633820e-02
<MEAN> 25
 7.598442e+00 4.401691e+00 2.849846e+00 4.369801e+00 -2.778629e+00 -5.689225e-01 -2.608119e+00 -7.100294e+00 -2.919651e+00 -1.200618e+00 -2.276397e+00 -1.511043e+00 -3.137306e-01 6.977841e-01 4.163335e-02 4.350980e-01 6.554893e-01 -1.700238e-01 5.288114e-01 -7.489906e-02 -1.322489e-01 1.598938e-01 -1.620296e-01 1.786825e-01 -1.958432e-02
<VARIANCE> 25
 8.715667e+00 2.145373e+01 1.706768e+01 2.923429e+01 3.481431e+01 3.770704e+01 4.883021e+01 4.722424e+01 3.979557e+01 3.477538e+01 2.903897e+01 2.531565e+01 9.765131e-01 1.416967e+00 1.456043e+00 2.097765e+00 1.847358e+00 1.952876e+00 2.455513e+00 2.836871e+00 1.987043e+00 2.029598e+00 1.524634e+00 1.587794e+00 9.441316e-04
<GCONST> 8.612513e+01
<MIXTURE> 12 5.904134e-03
<MEAN> 25
 1.060555e+01 3.520401e+00 -4.325328e+00 -1.577862e+01 -8.509928e+00 8.825423e+00 -1.271223e+00 -2.127841e+00 -2.050568e+00 -4.273784e+00 2.129071e+00 4.354029e-01 4.338882e-02 2.951288e-01 1.238241e-01 -3.833741e-01 -1.848756e-01 4.765415e-03 2.424324e-01 4.363174e-01 1.432506e-01 -5.333649e-01 -4.102641e-01 7.136893e-02 -7.321640e-03
<VARIANCE> 25
 8.528053e+00 1.994698e+01 2.213935e+01 3.306403e+01 3.932552e+01 2.893309e+01 4.043274e+01 4.569577e+01 4.195172e+01 3.881948e+01 3.653741e+01 2.756145e+01 2.379397e-01 6.449867e-01 6.796004e-01 1.114408e+00 1.293702e+00 1.021193e+00 1.182813e+00 1.326516e+00 1.153904e+00 1.391258e+00 1.147813e+00 8.991976e-01 5.544962e-04
<GCONST> 7.813211e+01
<MIXTURE> 13 5.904134e-03
<MEAN> 25
 1.060555e+01 3.520401e+00 -4.325328e+00 -1.577862e+01 -8.509928e+00 8.825423e+00 -1.271223e+00 -2.127841e+00 -2.050568e+00 -4.273784e+00 2.129071e+00 4.354029e-01 4.338882e-02 2.951288e-01 1.238241e-01 -3.833741e-01 -1.848756e-01 4.765415e-03 2.424324e-01 4.363174e-01 1.432506e-01 -5.333649e-01 -4.102641e-01 7.136893e-02 -7.321640e-03
<VARIANCE> 25
 8.528053e+00 1.994698e+01 2.213935e+01 3.306403e+01 3.932552e+01 2.893309e+01 4.043274e+01 4.569577e+01 4.195172e+01 3.881948e+01 3.653741e+01 2.756145e+01 2.379397e-01 6.449867e-01 6.796004e-01 1.114408e+00 1.293702e+00 1.021193e+00 1.182813e+00 1.326516e+00 1.153904e+00 1.391258e+00 1.147813e+00 8.991976e-01 5.544962e-04
<GCONST> 7.813211e+01
<MIXTURE> 14 6.488954e-03
<MEAN> 25
 -4.362003e+00 -1.283600e-02 -1.295706e+00 8.823537e+00 8.020757e+00 7.448563e+00 7.761706e+00 6.796879e+00 7.492607e+00 4.833461e+00 6.517254e+00 4.188827e+00 -2.677858e-01 2.085245e-01 2.628628e-01 2.879089e-01 1.226242e-01 3.668702e-02 5.322876e-02 1.301094e-01 2.918349e-01 5.542532e-01 4.308624e-01 6.390394e-02 -1.005134e-02
<VARIANCE> 25
 8.528169e+00 1.403039e+01 2.691285e+01 1.648644e+01 2.370642e+01 1.872845e+01 2.016942e+01 2.200567e+01 1.910225e+01 2.517272e+01 2.164069e+01 1.522371e+01 8.816862e-01 1.518765e+00 1.905714e+00 1.807912e+00 2.477894e+00 2.267089e+00 2.131605e+00 2.307416e+00 2.135543e+00 2.532170e+00 2.225436e+00 1.728325e+00 9.798976e-04
<GCONST> 8.194569e+01
<MIXTURE> 15 2.475190e-03
<MEAN> 25
 -5.424104e+00 -6.444228e-01 -2.011948e-01 7.368020e+00 5.719728e+00 5.701523e+00 6.060597e+00 4.979655e+00 5.164851e+00 4.154551e+00 5.502402e+00 2.539962e+00 -1.212346e-01 -2.916862e-02 7.500418e-02 2.436760e-01 4.894040e-01 7.865168e-01 1.072446e+00 1.182141e+00 1.059321e+00 7.561350e-01 4.197349e-01 1.534032e-01 -8.263445e-05
<VARIANCE> 25
 6.984151e+00 5.606074e+00 9.032881e+00 1.281365e+01 1.407832e+01 1.429724e+01 1.492043e+01 1.489847e+01 1.410044e+01 1.418376e+01 1.510192e+01 1.250873e+01 1.247606e-01 2.061875e-01 3.197811e-01 5.030959e-01 6.995990e-01 7.936963e-01 7.631562e-01 7.916138e-01 9.090421e-01 1.023956e+00 1.071348e+00 1.041232e+00 2.795582e-05
<GCONST> 5.858709e+01
<MIXTURE> 16 2.475190e-03
<MEAN> 25
 -5.424104e+00 -6.444228e-01 -2.011948e-01 7.368020e+00 5.719728e+00 5.701523e+00 6.060597e+00 4.979655e+00 5.164851e+00 4.154551e+00 5.502402e+00 2.539962e+00 -1.212346e-01 -2.916862e-02 7.500418e-02 2.436760e-01 4.894040e-01 7.865168e-01 1.072446e+00 1.182141e+00 1.059321e+00 7.561350e-01 4.197349e-01 1.534032e-01 -8.263445e-05
<VARIANCE> 25
 6.984151e+00 5.606074e+00 9.032881e+00 1.281365e+01 1.407832e+01 1.429724e+01 1.492043e+01 1.489847e+01 1.410044e+01 1.418376e+01 1.510192e+01 1.250873e+01 1.247606e-01 2.061875e-01 3.197811e-01 5.030959e-01 6.995990e-01 7.936963e-01 7.631562e-01 7.916138e-01 9.090421e-01 1.023956e+00 1.071348e+00 1.041232e+00 2.795582e-05
<GCONST> 5.858709e+01
<MIXTURE> 17 9.518312e-03
<MEAN> 25
 3.222161e+00 -9.199252e-01 6.927425e+00 2.334918e+00 -5.530314e+00 -4.093732e+00 -8.176432e-01 -3.034211e-01 -2.396733e+00 -2.859574e+00 -1.360721e-01 -1.099171e-02 -6.247693e-01 -1.530456e+00 1.598312e+00 -1.910024e+00 -2.474914e+00 -4.938624e-01 -4.427443e-02 7.136974e-01 -1.033118e+00 -3.415340e-02 1.298742e+00 2.288231e-01 8.612635e-02
<VARIANCE> 25
 1.487780e+01 3.040628e+01 2.662812e+01 3.866482e+01 4.306371e+01 7.197973e+01 5.244164e+01 3.315528e+01 3.697520e+01 2.482527e+01 2.491623e+01 2.352950e+01 1.831581e+00 2.464696e+00 3.580224e+00 2.698790e+00 3.516748e+00 6.851539e+00 4.358677e+00 4.380525e+00 6.045920e+00 3.448392e+00 2.916852e+00 2.317374e+00 1.852452e-03
<GCONST> 9.625801e+01
<MIXTURE> 18 1.221018e-02
<MEAN> 25
 3.700443e+00 4.432092e+00 5.346401e+00 4.481243e+00 -3.356941e+00 -6.091862e+00 -1.789125e+00 -4.913062e-01 -1.522300e+00 -2.359914e+00 -4.324509e-01 6.236343e-01 -8.013667e-01 2.331980e+00 -6.123174e-01 2.072122e+00 3.104713e+00 1.372131e+00 6.856322e-01 -3.958789e-01 8.946176e-01 2.594112e-01 -3.906846e-01 2.214822e-01 -1.162620e-01
<VARIANCE> 25
 1.494463e+01 2.888386e+01 3.489205e+01 2.192756e+01 4.357536e+01 4.476459e+01 4.197357e+01 3.041883e+01 4.404499e+01 3.207140e+01 2.901818e+01 2.930803e+01 2.132661e+00 2.572789e+00 4.222173e+00 3.651220e+00 3.254718e+00 4.206940e+00 4.135609e+00 3.716670e+00 4.108263e+00 3.804687e+00 3.918131e+00 3.175539e+00 3.497075e-03
<GCONST> 9.678311e+01
<MIXTURE> 19 9.912824e-03
<MEAN> 25
 -1.099550e+01 1.180387e+00 -9.662058e-01 1.252405e+00 5.079002e+00 -8.495354e-02 3.737023e+00 2.521093e+00 2.742735e+00 1.411148e+00 -4.352225e-02 1.693807e+00 2.144290e+00 1.594123e+00 2.247614e+00 9.176823e-01 -1.085966e+00 -1.186293e+00 -1.414036e+00 -1.510798e+00 -1.516413e+00 -1.183852e+00 -9.328539e-01 -8.065339e-01 2.630879e-03
<VARIANCE> 25
 5.080198e+01 2.840179e+01 4.980198e+01 4.711195e+01 4.008733e+01 4.448169e+01 2.882585e+01 3.555457e+01 3.267810e+01 2.428829e+01 3.333821e+01 1.841682e+01 2.222514e+00 2.313966e+00 2.169255e+00 2.368340e+00 2.706515e+00 2.176130e+00 3.385724e+00 2.190580e+00 2.002239e+00 1.849432e+00 2.237791e+00 1.538351e+00 2.082388e-03
<GCONST> 9.191926e+01
<MIXTURE> 20 6.308331e-03
<MEAN> 25
 -1.425715e+01 7.111655e+00 1.403818e-01 5.503158e+00 5.426236e+00 1.040816e+00 5.460296e+00 1.256036e+00 1.182229e+00 9.683789e-01 2.171513e+00 -2.865652e-01 -3.272585e+00 -7.416657e-01 -1.505678e+00 3.799096e-01 1.553641e+00 1.952617e+00 1.847566e+00 2.090101e+00 2.279751e+00 1.936400e+00 1.568872e+00 8.530888e-01 4.747606e-02
<VARIANCE> 25
 1.877605e+01 2.292983e+01 3.499580e+01 4.184631e+01 3.277308e+01 3.084168e+01 2.896474e+01 3.189451e+01 2.744084e+01 2.661487e+01 2.546007e+01 1.963999e+01 1.953656e+00 2.271751e+00 1.859903e+00 2.460234e+00 2.622450e+00 2.320290e+00 2.421485e+00 2.185589e+00 2.351588e+00 2.611166e+00 2.246823e+00 1.846439e+00 1.828227e-03
<GCONST> 8.927271e+01
<MIXTURE> 21 7.928653e-03
<MEAN> 25
 4.005800e+00 -4.532553e+00 5.775967e+00 -1.547497e+00 -1.058492e+01 -8.727281e+00 -2.614227e+00 4.175732e+00 -2.072744e+00 -3.408716e+00 2.441608e-01 3.403981e-01 -7.191709e-01 1.341481e+00 2.589169e+00 -4.453363e-02 -1.551669e+00 3.362091e-01 5.884686e-01 -1.497877e+00 -1.957980e+00 3.135299e-01 1.326213e+00 2.463760e-01 -1.278235e-02
<VARIANCE> 25
 8.899310e+00 1.873796e+01 2.965763e+01 2.840408e+01 2.855986e+01 3.319605e+01 4.295771e+01 3.935966e+01 4.293015e+01 3.160067e+01 3.382336e+01 2.323381e+01 3.766413e-01 9.499319e-01 1.855338e+00 1.291230e+00 2.212650e+00 2.188285e+00 3.643601e+00 2.501125e+00 2.161601e+00 2.595311e+00 2.017865e+00 2.284847e+00 4.287978e-04
<GCONST> 8.509782e+01
<MIXTURE> 22 8.827789e-03
<MEAN> 25
 -1.792245e+01 7.142578e+00 -4.145692e+00 7.368565e+00 4.631106e+00 2.728614e+00 8.402197e+00 1.762053e+00 5.387212e+00 3.308327e+00 5.693648e+00 1.195583e+00 -3.116949e-01 -2.105380e-01 -1.226541e-01 -1.445209e-01 -3.657906e-03 1.347259e-01 1.778445e-01 1.820978e-01 2.510849e-01 2.037497e-01 1.662883e-01 1.896062e-01 8.931094e-03
<VARIANCE> 25
 8.108396e+00 1.681861e+01 1.739118e+01 2.529079e+01 2.308053e+01 2.110995e+01 1.938007e+01 1.871231e+01 1.810258e+01 2.082317e+01 1.936799e+01 1.378234e+01 1.089714e+00 1.357357e+00 1.363641e+00 1.574445e+00 1.408938e+00 1.524226e+00 1.508849e+00 1.533494e+00 1.613646e+00 1.544199e+00 1.366562e+00 1.167757e+00 1.742126e-03
<GCONST> 7.833648e+01
<MIXTURE> 23 6.455497e-03
<MEAN> 25
 7.964656e+00 2.559954e+00 2.969517e+00 2.720768e+00 -4.687579e+00 -2.659485e+00 -3.500789e+00 -6.228701e+00 -3.578313e+00 -1.040385e+00 -3.810685e+00 -2.201966e+00 8.996219e-03 1.993837e-01 2.717776e-02 3.579904e-02 5.795373e-02 9.368622e-02 4.218979e-02 -8.634752e-02 -4.158485e-02 1.310061e-01 4.177100e-02 -1.072124e-01 -3.584560e-03
<VARIANCE> 25
 9.579309e+00 2.060631e+01 2.284763e+01 3.851625e+01 3.533299e+01 5.214798e+01 6.107657e+01 5.143432e+01 4.505942e+01 4.323611e+01 4.575696e+01 3.752696e+01 1.187408e-01 2.987241e-01 3.705262e-01 4.535459e-01 5.911043e-01 6.835311e-01 7.487599e-01 8.379179e-01 8.697159e-01 8.810324e-01 7.722939e-01 9.246376e-01 8.721383e-05
<GCONST> 7.216136e+01
<MIXTURE> 24 6.455497e-03
<MEAN> 25
 7.964656e+00 2.559954e+00 2.969517e+00 2.720768e+00 -4.687579e+00 -2.659485e+00 -3.500789e+00 -6.228701e+00 -3.578313e+00 -1.040385e+00 -3.810685e+00 -2.201966e+00 8.996219e-03 1.993837e-01 2.717776e-02 3.579904e-02 5.795373e-02 9.368622e-02 4.218979e-02 -8.634752e-02 -4.158485e-02 1.310061e-01 4.177100e-02 -1.072124e-01 -3.584560e-03
<VARIANCE> 25
 9.579309e+00 2.060631e+01 2.284763e+01 3.851625e+01 3.533299e+01 5.214798e+01 6.107657e+01 5.143432e+01 4.505942e+01 4.323611e+01 4.575696e+01 3.752696e+01 1.187408e-01 2.987241e-01 3.705262e-01 4.535459e-01 5.911043e-01 6.835311e-01 7.487599e-01 8.379179e-01 8.697159e-01 8.810324e-01 7.722939e-01 9.246376e-01 8.721383e-05
<GCONST> 7.216136e+01
<MIXTURE> 25 1.118642e-02
<MEAN> 25
 1.982058e-01 2.736894e+00 1.751288e+01 -1.350700e+00 -1.140995e+01 5.792011e-01 -4.794152e+00 -2.256216e+00 -7.875883e+00 -3.300523e+00 3.839211e+00 -2.523630e+00 -1.587557e-01 6.708874e-01 3.821489e-01 -1.118471e-01 5.919625e-01 3.131662e-01 1.777761e-01 -2.091234e-01 -2.052980e-01 2.773321e-01 -2.179736e-01 4.824438e-02 -1.905710e-02
<VARIANCE> 25
 6.476293e+00 1.828213e+01 1.710713e+01 2.174021e+01 2.456289e+01 4.011098e+01 2.132063e+01 2.296823e+01 2.345715e+01 3.685767e+01 1.562134e+01 2.134682e+01 4.395045e-01 1.206476e+00 1.355511e+00 1.200375e+00 2.390524e+00 1.977187e+00 2.035930e+00 1.271120e+00 1.244585e+00 1.327726e+00 1.042462e+00 1.045353e+00 1.275267e-03
<GCONST> 7.857819e+01
<MIXTURE> 26 7.727677e-03
<MEAN> 25
 1.804717e+00 -5.662096e+00 -1.052139e+01 -1.903740e-01 8.295849e+00 5.634293e+00 4.140677e+00 -1.033172e-01 2.672066e+00 -1.254027e+00 -2.923784e+00 -8.420447e-01 -6.176549e-01 5.848149e-01 2.757417e-01 6.746931e-01 2.608900e-01 2.368640e-01 2.631462e-01 2.985614e-01 2.698429e-01 9.787054e-02 3.395473e-01 3.984983e-01 -5.091123e-02
<VARIANCE> 25
 2.603592e+01 4.040658e+01 2.596128e+01 6.175965e+01 3.798444e+01 4.026549e+01 4.599656e+01 4.224820e+01 3.918484e+01 5.228020e+01 3.779394e+01 4.414211e+01 1.575891e+00 1.919059e+00 2.042112e+00 1.917466e+00 2.425026e+00 2.305033e+00 2.432142e+00 2.628197e+00 2.278329e+00 2.367466e+00 2.129450e+00 1.937389e+00 3.264389e-03
<GCONST> 9.365995e+01
<MIXTURE> 27 7.727677e-03
<MEAN> 25
 1.804717e+00 -5.662096e+00 -1.052139e+01 -1.903740e-01 8.295849e+00 5.634293e+00 4.140677e+00 -1.033172e-01 2.672066e+00 -1.254027e+00 -2.923784e+00 -8.420447e-01 -6.176549e-01 5.848149e-01 2.757417e-01 6.746931e-01 2.608900e-01 2.368640e-01 2.631462e-01 2.985614e-01 2.698429e-01 9.787054e-02 3.395473e-01 3.984983e-01 -5.091123e-02
<VARIANCE> 25
 2.603592e+01 4.040658e+01 2.596128e+01 6.175965e+01 3.798444e+01 4.026549e+01 4.599656e+01 4.224820e+01 3.918484e+01 5.228020e+01 3.779394e+01 4.414211e+01 1.575891e+00 1.919059e+00 2.042112e+00 1.917466e+00 2.425026e+00 2.305033e+00 2.432142e+00 2.628197e+00 2.278329e+00 2.367466e+00 2.129450e+00 1.937389e+00 3.264389e-03
<GCONST> 9.365995e+01
<MIXTURE> 28 5.036674e-03
<MEAN> 25
 -5.448130e+00 3.515641e-02 -1.627113e+00 6.606125e+00 5.275357e+00 3.554865e+00 5.429770e+00 3.145604e+00 3.956926e+00 2.365547e+00 2.603145e+00 3.204007e+00 -1.150416e-01 2.220951e-01 5.249331e-01 7.804413e-01 8.232648e-01 6.998821e-01 5.213224e-01 3.849629e-01 4.423931e-01 4.891895e-01 3.690904e-01 1.890699e-01 -6.229871e-06
<VARIANCE> 25
 1.038970e+01 8.436233e+00 1.284339e+01 1.479994e+01 1.505087e+01 1.794997e+01 1.799900e+01 1.898319e+01 1.736326e+01 1.683837e+01 2.079052e+01 1.499639e+01 2.553965e-01 3.353241e-01 4.082479e-01 4.664548e-01 6.191431e-01 8.453395e-01 1.052521e+00 1.150678e+00 1.098984e+00 1.035672e+00 1.032935e+00 1.062095e+00 1.004189e-06
<GCONST> 6.035974e+01
<MIXTURE> 29 5.036674e-03
<MEAN> 25
 -5.448130e+00 3.515641e-02 -1.627113e+00 6.606125e+00 5.275357e+00 3.554865e+00 5.429770e+00 3.145604e+00 3.956926e+00 2.365547e+00 2.603145e+00 3.204007e+00 -1.150416e-01 2.220951e-01 5.249331e-01 7.804413e-01 8.232648e-01 6.998821e-01 5.213224e-01 3.849629e-01 4.423931e-01 4.891895e-01 3.690904e-01 1.890699e-01 -6.229871e-06
<VARIANCE> 25
 1.038970e+01 8.436233e+00 1.284339e+01 1.479994e+01 1.505087e+01 1.794997e+01 1.799900e+01 1.898319e+01 1.736326e+01 1.683837e+01 2.079052e+01 1.499639e+01 2.553965e-01 3.353241e-01 4.082479e-01 4.664548e-01 6.191431e-01 8.453395e-01 1.052521e+00 1.150678e+00 1.098984e+00 1.035672e+00 1.032935e+00 1.062095e+00 1.004189e-06
<GCONST> 6.035974e+01
<MIXTURE> 30 8.917812e-03
<MEAN> 25
 -4.497296e+00 -1.663812e-01 5.823748e-01 9.075341e+00 7.814725e+00 7.515735e+00 7.576682e+00 6.855915e+00 6.554132e+00 4.877614e+00 6.972126e+00 3.500528e+00 -2.404998e-02 3.148874e-02 5.558763e-02 8.773848e-02 8.020481e-02 4.188881e-02 1.354894e-02 -5.785559e-03 1.559899e-02 5.193776e-02 6.025512e-02 3.423025e-02 -5.650961e-04
<VARIANCE> 25
 6.905540e+00 9.992782e+00 1.137983e+01 1.372136e+01 1.597810e+01 1.638446e+01 1.905918e+01 1.826616e+01 1.628376e+01 1.841171e+01 2.150974e+01 1.432293e+01 9.693922e-02 1.990975e-01 3.246284e-01 4.796788e-01 6.206703e-01 7.261561e-01 7.702392e-01 8.179660e-01 8.726916e-01 9.572855e-01 9.189233e-01 8.611978e-01 5.079666e-05
<GCONST> 6.071782e+01
<MIXTURE> 31 4.136493e-03
<MEAN> 25
 -3.309150e+00 -5.674097e+00 3.607240e-02 4.891405e+00 3.710649e+00 1.696772e+00 5.247334e+00 6.644996e+00 2.751095e+00 1.230286e+00 6.530015e+00 3.162651e+00 2.527845e-01 4.755054e-01 -2.148394e-01 3.070343e-01 1.242103e-01 4.255052e-01 1.894137e-01 1.688823e-02 3.810538e-01 3.832855e-01 1.048438e-01 1.158263e-01 -1.841816e-02
<VARIANCE> 25
 7.147523e+00 1.546675e+01 1.771075e+01 1.798557e+01 2.550563e+01 2.385337e+01 2.358247e+01 2.532774e+01 2.599265e+01 2.800322e+01 2.031305e+01 1.869649e+01 1.906025e-01 4.925624e-01 6.063854e-01 7.677333e-01 9.715583e-01 1.090287e+00 1.220883e+00 1.392550e+00 1.342868e+00 1.313818e+00 1.243784e+00 1.131119e+00 2.560735e-04
<GCONST> 7.184621e+01
<MIXTURE> 32 4.136493e-03
<MEAN> 25
 -3.309150e+00 -5.674097e+00 3.607240e-02 4.891405e+00 3.710649e+00 1.696772e+00 5.247334e+00 6.644996e+00 2.751095e+00 1.230286e+00 6.530015e+00 3.162651e+00 2.527845e-01 4.755054e-01 -2.148394e-01 3.070343e-01 1.242103e-01 4.255052e-01 1.894137e-01 1.688823e-02 3.810538e-01 3.832855e-01 1.048438e-01 1.158263e-01 -1.841816e-02
<VARIANCE> 25
 7.147523e+00 1.546675e+01 1.771075e+01 1.798557e+01 2.550563e+01 2.385337e+01 2.358247e+01 2.532774e+01 2.599265e+01 2.800322e+01 2.031305e+01 1.869649e+01 1.906025e-01 4.925624e-01 6.063854e-01 7.677333e-01 9.715583e-01 1.090287e+00 1.220883e+00 1.392550e+00 1.342868e+00 1.313818e+00 1.243784e+00 1.131119e+00 2.560735e-04
<GCONST> 7.184621e+01
<MIXTURE> 33 1.508826e-02
<MEAN> 25
 6.282060e+00 -4.019542e+00 -6.802263e-01 -2.286500e+00 -3.912132e+00 -5.323422e+00 -8.062052e+00 1.800158e+00 9.100317e-01 -5.204889e-03 -3.742841e+00 -3.153119e+00 7.977476e-01 -1.048570e+00 -2.205210e+00 -2.179437e+00 1.011566e+00 1.823486e+00 -1.247241e+00 1.557689e-01 1.120821e+00 1.274842e+00 -1.244824e-01 -1.459472e+00 3.201896e-02
<VARIANCE> 25
 8.527084e+00 1.774443e+01 2.939962e+01 3.205956e+01 4.125065e+01 4.083564e+01 3.494278e+01 5.167329e+01 3.757901e+01 3.599051e+01 3.648747e+01 2.569930e+01 1.021245e+00 1.867625e+00 2.610521e+00 2.157311e+00 4.131909e+00 3.829971e+00 4.065094e+00 7.453019e+00 2.948365e+00 5.618362e+00 2.655449e+00 2.055088e+00 1.351759e-03
<GCONST> 9.324046e+01
<MIXTURE> 34 1.588179e-02
<MEAN> 25
 8.196875e+00 -1.224132e-01 9.918248e-02 1.722548e-01 -2.690474e+00 -3.883633e-01 -7.797553e+00 -5.422052e+00 -9.297677e-01 -1.445653e+00 -2.511677e+00 -3.407315e+00 -1.214975e-01 1.768993e+00 6.694487e-01 2.460411e+00 8.783599e-01 -3.084389e-01 1.087641e+00 -1.328743e+00 -5.690385e-01 -2.247636e-01 -6.161349e-01 8.207929e-01 -6.072522e-02
<VARIANCE> 25
 6.503173e+00 3.100532e+01 2.274843e+01 4.199257e+01 3.799662e+01 4.189514e+01 4.664886e+01 6.095055e+01 4.253004e+01 4.063236e+01 3.879531e+01 2.591780e+01 1.118886e+00 1.908627e+00 4.392687e+00 3.808712e+00 5.937775e+00 5.772319e+00 4.600303e+00 5.321621e+00 5.173230e+00 4.764778e+00 4.299203e+00 3.902529e+00 1.033304e-03
<GCONST> 9.726682e+01
<MIXTURE> 35 1.467755e-02
<MEAN> 25
 -2.990774e+00 -5.238983e+00 -9.774270e+00 1.272838e-01 8.327177e+00 -5.907626e-01 3.745631e+00 3.008332e+00 1.721305e+00 4.010827e+00 1.448482e-01 1.977973e+00 2.482811e-01 -1.378566e+00 -8.962820e-01 -1.445927e+00 -1.651930e-01 -1.393976e+00 -1.745943e-01 1.682294e-01 -4.293746e-01 2.753781e-01 -5.328491e-01 -4.941947e-01 1.141577e-01
<VARIANCE> 25
 1.953002e+01 2.857607e+01 3.659409e+01 5.583669e+01 4.801443e+01 6.103822e+01 6.389539e+01 3.977909e+01 5.132315e+01 3.413050e+01 3.324291e+01 2.632079e+01 3.811762e+00 3.496452e+00 7.701669e+00 4.606412e+00 6.880096e+00 6.157043e+00 6.359072e+00 4.759639e+00 4.828669e+00 3.988688e+00 3.994380e+00 3.385719e+00 5.008339e-03
<GCONST> 1.035407e+02
<MIXTURE> 36 1.093293e-02
<MEAN> 25
 5.015383e+00 -3.592978e+00 7.024064e+00 2.931560e+00 -1.031527e+01 -9.211344e+00 -6.252464e+00 3.710638e+00 -2.178066e+00 -4.540275e+00 2.818760e+00 -1.770694e-01 4.794510e-01 2.025794e-01 -1.103373e+00 -1.636484e-01 8.167126e-01 1.469305e-01 -7.632189e-01 -2.332268e-02 5.198633e-01 7.876495e-01 -3.933423e-01 -3.488493e-01 -1.601959e-02
<VARIANCE> 25
 9.131337e+00 1.637621e+01 2.038594e+01 3.335225e+01 2.927757e+01 3.034636e+01 4.456399e+01 3.709044e+01 3.703596e+01 3.199949e+01 2.635429e+01 2.506736e+01 6.113592e-01 7.095041e-01 1.937253e+00 1.511845e+00 1.689916e+00 1.663188e+00 2.794213e+00 1.703975e+00 2.007656e+00 2.091520e+00 1.328685e+00 1.352408e+00 6.744255e-04
<GCONST> 8.279959e+01
<MIXTURE> 37 1.246826e-02
<MEAN> 25
 4.212286e-01 7.170759e+00 1.274419e+01 -5.011121e+00 -7.037649e+00 1.744453e-01 -3.165256e+00 -7.274210e+00 -4.765672e+00 -1.900312e-01 -2.469970e+00 -1.404467e+00 1.329942e-01 6.569260e-01 -1.645017e+00 3.283027e+00 2.064113e+00 -7.860254e-02 1.531211e+00 3.216763e-01 9.348295e-01 -3.775745e-01 4.619857e-01 -1.611508e-01 -9.200207e-02
<VARIANCE> 25
 1.335704e+01 2.280437e+01 3.008034e+01 4.422991e+01 3.188920e+01 3.255629e+01 5.526382e+01 3.330845e+01 4.192314e+01 3.178645e+01 3.656692e+01 2.653684e+01 2.424699e+00 2.816092e+00 2.892335e+00 3.828313e+00 3.811855e+00 3.449980e+00 5.060871e+00 3.235580e+00 3.737563e+00 3.058237e+00 3.285146e+00 2.349670e+00 3.251631e-03
<GCONST> 9.584405e+01
<MIXTURE> 38 1.154525e-02
<MEAN> 25
 -4.522277e+00 8.381569e+00 3.892482e+00 3.670593e+00 2.901389e+00 -6.163686e+00 -6.499928e-01 -1.855767e+00 -2.641846e+00 -2.057272e+00 -2.748881e+00 -2.968290e-01 -4.442003e+00 1.296866e+00 -6.373606e-01 1.702966e+00 2.586107e+00 1.080943e+00 2.323633e+00 8.583759e-01 7.343470e-01 4.486339e-01 9.313939e-01 5.164883e-01 3.928864e-02
<VARIANCE> 25
 2.796189e+01 2.735098e+01 3.632815e+01 3.098041e+01 6.411113e+01 3.544102e+01 3.318038e+01 4.032522e+01 3.254655e+01 3.367188e+01 2.923592e+01 2.498629e+01 2.057710e+00 3.591097e+00 3.936989e+00 4.810752e+00 4.037462e+00 4.962914e+00 4.547672e+00 4.048513e+00 3.860835e+00 4.524868e+00 3.893513e+00 2.999004e+00 2.215216e-03
<GCONST> 9.819051e+01
<MIXTURE> 39 9.501865e-03
<MEAN> 25
 1.336882e+00 2.569754e+00 1.026421e+01 -9.168651e+00 -1.130251e+01 -9.577444e-01 -2.970212e+00 -6.518874e+00 -4.574936e+00 8.683021e-01 -3.625587e+00 -2.311814e+00 -7.230222e-01 1.519391e+00 1.624947e+00 -1.389315e+00 8.441228e-02 1.227877e+00 -1.205567e+00 -1.244856e+00 4.260711e-01 4.516034e-01 -5.050550e-01 1.202587e-01 1.222050e-03
<VARIANCE> 25
 8.861091e+00 3.009414e+01 3.182183e+01 3.828946e+01 3.693685e+01 4.282305e+01 4.420273e+01 3.372538e+01 3.955536e+01 3.295404e+01 3.633263e+01 2.924044e+01 6.954694e-01 1.542388e+00 1.508631e+00 2.905260e+00 2.413473e+00 2.810277e+00 3.051144e+00 2.739457e+00 2.422632e+00 2.605667e+00 2.106867e+00 2.058345e+00 1.183025e-03
<GCONST> 8.960815e+01
<MIXTURE> 40 1.030800e-02
<MEAN> 25
 -8.638314e+00 2.689264e+00 -3.231682e+00 8.085989e+00 5.731910e+00 5.724514e+00 5.349150e+00 3.638831e+00 5.550734e+00 3.620488e+00 4.836728e+00 2.148946e+00 -9.042414e-02 -1.316571e-01 -1.131225e-01 -2.289793e-01 -6.391943e-02 -1.099951e-01 3.609471e-02 8.930314e-02 -2.447834e-02 -3.150190e-02 -1.416203e-02 -6.638215e-04 1.859745e-03
<VARIANCE> 25
 3.673597e+01 1.861712e+01 4.197764e+01 2.238370e+01 3.655698e+01 1.708270e+01 1.662674e+01 1.754428e+01 1.780819e+01 1.878464e+01 2.049076e+01 1.345896e+01 6.188390e-01 6.734727e-01 8.957956e-01 9.572328e-01 1.226308e+00 1.252891e+00 1.178380e+00 1.393568e+00 1.130149e+00 1.719455e+00 1.111432e+00 9.774636e-01 7.413315e-04
<GCONST> 7.630189e+01
<MIXTURE> 41 6.713375e-03
<MEAN> 25
 1.462906e+00 8.631704e-01 1.020182e+01 -6.412215e+00 -1.042614e+01 -4.221063e+00 -1.704018e+00 -4.350683e+00 -4.921643e+00 2.500833e+00 -1.418643e+00 -9.001391e-01 3.719785e-01 -8.903481e-01 1.953876e+00 -3.325398e+00 -2.595620e+00 2.826324e-01 -7.669380e-01 -4.116179e-01 -8.763317e-01 1.090917e+00 -7.579601e-01 -6.960457e-02 8.407525e-02
<VARIANCE> 25
 1.050812e+01 3.106442e+01 3.106609e+01 3.662045e+01 3.525147e+01 4.275891e+01 4.237030e+01 3.476029e+01 2.924830e+01 2.620478e+01 2.937150e+01 2.617839e+01 3.350693e+00 3.102256e+00 3.927323e+00 3.664704e+00 4.769602e+00 6.637857e+00 4.676484e+00 4.553737e+00 3.758426e+00 3.784566e+00 3.852376e+00 2.973591e+00 2.622373e-03
<GCONST> 9.734286e+01
<MIXTURE> 42 1.106211e-02
<MEAN> 25
 -3.063430e+00 2.621343e+00 2.990785e+00 3.120810e+00 6.392488e-01 -8.941289e+00 3.756586e-01 -2.709882e-01 -2.217071e+00 -1.286811e+00 -3.095191e+00 8.633522e-01 4.365436e+00 -3.838159e-01 2.723850e+00 -5.632390e-01 -4.116196e+00 -2.247430e-01 -2.397238e+00 -1.519797e+00 -1.455303e+00 -4.996016e-01 9.252198e-01 -1.298880e+00 2.414119e-02
<VARIANCE> 25
 3.609607e+01 1.891553e+01 4.216224e+01 2.162279e+01 5.379654e+01 3.984849e+01 5.132786e+01 2.962750e+01 2.112980e+01 1.944490e+01 2.277312e+01 1.578310e+01 2.765853e+00 3.322782e+00 6.089032e+00 4.633996e+00 6.156309e+00 6.162349e+00 4.330853e+00 4.835435e+00 4.774136e+00 3.770189e+00 3.609704e+00 2.484807e+00 3.416125e-03
<GCONST> 9.782903e+01
<MIXTURE> 43 7.108249e-03
<MEAN> 25
 3.165437e+00 -6.313650e+00 -2.245489e+00 -5.189297e+00 -7.404180e+00 -3.406156e+00 4.142632e+00 1.313847e+00 -5.062347e+00 -7.089560e+00 -4.321272e+00 -1.247660e+00 2.376215e-01 2.165114e+00 1.912596e+00 -1.327400e-01 -1.429646e+00 -7.944568e-01 -9.704311e-01 -7.790310e-01 8.218278e-01 1.467641e+00 3.421938e-01 2.078980e-02 -4.511772e-02
<VARIANCE> 25
 9.599720e+00 1.971875e+01 2.739166e+01 3.519164e+01 3.841914e+01 3.662577e+01 3.328377e+01 3.981153e+01 3.964555e+01 3.869709e+01 2.654865e+01 2.954972e+01 6.905338e-01 1.248623e+00 1.575169e+00 2.491480e+00 2.375781e+00 2.382613e+00 2.653661e+00 3.025676e+00 2.606342e+00 2.578682e+00 2.330793e+00 1.918687e+00 9.434105e-04
<GCONST> 8.797325e+01
<MIXTURE> 44 7.328289e-03
<MEAN> 25
 -1.540328e+01 1.560533e+00 3.556035e+00 -3.258464e+00 3.402286e+00 2.075355e+00 -4.354570e-02 2.457709e+00 1.555833e+00 -7.728641e-01 1.798715e+00 1.985873e+00 -1.676330e-01 3.613551e-05 1.582673e-01 3.015488e-01 -1.066795e-01 1.948905e-01 4.732598e-01 1.126206e-01 2.459934e-01 1.325354e-01 5.478805e-02 1.000729e-01 4.302183e-03
<VARIANCE> 25
 4.127156e+01 2.797792e+01 3.519761e+01 3.043991e+01 2.965259e+01 3.044493e+01 2.509117e+01 3.185921e+01 2.788015e+01 2.739230e+01 2.744133e+01 1.941151e+01 1.229325e+00 1.570349e+00 1.405029e+00 1.346704e+00 2.181476e+00 1.656727e+00 1.515418e+00 1.653073e+00 1.574540e+00 1.505931e+00 1.365958e+00 1.225181e+00 1.300596e-03
<GCONST> 8.461269e+01
<MIXTURE> 45 1.364932e-02
<MEAN> 25
 -1.243102e+01 3.039223e+00 -2.845306e+00 2.744057e+00 7.093880e+00 -2.001823e+00 5.106104e+00 3.142960e+00 3.090499e+00 2.409682e+00 7.934284e-01 2.574059e+00 -2.987944e+00 3.168325e-01 -6.309810e-01 -4.997789e-01 3.272355e-01 -1.006448e-01 6.219108e-01 5.527875e-01 4.750631e-01 2.676427e-02 1.241195e-01 9.500319e-02 1.042806e-01
<VARIANCE> 25
 2.791085e+01 2.624979e+01 3.131701e+01 3.480702e+01 3.058546e+01 3.760395e+01 2.508497e+01 2.462918e+01 2.382120e+01 1.917251e+01 3.105442e+01 1.284363e+01 2.054142e+00 3.223204e+00 2.467901e+00 2.412234e+00 2.535571e+00 2.283267e+00 2.125050e+00 2.507044e+00 3.004468e+00 2.035445e+00 1.672642e+00 1.357769e+00 4.416834e-03
<GCONST> 8.943586e+01
<MIXTURE> 46 9.336259e-03
<MEAN> 25
 -8.707331e+00 2.104494e+00 9.296923e-01 7.229871e+00 5.218493e+00 3.130105e+00 6.841022e+00 4.332832e+00 6.097818e+00 4.258772e+00 4.897810e+00 3.121888e+00 8.600035e-01 -5.342130e-04 -1.804513e-01 1.035240e+00 8.061532e-01 1.023204e+00 3.876215e-01 4.893546e-01 5.644914e-01 4.159711e-01 6.283302e-01 5.279574e-01 -1.060123e-01
<VARIANCE> 25
 3.695568e+01 4.335692e+01 3.725862e+01 4.680362e+01 5.633076e+01 3.999208e+01 3.607457e+01 3.322786e+01 3.259615e+01 3.060032e+01 2.698310e+01 1.993401e+01 3.942284e+00 4.526079e+00 4.033782e+00 3.801164e+00 4.275601e+00 3.616973e+00 3.186275e+00 3.281620e+00 2.931283e+00 2.773140e+00 2.228114e+00 1.683959e+00 7.409993e-03
<GCONST> 9.800187e+01
<MIXTURE> 47 7.116147e-03
<MEAN> 25
 7.333694e+00 -7.380322e+00 -7.751397e+00 -6.456726e+00 1.499280e+00 8.448132e-01 -2.406441e+00 1.225899e+00 3.020371e+00 1.463706e-01 -4.255918e+00 -6.717897e+00 -1.835468e-01 -1.256043e+00 -6.905639e-01 -4.187420e-01 6.247342e-01 8.135087e-01 8.752469e-01 3.041201e-01 1.189811e-01 -8.835313e-01 -4.674563e-01 -4.571621e-01 3.014273e-02
<VARIANCE> 25
 1.067133e+01 2.102612e+01 2.059139e+01 3.314137e+01 3.623897e+01 5.275317e+01 4.547765e+01 4.076345e+01 4.336756e+01 4.698459e+01 4.860724e+01 3.352634e+01 5.192598e-01 7.732565e-01 1.127779e+00 1.667323e+00 1.978859e+00 2.215297e+00 2.321157e+00 2.492609e+00 2.192201e+00 2.149699e+00 2.184557e+00 2.009913e+00 5.493261e-04
<GCONST> 8.645750e+01
<MIXTURE> 48 7.116147e-03
<MEAN> 25
 7.333694e+00 -7.380322e+00 -7.751397e+00 -6.456726e+00 1.499280e+00 8.448132e-01 -2.406441e+00 1.225899e+00 3.020371e+00 1.463706e-01 -4.255918e+00 -6.717897e+00 -1.835468e-01 -1.256043e+00 -6.905639e-01 -4.187420e-01 6.247342e-01 8.135087e-01 8.752469e-01 3.041201e-01 1.189811e-01 -8.835313e-01 -4.674563e-01 -4.571621e-01 3.014273e-02
<VARIANCE> 25
 1.067133e+01 2.102612e+01 2.059139e+01 3.314137e+01 3.623897e+01 5.275317e+01 4.547765e+01 4.076345e+01 4.336756e+01 4.698459e+01 4.860724e+01 3.352634e+01 5.192598e-01 7.732565e-01 1.127779e+00 1.667323e+00 1.978859e+00 2.215297e+00 2.321157e+00 2.492609e+00 2.192201e+00 2.149699e+00 2.184557e+00 2.009913e+00 5.493261e-04
<GCONST> 8.645750e+01
<MIXTURE> 49 5.548473e-03
<MEAN> 25
 -5.092173e+00 5.732775e-01 -6.320597e-01 8.404597e+00 6.802967e+00 5.689247e+00 6.054094e+00 4.170148e+00 5.303036e+00 3.740198e+00 4.729512e+00 2.945271e+00 3.361031e-01 6.462741e-01 6.869608e-01 3.396029e-01 -2.332557e-01 -7.248160e-01 -9.827784e-01 -1.152248e+00 -9.238675e-01 -5.586803e-01 -4.307970e-01 -2.181272e-01 -2.817166e-04
<VARIANCE> 25
 9.068657e+00 1.023565e+01 2.339852e+01 1.500179e+01 2.163031e+01 1.690584e+01 1.832759e+01 1.988976e+01 1.836665e+01 1.699529e+01 2.025118e+01 1.373589e+01 2.782020e-01 2.507136e-01 3.472206e-01 5.807614e-01 8.432165e-01 9.745024e-01 9.530816e-01 1.036037e+00 1.086393e+00 1.434493e+00 1.278420e+00 1.187908e+00 1.462655e-05
<GCONST> 6.476627e+01
<MIXTURE> 50 6.234641e-03
<MEAN> 25
 -4.667148e+00 1.463108e-01 -1.589547e+00 6.182781e+00 4.334696e+00 2.376292e+00 3.753658e+00 2.032042e+00 2.871751e+00 1.352516e+00 2.083801e+00 2.815535e+00 5.489075e-02 1.739557e-01 9.152187e-02 -1.775073e-01 -4.959089e-01 -6.095867e-01 -4.211747e-01 -6.391402e-02 4.350929e-01 7.873160e-01 7.311814e-01 4.414798e-01 -9.253503e-07
<VARIANCE> 25
 1.042600e+01 1.130671e+01 1.595004e+01 1.528979e+01 1.637628e+01 1.930137e+01 1.859178e+01 1.949369e+01 1.912838e+01 1.760286e+01 2.195882e+01 1.515712e+01 1.434424e-01 2.373237e-01 3.765164e-01 5.119033e-01 6.171410e-01 7.320275e-01 9.494741e-01 1.121918e+00 1.052339e+00 9.166042e-01 9.148700e-01 9.804382e-01 1.015527e-06
<GCONST> 5.978611e+01
<MIXTURE> 51 6.234641e-03
<MEAN> 25
 -4.667148e+00 1.463108e-01 -1.589547e+00 6.182781e+00 4.334696e+00 2.376292e+00 3.753658e+00 2.032042e+00 2.871751e+00 1.352516e+00 2.083801e+00 2.815535e+00 5.489075e-02 1.739557e-01 9.152187e-02 -1.775073e-01 -4.959089e-01 -6.095867e-01 -4.211747e-01 -6.391402e-02 4.350929e-01 7.873160e-01 7.311814e-01 4.414798e-01 -9.253503e-07
<VARIANCE> 25
 1.042600e+01 1.130671e+01 1.595004e+01 1.528979e+01 1.637628e+01 1.930137e+01 1.859178e+01 1.949369e+01 1.912838e+01 1.760286e+01 2.195882e+01 1.515712e+01 1.434424e-01 2.373237e-01 3.765164e-01 5.119033e-01 6.171410e-01 7.320275e-01 9.494741e-01 1.121918e+00 1.052339e+00 9.166042e-01 9.148700e-01 9.804382e-01 1.015527e-06
<GCONST> 5.978611e+01
<MIXTURE> 52 6.367945e-03
<MEAN> 25
 9.916233e+00 1.932280e+00 -5.632071e+00 -1.432456e+01 -4.112641e+00 8.721951e+00 -3.392096e+00 -3.118135e+00 -4.425288e+00 -2.067532e+00 3.550473e+00 5.311564e-01 -3.815714e-01 -3.623270e-01 -4.482926e-02 1.210077e+00 1.421115e+00 -4.995302e-01 -6.171035e-01 -5.425815e-01 1.162065e-01 1.116276e+00 3.628017e-01 -4.666915e-01 -1.445322e-02
<VARIANCE> 25
 9.132277e+00 1.923273e+01 2.727048e+01 3.679331e+01 4.268436e+01 2.896632e+01 4.817981e+01 4.594525e+01 4.022443e+01 4.305090e+01 3.780179e+01 2.838854e+01 4.371021e-01 1.595226e+00 1.244866e+00 2.759338e+00 2.282319e+00 2.076535e+00 2.797147e+00 2.875678e+00 2.868193e+00 2.729684e+00 2.372864e+00 2.221578e+00 1.479322e-03
<GCONST> 8.900227e+01
<MIXTURE> 53 6.367945e-03
<MEAN> 25
 9.916233e+00 1.932280e+00 -5.632071e+00 -1.432456e+01 -4.112641e+00 8.721951e+00 -3.392096e+00 -3.118135e+00 -4.425288e+00 -2.067532e+00 3.550473e+00 5.311564e-01 -3.815714e-01 -3.623270e-01 -4.482926e-02 1.210077e+00 1.421115e+00 -4.995302e-01 -6.171035e-01 -5.425815e-01 1.162065e-01 1.116276e+00 3.628017e-01 -4.666915e-01 -1.445322e-02
<VARIANCE> 25
 9.132277e+00 1.923273e+01 2.727048e+01 3.679331e+01 4.268436e+01 2.896632e+01 4.817981e+01 4.594525e+01 4.022443e+01 4.305090e+01 3.780179e+01 2.838854e+01 4.371021e-01 1.595226e+00 1.244866e+00 2.759338e+00 2.282319e+00 2.076535e+00 2.797147e+00 2.875678e+00 2.868193e+00 2.729684e+00 2.372864e+00 2.221578e+00 1.479322e-03
<GCONST> 8.900227e+01
<MIXTURE> 54 7.368620e-03
<MEAN> 25
 -3.635094e+00 5.586027e-02 -7.002003e-01 8.032076e+00 6.494274e+00 4.634049e+00 4.679764e+00 4.603266e+00 4.062324e+00 3.584650e+00 4.445663e+00 2.323076e+00 -2.217496e-03 2.648030e-02 3.370232e-02 4.715963e-02 5.255536e-02 4.705889e-02 3.899091e-02 2.751445e-02 3.062981e-02 2.730143e-02 1.438512e-02 1.806797e-03 -1.065172e-05
<VARIANCE> 25
 9.127451e+00 1.038527e+01 9.517858e+00 1.817887e+01 1.338943e+01 1.357710e+01 1.197320e+01 1.127328e+01 1.139716e+01 1.360221e+01 1.789359e+01 1.252847e+01 4.083027e-02 8.724263e-02 1.540573e-01 2.263853e-01 3.088233e-01 3.964616e-01 4.602964e-01 5.227441e-01 5.414397e-01 5.255596e-01 5.138614e-01 5.158588e-01 1.001415e-06
<GCONST> 4.729933e+01
<MIXTURE> 55 7.368620e-03
<MEAN> 25
 -3.635094e+00 5.586027e-02 -7.002003e-01 8.032076e+00 6.494274e+00 4.634049e+00 4.679764e+00 4.603266e+00 4.062324e+00 3.584650e+00 4.445663e+00 2.323076e+00 -2.217496e-03 2.648030e-02 3.370232e-02 4.715963e-02 5.255536e-02 4.705889e-02 3.899091e-02 2.751445e-02 3.062981e-02 2.730143e-02 1.438512e-02 1.806797e-03 -1.065172e-05
<VARIANCE> 25
 9.127451e+00 1.038527e+01 9.517858e+00 1.817887e+01 1.338943e+01 1.357710e+01 1.197320e+01 1.127328e+01 1.139716e+01 1.360221e+01 1.789359e+01 1.252847e+01 4.083027e-02 8.724263e-02 1.540573e-01 2.263853e-01 3.088233e-01 3.964616e-01 4.602964e-01 5.227441e-01 5.414397e-01 5.255596e-01 5.138614e-01 5.158588e-01 1.001415e-06
<GCONST> 4.729933e+01
<MIXTURE> 56 6.132464e-03
<MEAN> 25
 7.561228e+00 -6.774666e+00 -9.155461e+00 -8.666864e+00 3.957836e+00 3.936228e+00 -2.179668e+00 -1.479632e+00 1.953858e+00 6.577387e-01 -2.480844e+00 -7.144994e+00 -1.059238e-02 2.594853e-02 -8.522180e-02 2.150370e-02 2.589869e-01 6.595371e-02 1.143513e-01 -1.372847e-01 -4.616367e-02 -3.771026e-02 -8.282167e-02 1.861121e-02 -7.068094e-03
<VARIANCE> 25
 9.318589e+00 2.328411e+01 2.001900e+01 4.124398e+01 3.319392e+01 5.101874e+01 6.194730e+01 3.681635e+01 3.896791e+01 3.768108e+01 4.028890e+01 3.114090e+01 2.060755e-01 4.320573e-01 4.533392e-01 7.721518e-01 7.975366e-01 1.112795e+00 9.101363e-01 9.072664e-01 9.084476e-01 9.288038e-01 1.034722e+00 7.845927e-01 2.392216e-04
<GCONST> 7.514047e+01
<MIXTURE> 57 6.132464e-03
<MEAN> 25
 7.561228e+00 -6.774666e+00 -9.155461e+00 -8.666864e+00 3.957836e+00 3.936228e+00 -2.179668e+00 -1.479632e+00 1.953858e+00 6.577387e-01 -2.480844e+00 -7.144994e+00 -1.059238e-02 2.594853e-02 -8.522180e-02 2.150370e-02 2.589869e-01 6.595371e-02 1.143513e-01 -1.372847e-01 -4.616367e-02 -3.771026e-02 -8.282167e-02 1.861121e-02 -7.068094e-03
<VARIANCE> 25
 9.318589e+00 2.328411e+01 2.001900e+01 4.124398e+01 3.319392e+01 5.101874e+01 6.194730e+01 3.681635e+01 3.896791e+01 3.768108e+01 4.028890e+01 3.114090e+01 2.060755e-01 4.320573e-01 4.533392e-01 7.721518e-01 7.975366e-01 1.112795e+00 9.101363e-01 9.072664e-01 9.084476e-01 9.288038e-01 1.034722e+00 7.845927e-01 2.392216e-04
<GCONST> 7.514047e+01
<MIXTURE> 58 6.172147e-03
<MEAN> 25
 2.414744e+00 -6.057045e+00 7.944620e+00 -4.927753e+00 -1.366262e+01 -5.861957e+00 3.396979e+00 2.112104e+00 -2.853188e+00 2.901111e+00 1.066194e+00 -2.822186e-01 -3.526448e-02 -3.138644e-01 -7.225128e-02 -1.239395e-02 -1.634127e-01 4.845868e-01 2.298792e-01 2.585631e-01 1.786419e-01 -5.938688e-02 -1.143579e-01 -1.823806e-01 -2.888316e-03
<VARIANCE> 25
 6.396537e+00 2.815482e+01 1.566234e+01 2.002211e+01 1.859829e+01 3.392180e+01 2.967519e+01 2.983108e+01 2.601247e+01 2.588348e+01 1.743216e+01 1.641677e+01 2.367800e-01 1.223245e+00 7.814324e-01 1.091025e+00 8.526669e-01 1.375442e+00 1.048861e+00 1.385825e+00 9.538742e-01 9.180875e-01 6.966590e-01 7.945566e-01 8.201989e-04
<GCONST> 7.359497e+01
<MIXTURE> 59 6.172147e-03
<MEAN> 25
 2.414744e+00 -6.057045e+00 7.944620e+00 -4.927753e+00 -1.366262e+01 -5.861957e+00 3.396979e+00 2.112104e+00 -2.853188e+00 2.901111e+00 1.066194e+00 -2.822186e-01 -3.526448e-02 -3.138644e-01 -7.225128e-02 -1.239395e-02 -1.634127e-01 4.845868e-01 2.298792e-01 2.585631e-01 1.786419e-01 -5.938688e-02 -1.143579e-01 -1.823806e-01 -2.888316e-03
<VARIANCE> 25
 6.396537e+00 2.815482e+01 1.566234e+01 2.002211e+01 1.859829e+01 3.392180e+01 2.967519e+01 2.983108e+01 2.601247e+01 2.588348e+01 1.743216e+01 1.641677e+01 2.367800e-01 1.223245e+00 7.814324e-01 1.091025e+00 8.526669e-01 1.375442e+00 1.048861e+00 1.385825e+00 9.538742e-01 9.180875e-01 6.966590e-01 7.945566e-01 8.201989e-04
<GCONST> 7.359497e+01
<MIXTURE> 60 4.479129e-03
<MEAN> 25
 -4.264487e+00 -6.649057e-01 -1.084375e+00 3.697239e+00 1.731568e+00 2.118855e+00 1.637564e+00 1.531185e+00 2.158351e+00 1.264553e+00 2.386028e+00 1.916092e+00 -2.849127e-02 5.650640e-02 1.011057e-01 1.301869e-01 1.294798e-01 1.293240e-01 1.787916e-01 3.225632e-01 5.452076e-01 6.645933e-01 5.562593e-01 3.033151e-01 -3.906901e-04
<VARIANCE> 25
 6.932817e+00 4.524348e+00 1.027675e+01 1.130676e+01 1.357749e+01 1.700124e+01 1.399785e+01 1.185802e+01 1.272545e+01 1.319725e+01 1.594022e+01 1.229296e+01 8.693190e-02 1.683225e-01 2.793859e-01 4.319128e-01 5.865183e-01 7.280031e-01 8.283045e-01 8.989630e-01 9.026473e-01 8.356966e-01 8.391468e-01 8.626353e-01 2.295606e-05
<GCONST> 5.633097e+01
<MIXTURE> 61 4.479129e-03
<MEAN> 25
 -4.264487e+00 -6.649057e-01 -1.084375e+00 3.697239e+00 1.731568e+00 2.118855e+00 1.637564e+00 1.531185e+00 2.158351e+00 1.264553e+00 2.386028e+00 1.916092e+00 -2.849127e-02 5.650640e-02 1.011057e-01 1.301869e-01 1.294798e-01 1.293240e-01 1.787916e-01 3.225632e-01 5.452076e-01 6.645933e-01 5.562593e-01 3.033151e-01 -3.906901e-04
<VARIANCE> 25
 6.932817e+00 4.524348e+00 1.027675e+01 1.130676e+01 1.357749e+01 1.700124e+01 1.399785e+01 1.185802e+01 1.272545e+01 1.319725e+01 1.594022e+01 1.229296e+01 8.693190e-02 1.683225e-01 2.793859e-01 4.319128e-01 5.865183e-01 7.280031e-01 8.283045e-01 8.989630e-01 9.026473e-01 8.356966e-01 8.391468e-01 8.626353e-01 2.295606e-05
<GCONST> 5.633097e+01
<MIXTURE> 62 3.278034e-03
<MEAN> 25
 -5.091290e+00 1.241401e+00 1.025765e+00 8.818676e+00 6.131252e+00 5.050014e+00 5.499308e+00 4.033903e+00 4.986167e+00 3.917674e+00 4.965768e+00 2.951197e+00 -1.003383e+00 -1.166754e+00 -9.532902e-01 -2.767647e-01 4.275382e-01 1.005099e+00 1.384684e+00 1.552270e+00 1.478733e+00 1.243365e+00 1.067056e+00 7.260761e-01 -1.265006e-03
<VARIANCE> 25
 9.874521e+00 9.959196e+00 1.311967e+01 1.673251e+01 1.741516e+01 1.753532e+01 1.970185e+01 1.911278e+01 1.885903e+01 1.872826e+01 2.157013e+01 1.479530e+01 4.018487e-01 4.320804e-01 5.541646e-01 7.793254e-01 1.035037e+00 1.192270e+00 1.252292e+00 1.278980e+00 1.329710e+00 1.364064e+00 1.400072e+00 1.371298e+00 1.632318e-05
<GCONST> 6.752779e+01
<MIXTURE> 63 4.351215e-03
<MEAN> 25
 -4.322038e+00 -1.768413e+00 -5.749153e+00 3.145734e+00 4.319276e+00 4.063788e-01 3.338889e+00 1.615775e+00 3.006012e+00 -1.190567e+00 -1.420519e+00 2.338174e+00 -8.111902e-02 2.954167e-01 3.573659e-01 4.912390e-01 3.789307e-01 3.821475e-01 4.098286e-01 1.535328e-01 3.577704e-02 1.620177e-01 1.723419e-01 8.506688e-02 -3.917904e-03
<VARIANCE> 25
 8.203016e+00 1.736741e+01 2.363555e+01 1.549772e+01 2.380671e+01 2.914096e+01 2.320465e+01 2.335140e+01 2.599924e+01 2.194846e+01 1.911110e+01 1.577802e+01 2.556790e-01 4.368761e-01 6.178275e-01 7.253702e-01 9.090783e-01 1.084378e+00 1.178460e+00 1.305589e+00 1.414413e+00 1.697430e+00 1.284715e+00 1.161318e+00 1.719593e-04
<GCONST> 7.173193e+01
<MIXTURE> 64 4.351215e-03
<MEAN> 25
 -4.322038e+00 -1.768413e+00 -5.749153e+00 3.145734e+00 4.319276e+00 4.063788e-01 3.338889e+00 1.615775e+00 3.006012e+00 -1.190567e+00 -1.420519e+00 2.338174e+00 -8.111902e-02 2.954167e-01 3.573659e-01 4.912390e-01 3.789307e-01 3.821475e-01 4.098286e-01 1.535328e-01 3.577704e-02 1.620177e-01 1.723419e-01 8.506688e-02 -3.917904e-03
<VARIANCE> 25
 8.203016e+00 1.736741e+01 2.363555e+01 1.549772e+01 2.380671e+01 2.914096e+01 2.320465e+01 2.335140e+01 2.599924e+01 2.194846e+01 1.911110e+01 1.577802e+01 2.556790e-01 4.368761e-01 6.178275e-01 7.253702e-01 9.090783e-01 1.084378e+00 1.178460e+00 1.305589e+00 1.414413e+00 1.697430e+00 1.284715e+00 1.161318e+00 1.719593e-04
<GCONST> 7.173193e+01
<MIXTURE> 65 1.721197e-02
<MEAN> 25
 7.889043e+00 2.170523e+00 1.869294e+00 2.579435e-01 -5.086208e+00 -3.176339e+00 -6.045384e+00 -7.273569e+00 -3.557567e+00 -2.286713e+00 -5.015373e+00 -1.882078e+00 1.852375e-01 1.150034e-01 -2.008170e-02 1.175089e-01 -7.849839e-02 1.296354e-01 -1.057128e-01 9.210167e-02 2.196998e-01 1.779854e-01 -2.296246e-02 -1.897941e-01 -2.656545e-03
<VARIANCE> 25
 9.272532e+00 1.765034e+01 2.340494e+01 3.621604e+01 3.537133e+01 6.493109e+01 5.611340e+01 5.702272e+01 5.120872e+01 5.407701e+01 5.361344e+01 4.693360e+01 6.158373e-01 9.554101e-01 1.489263e+00 1.725087e+00 1.957068e+00 2.254892e+00 2.380534e+00 3.580673e+00 2.324314e+00 2.565928e+00 2.222872e+00 2.034053e+00 4.883819e-04
<GCONST> 8.906485e+01
<MIXTURE> 66 1.191532e-02
<MEAN> 25
 6.671090e+00 -4.020620e+00 -5.407151e+00 -4.784223e+00 1.190194e+00 -4.949502e+00 -7.088254e+00 1.162215e+00 7.469862e-01 -2.014063e+00 -5.964987e+00 -3.459284e+00 -8.641727e-02 1.685366e+00 2.169227e+00 2.333083e+00 -1.113453e+00 -1.290065e+00 1.068043e-01 -4.805584e-01 -1.193071e-01 -1.930939e-01 -2.260769e-01 1.084170e+00 -6.256851e-02
<VARIANCE> 25
 8.677902e+00 2.262574e+01 2.784446e+01 3.231425e+01 3.779705e+01 5.287926e+01 5.524565e+01 4.478130e+01 5.324582e+01 6.531601e+01 3.712395e+01 3.550729e+01 1.310779e+00 2.396702e+00 2.452385e+00 2.432451e+00 4.810269e+00 4.358547e+00 4.348537e+00 4.881116e+00 4.197151e+00 4.943547e+00 3.855711e+00 3.237606e+00 1.494507e-03
<GCONST> 9.686063e+01
<MIXTURE> 67 1.559142e-02
<MEAN> 25
 8.099871e+00 3.222354e+00 -4.205558e+00 -6.975667e+00 2.224830e+00 4.011387e+00 -5.458589e+00 -2.873685e+00 -2.406729e+00 -6.801815e-01 8.942636e-01 -9.026126e-01 -9.643695e-01 2.201654e+00 5.193710e-01 3.367113e+00 1.871163e+00 -5.184133e-01 1.161753e+00 -2.927355e-01 6.856238e-01 -4.809603e-02 -7.053297e-01 7.798959e-01 -1.118388e-01
<VARIANCE> 25
 9.931949e+00 3.976421e+01 2.859216e+01 5.462946e+01 4.558467e+01 4.469404e+01 5.301898e+01 4.450439e+01 5.527162e+01 4.763122e+01 4.726162e+01 3.862675e+01 1.645261e+00 3.015711e+00 2.974780e+00 4.040370e+00 3.899057e+00 3.717917e+00 3.681809e+00 4.431382e+00 4.786611e+00 3.804102e+00 4.406260e+00 3.049039e+00 2.856386e-03
<GCONST> 9.924622e+01
<MIXTURE> 68 1.485092e-02
<MEAN> 25
 -3.883784e+00 -2.597042e+00 -5.065951e+00 1.390523e+00 4.124027e+00 -4.303868e+00 4.525985e+00 2.753132e+00 1.321748e+00 5.680995e-01 -3.228025e-01 2.279082e+00 2.666304e+00 2.062091e-01 1.427125e+00 -2.309319e+00 -2.840300e+00 -1.659975e+00 -2.151511e+00 -1.857858e+00 -1.983410e+00 -1.102381e+00 -1.173963e+00 -8.975437e-01 1.011398e-01
<VARIANCE> 25
 2.679817e+01 2.360549e+01 4.231665e+01 3.997586e+01 4.568668e+01 6.112193e+01 5.910213e+01 4.765135e+01 3.557372e+01 3.149512e+01 3.743295e+01 2.269979e+01 1.863854e+00 3.475372e+00 7.286220e+00 4.589507e+00 4.807925e+00 5.629816e+00 6.709678e+00 5.097455e+00 3.909251e+00 4.201879e+00 4.956880e+00 2.650797e+00 5.832849e-03
<GCONST> 1.019134e+02
<MIXTURE> 69 1.204884e-02
<MEAN> 25
 4.647172e+00 -4.224667e+00 -3.502190e+00 -3.624922e+00 -3.561746e+00 -7.858191e+00 -1.123587e+00 2.118296e+00 -4.214470e-01 -4.646952e+00 -5.698183e+00 9.260969e-01 1.671931e+00 -2.241600e+00 -1.288005e+00 -2.255875e+00 -5.674614e-01 -3.158197e-01 -5.178340e-01 6.357771e-01 -6.223072e-01 -1.416396e+00 -2.153317e+00 -2.097633e-01 6.265499e-02
<VARIANCE> 25
 8.764211e+00 2.155791e+01 2.678690e+01 2.555571e+01 4.256211e+01 3.554535e+01 4.903062e+01 3.285005e+01 3.946646e+01 3.782312e+01 3.096873e+01 2.432038e+01 3.530650e+00 2.884531e+00 3.448030e+00 3.651502e+00 5.811208e+00 5.013793e+00 7.143108e+00 6.169278e+00 5.891001e+00 5.878949e+00 4.433809e+00 3.725460e+00 2.413706e-03
<GCONST> 9.869011e+01
<MIXTURE> 70 1.329190e-02
<MEAN> 25
 6.747401e+00 -2.199741e+00 -2.519861e+00 -3.847964e+00 -1.674948e+00 8.274529e-02 -8.208372e+00 -4.917845e+00 2.240151e-01 1.974726e+00 -9.888363e-01 -4.837084e+00 1.864842e+00 -1.162768e+00 -4.941540e-01 -2.182478e+00 -1.472857e+00 1.389158e+00 -1.626464e+00 6.798980e-02 5.779290e-01 2.482807e-01 6.769471e-01 -1.549425e+00 5.661690e-02
<VARIANCE> 25
 1.023426e+01 2.105675e+01 2.973763e+01 3.855069e+01 3.620410e+01 4.397923e+01 4.181960e+01 4.532042e+01 3.877431e+01 3.000491e+01 4.132354e+01 2.737190e+01 3.013757e+00 2.925393e+00 4.287196e+00 4.032901e+00 4.723421e+00 6.301082e+00 5.803344e+00 8.999940e+00 5.167968e+00 4.661775e+00 4.675404e+00 3.500366e+00 2.114634e-03
<GCONST> 9.956820e+01
<MIXTURE> 71 1.406903e-02
<MEAN> 25
 6.147274e+00 4.808315e+00 3.866760e+00 3.032669e+00 -3.417562e+00 -2.996958e+00 -3.224624e+00 -7.112773e+00 -4.786390e+00 -2.494911e+00 -5.159644e+00 -2.788389e+00 -1.472667e+00 -8.097455e-01 -2.151010e-01 -1.776827e+00 9.204456e-01 -2.181659e-01 -7.847021e-02 1.696932e+00 3.666644e-01 5.202708e-02 5.904394e-01 -2.668959e-02 4.034365e-02
<VARIANCE> 25
 1.796090e+01 2.518266e+01 2.375863e+01 4.203183e+01 3.739411e+01 3.953366e+01 4.062578e+01 4.063119e+01 3.648782e+01 4.053224e+01 3.389015e+01 3.397186e+01 1.728354e+00 2.967019e+00 4.872066e+00 4.524334e+00 4.818918e+00 4.433821e+00 4.712464e+00 5.213615e+00 4.018295e+00 4.310623e+00 3.436127e+00 3.513567e+00 1.320875e-03
<GCONST> 9.772746e+01
<MIXTURE> 72 8.134747e-03
<MEAN> 25
 3.820517e+00 -3.662538e+00 5.459373e+00 -2.221629e+00 -1.045199e+01 -9.680537e+00 -2.486921e+00 2.114525e+00 -4.967218e+00 -2.288054e+00 -1.764350e+00 6.296381e-01 9.554645e-01 -7.628928e-01 -2.604483e+00 4.188149e-01 2.087249e+00 -6.305955e-01 -1.361599e+00 1.501051e+00 1.821721e+00 -5.257260e-01 -1.273335e+00 3.909519e-01 -6.359051e-03
<VARIANCE> 25
 1.065034e+01 1.920887e+01 3.231139e+01 4.135056e+01 3.187850e+01 3.301505e+01 4.050318e+01 3.764258e+01 4.298890e+01 4.116383e+01 3.898090e+01 2.805809e+01 4.558540e-01 1.039614e+00 2.035723e+00 1.555026e+00 2.290103e+00 2.352590e+00 3.117203e+00 2.724355e+00 2.563209e+00 3.190655e+00 2.004349e+00 2.100364e+00 5.353465e-04
<GCONST> 8.746486e+01
<MIXTURE> 73 1.213625e-02
<MEAN> 25
 -5.900559e+00 -1.320824e+00 -2.693432e+00 4.583982e+00 4.585089e+00 1.403579e+00 6.418487e+00 4.193096e+00 4.035111e+00 2.832440e+00 3.411901e+00 2.816842e+00 2.631331e-01 -1.567156e+00 -4.014326e-01 -2.520266e+00 -1.939721e+00 -2.274197e+00 -2.147947e-01 -2.897420e-01 -1.434613e+00 -2.564698e-01 -5.722337e-01 -2.044938e-01 1.495652e-01
<VARIANCE> 25
 1.093740e+01 1.411698e+01 1.976466e+01 1.919394e+01 2.042196e+01 2.352090e+01 1.948300e+01 2.033574e+01 1.772278e+01 1.669126e+01 1.879834e+01 1.183542e+01 4.433280e+00 3.580398e+00 5.619661e+00 3.627430e+00 5.786608e+00 4.100735e+00 7.871895e+00 4.551361e+00 3.759435e+00 3.653280e+00 3.984715e+00 2.125691e+00 3.878218e-03
<GCONST> 9.190494e+01
<MIXTURE> 74 1.756491e-02
<MEAN> 25
 3.804463e+00 -3.841090e+00 5.314786e+00 -2.045186e-01 -9.703878e+00 -6.172812e+00 4.584269e-02 2.056219e+00 -3.122642e+00 -1.280417e+00 -6.629223e-01 1.767304e-01 2.511790e-01 2.445184e+00 -7.501568e-01 1.906951e+00 1.785826e+00 6.406443e-01 -3.599979e-02 -1.155740e+00 6.853905e-01 -4.374122e-01 -8.631519e-02 2.311385e-01 -8.508453e-02
<VARIANCE> 25
 1.062868e+01 2.720231e+01 2.771118e+01 3.075528e+01 3.276632e+01 3.493010e+01 5.607824e+01 3.808587e+01 4.686766e+01 3.557027e+01 2.944600e+01 2.662220e+01 1.574319e+00 1.576681e+00 3.272634e+00 1.962421e+00 3.214272e+00 3.260578e+00 3.505796e+00 3.020636e+00 3.547179e+00 3.097095e+00 2.569245e+00 2.263253e+00 1.794823e-03
<GCONST> 9.246667e+01
<MIXTURE> 75 9.711651e-03
<MEAN> 25
 2.201149e+00 -2.735636e+00 1.138044e+01 1.272811e+00 -1.139792e+01 -8.093537e+00 -1.641867e+00 1.124939e+00 -5.767222e+00 -3.233752e+00 3.245749e+00 -1.247346e-01 1.824363e+00 -1.417122e+00 1.038794e+00 -4.396678e-01 -2.610849e+00 -2.153765e-01 -2.396144e+00 1.047879e+00 -6.831616e-01 1.224465e-01 1.024136e+00 -6.316505e-01 4.126938e-02
<VARIANCE> 25
 7.848801e+00 1.506028e+01 2.645119e+01 2.985454e+01 1.801624e+01 2.883242e+01 3.690044e+01 3.167975e+01 2.368347e+01 2.905774e+01 1.454107e+01 1.923190e+01 1.907931e+00 1.778396e+00 6.546536e+00 2.347383e+00 3.887854e+00 9.255885e+00 5.083957e+00 4.655767e+00 3.893961e+00 2.949015e+00 2.588057e+00 1.739663e+00 1.301487e-03
<GCONST> 9.087781e+01
<MIXTURE> 76 1.052359e-02
<MEAN> 25
 -6.574689e+00 -2.823162e-02 -5.284367e+00 4.868366e+00 6.393851e+00 2.489124e+00 4.861150e+00 1.834665e+00 3.419447e+00 -3.049752e-01 3.006440e-01 2.483190e+00 -1.404506e-01 -6.375101e-01 -2.107574e-01 -5.751642e-01 -5.783328e-01 -9.199475e-01 -4.636399e-01 -9.776418e-02 -5.213038e-01 -3.996770e-01 -1.952148e-01 -8.366244e-02 1.837152e-02
<VARIANCE> 25
 2.942263e+01 2.843084e+01 3.687413e+01 2.400189e+01 3.323531e+01 3.226830e+01 2.548480e+01 2.446040e+01 2.314827e+01 2.411145e+01 2.656975e+01 1.501705e+01 8.927929e-01 1.126929e+00 1.954471e+00 1.223973e+00 1.531404e+00 1.536946e+00 1.652106e+00 1.631978e+00 1.318133e+00 1.988234e+00 1.694488e+00 1.200628e+00 1.306227e-03
<GCONST> 8.294742e+01
<MIXTURE> 77 1.244626e-02
<MEAN> 25
 -4.657146e-01 8.578194e+00 1.248109e+01 -1.160997e+01 -7.008903e+00 9.716482e-01 -9.278957e+00 -7.230551e+00 -3.385225e+00 -1.859070e-01 -4.644482e+00 -1.493291e+00 6.779058e-02 1.395398e-01 7.300715e-02 2.498361e-01 -1.676781e-02 7.744233e-02 -6.039339e-02 -6.358352e-02 8.232706e-02 -4.363447e-02 2.525260e-02 1.197830e-01 -1.001607e-02
<VARIANCE> 25
 1.043107e+01 2.007440e+01 2.765496e+01 4.158712e+01 3.313375e+01 3.382798e+01 3.664404e+01 3.175389e+01 3.520866e+01 3.324492e+01 3.758716e+01 3.490689e+01 2.984030e-01 7.788685e-01 6.448011e-01 1.085480e+00 1.250598e+00 9.843024e-01 1.233694e+00 1.074664e+00 1.041934e+00 1.064890e+00 9.697759e-01 9.220539e-01 5.445873e-04
<GCONST> 7.781483e+01
<MIXTURE> 78 9.702551e-03
<MEAN> 25
 -1.201880e+01 6.714861e-01 -2.640062e+00 3.213667e+00 5.841002e+00 -3.588248e+00 4.255735e+00 3.493438e+00 2.952692e+00 5.961879e-01 -1.936007e+00 3.182205e+00 2.030961e+00 -4.913551e-01 1.788616e-01 5.556714e-01 -1.867947e-01 -1.011681e-01 -2.157611e-02 4.674804e-02 -1.263616e-02 -1.171573e-01 -3.202325e-01 -2.434788e-01 -5.331482e-02
<VARIANCE> 25
 3.941154e+01 3.209524e+01 3.133968e+01 3.157229e+01 4.313411e+01 4.623325e+01 3.307763e+01 3.303571e+01 2.816350e+01 2.780720e+01 3.266092e+01 1.794037e+01 5.238974e+00 2.663814e+00 2.844806e+00 2.637727e+00 3.195812e+00 3.102856e+00 3.552382e+00 2.626287e+00 2.602515e+00 2.269247e+00 2.196947e+00 2.066356e+00 4.311297e-03
<GCONST> 9.463879e+01
<MIXTURE> 79 1.156824e-02
<MEAN> 25
 2.412273e+00 1.523644e+00 9.274852e+00 -6.553971e+00 -1.195391e+01 -1.687181e+00 -1.948032e+00 -6.461496e+00 -6.565561e+00 3.789201e-01 -3.461759e+00 -3.328305e+00 1.203728e+00 -4.866305e-01 -1.462153e+00 2.326573e+00 4.201571e-01 -1.409068e+00 5.850248e-01 8.448775e-01 -3.967579e-01 -5.472566e-01 3.614038e-01 2.850368e-01 -3.696433e-02
<VARIANCE> 25
 1.405231e+01 2.462493e+01 3.812069e+01 4.886394e+01 3.369329e+01 4.336334e+01 4.461787e+01 3.659819e+01 3.944752e+01 3.910786e+01 4.353346e+01 3.063737e+01 9.462827e-01 2.282855e+00 1.907315e+00 2.097149e+00 2.487049e+00 2.955307e+00 3.354414e+00 3.590421e+00 2.558898e+00 2.686029e+00 2.264113e+00 2.016742e+00 1.229987e-03
<GCONST> 9.193064e+01
<MIXTURE> 80 7.550998e-03
<MEAN> 25
 -1.464009e+01 3.859948e+00 5.616204e-01 2.915848e+00 2.646945e+00 1.223146e+00 6.420438e+00 2.633209e+00 2.792554e+00 2.357666e+00 4.643678e+00 1.215932e+00 4.278278e+00 -2.073423e-02 1.668499e+00 -1.099819e+00 -2.908351e+00 -2.761579e+00 -2.303649e+00 -2.010057e+00 -1.993922e+00 -1.673736e+00 -1.612337e+00 -6.055309e-01 -4.343208e-02
<VARIANCE> 25
 2.076971e+01 2.045072e+01 3.483823e+01 3.454420e+01 3.207724e+01 3.084534e+01 2.799265e+01 2.925971e+01 2.716297e+01 2.844088e+01 2.898557e+01 1.823955e+01 2.340977e+00 2.624999e+00 2.702451e+00 4.194621e+00 3.416442e+00 2.687264e+00 3.050435e+00 3.165437e+00 2.733238e+00 2.665295e+00 2.878249e+00 2.113725e+00 1.524219e-03
<GCONST> 9.165022e+01
<MIXTURE> 81 8.025434e-03
<MEAN> 25
 -1.114769e+00 4.062013e+00 1.017673e+01 -1.479803e+01 -9.079937e+00 -1.418931e+00 -6.770709e+00 -8.427588e+00 -4.148759e+00 -4.151260e-01 -7.572793e+00 -2.249726e+00 1.346259e-01 -5.867374e-01 -3.502792e-03 -5.565757e-01 -4.634960e-01 3.360903e-01 3.191502e-01 1.366603e-01 -1.396725e-01 1.068830e-01 -4.687934e-01 -1.253036e-01 1.150336e-02
<VARIANCE> 25
 1.016779e+01 3.284243e+01 2.646743e+01 2.931330e+01 3.369522e+01 3.053785e+01 4.545678e+01 2.825735e+01 3.799472e+01 3.187499e+01 2.529920e+01 3.106681e+01 7.728694e-01 2.277972e+00 1.548023e+00 2.871526e+00 2.663606e+00 2.128226e+00 3.282640e+00 2.292812e+00 2.355126e+00 2.539078e+00 2.297892e+00 2.079551e+00 1.184497e-03
<GCONST> 8.869743e+01
<MIXTURE> 82 8.213053e-03
<MEAN> 25
 -9.973845e+00 -4.247803e+00 9.306976e-01 -2.758981e+00 3.084179e+00 7.479455e-02 2.708292e+00 1.573199e+00 2.489457e+00 1.795048e+00 1.513063e+00 2.892050e+00 -1.360133e+00 -2.261212e-01 1.750907e-01 -2.503826e+00 -1.074123e+00 -1.474157e+00 -1.053737e+00 -7.058947e-01 -3.678849e-01 -4.381866e-01 -4.931298e-01 -1.727882e-01 1.727363e-01
<VARIANCE> 25
 1.670489e+01 2.396098e+01 3.449287e+01 2.886012e+01 3.046042e+01 3.313401e+01 3.420394e+01 3.508749e+01 3.129333e+01 2.336588e+01 2.896910e+01 1.652792e+01 3.620036e+00 3.130897e+00 3.401075e+00 3.117651e+00 3.574885e+00 3.436269e+00 3.283179e+00 3.211143e+00 2.745641e+00 2.411071e+00 2.727423e+00 1.785146e+00 3.473875e-03
<GCONST> 9.307859e+01
<MIXTURE> 83 1.167529e-02
<MEAN> 25
 -1.983042e+01 5.123940e+00 -2.558946e+00 -1.600738e-01 8.463901e+00 -2.112689e+00 5.821612e+00 3.452894e+00 1.936216e+00 2.542393e+00 2.571784e-01 3.045343e+00 -1.113884e-01 -5.741445e-01 9.806585e-02 -1.858518e-01 -3.617249e-01 -1.786215e-01 -1.416917e-01 7.583753e-02 1.855175e-02 -1.623227e-01 -2.121637e-01 -6.386593e-02 6.834886e-03
<VARIANCE> 25
 8.433152e+00 1.628062e+01 2.912123e+01 2.189996e+01 2.189255e+01 2.736402e+01 2.089452e+01 2.200483e+01 2.249292e+01 2.155886e+01 2.450370e+01 1.317891e+01 1.044107e+00 9.824378e-01 1.188824e+00 1.183974e+00 1.423853e+00 1.170613e+00 1.345645e+00 1.443769e+00 1.344065e+00 1.272782e+00 1.378489e+00 1.062057e+00 8.598237e-04
<GCONST> 7.721620e+01
<MIXTURE> 84 1.066614e-02
<MEAN> 25
 1.119362e+00 9.335273e+00 5.435679e+00 7.195478e+00 4.632123e+00 2.606892e+00 -1.805761e+00 -4.539333e+00 -1.403146e+00 -3.130798e+00 -2.320468e+00 -1.334478e+00 -1.609349e+00 -6.957706e-01 -1.695811e+00 1.210933e+00 2.083830e+00 1.016988e+00 1.001994e+00 6.860150e-01 1.214268e+00 1.021216e-01 3.103261e-02 6.558407e-01 -8.050642e-02
<VARIANCE> 25
 1.762626e+01 1.481655e+01 2.612250e+01 1.841201e+01 2.993025e+01 4.302899e+01 2.874332e+01 2.346309e+01 3.024771e+01 2.066450e+01 1.958858e+01 2.072512e+01 1.769866e+00 2.597560e+00 3.249795e+00 2.483583e+00 2.831712e+00 3.496350e+00 4.375008e+00 3.217319e+00 3.297596e+00 2.895933e+00 2.876477e+00 2.721783e+00 2.532092e-03
<GCONST> 9.069305e+01
<MIXTURE> 85 7.591393e-03
<MEAN> 25
 -3.024551e+00 7.652236e+00 5.506159e+00 1.217699e+00 -3.422164e+00 -5.305017e+00 -2.882152e+00 -6.111032e+00 -3.591032e+00 -3.240178e+00 -4.157169e-01 -1.761866e+00 3.925211e+00 3.485360e-01 1.792406e+00 -2.105148e+00 -3.379079e+00 -2.424194e+00 -2.917271e+00 -2.410974e+00 -2.260839e+00 -1.245402e+00 -2.256078e+00 -6.224203e-01 1.118566e-02
<VARIANCE> 25
 4.153133e+01 2.454588e+01 3.713333e+01 3.723385e+01 3.922043e+01 4.052687e+01 3.201888e+01 2.760691e+01 2.601854e+01 2.545294e+01 2.568430e+01 2.065618e+01 2.641277e+00 4.239100e+00 4.019619e+00 5.042851e+00 4.345352e+00 4.604849e+00 3.821318e+00 4.083463e+00 3.758668e+00 3.937256e+00 3.901374e+00 3.386776e+00 5.414445e-03
<GCONST> 9.825635e+01
<MIXTURE> 86 1.273941e-02
<MEAN> 25
 -4.976261e+00 -1.191375e+00 -8.310103e-01 6.338579e+00 5.049563e+00 4.675880e+00 5.319345e+00 4.557954e+00 4.675556e+00 3.913556e+00 5.323640e+00 2.703120e+00 -7.075032e-03 -7.333620e-03 -3.773084e-02 -6.523007e-02 -1.198733e-01 -1.874035e-01 -2.676246e-01 -3.332167e-01 -3.533878e-01 -3.180217e-01 -2.295950e-01 -1.055032e-01 -5.612667e-04
<VARIANCE> 25
 7.865039e+00 5.731130e+00 1.039635e+01 1.227390e+01 1.620563e+01 1.431096e+01 1.350313e+01 1.309617e+01 1.323268e+01 1.420909e+01 1.437402e+01 1.274715e+01 9.970682e-02 1.932341e-01 3.180045e-01 4.824076e-01 6.364213e-01 7.365431e-01 7.426064e-01 7.659057e-01 8.283437e-01 8.907717e-01 9.106110e-01 9.025308e-01 5.332367e-05
<GCONST> 5.818781e+01
<MIXTURE> 87 1.100681e-02
<MEAN> 25
 -2.862044e+00 5.586966e+00 -6.289023e-01 6.277346e+00 7.219761e+00 1.632132e+00 4.964458e-01 -1.851995e+00 1.243154e+00 -1.867407e+00 -9.154202e-01 1.031644e+00 -2.307990e+00 -3.426414e+00 -1.791364e+00 -2.034772e+00 -7.645627e-01 -1.601748e+00 2.158382e+00 1.805425e+00 4.958141e-01 1.326473e+00 8.247975e-01 6.784008e-01 9.045637e-02
<VARIANCE> 25
 2.666112e+01 2.726596e+01 4.046758e+01 2.401968e+01 2.467918e+01 2.733549e+01 2.882752e+01 2.111949e+01 2.820448e+01 1.958623e+01 2.012082e+01 1.780980e+01 2.935392e+00 2.484439e+00 2.844966e+00 2.477863e+00 4.182150e+00 6.055447e+00 5.763251e+00 3.005231e+00 4.278462e+00 2.412844e+00 2.696306e+00 2.013350e+00 4.720269e-03
<GCONST> 9.323029e+01
<MIXTURE> 88 1.256585e-02
<MEAN> 25
 -4.344459e+00 2.456300e-01 -3.159007e+00 5.493556e+00 4.022131e+00 3.801564e+00 5.532833e+00 2.413962e+00 4.880717e+00 1.368003e+00 3.018404e+00 3.298507e+00 -1.539129e-01 4.278149e-01 -4.096940e-01 5.243999e-01 1.171051e+00 5.115815e-01 1.344570e-01 -3.996399e-02 -2.183985e-01 -5.509819e-01 -4.292197e-01 -2.112729e-01 -2.031926e-02
<VARIANCE> 25
 6.994848e+00 1.095432e+01 1.745331e+01 1.238785e+01 2.614931e+01 1.697097e+01 1.743713e+01 1.604179e+01 1.676914e+01 2.123003e+01 2.293451e+01 1.550734e+01 1.030560e+00 1.607351e+00 2.263828e+00 1.651434e+00 3.347750e+00 2.452295e+00 2.182502e+00 2.022620e+00 1.864737e+00 2.307783e+00 2.133075e+00 1.806292e+00 1.417053e-03
<GCONST> 8.080278e+01
<MIXTURE> 89 9.333527e-03
<MEAN> 25
 6.142311e+00 -6.625791e+00 -3.484148e+00 -3.215630e+00 -1.532768e+00 -5.332857e+00 -6.325799e+00 4.013537e+00 3.520790e+00 -2.750380e+00 -5.830867e+00 -3.235800e+00 -5.953758e-01 1.687151e-01 1.941505e+00 9.331409e-01 -1.809742e+00 -1.657798e+00 8.791575e-01 1.315742e+00 -7.346165e-01 -1.282503e+00 4.039418e-01 1.543927e+00 -4.559669e-03
<VARIANCE> 25
 8.931307e+00 2.783327e+01 3.049465e+01 2.950506e+01 3.556334e+01 4.299947e+01 5.962654e+01 4.131633e+01 3.817915e+01 4.142832e+01 3.636700e+01 3.185247e+01 3.723100e-01 8.310365e-01 1.526679e+00 1.324721e+00 2.007093e+00 2.081245e+00 2.517755e+00 2.082507e+00 2.297687e+00 2.129947e+00 2.271523e+00 1.442317e+00 3.688301e-04
<GCONST> 8.531504e+01
<MIXTURE> 90 7.114505e-03
<MEAN> 25
 2.448416e+00 -9.724262e+00 -4.755017e+00 -3.978345e+00 -3.383838e+00 -1.813588e+00 3.366410e+00 1.181406e+00 -7.533023e+00 -1.021727e+01 -3.429858e+00 -7.392522e-01 -1.636517e-01 9.090841e-01 1.168857e+00 -8.539613e-01 -1.613052e+00 -2.119287e-01 6.448425e-01 -2.099768e-01 -1.688530e-01 7.371373e-01 1.829800e-01 -5.501484e-01 -1.114916e-02
<VARIANCE> 25
 8.492558e+00 1.778215e+01 1.981278e+01 2.802164e+01 3.683994e+01 3.217672e+01 3.852341e+01 3.640629e+01 3.521455e+01 2.769251e+01 2.700377e+01 2.613762e+01 2.237497e-01 6.127506e-01 7.866876e-01 1.042876e+00 1.470107e+00 1.591675e+00 1.780401e+00 1.654612e+00 1.810387e+00 1.678409e+00 1.495419e+00 1.308622e+00 2.149883e-04
<GCONST> 7.813283e+01
<MIXTURE> 91 7.852945e-03
<MEAN> 25
 6.393397e+00 -7.648416e+00 -8.579153e+00 -5.168102e+00 3.967298e+00 -1.164923e-01 -2.198516e+00 7.287731e-01 7.846853e-01 -2.945717e+00 -4.935293e+00 -5.184977e+00 2.592219e-01 1.003530e+00 1.922216e-01 4.496791e-01 -6.938636e-02 -5.605624e-01 -3.887994e-01 -9.984326e-02 -1.027224e-01 4.576389e-01 -1.176133e-01 2.113562e-01 -3.498677e-02
<VARIANCE> 25
 1.010567e+01 2.265144e+01 1.994434e+01 4.057950e+01 3.521780e+01 5.549716e+01 5.451749e+01 3.969226e+01 5.194707e+01 6.424985e+01 3.827589e+01 4.150050e+01 4.461300e-01 8.870622e-01 1.128032e+00 1.386761e+00 2.197253e+00 2.380335e+00 2.372958e+00 2.394635e+00 2.245690e+00 2.217327e+00 2.012840e+00 1.821032e+00 5.872672e-04
<GCONST> 8.719406e+01
<MIXTURE> 92 7.852945e-03
<MEAN> 25
 6.393397e+00 -7.648416e+00 -8.579153e+00 -5.168102e+00 3.967298e+00 -1.164923e-01 -2.198516e+00 7.287731e-01 7.846853e-01 -2.945717e+00 -4.935293e+00 -5.184977e+00 2.592219e-01 1.003530e+00 1.922216e-01 4.496791e-01 -6.938636e-02 -5.605624e-01 -3.887994e-01 -9.984326e-02 -1.027224e-01 4.576389e-01 -1.176133e-01 2.113562e-01 -3.498677e-02
<VARIANCE> 25
 1.010567e+01 2.265144e+01 1.994434e+01 4.057950e+01 3.521780e+01 5.549716e+01 5.451749e+01 3.969226e+01 5.194707e+01 6.424985e+01 3.827589e+01 4.150050e+01 4.461300e-01 8.870622e-01 1.128032e+00 1.386761e+00 2.197253e+00 2.380335e+00 2.372958e+00 2.394635e+00 2.245690e+00 2.217327e+00 2.012840e+00 1.821032e+00 5.872672e-04
<GCONST> 8.719406e+01
<MIXTURE> 93 6.122769e-03
<MEAN> 25
 -6.823132e+00 -9.526582e-01 -2.417136e+00 5.796906e+00 5.919212e+00 3.931615e+00 6.125050e+00 3.611111e+00 4.128707e+00 2.503090e+00 1.810904e+00 3.702226e+00 -6.163531e-02 -1.541579e-01 -2.575122e-01 -3.315895e-01 -3.324958e-01 -2.839773e-01 -2.172199e-01 -1.748814e-01 -1.667308e-01 -1.493734e-01 -1.046673e-01 -3.576629e-02 -3.324816e-06
<VARIANCE> 25
 9.088042e+00 6.078778e+00 8.349730e+00 1.135656e+01 1.157200e+01 1.602620e+01 1.526349e+01 1.643379e+01 1.480421e+01 1.456446e+01 1.681534e+01 1.344883e+01 8.261960e-02 1.532286e-01 2.633980e-01 3.800963e-01 4.990806e-01 6.417451e-01 7.787015e-01 8.876507e-01 9.154822e-01 8.817713e-01 8.915122e-01 9.170722e-01 1.002901e-06
<GCONST> 5.364624e+01
<MIXTURE> 94 6.122769e-03
<MEAN> 25
 -6.823132e+00 -9.526582e-01 -2.417136e+00 5.796906e+00 5.919212e+00 3.931615e+00 6.125050e+00 3.611111e+00 4.128707e+00 2.503090e+00 1.810904e+00 3.702226e+00 -6.163531e-02 -1.541579e-01 -2.575122e-01 -3.315895e-01 -3.324958e-01 -2.839773e-01 -2.172199e-01 -1.748814e-01 -1.667308e-01 -1.493734e-01 -1.046673e-01 -3.576629e-02 -3.324816e-06
<VARIANCE> 25
 9.088042e+00 6.078778e+00 8.349730e+00 1.135656e+01 1.157200e+01 1.602620e+01 1.526349e+01 1.643379e+01 1.480421e+01 1.456446e+01 1.681534e+01 1.344883e+01 8.261960e-02 1.532286e-01 2.633980e-01 3.800963e-01 4.990806e-01 6.417451e-01 7.787015e-01 8.876507e-01 9.154822e-01 8.817713e-01 8.915122e-01 9.170722e-01 1.002901e-06
<GCONST> 5.364624e+01
<MIXTURE> 95 5.258835e-03
<MEAN> 25
 -5.827396e+00 -7.129899e-01 -2.043849e+00 4.904345e+00 4.268787e+00 2.817349e+00 4.184731e+00 1.652074e+00 2.257079e+00 8.732042e-01 1.184729e+00 2.593741e+00 1.440771e-01 1.478681e-01 8.536664e-02 -8.252987e-02 -3.804918e-01 -7.177093e-01 -1.050413e+00 -1.276204e+00 -1.261130e+00 -9.910192e-01 -6.489591e-01 -3.066908e-01 -1.542191e-04
<VARIANCE> 25
 1.018768e+01 6.599333e+00 1.282338e+01 1.274126e+01 1.440978e+01 1.826560e+01 1.787122e+01 1.686987e+01 1.555862e+01 1.541959e+01 1.994113e+01 1.429560e+01 2.092498e-01 2.928082e-01 4.521380e-01 6.289213e-01 7.992979e-01 8.950858e-01 9.178998e-01 9.340569e-01 9.695255e-01 1.084877e+00 1.158876e+00 1.112146e+00 4.195469e-05
<GCONST> 6.335245e+01
<MIXTURE> 96 7.034694e-03
<MEAN> 25
 -5.093818e+00 -3.883072e-01 -2.347601e+00 5.169121e+00 3.958788e+00 1.860305e+00 3.558283e+00 1.812719e+00 2.530426e+00 9.465286e-01 1.119345e+00 2.840255e+00 -2.969865e-02 8.820540e-02 2.076702e-01 3.993014e-01 5.329383e-01 4.978627e-01 2.482115e-01 -1.221476e-01 -4.620771e-01 -6.579190e-01 -6.099378e-01 -3.706649e-01 -2.894407e-05
<VARIANCE> 25
 1.091202e+01 1.012152e+01 1.392713e+01 1.416508e+01 1.580826e+01 1.987444e+01 1.798083e+01 1.919758e+01 1.847882e+01 1.654956e+01 1.971845e+01 1.446060e+01 1.193490e-01 2.162886e-01 3.173772e-01 3.986372e-01 5.000289e-01 6.553146e-01 8.605241e-01 9.996998e-01 9.484469e-01 9.084262e-01 8.809370e-01 9.358938e-01 1.044058e-06
<GCONST> 5.780124e+01
<MIXTURE> 97 7.034694e-03
<MEAN> 25
 -5.093818e+00 -3.883072e-01 -2.347601e+00 5.169121e+00 3.958788e+00 1.860305e+00 3.558283e+00 1.812719e+00 2.530426e+00 9.465286e-01 1.119345e+00 2.840255e+00 -2.969865e-02 8.820540e-02 2.076702e-01 3.993014e-01 5.329383e-01 4.978627e-01 2.482115e-01 -1.221476e-01 -4.620771e-01 -6.579190e-01 -6.099378e-01 -3.706649e-01 -2.894407e-05
<VARIANCE> 25
 1.091202e+01 1.012152e+01 1.392713e+01 1.416508e+01 1.580826e+01 1.987444e+01 1.798083e+01 1.919758e+01 1.847882e+01 1.654956e+01 1.971845e+01 1.446060e+01 1.193490e-01 2.162886e-01 3.173772e-01 3.986372e-01 5.000289e-01 6.553146e-01 8.605241e-01 9.996998e-01 9.484469e-01 9.084262e-01 8.809370e-01 9.358938e-01 1.044058e-06
<GCONST> 5.780124e+01
<MIXTURE> 98 9.917808e-03
<MEAN> 25
 -1.552944e+00 2.667744e+00 -9.191115e-01 4.716265e+00 5.109576e+00 3.019384e+00 2.452852e+00 9.406856e-01 2.847403e+00 4.504181e-01 4.428934e-01 1.344699e+00 -1.822072e+00 -1.409038e+00 -1.286033e+00 2.326336e-01 6.039565e-01 3.557532e-01 1.332144e+00 1.320541e+00 1.382528e+00 9.470443e-01 9.417986e-01 9.060024e-01 -4.171779e-02
<VARIANCE> 25
 1.555152e+01 2.646810e+01 2.850355e+01 2.750452e+01 4.076361e+01 4.388333e+01 3.096766e+01 2.880058e+01 2.874714e+01 2.673778e+01 2.450642e+01 1.977948e+01 1.282907e+00 1.515640e+00 2.411064e+00 2.038990e+00 2.572849e+00 3.336337e+00 3.181774e+00 2.391358e+00 2.770453e+00 2.769787e+00 2.714782e+00 2.096098e+00 2.264458e-03
<GCONST> 8.986510e+01
<MIXTURE> 99 6.696178e-03
<MEAN> 25
 -6.473888e+00 1.004369e+01 6.832282e+00 3.504844e+00 9.521778e-01 -5.320050e+00 -1.716111e+00 -4.182954e+00 -3.492129e+00 -3.770703e+00 -1.629386e+00 3.861380e-01 5.687697e-01 -7.322594e-01 3.154110e-01 -3.902327e-01 -1.148814e+00 -5.164100e-01 -3.308773e-01 -2.510630e-01 -1.050843e-01 -5.123886e-02 2.392302e-01 1.671587e-01 1.052134e-02
<VARIANCE> 25
 3.593666e+01 2.514016e+01 4.722212e+01 3.181153e+01 3.685719e+01 3.543888e+01 2.785434e+01 2.963602e+01 2.699237e+01 2.801153e+01 2.074902e+01 2.921460e+01 2.205176e+00 1.892619e+00 1.450963e+00 1.753906e+00 2.674019e+00 2.111513e+00 1.604535e+00 1.664833e+00 1.566261e+00 1.590579e+00 1.315790e+00 1.278874e+00 1.574655e-03
<GCONST> 8.704990e+01
<MIXTURE> 100 4.498084e-03
<MEAN> 25
 -1.435369e+00 5.717135e+00 1.013816e+01 -7.181954e+00 -1.050124e+01 -5.133000e+00 -5.303685e+00 -9.692909e+00 -4.554749e+00 -1.100245e+00 -2.929906e+00 -3.009615e+00 2.964896e+00 -1.316011e+00 1.406621e+00 -2.189152e+00 -3.591974e+00 -4.879381e-01 -1.326469e+00 -1.075011e+00 -1.298330e+00 3.902159e-01 -1.502819e+00 -4.069304e-01 4.437170e-03
<VARIANCE> 25
 1.319977e+01 2.568880e+01 2.151997e+01 2.598943e+01 2.290945e+01 2.287304e+01 2.948919e+01 2.200196e+01 2.627484e+01 2.219333e+01 2.182489e+01 2.172128e+01 1.725682e+00 3.792691e+00 2.927515e+00 4.029081e+00 4.473517e+00 5.553068e+00 3.948183e+00 5.066651e+00 4.409307e+00 3.690412e+00 4.030517e+00 3.252458e+00 1.663373e-03
<GCONST> 9.288499e+01
<MIXTURE> 101 6.007792e-03
<MEAN> 25
 7.741100e+00 -3.480144e+00 -4.555806e+00 -7.071663e+00 -9.780117e-01 -9.825488e-01 -1.108765e+01 -2.126105e+00 6.773377e-01 3.792791e+00 -1.338531e+00 -5.532503e+00 7.054158e-01 7.369913e-01 -1.543892e+00 -1.798244e+00 1.064256e+00 2.752392e+00 2.011064e-01 -1.839738e+00 -9.595343e-01 1.037015e+00 1.426478e+00 -3.539406e-01 -7.558814e-03
<VARIANCE> 25
 8.491374e+00 1.387536e+01 3.435316e+01 3.676197e+01 4.204834e+01 3.434788e+01 3.090450e+01 3.423228e+01 3.412167e+01 4.123211e+01 4.833094e+01 2.054138e+01 2.499774e-01 5.951685e-01 1.020551e+00 1.632234e+00 1.476096e+00 2.410706e+00 2.167342e+00 2.158497e+00 1.983079e+00 2.326611e+00 1.535032e+00 1.802645e+00 3.373739e-04
<GCONST> 8.221613e+01
<MIXTURE> 102 6.007792e-03
<MEAN> 25
 7.741100e+00 -3.480144e+00 -4.555806e+00 -7.071663e+00 -9.780117e-01 -9.825488e-01 -1.108765e+01 -2.126105e+00 6.773377e-01 3.792791e+00 -1.338531e+00 -5.532503e+00 7.054158e-01 7.369913e-01 -1.543892e+00 -1.798244e+00 1.064256e+00 2.752392e+00 2.011064e-01 -1.839738e+00 -9.595343e-01 1.037015e+00 1.426478e+00 -3.539406e-01 -7.558814e-03
<VARIANCE> 25
 8.491374e+00 1.387536e+01 3.435316e+01 3.676197e+01 4.204834e+01 3.434788e+01 3.090450e+01 3.423228e+01 3.412167e+01 4.123211e+01 4.833094e+01 2.054138e+01 2.499774e-01 5.951685e-01 1.020551e+00 1.632234e+00 1.476096e+00 2.410706e+00 2.167342e+00 2.158497e+00 1.983079e+00 2.326611e+00 1.535032e+00 1.802645e+00 3.373739e-04
<GCONST> 8.221613e+01
<MIXTURE> 103 5.694618e-03
<MEAN> 25
 3.367542e+00 -9.481568e+00 -6.129469e+00 -3.090641e+00 -1.337314e+00 -1.973240e+00 2.440892e+00 2.516335e+00 -4.613329e+00 -9.255688e+00 -5.061241e+00 3.622045e-01 -1.575562e-01 -1.489035e+00 -9.801465e-01 3.753122e-01 1.213057e+00 1.021068e+00 1.585962e-01 -2.676511e-01 -7.809383e-01 -9.461230e-01 -3.510160e-02 1.202083e-01 2.695521e-02
<VARIANCE> 25
 1.033644e+01 2.031360e+01 2.294752e+01 3.167572e+01 4.811398e+01 3.501866e+01 4.640597e+01 3.668250e+01 4.211300e+01 2.934465e+01 3.006533e+01 2.640044e+01 6.437529e-01 1.251652e+00 1.539269e+00 1.939785e+00 2.928992e+00 2.411582e+00 2.890080e+00 2.577359e+00 2.562759e+00 2.524186e+00 2.096695e+00 2.016280e+00 8.073856e-04
<GCONST> 8.757587e+01
<MIXTURE> 104 5.694618e-03
<MEAN> 25
 3.367542e+00 -9.481568e+00 -6.129469e+00 -3.090641e+00 -1.337314e+00 -1.973240e+00 2.440892e+00 2.516335e+00 -4.613329e+00 -9.255688e+00 -5.061241e+00 3.622045e-01 -1.575562e-01 -1.489035e+00 -9.801465e-01 3.753122e-01 1.213057e+00 1.021068e+00 1.585962e-01 -2.676511e-01 -7.809383e-01 -9.461230e-01 -3.510160e-02 1.202083e-01 2.695521e-02
<VARIANCE> 25
 1.033644e+01 2.031360e+01 2.294752e+01 3.167572e+01 4.811398e+01 3.501866e+01 4.640597e+01 3.668250e+01 4.211300e+01 2.934465e+01 3.006533e+01 2.640044e+01 6.437529e-01 1.251652e+00 1.539269e+00 1.939785e+00 2.928992e+00 2.411582e+00 2.890080e+00 2.577359e+00 2.562759e+00 2.524186e+00 2.096695e+00 2.016280e+00 8.073856e-04
<GCONST> 8.757587e+01
<MIXTURE> 105 4.710235e-03
<MEAN> 25
 2.220052e+00 -1.650967e+00 9.249322e+00 -2.728942e+00 -1.162065e+01 -5.028348e+00 -4.034532e+00 -6.969753e-01 -3.809306e+00 -3.102891e+00 1.533752e+00 -1.120072e+00 8.427423e-03 2.529188e-02 4.048260e-02 -4.772024e-02 -4.292004e-03 5.139400e-02 -1.506408e-02 5.247498e-02 -3.149948e-02 2.116159e-02 2.636074e-02 -2.272686e-02 -2.351115e-03
<VARIANCE> 25
 1.321781e+01 3.055195e+01 4.043806e+01 4.453588e+01 3.739705e+01 5.318586e+01 4.258571e+01 4.349815e+01 3.938560e+01 4.241114e+01 4.150196e+01 3.057248e+01 8.324236e-02 1.890495e-01 3.509322e-01 2.912738e-01 3.767389e-01 4.277776e-01 4.701374e-01 4.896882e-01 4.926240e-01 4.412805e-01 4.182823e-01 3.993579e-01 9.213138e-05
<GCONST> 6.679591e+01
<MIXTURE> 106 4.710235e-03
<MEAN> 25
 2.220052e+00 -1.650967e+00 9.249322e+00 -2.728942e+00 -1.162065e+01 -5.028348e+00 -4.034532e+00 -6.969753e-01 -3.809306e+00 -3.102891e+00 1.533752e+00 -1.120072e+00 8.427423e-03 2.529188e-02 4.048260e-02 -4.772024e-02 -4.292004e-03 5.139400e-02 -1.506408e-02 5.247498e-02 -3.149948e-02 2.116159e-02 2.636074e-02 -2.272686e-02 -2.351115e-03
<VARIANCE> 25
 1.321781e+01 3.055195e+01 4.043806e+01 4.453588e+01 3.739705e+01 5.318586e+01 4.258571e+01 4.349815e+01 3.938560e+01 4.241114e+01 4.150196e+01 3.057248e+01 8.324236e-02 1.890495e-01 3.509322e-01 2.912738e-01 3.767389e-01 4.277776e-01 4.701374e-01 4.896882e-01 4.926240e-01 4.412805e-01 4.182823e-01 3.993579e-01 9.213138e-05
<GCONST> 6.679591e+01
<MIXTURE> 107 5.452374e-03
<MEAN> 25
 8.490502e+00 -1.924651e+00 -6.475194e+00 -9.570317e+00 1.125418e+00 3.688779e+00 -9.078457e+00 -4.191532e+00 -9.788249e-01 2.854021e+00 1.299915e+00 -4.889611e+00 -5.760599e-01 -6.300414e-01 8.027280e-01 1.797139e+00 4.279292e-01 -2.135751e+00 -8.840629e-01 1.215626e+00 1.769335e+00 -1.122060e-01 -1.428578e+00 -6.169845e-01 -7.394775e-04
<VARIANCE> 25
 7.914653e+00 2.052611e+01 3.223731e+01 3.670068e+01 3.405480e+01 3.419037e+01 4.497838e+01 3.232992e+01 4.188158e+01 3.613620e+01 4.403334e+01 2.650311e+01 3.537012e-01 9.018449e-01 1.335719e+00 2.416926e+00 2.090358e+00 2.421335e+00 2.252424e+00 2.775079e+00 1.977552e+00 3.137758e+00 1.847473e+00 2.044156e+00 7.421069e-04
<GCONST> 8.627155e+01
<MIXTURE> 108 5.452374e-03
<MEAN> 25
 8.490502e+00 -1.924651e+00 -6.475194e+00 -9.570317e+00 1.125418e+00 3.688779e+00 -9.078457e+00 -4.191532e+00 -9.788249e-01 2.854021e+00 1.299915e+00 -4.889611e+00 -5.760599e-01 -6.300414e-01 8.027280e-01 1.797139e+00 4.279292e-01 -2.135751e+00 -8.840629e-01 1.215626e+00 1.769335e+00 -1.122060e-01 -1.428578e+00 -6.169845e-01 -7.394775e-04
<VARIANCE> 25
 7.914653e+00 2.052611e+01 3.223731e+01 3.670068e+01 3.405480e+01 3.419037e+01 4.497838e+01 3.232992e+01 4.188158e+01 3.613620e+01 4.403334e+01 2.650311e+01 3.537012e-01 9.018449e-01 1.335719e+00 2.416926e+00 2.090358e+00 2.421335e+00 2.252424e+00 2.775079e+00 1.977552e+00 3.137758e+00 1.847473e+00 2.044156e+00 7.421069e-04
<GCONST> 8.627155e+01
<MIXTURE> 109 6.661064e-03
<MEAN> 25
 4.079515e+00 -1.055093e+01 -8.308993e+00 -1.356646e+00 2.757613e+00 -4.339346e-02 -6.953695e-02 1.458658e+00 -2.568512e+00 -8.376360e+00 -5.386103e+00 6.488524e-02 -3.313211e-02 -1.322835e-01 -3.298780e-02 2.505260e-01 1.972222e-01 1.187482e-01 -1.254698e-01 -1.055603e-01 -4.055034e-02 -1.307691e-01 2.192136e-01 1.207513e-02 -3.518469e-03
<VARIANCE> 25
 9.105019e+00 1.822302e+01 2.000924e+01 3.143924e+01 4.084450e+01 3.678670e+01 4.663588e+01 3.437021e+01 4.609668e+01 3.524220e+01 2.957423e+01 2.817208e+01 1.929571e-01 4.228885e-01 5.385155e-01 6.345781e-01 1.231060e+00 9.941090e-01 1.257955e+00 1.092793e+00 1.117378e+00 9.530576e-01 8.773964e-01 8.853589e-01 1.819872e-04
<GCONST> 7.445466e+01
<MIXTURE> 110 6.661064e-03
<MEAN> 25
 4.079515e+00 -1.055093e+01 -8.308993e+00 -1.356646e+00 2.757613e+00 -4.339346e-02 -6.953695e-02 1.458658e+00 -2.568512e+00 -8.376360e+00 -5.386103e+00 6.488524e-02 -3.313211e-02 -1.322835e-01 -3.298780e-02 2.505260e-01 1.972222e-01 1.187482e-01 -1.254698e-01 -1.055603e-01 -4.055034e-02 -1.307691e-01 2.192136e-01 1.207513e-02 -3.518469e-03
<VARIANCE> 25
 9.105019e+00 1.822302e+01 2.000924e+01 3.143924e+01 4.084450e+01 3.678670e+01 4.663588e+01 3.437021e+01 4.609668e+01 3.524220e+01 2.957423e+01 2.817208e+01 1.929571e-01 4.228885e-01 5.385155e-01 6.345781e-01 1.231060e+00 9.941090e-01 1.257955e+00 1.092793e+00 1.117378e+00 9.530576e-01 8.773964e-01 8.853589e-01 1.819872e-04
<GCONST> 7.445466e+01
<MIXTURE> 111 4.337247e-03
<MEAN> 25
 -4.473891e+00 -9.062962e-01 -1.721097e+00 1.688094e+00 9.647900e-01 9.644228e-01 3.143292e-01 2.110032e-01 8.904328e-02 -5.413883e-01 -6.300344e-01 1.964558e+00 -2.107817e-02 -3.247077e-02 -7.233593e-02 -7.354500e-02 -3.729176e-02 6.402528e-03 -1.095637e-03 -5.924747e-02 -1.404501e-01 -2.029834e-01 -1.901496e-01 -1.064545e-01 -2.146811e-04
<VARIANCE> 25
 7.001196e+00 4.977129e+00 1.021377e+01 9.407308e+00 1.310946e+01 2.384225e+01 1.466670e+01 1.316660e+01 1.160136e+01 1.191200e+01 1.362874e+01 1.158852e+01 7.917950e-02 1.635720e-01 2.752651e-01 4.205345e-01 5.694676e-01 7.053976e-01 8.005951e-01 8.582749e-01 8.927909e-01 8.559765e-01 8.621427e-01 8.478495e-01 2.231573e-05
<GCONST> 5.597942e+01
<MIXTURE> 112 4.337247e-03
<MEAN> 25
 -4.473891e+00 -9.062962e-01 -1.721097e+00 1.688094e+00 9.647900e-01 9.644228e-01 3.143292e-01 2.110032e-01 8.904328e-02 -5.413883e-01 -6.300344e-01 1.964558e+00 -2.107817e-02 -3.247077e-02 -7.233593e-02 -7.354500e-02 -3.729176e-02 6.402528e-03 -1.095637e-03 -5.924747e-02 -1.404501e-01 -2.029834e-01 -1.901496e-01 -1.064545e-01 -2.146811e-04
<VARIANCE> 25
 7.001196e+00 4.977129e+00 1.021377e+01 9.407308e+00 1.310946e+01 2.384225e+01 1.466670e+01 1.316660e+01 1.160136e+01 1.191200e+01 1.362874e+01 1.158852e+01 7.917950e-02 1.635720e-01 2.752651e-01 4.205345e-01 5.694676e-01 7.053976e-01 8.005951e-01 8.582749e-01 8.927909e-01 8.559765e-01 8.621427e-01 8.478495e-01 2.231573e-05
<GCONST> 5.597942e+01
<MIXTURE> 113 5.938666e-03
<MEAN> 25
 9.675216e+00 1.490326e+00 -7.793936e+00 -1.700526e+01 -1.370919e+00 6.182921e+00 -5.630507e+00 -1.873306e+00 -5.783897e+00 -4.424137e-01 9.773873e-01 -3.452635e-01 -5.354304e-04 2.497065e-02 -8.120327e-03 -1.266872e-01 1.348081e-01 1.802232e-01 1.285734e-02 1.546604e-01 1.900128e-02 -2.459657e-01 1.679555e-01 7.789554e-02 -1.490836e-03
<VARIANCE> 25
 8.591241e+00 1.514749e+01 3.365042e+01 3.065014e+01 4.785787e+01 3.226841e+01 3.635214e+01 3.609282e+01 3.350289e+01 4.180791e+01 3.586324e+01 2.552417e+01 1.097857e-01 2.877337e-01 3.065048e-01 5.832225e-01 5.828745e-01 5.998689e-01 7.690287e-01 8.704952e-01 9.222679e-01 1.095154e+00 6.751608e-01 6.877244e-01 1.148598e-04
<GCONST> 6.988209e+01
<MIXTURE> 114 5.938666e-03
<MEAN> 25
 9.675216e+00 1.490326e+00 -7.793936e+00 -1.700526e+01 -1.370919e+00 6.182921e+00 -5.630507e+00 -1.873306e+00 -5.783897e+00 -4.424137e-01 9.773873e-01 -3.452635e-01 -5.354304e-04 2.497065e-02 -8.120327e-03 -1.266872e-01 1.348081e-01 1.802232e-01 1.285734e-02 1.546604e-01 1.900128e-02 -2.459657e-01 1.679555e-01 7.789554e-02 -1.490836e-03
<VARIANCE> 25
 8.591241e+00 1.514749e+01 3.365042e+01 3.065014e+01 4.785787e+01 3.226841e+01 3.635214e+01 3.609282e+01 3.350289e+01 4.180791e+01 3.586324e+01 2.552417e+01 1.097857e-01 2.877337e-01 3.065048e-01 5.832225e-01 5.828745e-01 5.998689e-01 7.690287e-01 8.704952e-01 9.222679e-01 1.095154e+00 6.751608e-01 6.877244e-01 1.148598e-04
<GCONST> 6.988209e+01
<MIXTURE> 115 2.935202e-03
<MEAN> 25
 -4.031583e+00 -7.515501e-01 -3.109277e+00 3.657187e+00 2.414644e+00 -4.268993e-01 2.235250e+00 4.129275e-01 1.389136e+00 -1.963956e-02 4.033559e-02 2.687857e+00 3.161141e-02 -7.209215e-02 -2.307997e-01 -4.386868e-01 -6.334248e-01 -6.702709e-01 -5.920414e-01 -5.093939e-01 -4.866777e-01 -4.568217e-01 -3.437939e-01 -1.650250e-01 -3.372564e-06
<VARIANCE> 25
 9.266386e+00 9.888856e+00 1.354073e+01 1.270377e+01 1.349933e+01 1.756773e+01 1.708326e+01 2.080578e+01 1.793736e+01 1.721274e+01 1.919414e+01 1.466496e+01 2.037436e-01 3.456151e-01 4.854620e-01 5.615531e-01 6.341435e-01 7.980137e-01 1.008059e+00 1.130949e+00 1.075062e+00 9.948384e-01 1.025504e+00 1.064764e+00 1.000561e-06
<GCONST> 6.016411e+01
<MIXTURE> 116 2.935202e-03
<MEAN> 25
 -4.031583e+00 -7.515501e-01 -3.109277e+00 3.657187e+00 2.414644e+00 -4.268993e-01 2.235250e+00 4.129275e-01 1.389136e+00 -1.963956e-02 4.033559e-02 2.687857e+00 3.161141e-02 -7.209215e-02 -2.307997e-01 -4.386868e-01 -6.334248e-01 -6.702709e-01 -5.920414e-01 -5.093939e-01 -4.866777e-01 -4.568217e-01 -3.437939e-01 -1.650250e-01 -3.372564e-06
<VARIANCE> 25
 9.266386e+00 9.888856e+00 1.354073e+01 1.270377e+01 1.349933e+01 1.756773e+01 1.708326e+01 2.080578e+01 1.793736e+01 1.721274e+01 1.919414e+01 1.466496e+01 2.037436e-01 3.456151e-01 4.854620e-01 5.615531e-01 6.341435e-01 7.980137e-01 1.008059e+00 1.130949e+00 1.075062e+00 9.948384e-01 1.025504e+00 1.064764e+00 1.000561e-06
<GCONST> 6.016411e+01
<MIXTURE> 117 6.506003e-03
<MEAN> 25
 -4.644652e+00 1.119840e+00 1.049839e+00 9.757324e+00 6.262542e+00 6.257174e+00 6.462352e+00 5.043258e+00 6.387054e+00 4.928313e+00 6.364915e+00 2.710529e+00 -7.501078e-02 -2.339954e-01 -3.583772e-01 -4.199318e-01 -3.675806e-01 -3.025001e-01 -2.870371e-01 -3.310460e-01 -3.917823e-01 -3.696922e-01 -2.633581e-01 -1.162725e-01 -9.868123e-06
<VARIANCE> 25
 7.184927e+00 8.763190e+00 9.872805e+00 1.430752e+01 1.563071e+01 1.534608e+01 1.772264e+01 1.796059e+01 1.640312e+01 1.636938e+01 1.675190e+01 1.475020e+01 2.165392e-01 3.074636e-01 4.259991e-01 6.169199e-01 8.534645e-01 1.055171e+00 1.177442e+00 1.233139e+00 1.223579e+00 1.196540e+00 1.167046e+00 1.113612e+00 1.002066e-06
<GCONST> 6.043810e+01
<MIXTURE> 118 6.506003e-03
<MEAN> 25
 -4.644652e+00 1.119840e+00 1.049839e+00 9.757324e+00 6.262542e+00 6.257174e+00 6.462352e+00 5.043258e+00 6.387054e+00 4.928313e+00 6.364915e+00 2.710529e+00 -7.501078e-02 -2.339954e-01 -3.583772e-01 -4.199318e-01 -3.675806e-01 -3.025001e-01 -2.870371e-01 -3.310460e-01 -3.917823e-01 -3.696922e-01 -2.633581e-01 -1.162725e-01 -9.868123e-06
<VARIANCE> 25
 7.184927e+00 8.763190e+00 9.872805e+00 1.430752e+01 1.563071e+01 1.534608e+01 1.772264e+01 1.796059e+01 1.640312e+01 1.636938e+01 1.675190e+01 1.475020e+01 2.165392e-01 3.074636e-01 4.259991e-01 6.169199e-01 8.534645e-01 1.055171e+00 1.177442e+00 1.233139e+00 1.223579e+00 1.196540e+00 1.167046e+00 1.113612e+00 1.002066e-06
<GCONST> 6.043810e+01
<MIXTURE> 119 4.297961e-03
<MEAN> 25
 -4.974980e+00 -7.635538e+00 2.232422e+00 2.015877e+00 2.238073e+00 2.070254e-01 5.275689e+00 5.939794e+00 1.165899e+00 9.682940e-01 6.613508e+00 1.570063e+00 -4.996426e-02 -7.937460e-02 3.720417e-02 -5.724516e-02 -1.262146e-01 -1.798731e-01 -6.905979e-02 -1.392080e-02 -9.180178e-02 -1.121627e-01 -5.516449e-02 -5.810721e-02 1.109758e-03
<VARIANCE> 25
 8.504632e+00 9.820195e+00 1.656844e+01 2.018633e+01 2.288702e+01 2.320802e+01 2.499688e+01 2.648288e+01 2.503552e+01 2.807401e+01 2.040247e+01 2.040815e+01 1.604115e-01 2.825209e-01 4.597943e-01 6.327980e-01 8.034360e-01 1.003754e+00 1.099860e+00 1.277675e+00 1.285774e+00 1.245743e+00 1.192282e+00 1.112393e+00 2.316343e-04
<GCONST> 6.972118e+01
<MIXTURE> 120 4.297961e-03
<MEAN> 25
 -4.974980e+00 -7.635538e+00 2.232422e+00 2.015877e+00 2.238073e+00 2.070254e-01 5.275689e+00 5.939794e+00 1.165899e+00 9.682940e-01 6.613508e+00 1.570063e+00 -4.996426e-02 -7.937460e-02 3.720417e-02 -5.724516e-02 -1.262146e-01 -1.798731e-01 -6.905979e-02 -1.392080e-02 -9.180178e-02 -1.121627e-01 -5.516449e-02 -5.810721e-02 1.109758e-03
<VARIANCE> 25
 8.504632e+00 9.820195e+00 1.656844e+01 2.018633e+01 2.288702e+01 2.320802e+01 2.499688e+01 2.648288e+01 2.503552e+01 2.807401e+01 2.040247e+01 2.040815e+01 1.604115e-01 2.825209e-01 4.597943e-01 6.327980e-01 8.034360e-01 1.003754e+00 1.099860e+00 1.277675e+00 1.285774e+00 1.245743e+00 1.192282e+00 1.112393e+00 2.316343e-04
<GCONST> 6.972118e+01
<MIXTURE> 121 4.567511e-03
<MEAN> 25
 2.085812e-01 -2.526680e+00 5.154093e+00 -1.290082e+01 -1.264791e+01 -1.666143e+00 1.000308e+00 -5.105547e+00 -4.200155e+00 -4.887941e-01 -5.506189e+00 -4.312227e+00 2.406998e-02 1.323382e-01 -4.133679e-02 7.991413e-02 1.584581e-01 7.885978e-02 -7.935496e-02 -1.832263e-01 -2.684700e-01 -2.577665e-01 -1.145003e-01 8.865644e-04 -7.434234e-03
<VARIANCE> 25
 7.735642e+00 1.563025e+01 1.727475e+01 2.037453e+01 2.441004e+01 2.924896e+01 2.954113e+01 2.459079e+01 3.528260e+01 2.833684e+01 1.975368e+01 2.117955e+01 1.549656e-01 6.431051e-01 6.232116e-01 7.052536e-01 7.706183e-01 1.150422e+00 1.117893e+00 1.120772e+00 1.217179e+00 1.192416e+00 9.413903e-01 8.717158e-01 2.109049e-04
<GCONST> 7.139612e+01
<MIXTURE> 122 4.567511e-03
<MEAN> 25
 2.085812e-01 -2.526680e+00 5.154093e+00 -1.290082e+01 -1.264791e+01 -1.666143e+00 1.000308e+00 -5.105547e+00 -4.200155e+00 -4.887941e-01 -5.506189e+00 -4.312227e+00 2.406998e-02 1.323382e-01 -4.133679e-02 7.991413e-02 1.584581e-01 7.885978e-02 -7.935496e-02 -1.832263e-01 -2.684700e-01 -2.577665e-01 -1.145003e-01 8.865644e-04 -7.434234e-03
<VARIANCE> 25
 7.735642e+00 1.563025e+01 1.727475e+01 2.037453e+01 2.441004e+01 2.924896e+01 2.954113e+01 2.459079e+01 3.528260e+01 2.833684e+01 1.975368e+01 2.117955e+01 1.549656e-01 6.431051e-01 6.232116e-01 7.052536e-01 7.706183e-01 1.150422e+00 1.117893e+00 1.120772e+00 1.217179e+00 1.192416e+00 9.413903e-01 8.717158e-01 2.109049e-04
<GCONST> 7.139612e+01
<MIXTURE> 123 4.393044e-03
<MEAN> 25
 -4.225935e+00 1.400781e+00 -4.890938e-01 6.293083e+00 5.787033e+00 3.515938e+00 2.770424e+00 3.268850e-01 7.088776e-01 -1.011124e+00 -5.152959e-01 1.057742e+00 -4.581688e-01 -8.249560e-01 -9.406638e-01 -5.966063e-01 -2.522104e-01 -7.768419e-03 4.129249e-01 7.542522e-01 6.720798e-01 6.781802e-01 6.455444e-01 4.371573e-01 -3.230034e-03
<VARIANCE> 25
 9.762526e+00 1.202613e+01 1.895872e+01 1.616698e+01 2.341066e+01 2.544199e+01 2.378803e+01 1.787597e+01 1.996821e+01 1.911652e+01 2.412432e+01 1.902862e+01 3.527237e-01 3.733318e-01 5.449007e-01 6.785527e-01 9.167294e-01 1.136223e+00 1.132975e+00 1.248037e+00 1.270093e+00 1.207420e+00 1.188196e+00 1.219722e+00 9.286323e-05
<GCONST> 6.983302e+01
<MIXTURE> 124 4.069876e-03
<MEAN> 25
 -6.555982e+00 -1.167811e+00 -2.992050e+00 5.108098e+00 5.022740e+00 3.420787e+00 5.399255e+00 2.565939e+00 3.235855e+00 1.267766e+00 1.101797e+00 3.038342e+00 -2.043201e-01 -3.199627e-01 -3.617518e-01 -2.171328e-01 1.266868e-01 5.172426e-01 8.087831e-01 8.567132e-01 6.483957e-01 3.195984e-01 6.677260e-02 -2.816156e-02 3.410378e-05
<VARIANCE> 25
 1.095685e+01 7.247939e+00 1.183542e+01 1.236121e+01 1.245952e+01 1.990463e+01 1.546499e+01 1.704554e+01 1.565035e+01 1.607047e+01 1.922082e+01 1.438676e+01 1.044849e-01 1.691308e-01 2.689182e-01 4.161789e-01 5.958524e-01 7.036398e-01 7.448837e-01 8.190635e-01 9.104607e-01 1.016164e+00 1.009581e+00 9.898031e-01 1.800678e-05
<GCONST> 5.895256e+01
<MIXTURE> 125 4.069876e-03
<MEAN> 25
 -6.555982e+00 -1.167811e+00 -2.992050e+00 5.108098e+00 5.022740e+00 3.420787e+00 5.399255e+00 2.565939e+00 3.235855e+00 1.267766e+00 1.101797e+00 3.038342e+00 -2.043201e-01 -3.199627e-01 -3.617518e-01 -2.171328e-01 1.266868e-01 5.172426e-01 8.087831e-01 8.567132e-01 6.483957e-01 3.195984e-01 6.677260e-02 -2.816156e-02 3.410378e-05
<VARIANCE> 25
 1.095685e+01 7.247939e+00 1.183542e+01 1.236121e+01 1.245952e+01 1.990463e+01 1.546499e+01 1.704554e+01 1.565035e+01 1.607047e+01 1.922082e+01 1.438676e+01 1.044849e-01 1.691308e-01 2.689182e-01 4.161789e-01 5.958524e-01 7.036398e-01 7.448837e-01 8.190635e-01 9.104607e-01 1.016164e+00 1.009581e+00 9.898031e-01 1.800678e-05
<GCONST> 5.895256e+01
<MIXTURE> 126 2.402244e-03
<MEAN> 25
 -3.792194e+00 -6.921859e+00 -5.297234e+00 2.325953e+00 4.290494e+00 -3.228538e+00 7.922564e-02 3.550144e+00 3.348752e+00 -2.695918e+00 -1.431262e+00 3.053511e+00 -2.281511e-03 -6.284896e-03 -3.595879e-02 -1.579206e-01 -3.185224e-01 -3.891205e-01 -2.729909e-01 -1.573334e-01 -1.141221e-01 -1.157893e-01 -9.849162e-02 -3.084902e-02 -1.475619e-03
<VARIANCE> 25
 7.421650e+00 1.279033e+01 1.395603e+01 1.512798e+01 2.477165e+01 2.378885e+01 2.277831e+01 2.839623e+01 3.128682e+01 2.623269e+01 2.174425e+01 1.916793e+01 1.705375e-01 3.518060e-01 4.828843e-01 5.672085e-01 7.541333e-01 9.953168e-01 1.121616e+00 1.262493e+00 1.328119e+00 1.314082e+00 1.213133e+00 1.145908e+00 2.105703e-04
<GCONST> 6.981935e+01
<MIXTURE> 127 2.402244e-03
<MEAN> 25
 -3.792194e+00 -6.921859e+00 -5.297234e+00 2.325953e+00 4.290494e+00 -3.228538e+00 7.922564e-02 3.550144e+00 3.348752e+00 -2.695918e+00 -1.431262e+00 3.053511e+00 -2.281511e-03 -6.284896e-03 -3.595879e-02 -1.579206e-01 -3.185224e-01 -3.891205e-01 -2.729909e-01 -1.573334e-01 -1.141221e-01 -1.157893e-01 -9.849162e-02 -3.084902e-02 -1.475619e-03
<VARIANCE> 25
 7.421650e+00 1.279033e+01 1.395603e+01 1.512798e+01 2.477165e+01 2.378885e+01 2.277831e+01 2.839623e+01 3.128682e+01 2.623269e+01 2.174425e+01 1.916793e+01 1.705375e-01 3.518060e-01 4.828843e-01 5.672085e-01 7.541333e-01 9.953168e-01 1.121616e+00 1.262493e+00 1.328119e+00 1.314082e+00 1.213133e+00 1.145908e+00 2.105703e-04
<GCONST> 6.981935e+01
<MIXTURE> 128 3.790457e-03
<MEAN> 25
 -3.935363e+00 1.546296e+00 -3.506736e-01 6.574776e+00 3.629704e+00 1.858852e+00 3.578356e+00 2.372494e+00 3.968140e+00 3.698682e+00 3.764184e+00 3.526629e+00 -3.964105e-01 -1.976594e-01 9.773514e-02 7.257106e-01 1.183190e+00 1.134846e+00 7.180287e-01 1.320840e-01 -4.385499e-01 -7.894278e-01 -7.025763e-01 -3.938318e-01 -3.784259e-05
<VARIANCE> 25
 1.022638e+01 1.170999e+01 1.510346e+01 1.929836e+01 2.011104e+01 2.123657e+01 2.428503e+01 2.466112e+01 2.641876e+01 2.385653e+01 2.684011e+01 1.818824e+01 8.932900e-01 1.147287e+00 1.365500e+00 1.502350e+00 1.581662e+00 1.861770e+00 2.247043e+00 2.324565e+00 2.147013e+00 1.858841e+00 1.742732e+00 1.747478e+00 1.003626e-06
<GCONST> 7.365818e+01
<TRANSP> 3
 0.000000e+00 1.000000e+00 0.000000e+00
 0.000000e+00 9.999990e-01 9.999998e-07
 0.000000e+00 0.000000e+00 0.000000e+00
<ENDHMM>
