~o
<STREAMINFO> 1 25
<VECSIZE> 25<NULLD><MFCC_E_D_N><DIAGC>
~h "jmodel"
<BEGINHMM>
<NUMSTATES> 3
<STATE> 2
<NUMMIXES> 128
<MIXTURE> 1 5.748963e-03
<MEAN> 25
 -2.583297e+00 3.182322e+00 2.305223e+00 8.746922e+00 4.372323e+00 3.435245e+00 4.045186e+00 3.917298e+00 5.836233e+00 5.246823e+00 5.884126e+00 3.090045e+00 -2.003677e+00 -1.630072e+00 -8.652563e-01 1.074189e+00 1.561259e+00 2.230110e+00 2.153470e+00 2.081306e+00 1.691450e+00 1.266773e+00 1.564896e+00 6.143093e-01 -4.693557e-02
<VARIANCE> 25
 1.005000e+01 1.174284e+01 1.495834e+01 1.869496e+01 2.315631e+01 2.226250e+01 2.205808e+01 2.214528e+01 2.097727e+01 2.252946e+01 2.092381e+01 1.712610e+01 1.787369e+00 2.122744e+00 3.022642e+00 3.207038e+00 3.734043e+00 3.355508e+00 3.314684e+00 3.384878e+00 3.518849e+00 3.726642e+00 3.512956e+00 2.831143e+00 3.117353e-03
<GCONST> 8.847820e+01
<MIXTURE> 2 4.549242e-03
<MEAN> 25
 -4.875671e+00 1.311720e+00 9.943511e-01 9.899809e+00 6.692275e+00 7.424650e+00 7.847087e+00 6.958091e+00 8.373269e+00 6.373019e+00 7.624402e+00 3.074697e+00 -6.200235e-02 4.161923e-02 1.425301e-01 2.258583e-01 2.652900e-01 2.813653e-01 2.954302e-01 3.195550e-01 3.497573e-01 3.089160e-01 1.971766e-01 8.006547e-02 1.228299e-06
<VARIANCE> 25
 6.952293e+00 8.901894e+00 1.065126e+01 1.591096e+01 1.723581e+01 1.556308e+01 1.689898e+01 1.848562e+01 1.658668e+01 1.738619e+01 1.811029e+01 1.434002e+01 1.252503e-01 2.266278e-01 3.364712e-01 4.671271e-01 6.492781e-01 8.148874e-01 9.298787e-01 1.003176e+00 1.051662e+00 1.077774e+00 1.075658e+00 1.013934e+00 1.000000e-06
<GCONST> 5.804302e+01
<MIXTURE> 3 4.549242e-03
<MEAN> 25
 -4.875671e+00 1.311720e+00 9.943511e-01 9.899809e+00 6.692275e+00 7.424650e+00 7.847087e+00 6.958091e+00 8.373269e+00 6.373019e+00 7.624402e+00 3.074697e+00 -6.200235e-02 4.161923e-02 1.425301e-01 2.258583e-01 2.652900e-01 2.813653e-01 2.954302e-01 3.195550e-01 3.497573e-01 3.089160e-01 1.971766e-01 8.006547e-02 1.228299e-06
<VARIANCE> 25
 6.952293e+00 8.901894e+00 1.065126e+01 1.591096e+01 1.723581e+01 1.556308e+01 1.689898e+01 1.848562e+01 1.658668e+01 1.738619e+01 1.811029e+01 1.434002e+01 1.252503e-01 2.266278e-01 3.364712e-01 4.671271e-01 6.492781e-01 8.148874e-01 9.298787e-01 1.003176e+00 1.051662e+00 1.077774e+00 1.075658e+00 1.013934e+00 1.000000e-06
<GCONST> 5.804302e+01
<MIXTURE> 4 1.671429e-02
<MEAN> 25
 3.380168e+00 2.443240e+00 -3.755941e+00 1.037184e+00 4.176341e+00 -2.388595e-01 5.814128e-02 -1.604884e-01 1.678473e+00 1.388051e+00 -1.869056e+00 1.006184e-01 -2.716056e+00 1.247755e+00 1.719283e+00 3.085494e+00 9.417016e-01 4.836574e-01 1.497374e+00 9.712779e-01 9.159890e-01 3.669465e-01 1.203136e+00 8.915126e-01 -1.028323e-01
<VARIANCE> 25
 2.085961e+01 3.066020e+01 2.848699e+01 3.935469e+01 4.595667e+01 6.703328e+01 6.369724e+01 5.320150e+01 5.497095e+01 6.117391e+01 4.920259e+01 3.537723e+01 2.380940e+00 4.967832e+00 3.766486e+00 4.973746e+00 4.933751e+00 6.019410e+00 5.964678e+00 5.638279e+00 5.954547e+00 6.535982e+00 6.028943e+00 4.423319e+00 6.044433e-03
<GCONST> 1.053171e+02
<MIXTURE> 5 3.206198e-03
<MEAN> 25
 -3.416932e+00 2.182430e+00 6.084894e-01 9.427365e+00 6.697399e+00 6.315272e+00 7.110804e+00 4.721805e+00 5.495488e+00 3.846848e+00 4.657333e+00 2.606858e+00 -3.245875e-01 7.527334e-01 1.224552e+00 1.032463e+00 3.075528e-01 -1.001769e-01 -8.368130e-02 3.350379e-02 4.580795e-01 6.837578e-01 4.040145e-01 8.815789e-02 -2.787199e-05
<VARIANCE> 25
 1.024871e+01 1.394601e+01 2.350086e+01 2.562132e+01 2.021989e+01 1.942667e+01 2.012572e+01 2.037051e+01 2.141678e+01 2.128763e+01 2.410310e+01 1.636051e+01 1.209857e+00 1.244294e+00 1.357564e+00 1.673370e+00 2.284459e+00 2.375959e+00 2.301452e+00 2.275066e+00 2.315506e+00 2.238311e+00 2.085901e+00 1.873884e+00 1.000341e-06
<GCONST> 7.516873e+01
<MIXTURE> 6 5.475854e-03
<MEAN> 25
 9.598212e+00 -7.297971e-01 -5.806409e+00 -1.065536e+01 -2.791155e+00 6.257925e+00 -5.783035e+00 -5.029323e+00 -4.039981e+00 2.070168e+00 5.181719e+00 -1.379162e+00 4.298600e-01 9.095970e-01 -3.393838e-01 -1.442677e+00 -5.825586e-01 1.359384e+00 1.475349e+00 1.404988e-01 -1.170826e+00 -1.232601e+00 3.816115e-01 1.178099e+00 -7.967920e-03
<VARIANCE> 25
 7.911378e+00 1.578415e+01 2.570627e+01 3.534790e+01 3.500399e+01 2.863114e+01 3.872038e+01 3.372424e+01 3.684183e+01 3.523431e+01 3.873188e+01 2.527189e+01 2.936095e-01 7.519019e-01 8.449932e-01 1.740653e+00 1.436790e+00 1.805550e+00 1.738736e+00 1.910095e+00 2.115822e+00 1.742427e+00 2.034472e+00 1.287976e+00 5.132368e-04
<GCONST> 8.144779e+01
<MIXTURE> 7 5.475854e-03
<MEAN> 25
 9.598212e+00 -7.297971e-01 -5.806409e+00 -1.065536e+01 -2.791155e+00 6.257925e+00 -5.783035e+00 -5.029323e+00 -4.039981e+00 2.070168e+00 5.181719e+00 -1.379162e+00 4.298600e-01 9.095970e-01 -3.393838e-01 -1.442677e+00 -5.825586e-01 1.359384e+00 1.475349e+00 1.404988e-01 -1.170826e+00 -1.232601e+00 3.816115e-01 1.178099e+00 -7.967920e-03
<VARIANCE> 25
 7.911378e+00 1.578415e+01 2.570627e+01 3.534790e+01 3.500399e+01 2.863114e+01 3.872038e+01 3.372424e+01 3.684183e+01 3.523431e+01 3.873188e+01 2.527189e+01 2.936095e-01 7.519019e-01 8.449932e-01 1.740653e+00 1.436790e+00 1.805550e+00 1.738736e+00 1.910095e+00 2.115822e+00 1.742427e+00 2.034472e+00 1.287976e+00 5.132368e-04
<GCONST> 8.144779e+01
<MIXTURE> 8 1.165917e-02
<MEAN> 25
 -4.730186e+00 1.363057e+00 1.292197e+00 9.559213e+00 6.575170e+00 6.254864e+00 6.479432e+00 5.687408e+00 6.659043e+00 5.632012e+00 6.572949e+00 3.152712e+00 -6.297719e-01 -1.425538e+00 -1.071223e+00 -1.731152e+00 -2.311798e-01 -9.453642e-01 -1.776053e-01 -2.894912e-01 -2.530664e-01 -1.740360e-01 -2.133735e-01 8.135165e-02 9.888478e-02
<VARIANCE> 25
 9.339177e+00 9.846872e+00 1.161356e+01 1.605564e+01 1.663572e+01 1.570558e+01 1.813219e+01 1.752350e+01 1.704201e+01 1.737666e+01 1.887912e+01 1.400351e+01 2.757017e+00 2.816038e+00 3.907176e+00 3.761520e+00 3.455966e+00 3.316169e+00 3.129150e+00 3.080731e+00 2.871662e+00 2.655870e+00 2.434883e+00 1.902197e+00 6.682495e-03
<GCONST> 8.628977e+01
<MIXTURE> 9 1.199672e-02
<MEAN> 25
 9.291170e+00 3.391909e+00 -6.194864e+00 -1.064193e+01 -2.203909e+00 4.952765e+00 -2.205222e+00 -2.298186e+00 -5.387651e+00 -1.246751e+00 5.770571e-01 -2.030209e-02 1.437032e+00 -1.388049e-01 -4.852338e-01 -2.702389e+00 -1.649092e+00 8.496405e-01 -9.703120e-01 -2.223775e-01 -1.795259e-01 -5.692952e-01 6.121302e-01 -1.572172e-01 7.335752e-02
<VARIANCE> 25
 1.222586e+01 2.139734e+01 3.354663e+01 5.386015e+01 5.011020e+01 3.231252e+01 4.314165e+01 5.206203e+01 4.197922e+01 4.166286e+01 3.607232e+01 2.691600e+01 2.088020e+00 2.482941e+00 4.574975e+00 4.874123e+00 5.001215e+00 4.104467e+00 4.227879e+00 6.049630e+00 5.026976e+00 4.093932e+00 4.012908e+00 2.804597e+00 2.211562e-03
<GCONST> 9.880941e+01
<MIXTURE> 10 6.596976e-03
<MEAN> 25
 8.171378e-01 7.622649e+00 5.355254e+00 7.128471e+00 1.589613e+00 -2.124578e+00 -5.313098e-01 -1.701624e+00 8.823653e-01 8.675545e-01 8.452336e-01 6.674195e-01 -1.919747e+00 -6.666772e-01 -4.656429e-01 3.019852e+00 2.463002e+00 2.704764e+00 2.367524e+00 2.268789e+00 1.860614e+00 1.537110e+00 2.324776e+00 5.254796e-01 -1.379091e-01
<VARIANCE> 25
 1.958692e+01 2.072832e+01 2.235919e+01 2.910287e+01 3.820585e+01 3.486728e+01 3.509307e+01 3.383405e+01 2.759894e+01 2.898450e+01 2.692138e+01 2.501566e+01 2.243268e+00 3.428005e+00 5.531285e+00 5.176476e+00 5.535179e+00 4.470880e+00 4.694663e+00 4.852863e+00 4.376820e+00 5.023190e+00 4.461551e+00 3.186612e+00 2.703896e-03
<GCONST> 9.746329e+01
<MIXTURE> 11 1.633820e-02
<MEAN> 25
 7.531646e+00 4.907190e+00 2.772813e+00 4.641624e+00 -2.499200e+00 -1.467938e+00 -2.173871e+00 -6.270983e+00 -3.144342e+00 -1.334273e-01 -2.060872e+00 -1.719623e+00 -3.339130e-01 5.483267e-01 3.040433e-02 4.582420e-01 7.027985e-01 5.874915e-02 2.997915e-01 -2.383350e-01 -1.662313e-01 -4.846801e-02 -1.805631e-01 4.794690e-02 -1.950356e-02
<VARIANCE> 25
 1.086157e+01 2.681672e+01 2.267386e+01 3.392150e+01 4.001569e+01 3.763193e+01 4.337702e+01 3.975922e+01 4.343541e+01 3.213869e+01 3.610556e+01 2.809476e+01 9.043894e-01 1.290459e+00 1.768184e+00 2.305746e+00 2.169556e+00 2.530288e+00 1.972266e+00 2.569159e+00 2.133178e+00 1.909574e+00 1.745257e+00 1.659689e+00 9.660441e-04
<GCONST> 8.761091e+01
<MIXTURE> 12 5.904134e-03
<MEAN> 25
 1.041636e+01 3.454355e+00 -3.710004e+00 -1.543068e+01 -8.444993e+00 8.114661e+00 -1.420494e+00 -2.011981e+00 -2.871732e+00 -4.455289e+00 2.484528e+00 5.271430e-01 2.887344e-02 4.975050e-01 1.395435e-01 -3.261195e-01 -2.554574e-01 -7.295854e-02 2.769172e-01 4.727929e-01 8.101641e-02 -4.737270e-01 -4.310811e-01 5.715931e-02 -8.841671e-03
<VARIANCE> 25
 8.334665e+00 1.914150e+01 2.368307e+01 3.201862e+01 3.670173e+01 2.868358e+01 3.778384e+01 4.244752e+01 4.520555e+01 3.357930e+01 3.623130e+01 2.524269e+01 2.215794e-01 8.458503e-01 6.284277e-01 1.094760e+00 1.050646e+00 1.045663e+00 1.036173e+00 1.216613e+00 1.167809e+00 1.162464e+00 1.116259e+00 8.458836e-01 5.440078e-04
<GCONST> 7.714219e+01
<MIXTURE> 13 5.904134e-03
<MEAN> 25
 1.041636e+01 3.454355e+00 -3.710004e+00 -1.543068e+01 -8.444993e+00 8.114661e+00 -1.420494e+00 -2.011981e+00 -2.871732e+00 -4.455289e+00 2.484528e+00 5.271430e-01 2.887344e-02 4.975050e-01 1.395435e-01 -3.261195e-01 -2.554574e-01 -7.295854e-02 2.769172e-01 4.727929e-01 8.101641e-02 -4.737270e-01 -4.310811e-01 5.715931e-02 -8.841671e-03
<VARIANCE> 25
 8.334665e+00 1.914150e+01 2.368307e+01 3.201862e+01 3.670173e+01 2.868358e+01 3.778384e+01 4.244752e+01 4.520555e+01 3.357930e+01 3.623130e+01 2.524269e+01 2.215794e-01 8.458503e-01 6.284277e-01 1.094760e+00 1.050646e+00 1.045663e+00 1.036173e+00 1.216613e+00 1.167809e+00 1.162464e+00 1.116259e+00 8.458836e-01 5.440078e-04
<GCONST> 7.714219e+01
<MIXTURE> 14 6.488954e-03
<MEAN> 25
 -4.319093e+00 -3.748969e-01 -3.171287e-01 8.905382e+00 7.514826e+00 7.379167e+00 7.827114e+00 7.319315e+00 7.252560e+00 5.221389e+00 6.862309e+00 4.104841e+00 -2.740706e-01 1.939495e-01 3.637222e-01 3.098359e-01 7.173632e-03 6.188336e-02 9.848370e-02 1.775507e-01 2.956632e-01 5.389352e-01 5.054131e-01 7.660056e-02 -9.356694e-03
<VARIANCE> 25
 9.279305e+00 1.387484e+01 1.866823e+01 1.787371e+01 2.089029e+01 1.957591e+01 2.151643e+01 2.070593e+01 2.007246e+01 2.393875e+01 2.141128e+01 1.601506e+01 9.616756e-01 1.639958e+00 1.777667e+00 1.934755e+00 2.245166e+00 2.259597e+00 2.258251e+00 2.241229e+00 2.283614e+00 2.507486e+00 2.197820e+00 1.814529e+00 1.030605e-03
<GCONST> 8.192723e+01
<MIXTURE> 15 2.475190e-03
<MEAN> 25
 -5.424054e+00 -6.442862e-01 -2.014038e-01 7.367916e+00 5.719770e+00 5.701491e+00 6.060509e+00 4.979562e+00 5.164842e+00 4.154473e+00 5.502309e+00 2.539998e+00 -1.212349e-01 -2.917277e-02 7.498667e-02 2.436641e-01 4.894011e-01 7.865271e-01 1.072460e+00 1.182131e+00 1.059322e+00 7.561374e-01 4.197454e-01 1.534014e-01 -8.252134e-05
<VARIANCE> 25
 6.984154e+00 5.606952e+00 9.035047e+00 1.281402e+01 1.407817e+01 1.429707e+01 1.492084e+01 1.489873e+01 1.410023e+01 1.418392e+01 1.510229e+01 1.250869e+01 1.247589e-01 2.061855e-01 3.197935e-01 5.030969e-01 6.995898e-01 7.936926e-01 7.631634e-01 7.916845e-01 9.090444e-01 1.023947e+00 1.071359e+00 1.041226e+00 2.795645e-05
<GCONST> 5.858768e+01
<MIXTURE> 16 2.475190e-03
<MEAN> 25
 -5.424054e+00 -6.442862e-01 -2.014038e-01 7.367916e+00 5.719770e+00 5.701491e+00 6.060509e+00 4.979562e+00 5.164842e+00 4.154473e+00 5.502309e+00 2.539998e+00 -1.212349e-01 -2.917277e-02 7.498667e-02 2.436641e-01 4.894011e-01 7.865271e-01 1.072460e+00 1.182131e+00 1.059322e+00 7.561374e-01 4.197454e-01 1.534014e-01 -8.252134e-05
<VARIANCE> 25
 6.984154e+00 5.606952e+00 9.035047e+00 1.281402e+01 1.407817e+01 1.429707e+01 1.492084e+01 1.489873e+01 1.410023e+01 1.418392e+01 1.510229e+01 1.250869e+01 1.247589e-01 2.061855e-01 3.197935e-01 5.030969e-01 6.995898e-01 7.936926e-01 7.631634e-01 7.916845e-01 9.090444e-01 1.023947e+00 1.071359e+00 1.041226e+00 2.795645e-05
<GCONST> 5.858768e+01
<MIXTURE> 17 9.518312e-03
<MEAN> 25
 3.603534e+00 -1.440590e+00 6.418858e+00 3.687257e+00 -5.716620e+00 -5.304533e+00 -1.532061e+00 1.387878e+00 -1.819307e+00 -2.438913e+00 8.401698e-01 -8.307839e-01 -6.456130e-01 -1.737143e+00 1.959442e+00 -1.885236e+00 -2.729111e+00 -7.652607e-01 -1.111536e-01 1.359283e+00 -3.677213e-01 -1.641803e-02 1.049610e+00 4.668558e-01 8.073950e-02
<VARIANCE> 25
 1.891932e+01 2.634499e+01 3.229358e+01 3.044384e+01 4.021097e+01 3.663897e+01 3.683100e+01 4.222369e+01 2.736291e+01 3.429154e+01 2.101674e+01 2.324591e+01 1.440730e+00 2.346811e+00 3.458874e+00 2.352103e+00 3.323199e+00 4.200145e+00 4.104463e+00 3.865430e+00 2.791181e+00 3.140642e+00 2.409891e+00 2.325767e+00 1.551571e-03
<GCONST> 9.286993e+01
<MIXTURE> 18 1.221018e-02
<MEAN> 25
 3.386965e+00 3.850361e+00 6.855680e+00 5.275198e+00 -3.892466e+00 -6.869554e+00 -7.496053e-01 -1.865727e+00 -3.082738e+00 -2.104247e+00 -4.431271e-01 8.461984e-01 -8.437091e-01 2.266702e+00 -6.334043e-01 1.463979e+00 3.103717e+00 1.332949e+00 6.880558e-01 -4.911757e-01 7.010023e-01 1.929227e-01 -6.109876e-01 -9.556693e-03 -1.091546e-01
<VARIANCE> 25
 1.406569e+01 2.520254e+01 4.660944e+01 2.426850e+01 3.234063e+01 2.940830e+01 3.580375e+01 2.816877e+01 4.257389e+01 2.816453e+01 2.905825e+01 2.350499e+01 2.071457e+00 2.467916e+00 3.855226e+00 4.332293e+00 2.942832e+00 4.079766e+00 3.623634e+00 3.529284e+00 3.861747e+00 3.677463e+00 3.596178e+00 3.117696e+00 3.412955e-03
<GCONST> 9.510952e+01
<MIXTURE> 19 9.912824e-03
<MEAN> 25
 -1.075924e+01 2.366666e+00 1.976435e-01 -3.292826e-01 4.327854e+00 7.229790e-01 3.112716e+00 1.654279e+00 1.935384e+00 1.130336e+00 3.879417e-01 1.812706e+00 2.043979e+00 1.596243e+00 2.288741e+00 1.145845e+00 -9.978379e-01 -1.066396e+00 -1.012403e+00 -1.600245e+00 -1.640899e+00 -1.365356e+00 -8.336495e-01 -7.014693e-01 -1.308639e-04
<VARIANCE> 25
 4.516724e+01 2.656774e+01 4.595087e+01 4.943375e+01 2.995553e+01 2.918312e+01 2.730784e+01 2.788867e+01 2.634274e+01 2.287776e+01 2.586283e+01 1.729976e+01 2.223577e+00 2.259998e+00 2.089979e+00 2.637421e+00 2.353271e+00 1.936120e+00 2.031037e+00 2.216554e+00 1.859009e+00 1.991098e+00 1.824860e+00 1.523492e+00 1.952464e-03
<GCONST> 8.911375e+01
<MIXTURE> 20 6.308331e-03
<MEAN> 25
 -1.417932e+01 7.415622e+00 8.450800e-01 6.151214e+00 4.844303e+00 1.636686e+00 5.207082e+00 8.509179e-01 9.215690e-01 7.993184e-01 2.566848e+00 -3.016464e-01 -3.285194e+00 -8.666111e-01 -1.565186e+00 3.320986e-01 1.540749e+00 2.062531e+00 1.978711e+00 2.055558e+00 2.144027e+00 2.040117e+00 1.684036e+00 9.448947e-01 4.730513e-02
<VARIANCE> 25
 1.967917e+01 2.345094e+01 3.098557e+01 3.716713e+01 3.084496e+01 2.788788e+01 2.994240e+01 3.149753e+01 2.796579e+01 2.820969e+01 2.515931e+01 2.091381e+01 2.093364e+00 2.182029e+00 1.911037e+00 2.541110e+00 2.702268e+00 2.314158e+00 2.312020e+00 2.323300e+00 2.236035e+00 2.652346e+00 2.242383e+00 1.865823e+00 1.887168e-03
<GCONST> 8.922521e+01
<MIXTURE> 21 7.928653e-03
<MEAN> 25
 3.894913e+00 -4.641294e+00 7.254045e+00 -8.047908e-01 -1.071212e+01 -8.739681e+00 -2.216646e+00 4.513917e+00 -2.633939e+00 -4.089332e+00 9.381049e-01 7.172488e-01 -6.942075e-01 1.285962e+00 2.377441e+00 -1.033560e-01 -1.301125e+00 2.841440e-01 6.776264e-01 -1.350527e+00 -2.142740e+00 4.405576e-01 1.226266e+00 2.899924e-01 -9.853870e-03
<VARIANCE> 25
 8.062609e+00 1.711549e+01 4.347040e+01 3.003407e+01 2.581856e+01 2.991008e+01 3.989105e+01 3.676717e+01 4.202910e+01 3.283370e+01 3.413883e+01 2.198994e+01 3.432881e-01 8.984530e-01 2.024657e+00 1.230274e+00 2.527862e+00 2.016453e+00 3.357071e+00 2.532508e+00 2.440308e+00 2.601431e+00 1.894837e+00 2.065606e+00 4.621118e-04
<GCONST> 8.487785e+01
<MIXTURE> 22 8.827789e-03
<MEAN> 25
 -1.791936e+01 7.156960e+00 -4.129017e+00 7.389533e+00 4.606718e+00 2.762930e+00 8.399878e+00 1.749806e+00 5.374419e+00 3.298832e+00 5.713828e+00 1.186650e+00 -3.099751e-01 -2.080481e-01 -1.241413e-01 -1.492914e-01 -7.341287e-03 1.364260e-01 1.803202e-01 1.787575e-01 2.481431e-01 2.069984e-01 1.729712e-01 1.920376e-01 8.893585e-03
<VARIANCE> 25
 8.119530e+00 1.683024e+01 1.739059e+01 2.518395e+01 2.293011e+01 2.083880e+01 1.942432e+01 1.870769e+01 1.819213e+01 2.087015e+01 1.925148e+01 1.378759e+01 1.090731e+00 1.357392e+00 1.368419e+00 1.571403e+00 1.408331e+00 1.527110e+00 1.508803e+00 1.533844e+00 1.613850e+00 1.544401e+00 1.357106e+00 1.167945e+00 1.748057e-03
<GCONST> 7.831943e+01
<MIXTURE> 23 6.455497e-03
<MEAN> 25
 7.927339e+00 2.492890e+00 2.894643e+00 2.602984e+00 -4.455366e+00 -2.880180e+00 -3.999421e+00 -6.293535e+00 -3.335386e+00 -1.327841e+00 -3.880353e+00 -2.010123e+00 3.301916e-02 1.530498e-01 1.462048e-02 6.066170e-02 2.528011e-02 1.491045e-01 8.727189e-03 -4.384052e-02 -8.092205e-04 2.328328e-02 2.207095e-02 -2.143610e-02 -4.454647e-03
<VARIANCE> 25
 9.978729e+00 2.142009e+01 2.413556e+01 4.031563e+01 4.044432e+01 5.310453e+01 5.815332e+01 5.355902e+01 4.647818e+01 4.695885e+01 4.767458e+01 3.884861e+01 1.130292e-01 2.989353e-01 3.637083e-01 4.732898e-01 5.834299e-01 9.039456e-01 7.449526e-01 8.424359e-01 8.448691e-01 8.556184e-01 7.934983e-01 8.093455e-01 8.417641e-05
<GCONST> 7.271779e+01
<MIXTURE> 24 6.455497e-03
<MEAN> 25
 7.927339e+00 2.492890e+00 2.894643e+00 2.602984e+00 -4.455366e+00 -2.880180e+00 -3.999421e+00 -6.293535e+00 -3.335386e+00 -1.327841e+00 -3.880353e+00 -2.010123e+00 3.301916e-02 1.530498e-01 1.462048e-02 6.066170e-02 2.528011e-02 1.491045e-01 8.727189e-03 -4.384052e-02 -8.092205e-04 2.328328e-02 2.207095e-02 -2.143610e-02 -4.454647e-03
<VARIANCE> 25
 9.978729e+00 2.142009e+01 2.413556e+01 4.031563e+01 4.044432e+01 5.310453e+01 5.815332e+01 5.355902e+01 4.647818e+01 4.695885e+01 4.767458e+01 3.884861e+01 1.130292e-01 2.989353e-01 3.637083e-01 4.732898e-01 5.834299e-01 9.039456e-01 7.449526e-01 8.424359e-01 8.448691e-01 8.556184e-01 7.934983e-01 8.093455e-01 8.417641e-05
<GCONST> 7.271779e+01
<MIXTURE> 25 1.118642e-02
<MEAN> 25
 6.961077e-01 1.246643e+00 1.774846e+01 1.108703e+00 -1.148743e+01 -2.623708e+00 -3.550387e+00 -7.943896e-01 -7.068518e+00 -5.474061e+00 4.848210e+00 -2.702083e-01 -1.706060e-01 5.987037e-01 8.852200e-02 3.409732e-01 4.552768e-01 2.509797e-01 3.365300e-01 -5.364733e-01 -4.314909e-01 3.631229e-01 -1.642279e-01 -6.245372e-02 -1.428060e-02
<VARIANCE> 25
 7.295833e+00 2.886764e+01 1.863648e+01 3.679775e+01 2.585591e+01 3.534796e+01 2.728098e+01 3.625550e+01 3.294816e+01 3.015280e+01 1.718420e+01 2.496810e+01 4.777464e-01 1.339912e+00 1.185846e+00 1.664754e+00 1.962040e+00 2.059033e+00 1.833324e+00 2.065966e+00 2.396900e+00 1.956696e+00 1.143893e+00 1.026938e+00 1.145260e-03
<GCONST> 8.240121e+01
<MIXTURE> 26 7.727677e-03
<MEAN> 25
 1.925184e+00 -5.751978e+00 -1.012642e+01 -4.554439e-01 7.812262e+00 5.418939e+00 3.962152e+00 -5.543401e-01 2.530741e+00 -8.572660e-01 -3.132363e+00 -1.012424e+00 -6.451017e-01 6.397828e-01 3.315472e-01 6.563166e-01 1.928438e-01 2.549051e-01 3.731939e-01 3.470305e-01 1.982691e-01 1.115668e-01 3.397618e-01 3.396446e-01 -4.935289e-02
<VARIANCE> 25
 2.450504e+01 4.021604e+01 2.517032e+01 6.085538e+01 3.745238e+01 3.995407e+01 4.345200e+01 4.378141e+01 3.777639e+01 5.185272e+01 3.905509e+01 4.832872e+01 1.578706e+00 1.858385e+00 1.968379e+00 1.942285e+00 2.233871e+00 2.307198e+00 2.593455e+00 2.637545e+00 2.384524e+00 2.294208e+00 2.129623e+00 2.189047e+00 3.261128e-03
<GCONST> 9.365211e+01
<MIXTURE> 27 7.727677e-03
<MEAN> 25
 1.925184e+00 -5.751978e+00 -1.012642e+01 -4.554439e-01 7.812262e+00 5.418939e+00 3.962152e+00 -5.543401e-01 2.530741e+00 -8.572660e-01 -3.132363e+00 -1.012424e+00 -6.451017e-01 6.397828e-01 3.315472e-01 6.563166e-01 1.928438e-01 2.549051e-01 3.731939e-01 3.470305e-01 1.982691e-01 1.115668e-01 3.397618e-01 3.396446e-01 -4.935289e-02
<VARIANCE> 25
 2.450504e+01 4.021604e+01 2.517032e+01 6.085538e+01 3.745238e+01 3.995407e+01 4.345200e+01 4.378141e+01 3.777639e+01 5.185272e+01 3.905509e+01 4.832872e+01 1.578706e+00 1.858385e+00 1.968379e+00 1.942285e+00 2.233871e+00 2.307198e+00 2.593455e+00 2.637545e+00 2.384524e+00 2.294208e+00 2.129623e+00 2.189047e+00 3.261128e-03
<GCONST> 9.365211e+01
<MIXTURE> 28 5.036674e-03
<MEAN> 25
 -5.447486e+00 2.562381e-02 -1.580702e+00 6.609659e+00 5.235184e+00 3.511212e+00 5.400358e+00 3.116438e+00 3.923298e+00 2.389349e+00 2.636096e+00 3.226818e+00 -1.151337e-01 2.231444e-01 5.267091e-01 7.838549e-01 8.215147e-01 7.012265e-01 5.238643e-01 3.927194e-01 4.443105e-01 4.814235e-01 3.717687e-01 1.912910e-01 -1.370177e-05
<VARIANCE> 25
 1.042658e+01 8.448628e+00 1.222488e+01 1.484620e+01 1.472708e+01 1.773667e+01 1.816216e+01 1.909920e+01 1.716286e+01 1.673409e+01 2.059370e+01 1.502332e+01 2.561345e-01 3.361877e-01 4.097372e-01 4.640397e-01 6.211802e-01 8.477951e-01 1.055655e+00 1.144754e+00 1.101558e+00 1.030593e+00 1.036853e+00 1.071772e+00 1.000711e-06
<GCONST> 6.028910e+01
<MIXTURE> 29 5.036674e-03
<MEAN> 25
 -5.447486e+00 2.562381e-02 -1.580702e+00 6.609659e+00 5.235184e+00 3.511212e+00 5.400358e+00 3.116438e+00 3.923298e+00 2.389349e+00 2.636096e+00 3.226818e+00 -1.151337e-01 2.231444e-01 5.267091e-01 7.838549e-01 8.215147e-01 7.012265e-01 5.238643e-01 3.927194e-01 4.443105e-01 4.814235e-01 3.717687e-01 1.912910e-01 -1.370177e-05
<VARIANCE> 25
 1.042658e+01 8.448628e+00 1.222488e+01 1.484620e+01 1.472708e+01 1.773667e+01 1.816216e+01 1.909920e+01 1.716286e+01 1.673409e+01 2.059370e+01 1.502332e+01 2.561345e-01 3.361877e-01 4.097372e-01 4.640397e-01 6.211802e-01 8.477951e-01 1.055655e+00 1.144754e+00 1.101558e+00 1.030593e+00 1.036853e+00 1.071772e+00 1.000711e-06
<GCONST> 6.028910e+01
<MIXTURE> 30 8.917812e-03
<MEAN> 25
 -4.493964e+00 -1.929531e-01 6.493625e-01 9.086557e+00 7.776020e+00 7.508496e+00 7.582458e+00 6.879113e+00 6.534345e+00 4.895809e+00 7.010893e+00 3.502414e+00 -2.375056e-02 3.034572e-02 5.614658e-02 8.868042e-02 8.154919e-02 4.449635e-02 1.364719e-02 -3.010749e-03 1.702839e-02 5.139243e-02 6.151822e-02 3.516964e-02 -5.527803e-04
<VARIANCE> 25
 6.937061e+00 9.876595e+00 1.046646e+01 1.375681e+01 1.574562e+01 1.642562e+01 1.912941e+01 1.818541e+01 1.627736e+01 1.836361e+01 2.124689e+01 1.436153e+01 9.735908e-02 1.994881e-01 3.251498e-01 4.813879e-01 6.192677e-01 7.240031e-01 7.722804e-01 8.122544e-01 8.760590e-01 9.369639e-01 9.202546e-01 8.624563e-01 5.096855e-05
<GCONST> 6.059461e+01
<MIXTURE> 31 4.136493e-03
<MEAN> 25
 -3.314535e+00 -5.565817e+00 7.934210e-02 4.864840e+00 3.641929e+00 1.716313e+00 5.227648e+00 6.515670e+00 2.714289e+00 1.200259e+00 6.527434e+00 3.101320e+00 2.556556e-01 4.845324e-01 -2.233567e-01 2.941403e-01 1.047687e-01 4.396158e-01 1.954774e-01 1.446916e-03 3.700180e-01 3.601123e-01 9.927576e-02 1.469365e-01 -1.871913e-02
<VARIANCE> 25
 7.063281e+00 1.622562e+01 1.733804e+01 1.776929e+01 2.513505e+01 2.359979e+01 2.333856e+01 2.632165e+01 2.560772e+01 2.773741e+01 2.006869e+01 1.875487e+01 1.886984e-01 4.930179e-01 6.047997e-01 7.726963e-01 9.730978e-01 1.094140e+00 1.207037e+00 1.385250e+00 1.333126e+00 1.331820e+00 1.232884e+00 1.187742e+00 2.600181e-04
<GCONST> 7.186304e+01
<MIXTURE> 32 4.136493e-03
<MEAN> 25
 -3.314535e+00 -5.565817e+00 7.934210e-02 4.864840e+00 3.641929e+00 1.716313e+00 5.227648e+00 6.515670e+00 2.714289e+00 1.200259e+00 6.527434e+00 3.101320e+00 2.556556e-01 4.845324e-01 -2.233567e-01 2.941403e-01 1.047687e-01 4.396158e-01 1.954774e-01 1.446916e-03 3.700180e-01 3.601123e-01 9.927576e-02 1.469365e-01 -1.871913e-02
<VARIANCE> 25
 7.063281e+00 1.622562e+01 1.733804e+01 1.776929e+01 2.513505e+01 2.359979e+01 2.333856e+01 2.632165e+01 2.560772e+01 2.773741e+01 2.006869e+01 1.875487e+01 1.886984e-01 4.930179e-01 6.047997e-01 7.726963e-01 9.730978e-01 1.094140e+00 1.207037e+00 1.385250e+00 1.333126e+00 1.331820e+00 1.232884e+00 1.187742e+00 2.600181e-04
<GCONST> 7.186304e+01
<MIXTURE> 33 1.508826e-02
<MEAN> 25
 6.537608e+00 -4.203339e+00 -1.916899e+00 -3.203216e+00 -2.271344e+00 -5.265023e+00 -6.926721e+00 2.074427e+00 2.139219e+00 2.933491e-01 -4.433862e+00 -3.342485e+00 6.213047e-01 -1.351653e+00 -2.281949e+00 -1.866883e+00 1.365003e+00 1.525265e+00 -6.642140e-01 7.034187e-01 1.064006e+00 5.589140e-01 -4.467824e-01 -1.317137e+00 4.021496e-02
<VARIANCE> 25
 9.237106e+00 2.120369e+01 2.804442e+01 4.004495e+01 3.922483e+01 4.281873e+01 4.163103e+01 4.496392e+01 3.806458e+01 4.910775e+01 3.352224e+01 2.894642e+01 1.094398e+00 2.377750e+00 2.420620e+00 2.140020e+00 4.140689e+00 3.366384e+00 4.115063e+00 5.340951e+00 3.543762e+00 4.186637e+00 3.451288e+00 2.431442e+00 1.574563e-03
<GCONST> 9.431657e+01
<MIXTURE> 34 1.588179e-02
<MEAN> 25
 8.630654e+00 2.790951e-01 -1.689760e-02 1.007559e+00 -2.933352e+00 -1.445600e+00 -5.739604e+00 -4.486367e+00 -1.327338e+00 5.648462e-01 -2.184062e+00 -3.392229e+00 -6.008150e-02 1.395848e+00 1.254163e+00 2.494800e+00 1.549377e-01 -1.019986e-01 7.477196e-01 -1.664663e+00 -7.758342e-01 1.359631e-01 -5.493897e-01 2.919607e-01 -6.336863e-02
<VARIANCE> 25
 8.503508e+00 3.656137e+01 2.744175e+01 4.842764e+01 3.987162e+01 4.579607e+01 5.269447e+01 5.322200e+01 5.326939e+01 4.292648e+01 4.797114e+01 3.027091e+01 1.192617e+00 1.901721e+00 4.526615e+00 4.026299e+00 5.690163e+00 5.623104e+00 5.087394e+00 5.709793e+00 5.189032e+00 5.121824e+00 4.767319e+00 3.706017e+00 1.119454e-03
<GCONST> 9.925620e+01
<MIXTURE> 35 1.467755e-02
<MEAN> 25
 -2.291046e+00 -4.500318e+00 -1.007986e+01 3.914828e-01 9.671980e+00 1.186384e+00 1.787048e+00 2.203326e+00 1.550054e+00 3.888145e+00 -2.741498e-02 2.223621e+00 3.581133e-01 -1.187715e+00 -1.152732e+00 -1.579980e+00 2.588908e-01 -9.514225e-01 -5.988302e-01 2.038731e-02 -1.406256e-01 4.075036e-01 -6.267543e-01 -5.878968e-01 1.088143e-01
<VARIANCE> 25
 1.880750e+01 3.478110e+01 4.115574e+01 5.899852e+01 3.963999e+01 5.604196e+01 4.834954e+01 4.228177e+01 4.721818e+01 4.329872e+01 3.427649e+01 3.136447e+01 3.729995e+00 3.484285e+00 7.333848e+00 5.782223e+00 5.205269e+00 5.618761e+00 4.711885e+00 4.727632e+00 4.728797e+00 5.061838e+00 3.834526e+00 3.660486e+00 5.038348e-03
<GCONST> 1.034745e+02
<MIXTURE> 36 1.093293e-02
<MEAN> 25
 4.652602e+00 -4.820169e+00 9.522185e+00 2.343911e+00 -1.073643e+01 -8.043879e+00 -6.521640e+00 4.246057e+00 -1.510029e+00 -3.761721e+00 3.833211e+00 8.431009e-01 4.862279e-01 2.219195e-01 -1.327368e+00 -1.884795e-02 9.975561e-01 3.867621e-01 -7.009212e-01 -3.405063e-01 5.181524e-01 4.191146e-01 -2.071261e-01 -5.099996e-01 -1.855880e-02
<VARIANCE> 25
 7.714697e+00 1.181376e+01 3.223798e+01 2.554751e+01 2.505237e+01 2.812299e+01 3.401490e+01 3.132586e+01 2.757412e+01 2.236430e+01 1.726581e+01 2.159254e+01 4.109985e-01 5.700132e-01 1.762055e+00 1.587872e+00 1.323176e+00 1.977354e+00 1.755392e+00 1.991372e+00 1.847751e+00 1.652016e+00 9.338548e-01 2.128306e+00 5.585607e-04
<GCONST> 7.915086e+01
<MIXTURE> 37 1.246826e-02
<MEAN> 25
 5.890725e-01 7.772778e+00 1.195447e+01 -5.518008e+00 -7.965783e+00 -1.054335e+00 -5.033448e+00 -8.258475e+00 -3.709195e+00 -8.883659e-01 -3.570719e+00 -1.262842e+00 1.716512e-01 6.601914e-01 -1.359970e+00 3.559107e+00 1.994635e+00 -2.947812e-01 1.080042e+00 4.214034e-01 5.453585e-01 -3.132529e-01 5.204480e-01 -9.223910e-02 -9.458088e-02
<VARIANCE> 25
 1.617339e+01 2.592395e+01 3.198165e+01 5.106103e+01 3.408126e+01 3.172252e+01 4.382091e+01 3.513932e+01 3.858535e+01 3.582299e+01 3.827271e+01 3.063530e+01 2.949207e+00 3.399298e+00 2.993177e+00 4.137198e+00 4.577924e+00 3.728264e+00 4.177172e+00 3.799217e+00 3.446630e+00 3.612224e+00 3.863991e+00 2.769320e+00 3.897469e-03
<GCONST> 9.777487e+01
<MIXTURE> 38 1.154525e-02
<MEAN> 25
 -4.566185e+00 8.824883e+00 5.421661e+00 3.193727e+00 1.040545e+00 -5.027446e+00 -2.035537e-01 -2.820760e+00 -3.243986e+00 -2.896380e+00 -1.388008e+00 -1.251916e-01 -4.451121e+00 1.134443e+00 -4.679554e-01 1.169981e+00 2.518000e+00 1.193750e+00 1.671599e+00 6.793005e-01 8.163526e-01 8.371750e-01 8.000149e-01 3.147687e-01 4.311971e-02
<VARIANCE> 25
 2.946474e+01 2.730197e+01 4.384099e+01 3.035471e+01 4.540850e+01 3.324781e+01 3.528497e+01 3.849779e+01 3.338079e+01 3.068652e+01 2.226373e+01 2.776365e+01 2.224639e+00 3.796638e+00 3.903339e+00 5.375830e+00 3.871942e+00 4.918106e+00 5.771306e+00 5.046332e+00 4.159486e+00 5.032270e+00 4.340659e+00 2.960623e+00 2.240273e-03
<GCONST> 9.871206e+01
<MIXTURE> 39 9.501865e-03
<MEAN> 25
 1.343742e+00 2.602578e+00 1.021846e+01 -9.216008e+00 -1.129169e+01 -9.888718e-01 -2.964752e+00 -6.567357e+00 -4.527946e+00 8.662041e-01 -3.672235e+00 -2.294448e+00 -7.285193e-01 1.523337e+00 1.624239e+00 -1.388291e+00 8.012818e-02 1.221236e+00 -1.200200e+00 -1.252270e+00 4.307350e-01 4.456310e-01 -5.050935e-01 1.243545e-01 1.274318e-03
<VARIANCE> 25
 8.917993e+00 3.012668e+01 3.165760e+01 3.829498e+01 3.718208e+01 4.267274e+01 4.441218e+01 3.356688e+01 3.943428e+01 3.321936e+01 3.626518e+01 2.942766e+01 6.916408e-01 1.546476e+00 1.516166e+00 2.930952e+00 2.418087e+00 2.825378e+00 3.051546e+00 2.748467e+00 2.435331e+00 2.616751e+00 2.120471e+00 2.070278e+00 1.185984e-03
<GCONST> 8.966898e+01
<MIXTURE> 40 1.030800e-02
<MEAN> 25
 -8.983936e+00 2.382312e+00 -1.670925e+00 7.842246e+00 3.970395e+00 5.345921e+00 5.141330e+00 3.961719e+00 4.633111e+00 4.002290e+00 5.518589e+00 1.871812e+00 -8.221815e-02 -2.215181e-01 -8.196454e-02 -2.380516e-01 -9.126075e-02 -4.653409e-02 1.042298e-01 4.452801e-02 -3.604460e-03 -9.896928e-03 7.067265e-02 5.069495e-02 3.551074e-03
<VARIANCE> 25
 4.191591e+01 2.050053e+01 3.373759e+01 2.778001e+01 2.544088e+01 1.850006e+01 1.888157e+01 1.908092e+01 1.656162e+01 1.844355e+01 1.893939e+01 1.488725e+01 7.089104e-01 7.166187e-01 8.808147e-01 1.052667e+00 1.108093e+00 1.266770e+00 1.331028e+00 1.290546e+00 1.188724e+00 1.184363e+00 1.137716e+00 1.081939e+00 8.306363e-04
<GCONST> 7.653440e+01
<MIXTURE> 41 6.713375e-03
<MEAN> 25
 1.404786e+00 1.689366e+00 1.007560e+01 -6.819243e+00 -1.020928e+01 -3.863868e+00 -2.491055e+00 -4.823212e+00 -4.594524e+00 2.901338e+00 -1.538535e+00 -1.178619e+00 8.630893e-02 -8.933896e-01 1.695614e+00 -3.560559e+00 -2.472498e+00 -1.167803e-01 -4.886899e-01 -2.418715e-01 -7.736340e-01 1.132972e+00 -1.046828e+00 3.329214e-02 8.746286e-02
<VARIANCE> 25
 1.204488e+01 2.908633e+01 3.542926e+01 4.044835e+01 3.911813e+01 3.879257e+01 3.654604e+01 3.032888e+01 3.209081e+01 2.957608e+01 3.228982e+01 2.741376e+01 3.060969e+00 3.622838e+00 3.697367e+00 3.701289e+00 4.754070e+00 5.736396e+00 4.587112e+00 4.723947e+00 3.926820e+00 4.162560e+00 3.846072e+00 3.193830e+00 2.861825e-03
<GCONST> 9.790017e+01
<MIXTURE> 42 1.106211e-02
<MEAN> 25
 -2.880581e+00 4.513628e+00 5.783495e+00 2.351834e+00 8.096421e-01 -6.121325e+00 3.226339e-02 -2.069875e+00 -3.261857e+00 -1.776622e+00 -2.589981e+00 7.692054e-01 4.365995e+00 -7.985684e-01 1.782747e+00 7.206613e-01 -3.326644e+00 -1.619202e+00 -1.885624e+00 -5.422465e-01 -7.423562e-01 -7.685112e-01 8.041988e-01 -5.340885e-01 1.506720e-02
<VARIANCE> 25
 3.623977e+01 1.586777e+01 3.783911e+01 2.068680e+01 3.688928e+01 3.523071e+01 3.419233e+01 2.589251e+01 3.094571e+01 2.312631e+01 1.666446e+01 1.495114e+01 2.978786e+00 4.333446e+00 5.042750e+00 4.542259e+00 4.556118e+00 4.942664e+00 4.700541e+00 4.266100e+00 4.099214e+00 3.703085e+00 3.361542e+00 3.101682e+00 3.449275e-03
<GCONST> 9.620799e+01
<MIXTURE> 43 7.108249e-03
<MEAN> 25
 3.168586e+00 -6.312325e+00 -2.249319e+00 -5.202365e+00 -7.394258e+00 -3.390358e+00 4.130428e+00 1.312700e+00 -5.048567e+00 -7.062058e+00 -4.325086e+00 -1.265964e+00 2.358738e-01 2.162495e+00 1.911455e+00 -1.312072e-01 -1.426887e+00 -7.956380e-01 -9.696676e-01 -7.785158e-01 8.237539e-01 1.466535e+00 3.438640e-01 2.703887e-02 -4.509696e-02
<VARIANCE> 25
 9.590069e+00 1.978475e+01 2.733084e+01 3.523111e+01 3.833559e+01 3.664547e+01 3.327238e+01 3.972612e+01 3.978325e+01 3.910934e+01 2.656227e+01 2.965362e+01 6.906541e-01 1.250698e+00 1.572502e+00 2.490924e+00 2.377011e+00 2.377470e+00 2.648192e+00 3.022414e+00 2.602880e+00 2.574465e+00 2.327129e+00 1.933304e+00 9.410165e-04
<GCONST> 8.798409e+01
<MIXTURE> 44 7.328289e-03
<MEAN> 25
 -1.511168e+01 1.896348e+00 3.510959e+00 -3.123629e+00 3.712330e+00 1.880552e+00 -1.711463e-01 2.315478e+00 1.410714e+00 -8.805130e-01 1.705377e+00 1.863354e+00 -1.656715e-01 -6.798409e-02 2.394541e-01 2.830253e-01 -1.128311e-01 1.879550e-01 4.748120e-01 9.169830e-02 1.260722e-01 9.271900e-02 5.186563e-02 7.677895e-02 5.516261e-03
<VARIANCE> 25
 4.227662e+01 2.809916e+01 3.528735e+01 2.921961e+01 2.970134e+01 2.957860e+01 2.435822e+01 3.231295e+01 2.814198e+01 2.631299e+01 2.626665e+01 2.117411e+01 1.194894e+00 1.666032e+00 1.750219e+00 1.270088e+00 2.122649e+00 1.599802e+00 1.470886e+00 1.591112e+00 1.819412e+00 1.446235e+00 1.323196e+00 1.214240e+00 1.407932e-03
<GCONST> 8.477644e+01
<MIXTURE> 45 1.364932e-02
<MEAN> 25
 -1.177729e+01 5.511198e+00 -1.589162e+00 1.311010e+00 7.409135e+00 1.020181e+00 4.599570e+00 2.396840e+00 1.637362e+00 1.733849e+00 7.389864e-01 2.571369e+00 -2.584589e+00 7.731475e-01 3.269380e-01 -6.316647e-01 4.495580e-01 2.947487e-03 6.197008e-01 8.222927e-01 -4.685178e-01 -2.903208e-01 5.997988e-02 -9.014972e-02 1.126240e-01
<VARIANCE> 25
 2.706396e+01 3.242755e+01 2.343381e+01 3.168556e+01 2.995201e+01 2.462144e+01 2.633325e+01 2.301554e+01 2.740846e+01 1.953372e+01 2.446480e+01 1.153267e+01 1.938181e+00 3.132292e+00 3.168113e+00 2.116550e+00 2.133627e+00 2.187575e+00 2.696389e+00 2.597236e+00 1.951189e+00 1.754027e+00 1.796606e+00 1.324297e+00 3.012746e-03
<GCONST> 8.775546e+01
<MIXTURE> 46 9.336259e-03
<MEAN> 25
 -9.429526e+00 2.344497e+00 1.159405e+00 7.461085e+00 5.946630e+00 3.246087e+00 6.923314e+00 4.283735e+00 5.649592e+00 4.683142e+00 4.944710e+00 2.953891e+00 1.057525e+00 -2.350659e-01 -1.059765e-03 9.830498e-01 6.085464e-01 9.561207e-01 3.882369e-01 6.766360e-01 4.867576e-01 4.804847e-01 6.239404e-01 5.123949e-01 -1.050846e-01
<VARIANCE> 25
 3.406673e+01 4.327292e+01 3.824906e+01 4.986831e+01 5.011940e+01 4.118898e+01 3.791899e+01 3.774666e+01 3.329922e+01 3.083878e+01 2.844961e+01 2.026075e+01 3.883187e+00 4.094174e+00 3.981627e+00 4.099590e+00 4.119726e+00 3.673352e+00 3.349128e+00 3.092497e+00 2.970570e+00 2.881591e+00 2.298429e+00 1.781941e+00 7.898785e-03
<GCONST> 9.831568e+01
<MIXTURE> 47 7.116147e-03
<MEAN> 25
 7.092071e+00 -9.132983e+00 -6.767489e+00 -7.201935e+00 4.606166e-01 2.456494e+00 -1.701346e+00 2.490552e+00 2.608568e+00 1.889303e+00 -4.189467e+00 -7.981136e+00 -9.513345e-02 -1.301216e+00 -8.722578e-01 -1.261925e-01 5.951190e-01 1.106257e+00 9.886878e-01 2.708971e-01 1.719039e-01 -9.232274e-01 -4.683256e-01 -6.496771e-01 2.686921e-02
<VARIANCE> 25
 8.754122e+00 2.677820e+01 2.126518e+01 2.962246e+01 3.237986e+01 5.365271e+01 3.973992e+01 3.727781e+01 3.577090e+01 4.817389e+01 3.865531e+01 3.278813e+01 4.356889e-01 1.024841e+00 1.041087e+00 1.766047e+00 1.621721e+00 2.304884e+00 1.996146e+00 2.006525e+00 1.964975e+00 1.862999e+00 1.852723e+00 1.796837e+00 5.689341e-04
<GCONST> 8.474462e+01
<MIXTURE> 48 7.116147e-03
<MEAN> 25
 7.092071e+00 -9.132983e+00 -6.767489e+00 -7.201935e+00 4.606166e-01 2.456494e+00 -1.701346e+00 2.490552e+00 2.608568e+00 1.889303e+00 -4.189467e+00 -7.981136e+00 -9.513345e-02 -1.301216e+00 -8.722578e-01 -1.261925e-01 5.951190e-01 1.106257e+00 9.886878e-01 2.708971e-01 1.719039e-01 -9.232274e-01 -4.683256e-01 -6.496771e-01 2.686921e-02
<VARIANCE> 25
 8.754122e+00 2.677820e+01 2.126518e+01 2.962246e+01 3.237986e+01 5.365271e+01 3.973992e+01 3.727781e+01 3.577090e+01 4.817389e+01 3.865531e+01 3.278813e+01 4.356889e-01 1.024841e+00 1.041087e+00 1.766047e+00 1.621721e+00 2.304884e+00 1.996146e+00 2.006525e+00 1.964975e+00 1.862999e+00 1.852723e+00 1.796837e+00 5.689341e-04
<GCONST> 8.474462e+01
<MIXTURE> 49 5.548473e-03
<MEAN> 25
 -5.045869e+00 4.600188e-01 -6.375138e-03 8.366715e+00 6.201982e+00 5.615381e+00 6.031084e+00 4.382126e+00 4.980002e+00 3.605340e+00 4.836813e+00 2.916201e+00 3.626029e-01 6.526850e-01 7.055231e-01 3.428421e-01 -2.026130e-01 -6.730629e-01 -1.006624e+00 -1.118599e+00 -9.715998e-01 -7.001142e-01 -5.170307e-01 -2.682440e-01 -5.922533e-05
<VARIANCE> 25
 9.571250e+00 1.061563e+01 1.608220e+01 1.613288e+01 1.587513e+01 1.693731e+01 1.931280e+01 1.991252e+01 1.816260e+01 1.860968e+01 2.096711e+01 1.436393e+01 2.775023e-01 2.602389e-01 3.555361e-01 6.101763e-01 8.617001e-01 9.669865e-01 9.795592e-01 1.039945e+00 1.138134e+00 1.227049e+00 1.304875e+00 1.192578e+00 1.431145e-05
<GCONST> 6.450535e+01
<MIXTURE> 50 6.234641e-03
<MEAN> 25
 -4.458767e+00 9.828658e-01 -2.233082e+00 5.592498e+00 4.829224e+00 2.018085e+00 2.765045e+00 1.175014e+00 2.777213e+00 1.038873e+00 1.579000e+00 2.853135e+00 4.803569e-02 2.041708e-01 1.371988e-01 -1.391708e-01 -4.880707e-01 -5.796524e-01 -3.755826e-01 -1.107533e-01 4.319798e-01 8.158203e-01 8.732330e-01 5.268220e-01 -6.542278e-05
<VARIANCE> 25
 9.688684e+00 1.421597e+01 1.659989e+01 1.619973e+01 1.940085e+01 1.671955e+01 2.165098e+01 2.267398e+01 1.630763e+01 1.694687e+01 2.219161e+01 1.572184e+01 1.326237e-01 2.161393e-01 5.322922e-01 4.819852e-01 5.760338e-01 6.461177e-01 9.710087e-01 1.125680e+00 9.477694e-01 9.583657e-01 9.687467e-01 1.035276e+00 1.051767e-06
<GCONST> 6.025112e+01
<MIXTURE> 51 6.234641e-03
<MEAN> 25
 -4.458767e+00 9.828658e-01 -2.233082e+00 5.592498e+00 4.829224e+00 2.018085e+00 2.765045e+00 1.175014e+00 2.777213e+00 1.038873e+00 1.579000e+00 2.853135e+00 4.803569e-02 2.041708e-01 1.371988e-01 -1.391708e-01 -4.880707e-01 -5.796524e-01 -3.755826e-01 -1.107533e-01 4.319798e-01 8.158203e-01 8.732330e-01 5.268220e-01 -6.542278e-05
<VARIANCE> 25
 9.688684e+00 1.421597e+01 1.659989e+01 1.619973e+01 1.940085e+01 1.671955e+01 2.165098e+01 2.267398e+01 1.630763e+01 1.694687e+01 2.219161e+01 1.572184e+01 1.326237e-01 2.161393e-01 5.322922e-01 4.819852e-01 5.760338e-01 6.461177e-01 9.710087e-01 1.125680e+00 9.477694e-01 9.583657e-01 9.687467e-01 1.035276e+00 1.051767e-06
<GCONST> 6.025112e+01
<MIXTURE> 52 6.367945e-03
<MEAN> 25
 9.929202e+00 2.596889e+00 -5.703943e+00 -1.383231e+01 -4.202647e+00 8.083557e+00 -2.752845e+00 -2.952449e+00 -4.627960e+00 -2.124285e+00 3.664874e+00 8.059326e-01 -3.849817e-01 -3.233055e-01 -1.649096e-01 1.217168e+00 1.381848e+00 -4.802527e-01 -5.314382e-01 -6.379772e-01 2.174685e-01 1.270041e+00 3.689770e-01 -4.881761e-01 -1.649622e-02
<VARIANCE> 25
 9.084821e+00 2.292514e+01 2.699127e+01 3.916523e+01 4.382453e+01 3.108164e+01 4.316663e+01 4.592455e+01 4.119995e+01 4.328728e+01 3.859807e+01 2.792985e+01 4.236728e-01 1.749679e+00 1.343425e+00 2.644669e+00 2.205014e+00 2.076876e+00 2.825614e+00 2.641195e+00 3.338242e+00 2.620229e+00 2.376878e+00 2.178369e+00 1.517899e-03
<GCONST> 8.934975e+01
<MIXTURE> 53 6.367945e-03
<MEAN> 25
 9.929202e+00 2.596889e+00 -5.703943e+00 -1.383231e+01 -4.202647e+00 8.083557e+00 -2.752845e+00 -2.952449e+00 -4.627960e+00 -2.124285e+00 3.664874e+00 8.059326e-01 -3.849817e-01 -3.233055e-01 -1.649096e-01 1.217168e+00 1.381848e+00 -4.802527e-01 -5.314382e-01 -6.379772e-01 2.174685e-01 1.270041e+00 3.689770e-01 -4.881761e-01 -1.649622e-02
<VARIANCE> 25
 9.084821e+00 2.292514e+01 2.699127e+01 3.916523e+01 4.382453e+01 3.108164e+01 4.316663e+01 4.592455e+01 4.119995e+01 4.328728e+01 3.859807e+01 2.792985e+01 4.236728e-01 1.749679e+00 1.343425e+00 2.644669e+00 2.205014e+00 2.076876e+00 2.825614e+00 2.641195e+00 3.338242e+00 2.620229e+00 2.376878e+00 2.178369e+00 1.517899e-03
<GCONST> 8.934975e+01
<MIXTURE> 54 7.368620e-03
<MEAN> 25
 -3.633173e+00 5.534398e-02 -6.902418e-01 8.033248e+00 6.488804e+00 4.622557e+00 4.668570e+00 4.593956e+00 4.055335e+00 3.591338e+00 4.457644e+00 2.332132e+00 -2.030393e-03 2.637806e-02 3.367629e-02 4.744216e-02 5.161818e-02 4.671107e-02 3.973433e-02 2.903928e-02 3.088970e-02 2.419090e-02 1.466543e-02 2.101308e-03 -1.227443e-05
<VARIANCE> 25
 9.131577e+00 1.040651e+01 9.358412e+00 1.818804e+01 1.334372e+01 1.353484e+01 1.202654e+01 1.134479e+01 1.134271e+01 1.354845e+01 1.779311e+01 1.257548e+01 4.086016e-02 8.732823e-02 1.543093e-01 2.264501e-01 3.078442e-01 3.968551e-01 4.615740e-01 5.213048e-01 5.417039e-01 5.220414e-01 5.142558e-01 5.162203e-01 9.994372e-07
<GCONST> 4.727376e+01
<MIXTURE> 55 7.368620e-03
<MEAN> 25
 -3.633173e+00 5.534398e-02 -6.902418e-01 8.033248e+00 6.488804e+00 4.622557e+00 4.668570e+00 4.593956e+00 4.055335e+00 3.591338e+00 4.457644e+00 2.332132e+00 -2.030393e-03 2.637806e-02 3.367629e-02 4.744216e-02 5.161818e-02 4.671107e-02 3.973433e-02 2.903928e-02 3.088970e-02 2.419090e-02 1.466543e-02 2.101308e-03 -1.227443e-05
<VARIANCE> 25
 9.131577e+00 1.040651e+01 9.358412e+00 1.818804e+01 1.334372e+01 1.353484e+01 1.202654e+01 1.134479e+01 1.134271e+01 1.354845e+01 1.779311e+01 1.257548e+01 4.086016e-02 8.732823e-02 1.543093e-01 2.264501e-01 3.078442e-01 3.968551e-01 4.615740e-01 5.213048e-01 5.417039e-01 5.220414e-01 5.142558e-01 5.162203e-01 9.994372e-07
<GCONST> 4.727376e+01
<MIXTURE> 56 6.132464e-03
<MEAN> 25
 7.445531e+00 -8.729831e+00 -9.688577e+00 -7.913616e+00 2.899852e+00 5.361190e+00 -4.947710e-01 -2.147379e-01 2.423080e+00 2.111029e+00 -3.525008e+00 -9.382929e+00 -4.139743e-02 2.174742e-02 -2.217458e-01 -9.066577e-03 3.044564e-01 -4.708546e-02 2.035360e-01 -2.405976e-01 -3.835769e-02 3.970748e-02 -2.389256e-01 -1.656206e-02 -7.592006e-03
<VARIANCE> 25
 7.657478e+00 3.241638e+01 1.883200e+01 3.597326e+01 3.105445e+01 4.859015e+01 6.084590e+01 3.587110e+01 3.279059e+01 3.891045e+01 3.786019e+01 4.301863e+01 1.851087e-01 3.686880e-01 7.465432e-01 8.961952e-01 6.755295e-01 1.012332e+00 8.336486e-01 8.151556e-01 1.005554e+00 9.437308e-01 1.048224e+00 8.110896e-01 2.121327e-04
<GCONST> 7.500819e+01
<MIXTURE> 57 6.132464e-03
<MEAN> 25
 7.445531e+00 -8.729831e+00 -9.688577e+00 -7.913616e+00 2.899852e+00 5.361190e+00 -4.947710e-01 -2.147379e-01 2.423080e+00 2.111029e+00 -3.525008e+00 -9.382929e+00 -4.139743e-02 2.174742e-02 -2.217458e-01 -9.066577e-03 3.044564e-01 -4.708546e-02 2.035360e-01 -2.405976e-01 -3.835769e-02 3.970748e-02 -2.389256e-01 -1.656206e-02 -7.592006e-03
<VARIANCE> 25
 7.657478e+00 3.241638e+01 1.883200e+01 3.597326e+01 3.105445e+01 4.859015e+01 6.084590e+01 3.587110e+01 3.279059e+01 3.891045e+01 3.786019e+01 4.301863e+01 1.851087e-01 3.686880e-01 7.465432e-01 8.961952e-01 6.755295e-01 1.012332e+00 8.336486e-01 8.151556e-01 1.005554e+00 9.437308e-01 1.048224e+00 8.110896e-01 2.121327e-04
<GCONST> 7.500819e+01
<MIXTURE> 58 6.172147e-03
<MEAN> 25
 2.621218e+00 -3.620242e+00 8.380992e+00 -4.756826e+00 -1.355407e+01 -5.594001e+00 1.725686e+00 1.939983e+00 -2.459412e+00 1.262673e+00 9.609798e-01 -5.492564e-01 -5.653610e-02 -1.463311e-01 2.796199e-02 -1.414119e-01 -9.691026e-02 3.006917e-01 3.347914e-01 1.890648e-01 6.467985e-02 8.401850e-03 -7.449899e-03 -1.166439e-01 -2.122941e-03
<VARIANCE> 25
 6.756932e+00 1.629731e+01 2.795110e+01 2.745957e+01 2.141264e+01 4.258273e+01 3.020303e+01 4.291813e+01 2.966268e+01 3.180225e+01 2.249832e+01 1.955141e+01 3.029510e-01 7.446465e-01 8.074546e-01 1.129842e+00 8.743651e-01 1.219350e+00 1.141606e+00 1.218736e+00 1.071430e+00 9.875336e-01 8.786028e-01 8.671789e-01 7.231269e-04
<GCONST> 7.557633e+01
<MIXTURE> 59 6.172147e-03
<MEAN> 25
 2.621218e+00 -3.620242e+00 8.380992e+00 -4.756826e+00 -1.355407e+01 -5.594001e+00 1.725686e+00 1.939983e+00 -2.459412e+00 1.262673e+00 9.609798e-01 -5.492564e-01 -5.653610e-02 -1.463311e-01 2.796199e-02 -1.414119e-01 -9.691026e-02 3.006917e-01 3.347914e-01 1.890648e-01 6.467985e-02 8.401850e-03 -7.449899e-03 -1.166439e-01 -2.122941e-03
<VARIANCE> 25
 6.756932e+00 1.629731e+01 2.795110e+01 2.745957e+01 2.141264e+01 4.258273e+01 3.020303e+01 4.291813e+01 2.966268e+01 3.180225e+01 2.249832e+01 1.955141e+01 3.029510e-01 7.446465e-01 8.074546e-01 1.129842e+00 8.743651e-01 1.219350e+00 1.141606e+00 1.218736e+00 1.071430e+00 9.875336e-01 8.786028e-01 8.671789e-01 7.231269e-04
<GCONST> 7.557633e+01
<MIXTURE> 60 4.479129e-03
<MEAN> 25
 -4.255547e+00 -6.219168e-01 -1.136412e+00 3.690719e+00 1.765036e+00 2.109558e+00 1.625069e+00 1.500871e+00 2.158258e+00 1.241431e+00 2.360832e+00 1.921084e+00 -2.916887e-02 5.665934e-02 9.788389e-02 1.266668e-01 1.270318e-01 1.341377e-01 1.826926e-01 3.240392e-01 5.426608e-01 6.625673e-01 5.570716e-01 3.010201e-01 -4.059384e-04
<VARIANCE> 25
 6.907159e+00 4.772744e+00 1.069687e+01 1.124160e+01 1.366726e+01 1.689733e+01 1.394115e+01 1.200223e+01 1.272717e+01 1.323377e+01 1.597917e+01 1.224188e+01 8.651820e-02 1.690461e-01 2.807402e-01 4.318593e-01 5.840999e-01 7.375358e-01 8.297312e-01 8.943881e-01 9.035220e-01 8.388901e-01 8.379389e-01 8.621404e-01 2.316670e-05
<GCONST> 5.644630e+01
<MIXTURE> 61 4.479129e-03
<MEAN> 25
 -4.255547e+00 -6.219168e-01 -1.136412e+00 3.690719e+00 1.765036e+00 2.109558e+00 1.625069e+00 1.500871e+00 2.158258e+00 1.241431e+00 2.360832e+00 1.921084e+00 -2.916887e-02 5.665934e-02 9.788389e-02 1.266668e-01 1.270318e-01 1.341377e-01 1.826926e-01 3.240392e-01 5.426608e-01 6.625673e-01 5.570716e-01 3.010201e-01 -4.059384e-04
<VARIANCE> 25
 6.907159e+00 4.772744e+00 1.069687e+01 1.124160e+01 1.366726e+01 1.689733e+01 1.394115e+01 1.200223e+01 1.272717e+01 1.323377e+01 1.597917e+01 1.224188e+01 8.651820e-02 1.690461e-01 2.807402e-01 4.318593e-01 5.840999e-01 7.375358e-01 8.297312e-01 8.943881e-01 9.035220e-01 8.388901e-01 8.379389e-01 8.621404e-01 2.316670e-05
<GCONST> 5.644630e+01
<MIXTURE> 62 3.278034e-03
<MEAN> 25
 -5.065552e+00 1.295591e+00 9.336805e-01 8.760560e+00 6.149677e+00 5.061594e+00 5.477550e+00 4.016829e+00 4.964175e+00 3.857227e+00 4.899231e+00 2.934070e+00 -9.969214e-01 -1.161155e+00 -9.552272e-01 -2.730704e-01 4.226866e-01 1.004137e+00 1.387104e+00 1.538182e+00 1.487810e+00 1.249678e+00 1.079920e+00 7.261805e-01 -1.267594e-03
<VARIANCE> 25
 9.852259e+00 1.018575e+01 1.391747e+01 1.694303e+01 1.729417e+01 1.739112e+01 1.959561e+01 1.900950e+01 1.874794e+01 1.895870e+01 2.185635e+01 1.470379e+01 4.024988e-01 4.317392e-01 5.497037e-01 7.738913e-01 1.028617e+00 1.181722e+00 1.242614e+00 1.290784e+00 1.328219e+00 1.356692e+00 1.410284e+00 1.361992e+00 1.620697e-05
<GCONST> 6.756563e+01
<MIXTURE> 63 4.351215e-03
<MEAN> 25
 -3.728375e+00 1.425813e+00 -7.177898e+00 2.414865e+00 5.282573e+00 3.127152e-01 1.369621e+00 -1.319804e+00 2.386124e+00 -1.611207e+00 -1.731137e+00 3.187097e+00 -8.945159e-02 2.869063e-01 2.423035e-01 3.294579e-01 3.670547e-01 3.594421e-01 2.571065e-01 3.031571e-01 1.203378e-01 2.275696e-01 1.939681e-01 -5.574417e-02 -4.375158e-03
<VARIANCE> 25
 5.727688e+00 2.003644e+01 1.689527e+01 1.129517e+01 1.334995e+01 1.855548e+01 1.784782e+01 2.411744e+01 1.850122e+01 1.593889e+01 1.627491e+01 1.196154e+01 2.280176e-01 3.581465e-01 6.135306e-01 6.117495e-01 8.425745e-01 1.114597e+00 1.566162e+00 1.681440e+00 1.076566e+00 1.228224e+00 1.273131e+00 1.322549e+00 1.505401e-04
<GCONST> 6.789569e+01
<MIXTURE> 64 4.351215e-03
<MEAN> 25
 -3.728375e+00 1.425813e+00 -7.177898e+00 2.414865e+00 5.282573e+00 3.127152e-01 1.369621e+00 -1.319804e+00 2.386124e+00 -1.611207e+00 -1.731137e+00 3.187097e+00 -8.945159e-02 2.869063e-01 2.423035e-01 3.294579e-01 3.670547e-01 3.594421e-01 2.571065e-01 3.031571e-01 1.203378e-01 2.275696e-01 1.939681e-01 -5.574417e-02 -4.375158e-03
<VARIANCE> 25
 5.727688e+00 2.003644e+01 1.689527e+01 1.129517e+01 1.334995e+01 1.855548e+01 1.784782e+01 2.411744e+01 1.850122e+01 1.593889e+01 1.627491e+01 1.196154e+01 2.280176e-01 3.581465e-01 6.135306e-01 6.117495e-01 8.425745e-01 1.114597e+00 1.566162e+00 1.681440e+00 1.076566e+00 1.228224e+00 1.273131e+00 1.322549e+00 1.505401e-04
<GCONST> 6.789569e+01
<MIXTURE> 65 1.721197e-02
<MEAN> 25
 8.026608e+00 2.136940e+00 1.956984e+00 6.304105e-01 -5.354402e+00 -4.269635e+00 -5.787707e+00 -6.713931e+00 -3.842079e+00 -2.363557e+00 -5.429047e+00 -1.867371e+00 1.761447e-01 1.331531e-01 3.140541e-03 1.439014e-01 -1.540505e-01 2.791351e-01 -1.063482e-01 -1.714028e-01 1.935655e-01 1.858507e-02 -3.826200e-02 -1.582705e-01 -4.841425e-03
<VARIANCE> 25
 9.883667e+00 1.925406e+01 2.561599e+01 3.704249e+01 3.856817e+01 5.819965e+01 5.835795e+01 5.909791e+01 5.573423e+01 5.777438e+01 5.676866e+01 5.085879e+01 5.545737e-01 9.844485e-01 1.633928e+00 1.807775e+00 2.055448e+00 2.321671e+00 2.293165e+00 2.978372e+00 2.449791e+00 2.490428e+00 2.388053e+00 2.124238e+00 4.301131e-04
<GCONST> 8.960092e+01
<MIXTURE> 66 1.191532e-02
<MEAN> 25
 5.916128e+00 -5.440309e+00 -5.048266e+00 -5.279643e+00 4.337195e-02 -3.877881e+00 -5.799533e+00 1.380732e+00 2.592830e+00 3.741976e-01 -6.208166e+00 -3.987938e+00 -9.415195e-02 1.612620e+00 2.003419e+00 2.684711e+00 -1.117602e+00 -1.254567e+00 -2.892744e-02 -9.149650e-01 -5.603813e-02 -4.216270e-01 2.076156e-01 1.316943e+00 -6.404095e-02
<VARIANCE> 25
 9.784134e+00 2.582841e+01 2.366077e+01 3.266354e+01 3.822363e+01 5.197191e+01 5.124567e+01 3.887319e+01 6.133208e+01 7.897810e+01 3.318114e+01 3.191513e+01 1.074264e+00 2.117660e+00 2.230348e+00 2.732615e+00 3.609468e+00 3.565417e+00 3.706045e+00 4.556779e+00 3.653409e+00 4.534552e+00 3.934720e+00 3.026557e+00 1.299864e-03
<GCONST> 9.542082e+01
<MIXTURE> 67 1.559142e-02
<MEAN> 25
 8.791823e+00 2.588452e+00 -5.654810e+00 -7.960605e+00 6.734290e-01 2.814019e+00 -3.256862e+00 -2.178488e+00 -3.368626e+00 1.109497e+00 4.210007e-01 -1.544381e+00 -1.040698e+00 1.822132e+00 8.291774e-01 3.086932e+00 1.515320e+00 -4.260281e-01 1.223808e+00 -2.108169e-02 2.850643e-01 2.349931e-01 -3.380879e-01 6.096935e-01 -1.247883e-01
<VARIANCE> 25
 1.117673e+01 4.255994e+01 2.949802e+01 5.340714e+01 4.635857e+01 5.061332e+01 5.727184e+01 4.911033e+01 6.301454e+01 5.432176e+01 5.429098e+01 4.404135e+01 2.019337e+00 3.222696e+00 3.633007e+00 4.212019e+00 4.371569e+00 4.301563e+00 4.386467e+00 4.887789e+00 5.354480e+00 4.646019e+00 4.873697e+00 3.492431e+00 3.088707e-03
<GCONST> 1.019630e+02
<MIXTURE> 68 1.485092e-02
<MEAN> 25
 -2.019704e+00 -2.309436e+00 -4.094548e+00 1.264075e+00 5.248775e+00 -6.706163e-01 2.128703e+00 1.814615e+00 2.007669e+00 1.696793e+00 4.843113e-01 1.867029e+00 2.765331e+00 5.436679e-01 1.722255e-02 -2.583236e+00 -2.415999e+00 -1.591415e+00 -2.354640e+00 -1.786869e+00 -1.648211e+00 -1.479334e+00 -1.979247e+00 -1.055825e+00 1.032146e-01
<VARIANCE> 25
 2.598464e+01 3.201875e+01 5.876276e+01 5.258147e+01 4.677715e+01 5.503894e+01 4.523404e+01 4.228291e+01 4.043024e+01 4.349702e+01 3.733578e+01 2.580887e+01 1.868490e+00 3.756209e+00 5.937457e+00 5.863202e+00 4.695440e+00 5.602991e+00 5.767828e+00 4.981646e+00 4.976294e+00 5.259216e+00 5.061570e+00 3.425933e+00 6.134294e-03
<GCONST> 1.036096e+02
<MIXTURE> 69 1.204884e-02
<MEAN> 25
 4.689583e+00 -4.211298e+00 -3.492422e+00 -3.735969e+00 -3.534974e+00 -7.785427e+00 -1.140700e+00 2.249685e+00 -3.868338e-01 -4.392385e+00 -5.548112e+00 7.815826e-01 1.646657e+00 -2.281937e+00 -1.288558e+00 -2.274708e+00 -5.600997e-01 -3.140841e-01 -4.509400e-01 6.630242e-01 -5.963892e-01 -1.387917e+00 -2.216353e+00 -2.005727e-01 6.372232e-02
<VARIANCE> 25
 8.688811e+00 2.147575e+01 2.652426e+01 2.618700e+01 4.194336e+01 3.545477e+01 4.797397e+01 3.105721e+01 3.901733e+01 4.259954e+01 3.133995e+01 2.549530e+01 3.518710e+00 2.955308e+00 3.384251e+00 3.677259e+00 5.707719e+00 4.980508e+00 6.992795e+00 6.056612e+00 5.887473e+00 5.986093e+00 4.274130e+00 3.663091e+00 2.461915e-03
<GCONST> 9.869224e+01
<MIXTURE> 70 1.329190e-02
<MEAN> 25
 7.085145e+00 -1.574834e+00 -3.417308e+00 -3.686369e+00 -6.670164e-01 -1.112158e+00 -6.967607e+00 -3.183745e+00 -8.212774e-02 3.865784e+00 5.863125e-01 -5.176224e+00 1.625580e+00 -1.723439e+00 -4.307919e-01 -2.422448e+00 -1.698661e+00 8.951734e-01 -1.063566e+00 4.191408e-01 3.901186e-01 4.575504e-01 3.018140e-01 -1.514813e+00 6.803443e-02
<VARIANCE> 25
 8.938772e+00 2.286412e+01 2.487453e+01 4.377840e+01 3.206929e+01 3.812339e+01 4.346420e+01 4.132464e+01 4.049914e+01 3.301324e+01 4.107240e+01 2.298077e+01 3.231909e+00 3.910949e+00 4.502553e+00 4.474522e+00 4.555983e+00 6.256745e+00 5.905543e+00 7.190969e+00 5.235283e+00 5.413363e+00 5.748121e+00 3.593546e+00 2.496116e-03
<GCONST> 9.992818e+01
<MIXTURE> 71 1.406903e-02
<MEAN> 25
 6.283719e+00 5.162237e+00 4.077644e+00 3.235789e+00 -3.243809e+00 -3.248563e+00 -3.216427e+00 -6.560111e+00 -4.548677e+00 -2.464839e+00 -5.119136e+00 -3.251246e+00 -1.544238e+00 -7.372239e-01 -1.914882e-01 -1.739568e+00 1.025425e+00 -1.861124e-01 4.472237e-02 1.543042e+00 2.804642e-01 -1.139914e-01 7.044141e-01 1.297539e-01 4.131634e-02
<VARIANCE> 25
 1.921051e+01 2.519678e+01 2.487872e+01 4.423182e+01 4.119639e+01 4.063893e+01 4.324179e+01 4.098144e+01 3.865621e+01 4.368800e+01 3.652917e+01 3.398594e+01 1.749267e+00 3.076170e+00 5.279421e+00 4.805669e+00 4.942048e+00 4.681914e+00 4.776814e+00 5.275069e+00 4.213466e+00 4.170017e+00 3.561266e+00 3.313803e+00 1.405986e-03
<GCONST> 9.864355e+01
<MIXTURE> 72 8.134747e-03
<MEAN> 25
 3.943555e+00 -3.529346e+00 5.621904e+00 -1.824918e+00 -9.899740e+00 -9.648889e+00 -2.321302e+00 2.207205e+00 -4.579824e+00 -2.190052e+00 -1.529228e+00 8.057640e-01 9.706452e-01 -7.011638e-01 -2.578608e+00 4.555174e-01 2.136806e+00 -3.664131e-01 -1.319741e+00 1.442647e+00 1.796132e+00 -6.367090e-01 -1.129376e+00 3.967580e-01 -6.566320e-03
<VARIANCE> 25
 1.055789e+01 1.919949e+01 3.277280e+01 3.969244e+01 3.403526e+01 3.112991e+01 3.917605e+01 3.513860e+01 4.158341e+01 3.773280e+01 3.682395e+01 2.696930e+01 4.121123e-01 1.013332e+00 1.977437e+00 1.421700e+00 2.151899e+00 3.266583e+00 2.864963e+00 2.558084e+00 2.409375e+00 2.762559e+00 2.086638e+00 1.991436e+00 4.999259e-04
<GCONST> 8.670270e+01
<MIXTURE> 73 1.213625e-02
<MEAN> 25
 -5.626255e+00 -7.395305e-01 -1.383765e+00 4.901467e+00 4.262798e+00 2.366906e+00 5.503960e+00 3.388294e+00 4.351344e+00 3.364354e+00 4.212328e+00 3.045480e+00 7.748652e-01 -1.044056e+00 -9.057441e-01 -2.661930e+00 -1.268291e+00 -1.764714e+00 -8.944616e-01 -4.817942e-01 -9.091373e-01 -6.612948e-01 -1.089910e+00 -2.926371e-01 1.545265e-01
<VARIANCE> 25
 1.277078e+01 1.366244e+01 1.605418e+01 2.256637e+01 2.356143e+01 2.481813e+01 2.027421e+01 2.021607e+01 1.766737e+01 1.981149e+01 2.285026e+01 1.584133e+01 4.094453e+00 3.083965e+00 6.045878e+00 4.663283e+00 6.097168e+00 4.538615e+00 4.290988e+00 4.269207e+00 3.868999e+00 4.375846e+00 3.540543e+00 2.673212e+00 4.271612e-03
<GCONST> 9.286196e+01
<MIXTURE> 74 1.756491e-02
<MEAN> 25
 3.748425e+00 -2.363937e+00 6.500073e+00 9.748073e-01 -8.651983e+00 -6.265524e+00 -1.866234e+00 8.366576e-01 -2.603963e+00 -2.236767e+00 -3.682808e-01 3.934071e-01 8.359594e-02 2.057356e+00 -2.168331e-01 1.896110e+00 1.542772e+00 3.435093e-01 -4.059441e-02 -1.626964e+00 2.691474e-01 -2.041377e-01 -4.098228e-01 1.410334e-01 -7.553588e-02
<VARIANCE> 25
 1.012104e+01 2.221452e+01 5.975461e+01 4.143567e+01 3.519007e+01 3.799568e+01 4.104342e+01 4.483418e+01 5.237654e+01 3.967710e+01 3.740206e+01 2.626442e+01 1.620464e+00 2.024746e+00 3.080020e+00 2.990311e+00 3.181876e+00 3.206231e+00 3.960279e+00 3.642841e+00 3.814106e+00 3.926721e+00 2.877678e+00 2.756053e+00 1.499718e-03
<GCONST> 9.509662e+01
<MIXTURE> 75 9.711651e-03
<MEAN> 25
 2.580961e+00 -2.516331e+00 1.295031e+01 2.764605e+00 -1.156532e+01 -8.333490e+00 -3.844235e+00 1.443739e+00 -3.978591e+00 -4.631166e+00 3.636698e+00 1.286335e+00 1.825009e+00 -1.640259e+00 4.302696e-01 -3.761214e-01 -2.324880e+00 -8.124998e-01 -1.278243e+00 1.189132e+00 -1.247069e-01 -2.970159e-01 1.211772e+00 2.475968e-02 4.114750e-02
<VARIANCE> 25
 8.301278e+00 1.597728e+01 3.367708e+01 2.781777e+01 2.104712e+01 2.727714e+01 2.485670e+01 2.927634e+01 3.006474e+01 2.496150e+01 1.537820e+01 2.054145e+01 2.517103e+00 2.089902e+00 4.085545e+00 2.242325e+00 4.651231e+00 3.674550e+00 3.288137e+00 2.446025e+00 4.059408e+00 2.565943e+00 2.143996e+00 2.463355e+00 1.217543e-03
<GCONST> 8.909098e+01
<MIXTURE> 76 1.052359e-02
<MEAN> 25
 -5.703301e+00 2.615004e-01 -4.194552e+00 3.567542e+00 4.898129e+00 2.051508e+00 3.469744e+00 9.020960e-01 2.435110e+00 -2.126023e-01 1.015603e+00 3.015885e+00 -2.821142e-02 -4.902808e-01 -1.953705e-01 -6.166303e-01 -5.770046e-01 -7.647874e-01 -6.138554e-01 -2.850756e-01 -4.357884e-01 -4.625594e-01 -2.948821e-01 -2.420882e-01 1.620208e-02
<VARIANCE> 25
 3.442990e+01 3.315925e+01 3.237381e+01 2.442610e+01 2.697455e+01 2.577338e+01 2.412920e+01 2.757642e+01 2.032492e+01 2.284619e+01 2.460581e+01 1.960637e+01 9.273896e-01 1.136895e+00 1.522906e+00 1.197173e+00 1.414593e+00 1.493513e+00 1.529330e+00 1.774692e+00 1.491071e+00 1.465950e+00 1.457348e+00 1.272992e+00 1.178717e-03
<GCONST> 8.208086e+01
<MIXTURE> 77 1.244626e-02
<MEAN> 25
 -4.463889e-01 8.580884e+00 1.244276e+01 -1.162102e+01 -7.008832e+00 9.605667e-01 -9.266305e+00 -7.222254e+00 -3.396592e+00 -2.085851e-01 -4.634810e+00 -1.484270e+00 6.766460e-02 1.427958e-01 7.293439e-02 2.526485e-01 -2.048599e-02 7.432174e-02 -6.319186e-02 -5.963707e-02 8.614299e-02 -4.250789e-02 2.640953e-02 1.193517e-01 -9.986327e-03
<VARIANCE> 25
 1.057985e+01 2.003404e+01 2.763720e+01 4.147034e+01 3.311319e+01 3.372261e+01 3.671707e+01 3.181619e+01 3.530190e+01 3.319297e+01 3.768657e+01 3.486621e+01 2.982145e-01 7.875174e-01 6.447739e-01 1.085086e+00 1.236547e+00 9.891492e-01 1.221620e+00 1.073499e+00 1.047838e+00 1.068638e+00 9.694864e-01 9.207280e-01 5.407392e-04
<GCONST> 7.781933e+01
<MIXTURE> 78 9.702551e-03
<MEAN> 25
 -1.099496e+01 1.887605e+00 -1.191023e+00 1.732068e+00 4.720371e+00 -2.785286e+00 2.395612e+00 -6.257490e-01 2.019006e+00 1.965907e+00 -7.649251e-01 3.416670e+00 2.153085e+00 -2.468464e-01 -6.837991e-01 4.087878e-01 1.940471e-01 4.476927e-01 -2.436815e-01 7.301843e-02 5.824591e-01 -2.004973e-01 -4.331808e-01 -5.086982e-01 -6.931282e-02
<VARIANCE> 25
 3.638999e+01 2.643325e+01 2.915985e+01 2.601269e+01 3.078293e+01 3.384409e+01 3.218069e+01 5.150867e+01 2.617243e+01 3.250821e+01 2.091889e+01 1.788258e+01 4.092256e+00 2.024745e+00 4.137558e+00 2.512779e+00 2.389548e+00 3.490567e+00 2.603553e+00 2.580266e+00 2.528226e+00 2.355931e+00 1.835704e+00 1.707442e+00 3.955507e-03
<GCONST> 9.235593e+01
<MIXTURE> 79 1.156824e-02
<MEAN> 25
 2.479202e+00 1.618531e+00 9.152872e+00 -6.633153e+00 -1.203030e+01 -1.778628e+00 -1.921733e+00 -6.382730e+00 -6.618406e+00 2.546340e-01 -3.405702e+00 -3.257701e+00 1.205106e+00 -4.909276e-01 -1.422709e+00 2.340829e+00 3.901569e-01 -1.472999e+00 5.327497e-01 8.809016e-01 -4.046352e-01 -5.173951e-01 3.587530e-01 2.865448e-01 -3.639416e-02
<VARIANCE> 25
 1.434984e+01 2.422285e+01 3.781961e+01 4.969367e+01 3.317387e+01 4.310228e+01 4.232805e+01 3.702008e+01 3.888349e+01 3.969094e+01 4.431010e+01 3.042976e+01 9.531015e-01 2.326513e+00 1.880158e+00 2.083121e+00 2.450056e+00 2.782832e+00 3.163797e+00 3.512118e+00 2.560806e+00 2.756413e+00 2.290411e+00 2.010634e+00 1.217258e-03
<GCONST> 9.176664e+01
<MIXTURE> 80 7.550998e-03
<MEAN> 25
 -1.457232e+01 4.044952e+00 1.009427e+00 2.660059e+00 2.765252e+00 1.457533e+00 6.397123e+00 2.588803e+00 2.129200e+00 2.200673e+00 4.545539e+00 1.140610e+00 4.263277e+00 -9.984549e-02 1.653917e+00 -1.050163e+00 -2.938424e+00 -2.778229e+00 -2.294631e+00 -1.967597e+00 -1.920529e+00 -1.638241e+00 -1.568027e+00 -5.636023e-01 -4.237934e-02
<VARIANCE> 25
 2.017824e+01 1.927043e+01 3.558701e+01 3.438984e+01 3.147164e+01 2.831304e+01 2.723609e+01 2.847379e+01 3.469114e+01 2.840603e+01 2.804004e+01 1.748849e+01 2.314744e+00 2.739318e+00 2.579310e+00 4.141818e+00 3.376772e+00 2.601755e+00 2.926996e+00 3.151118e+00 2.722971e+00 2.649656e+00 2.844100e+00 2.122688e+00 1.534291e-03
<GCONST> 9.145894e+01
<MIXTURE> 81 8.025434e-03
<MEAN> 25
 -1.118470e+00 4.067386e+00 1.018035e+01 -1.480503e+01 -9.081046e+00 -1.422584e+00 -6.767682e+00 -8.426423e+00 -4.151809e+00 -4.162732e-01 -7.575092e+00 -2.247007e+00 1.339288e-01 -5.872399e-01 -2.683856e-03 -5.564261e-01 -4.640603e-01 3.351591e-01 3.198639e-01 1.369591e-01 -1.403460e-01 1.066557e-01 -4.694842e-01 -1.252781e-01 1.151134e-02
<VARIANCE> 25
 1.015369e+01 3.280725e+01 2.644841e+01 2.925943e+01 3.370353e+01 3.052380e+01 4.544750e+01 2.825572e+01 3.799508e+01 3.189041e+01 2.530080e+01 3.105209e+01 7.722403e-01 2.277570e+00 1.545999e+00 2.872776e+00 2.663340e+00 2.126251e+00 3.280969e+00 2.287973e+00 2.355647e+00 2.539275e+00 2.298667e+00 2.078623e+00 1.183470e-03
<GCONST> 8.868581e+01
<MIXTURE> 82 8.213053e-03
<MEAN> 25
 -1.040527e+01 -3.619276e+00 9.913607e-01 -4.407564e+00 3.204029e+00 -8.958438e-02 2.649394e+00 1.548838e+00 3.078633e+00 2.618891e+00 1.209875e+00 2.850379e+00 -1.446797e+00 -2.478102e-01 6.116045e-01 -2.587148e+00 -1.205065e+00 -1.484392e+00 -9.580781e-01 -5.631414e-01 -2.430386e-01 -6.255617e-02 -3.162185e-01 -3.757908e-01 1.688620e-01
<VARIANCE> 25
 1.657912e+01 2.192201e+01 2.991072e+01 3.739066e+01 2.845329e+01 3.086123e+01 2.923241e+01 3.019310e+01 2.644902e+01 2.699988e+01 2.768289e+01 1.555242e+01 3.301890e+00 2.847616e+00 3.338457e+00 2.930533e+00 3.134104e+00 3.097421e+00 2.631766e+00 3.052087e+00 2.413555e+00 3.207857e+00 2.101931e+00 2.041232e+00 3.475086e-03
<GCONST> 9.177798e+01
<MIXTURE> 83 1.167529e-02
<MEAN> 25
 -1.988462e+01 5.600307e+00 -1.485755e+00 -4.827166e-01 7.959003e+00 -1.186688e+00 5.365061e+00 3.186284e+00 9.756852e-01 2.015859e+00 6.555657e-01 2.755817e+00 2.200213e-03 -4.975970e-01 8.468508e-02 -3.477725e-01 -5.298353e-01 -1.624119e-01 -1.482233e-01 -1.017360e-01 -9.887878e-02 -5.504932e-02 -2.542607e-02 -5.680921e-02 5.595195e-03
<VARIANCE> 25
 9.275062e+00 1.628351e+01 3.059690e+01 2.200391e+01 2.119139e+01 2.361035e+01 2.219327e+01 2.359109e+01 2.124867e+01 2.247910e+01 2.261232e+01 1.492749e+01 1.113215e+00 9.774151e-01 1.414503e+00 1.042816e+00 1.377555e+00 1.332125e+00 1.284065e+00 1.368477e+00 1.433815e+00 1.277228e+00 1.186692e+00 1.052294e+00 9.391992e-04
<GCONST> 7.744366e+01
<MIXTURE> 84 1.066614e-02
<MEAN> 25
 8.147439e-01 8.791937e+00 7.441961e+00 7.616430e+00 2.734893e+00 -1.101987e+00 -1.245866e+00 -4.581379e+00 -4.190498e+00 -2.684557e+00 -2.189912e+00 -1.252360e+00 -1.812775e+00 -1.052851e+00 -1.305713e+00 1.122934e+00 2.248937e+00 1.406363e+00 1.236029e+00 1.061933e+00 1.181291e+00 4.743441e-01 2.996140e-01 3.918052e-01 -6.960314e-02
<VARIANCE> 25
 2.653253e+01 1.812831e+01 2.490443e+01 2.424995e+01 2.759149e+01 2.689612e+01 2.785597e+01 2.604802e+01 2.509389e+01 2.530169e+01 2.274718e+01 2.416736e+01 2.273865e+00 2.628416e+00 3.721672e+00 3.455719e+00 3.062298e+00 3.492686e+00 3.648089e+00 3.810851e+00 3.252334e+00 3.338638e+00 3.466126e+00 2.642215e+00 3.365228e-03
<GCONST> 9.273495e+01
<MIXTURE> 85 7.591393e-03
<MEAN> 25
 -3.133284e+00 7.878415e+00 5.735849e+00 1.280667e+00 -3.456789e+00 -5.316231e+00 -2.954680e+00 -6.100820e+00 -3.568263e+00 -3.185739e+00 -4.923345e-01 -1.890930e+00 3.946861e+00 3.151307e-01 1.760606e+00 -2.075186e+00 -3.419874e+00 -2.585293e+00 -2.879132e+00 -2.333213e+00 -2.243109e+00 -1.262761e+00 -2.288326e+00 -6.090968e-01 9.255821e-03
<VARIANCE> 25
 4.250596e+01 2.338570e+01 3.636282e+01 3.808417e+01 3.997757e+01 4.117139e+01 3.226973e+01 2.795291e+01 2.677823e+01 2.603315e+01 2.618793e+01 2.051471e+01 2.697378e+00 4.337024e+00 4.050359e+00 5.232121e+00 4.407297e+00 3.866498e+00 3.858280e+00 3.988938e+00 3.850473e+00 4.026886e+00 3.978706e+00 3.482383e+00 5.425837e-03
<GCONST> 9.836187e+01
<MIXTURE> 86 1.273941e-02
<MEAN> 25
 -4.957223e+00 -1.161507e+00 -8.751204e-01 6.311068e+00 5.032194e+00 4.652845e+00 5.300083e+00 4.557355e+00 4.680248e+00 3.902294e+00 5.304010e+00 2.691962e+00 -6.143600e-03 -9.095381e-03 -4.257864e-02 -6.596837e-02 -1.179387e-01 -1.814023e-01 -2.646456e-01 -3.283806e-01 -3.554609e-01 -3.199684e-01 -2.288959e-01 -1.009113e-01 -5.074466e-04
<VARIANCE> 25
 7.880484e+00 5.922403e+00 1.083247e+01 1.231549e+01 1.579920e+01 1.430739e+01 1.349944e+01 1.300234e+01 1.316153e+01 1.417453e+01 1.441696e+01 1.272184e+01 9.934169e-02 1.917018e-01 3.193325e-01 4.805778e-01 6.324390e-01 7.318232e-01 7.400689e-01 7.619134e-01 8.263385e-01 8.788686e-01 9.061384e-01 9.019788e-01 5.334602e-05
<GCONST> 5.817353e+01
<MIXTURE> 87 1.100681e-02
<MEAN> 25
 -3.889118e+00 4.611243e+00 3.630981e+00 6.683539e+00 5.243090e+00 5.181856e-01 1.599750e+00 -2.161654e+00 -1.181282e+00 -3.146783e-01 -8.674524e-01 1.510617e-01 -2.167364e+00 -2.535406e+00 -1.887364e+00 -2.099475e+00 -7.096485e-02 -4.503859e-01 2.834640e-01 8.940870e-01 1.259960e+00 1.517060e+00 7.658166e-01 6.683695e-01 8.923141e-02
<VARIANCE> 25
 3.910709e+01 2.430269e+01 3.943506e+01 2.837683e+01 2.470541e+01 3.117785e+01 2.554701e+01 3.002762e+01 2.457656e+01 2.473057e+01 2.155045e+01 2.510133e+01 3.526840e+00 2.591166e+00 4.800554e+00 3.271887e+00 4.688888e+00 3.860398e+00 4.007549e+00 4.559833e+00 3.141322e+00 3.647074e+00 3.221595e+00 2.814776e+00 5.395651e-03
<GCONST> 9.600578e+01
<MIXTURE> 88 1.256585e-02
<MEAN> 25
 -4.283445e+00 2.839989e-01 -2.458630e+00 4.611090e+00 4.858502e+00 3.640174e+00 3.842616e+00 1.131625e+00 3.778690e+00 1.488970e+00 2.128293e+00 3.325374e+00 5.156953e-02 3.448257e-01 -2.118110e-01 3.465909e-01 4.217940e-01 4.033037e-01 1.846724e-01 -9.517628e-02 -3.549562e-01 -4.203512e-01 -3.263218e-01 5.917047e-02 -1.336932e-02
<VARIANCE> 25
 7.262358e+00 1.056346e+01 1.729062e+01 1.403937e+01 1.835915e+01 1.872251e+01 1.879245e+01 2.439972e+01 1.716178e+01 1.812102e+01 2.101803e+01 2.233904e+01 1.064707e+00 1.578787e+00 2.477195e+00 1.897757e+00 2.410864e+00 2.281719e+00 2.390179e+00 2.222310e+00 2.111179e+00 2.080840e+00 2.254757e+00 2.472143e+00 1.533691e-03
<GCONST> 8.179845e+01
<MIXTURE> 89 9.333527e-03
<MEAN> 25
 6.037917e+00 -6.903205e+00 -3.570346e+00 -3.300283e+00 -1.655583e+00 -5.452101e+00 -6.000553e+00 4.095741e+00 3.505410e+00 -2.604218e+00 -6.065496e+00 -3.393755e+00 -5.751147e-01 1.586125e-01 1.985876e+00 8.979737e-01 -1.851911e+00 -1.635368e+00 8.519093e-01 1.236474e+00 -7.496929e-01 -1.285714e+00 4.099392e-01 1.560726e+00 -5.337853e-03
<VARIANCE> 25
 8.971144e+00 2.668431e+01 3.064727e+01 3.101565e+01 3.571363e+01 4.227514e+01 5.967978e+01 4.153391e+01 3.860976e+01 4.450655e+01 3.537376e+01 3.271164e+01 3.497380e-01 8.327315e-01 1.451144e+00 1.308784e+00 1.910206e+00 2.106501e+00 2.601272e+00 2.071975e+00 2.316806e+00 2.158087e+00 2.300507e+00 1.494359e+00 3.763103e-04
<GCONST> 8.536385e+01
<MIXTURE> 90 7.114505e-03
<MEAN> 25
 2.448828e+00 -9.725676e+00 -4.755750e+00 -3.979474e+00 -3.383293e+00 -1.811540e+00 3.367038e+00 1.181563e+00 -7.531855e+00 -1.021459e+01 -3.430618e+00 -7.419188e-01 -1.636524e-01 9.091114e-01 1.168983e+00 -8.540748e-01 -1.612952e+00 -2.122068e-01 6.443747e-01 -2.099416e-01 -1.687734e-01 7.369598e-01 1.830005e-01 -5.500481e-01 -1.115196e-02
<VARIANCE> 25
 8.492462e+00 1.779275e+01 1.981199e+01 2.802377e+01 3.683564e+01 3.219701e+01 3.851997e+01 3.640073e+01 3.521669e+01 2.773102e+01 2.700233e+01 2.617914e+01 2.237156e-01 6.126487e-01 7.866630e-01 1.042781e+00 1.469913e+00 1.591850e+00 1.781376e+00 1.654354e+00 1.810127e+00 1.678319e+00 1.495176e+00 1.308447e+00 2.150008e-04
<GCONST> 7.813619e+01
<MIXTURE> 91 7.852945e-03
<MEAN> 25
 6.090544e+00 -9.112072e+00 -8.483777e+00 -6.125636e+00 2.605761e+00 1.288692e+00 -8.166488e-01 1.581107e+00 1.577561e+00 -5.324096e-01 -5.724737e+00 -7.485892e+00 8.422583e-02 9.902490e-01 4.188039e-01 2.283448e-01 -2.187731e-01 -6.950905e-01 -5.480089e-01 -6.096885e-02 1.661121e-01 5.049384e-01 -8.061732e-02 4.541031e-01 -3.476931e-02
<VARIANCE> 25
 8.813684e+00 2.572410e+01 1.698248e+01 3.579972e+01 3.425564e+01 5.212808e+01 5.010305e+01 3.517612e+01 4.524236e+01 6.928934e+01 3.271786e+01 5.095020e+01 4.695375e-01 7.596896e-01 1.216593e+00 1.437502e+00 1.850422e+00 1.975736e+00 2.032043e+00 2.028986e+00 2.137780e+00 1.888889e+00 1.672988e+00 2.002192e+00 4.874389e-04
<GCONST> 8.543118e+01
<MIXTURE> 92 7.852945e-03
<MEAN> 25
 6.090544e+00 -9.112072e+00 -8.483777e+00 -6.125636e+00 2.605761e+00 1.288692e+00 -8.166488e-01 1.581107e+00 1.577561e+00 -5.324096e-01 -5.724737e+00 -7.485892e+00 8.422583e-02 9.902490e-01 4.188039e-01 2.283448e-01 -2.187731e-01 -6.950905e-01 -5.480089e-01 -6.096885e-02 1.661121e-01 5.049384e-01 -8.061732e-02 4.541031e-01 -3.476931e-02
<VARIANCE> 25
 8.813684e+00 2.572410e+01 1.698248e+01 3.579972e+01 3.425564e+01 5.212808e+01 5.010305e+01 3.517612e+01 4.524236e+01 6.928934e+01 3.271786e+01 5.095020e+01 4.695375e-01 7.596896e-01 1.216593e+00 1.437502e+00 1.850422e+00 1.975736e+00 2.032043e+00 2.028986e+00 2.137780e+00 1.888889e+00 1.672988e+00 2.002192e+00 4.874389e-04
<GCONST> 8.543118e+01
<MIXTURE> 93 6.122769e-03
<MEAN> 25
 -6.819194e+00 -9.467901e-01 -2.428524e+00 5.784494e+00 5.914089e+00 3.924248e+00 6.116026e+00 3.589144e+00 4.122692e+00 2.501202e+00 1.814682e+00 3.708803e+00 -6.134975e-02 -1.542632e-01 -2.584102e-01 -3.327554e-01 -3.338316e-01 -2.852660e-01 -2.194082e-01 -1.781768e-01 -1.682711e-01 -1.526160e-01 -1.068852e-01 -3.288555e-02 -2.858051e-06
<VARIANCE> 25
 9.085988e+00 6.091801e+00 8.418956e+00 1.141032e+01 1.148425e+01 1.595303e+01 1.527492e+01 1.654901e+01 1.472357e+01 1.452708e+01 1.675421e+01 1.343059e+01 8.253646e-02 1.530306e-01 2.635546e-01 3.801508e-01 4.965325e-01 6.412059e-01 7.791911e-01 8.930079e-01 9.162190e-01 8.761073e-01 8.941678e-01 9.193012e-01 1.003317e-06
<GCONST> 5.364297e+01
<MIXTURE> 94 6.122769e-03
<MEAN> 25
 -6.819194e+00 -9.467901e-01 -2.428524e+00 5.784494e+00 5.914089e+00 3.924248e+00 6.116026e+00 3.589144e+00 4.122692e+00 2.501202e+00 1.814682e+00 3.708803e+00 -6.134975e-02 -1.542632e-01 -2.584102e-01 -3.327554e-01 -3.338316e-01 -2.852660e-01 -2.194082e-01 -1.781768e-01 -1.682711e-01 -1.526160e-01 -1.068852e-01 -3.288555e-02 -2.858051e-06
<VARIANCE> 25
 9.085988e+00 6.091801e+00 8.418956e+00 1.141032e+01 1.148425e+01 1.595303e+01 1.527492e+01 1.654901e+01 1.472357e+01 1.452708e+01 1.675421e+01 1.343059e+01 8.253646e-02 1.530306e-01 2.635546e-01 3.801508e-01 4.965325e-01 6.412059e-01 7.791911e-01 8.930079e-01 9.162190e-01 8.761073e-01 8.941678e-01 9.193012e-01 1.003317e-06
<GCONST> 5.364297e+01
<MIXTURE> 95 5.258835e-03
<MEAN> 25
 -5.330738e+00 3.810323e-01 -3.534862e+00 4.379525e+00 4.829594e+00 2.966259e+00 3.775362e+00 7.772935e-01 2.414085e+00 2.917162e-01 8.048417e-01 3.194080e+00 1.434657e-01 1.797828e-01 1.802193e-01 -1.257973e-01 -3.918319e-01 -7.223973e-01 -1.027995e+00 -1.239746e+00 -1.340708e+00 -1.094589e+00 -7.753200e-01 -2.490900e-01 -4.666482e-04
<VARIANCE> 25
 9.892183e+00 1.156851e+01 2.144330e+01 1.249309e+01 1.419097e+01 1.635055e+01 1.739210e+01 1.874758e+01 1.459810e+01 1.527472e+01 1.829220e+01 1.458344e+01 1.885588e-01 2.584026e-01 4.684807e-01 5.832136e-01 7.187256e-01 8.198848e-01 7.934117e-01 8.457939e-01 9.949646e-01 9.949635e-01 1.162135e+00 9.889280e-01 3.920616e-05
<GCONST> 6.324049e+01
<MIXTURE> 96 7.034694e-03
<MEAN> 25
 -4.827940e+00 3.751635e-01 -3.147779e+00 4.780619e+00 4.504368e+00 1.550282e+00 2.722396e+00 9.646321e-01 2.523762e+00 4.340424e-01 8.884827e-01 3.138217e+00 -2.345276e-02 7.591273e-02 1.940501e-01 3.773995e-01 5.184726e-01 4.826994e-01 3.128745e-01 4.046107e-02 -4.447038e-01 -6.499768e-01 -6.058701e-01 -4.180609e-01 -7.078074e-05
<VARIANCE> 25
 1.028623e+01 1.358540e+01 1.730129e+01 1.451925e+01 1.680646e+01 1.853650e+01 2.122856e+01 2.249767e+01 1.897728e+01 1.757744e+01 2.069309e+01 1.496679e+01 1.081601e-01 2.007292e-01 3.410469e-01 3.693019e-01 4.536377e-01 6.370813e-01 8.277979e-01 1.227996e+00 9.524739e-01 8.111270e-01 8.238804e-01 9.637784e-01 1.024551e-06
<GCONST> 5.846210e+01
<MIXTURE> 97 7.034694e-03
<MEAN> 25
 -4.827940e+00 3.751635e-01 -3.147779e+00 4.780619e+00 4.504368e+00 1.550282e+00 2.722396e+00 9.646321e-01 2.523762e+00 4.340424e-01 8.884827e-01 3.138217e+00 -2.345276e-02 7.591273e-02 1.940501e-01 3.773995e-01 5.184726e-01 4.826994e-01 3.128745e-01 4.046107e-02 -4.447038e-01 -6.499768e-01 -6.058701e-01 -4.180609e-01 -7.078074e-05
<VARIANCE> 25
 1.028623e+01 1.358540e+01 1.730129e+01 1.451925e+01 1.680646e+01 1.853650e+01 2.122856e+01 2.249767e+01 1.897728e+01 1.757744e+01 2.069309e+01 1.496679e+01 1.081601e-01 2.007292e-01 3.410469e-01 3.693019e-01 4.536377e-01 6.370813e-01 8.277979e-01 1.227996e+00 9.524739e-01 8.111270e-01 8.238804e-01 9.637784e-01 1.024551e-06
<GCONST> 5.846210e+01
<MIXTURE> 98 9.917808e-03
<MEAN> 25
 -1.559502e+00 1.308076e+00 -6.011892e-01 4.524081e+00 3.883144e+00 2.443668e+00 2.707890e+00 1.068109e+00 1.966984e+00 8.785651e-01 7.139468e-01 1.247902e+00 -1.709316e+00 -1.314173e+00 -1.003082e+00 1.115693e-01 6.267861e-01 8.177535e-01 1.283138e+00 1.394172e+00 1.574375e+00 1.074459e+00 1.236824e+00 9.039035e-01 -3.342821e-02
<VARIANCE> 25
 1.337239e+01 1.973466e+01 3.241838e+01 3.028200e+01 4.007023e+01 3.689056e+01 3.449196e+01 3.087390e+01 2.709385e+01 2.784358e+01 2.624878e+01 2.596536e+01 1.398576e+00 1.746948e+00 2.322753e+00 2.257332e+00 2.873097e+00 2.777355e+00 2.755705e+00 2.793856e+00 2.563209e+00 2.959163e+00 2.750219e+00 2.207629e+00 2.397660e-03
<GCONST> 9.029603e+01
<MIXTURE> 99 6.696178e-03
<MEAN> 25
 -6.230181e+00 9.979031e+00 5.876003e+00 3.199157e+00 1.953235e+00 -4.311394e+00 -1.584271e+00 -3.684314e+00 -3.314042e+00 -3.625064e+00 -1.548086e+00 1.987034e-01 4.927804e-01 -9.120331e-01 4.345215e-01 -2.859571e-01 -1.105371e+00 -5.952811e-01 -4.004466e-01 -2.127447e-01 -2.900208e-01 -1.048221e-02 2.669068e-01 -2.940864e-02 1.191107e-02
<VARIANCE> 25
 4.285462e+01 2.323205e+01 5.412207e+01 2.972464e+01 3.804309e+01 3.686691e+01 2.586548e+01 3.229110e+01 2.530758e+01 2.505692e+01 1.833044e+01 2.685274e+01 2.176911e+00 1.927857e+00 1.690007e+00 1.612607e+00 2.525092e+00 1.943179e+00 1.530578e+00 1.566504e+00 1.698504e+00 1.517369e+00 1.207628e+00 1.434444e+00 1.476708e-03
<GCONST> 8.673862e+01
<MIXTURE> 100 4.498084e-03
<MEAN> 25
 -1.597746e+00 6.344009e+00 1.027726e+01 -7.459352e+00 -1.078002e+01 -5.077083e+00 -4.938103e+00 -9.968075e+00 -4.718768e+00 -8.556015e-01 -2.733801e+00 -2.708435e+00 2.918898e+00 -1.260568e+00 1.299481e+00 -2.183945e+00 -3.419258e+00 -7.846379e-01 -1.218107e+00 -8.188887e-01 -1.475102e+00 3.463305e-01 -1.654352e+00 -2.860114e-01 2.031880e-03
<VARIANCE> 25
 1.362559e+01 2.105356e+01 2.245400e+01 2.645045e+01 2.302234e+01 2.372236e+01 2.913740e+01 2.170147e+01 2.747335e+01 2.264489e+01 2.240426e+01 2.133370e+01 1.801332e+00 3.952422e+00 2.919045e+00 4.296097e+00 4.183198e+00 4.536395e+00 4.015408e+00 4.341098e+00 4.166818e+00 3.895061e+00 3.913525e+00 3.224023e+00 1.675004e-03
<GCONST> 9.257095e+01
<MIXTURE> 101 6.007792e-03
<MEAN> 25
 8.097832e+00 -3.648711e+00 -5.262825e+00 -6.563629e+00 3.538737e-02 -1.414351e+00 -1.039046e+01 -1.642990e+00 1.027257e+00 2.896848e+00 -1.540367e+00 -4.859296e+00 6.552851e-01 6.462946e-01 -1.473977e+00 -1.562443e+00 1.022182e+00 2.264947e+00 3.185333e-01 -1.563600e+00 -1.097128e+00 1.090664e+00 1.261086e+00 -4.131106e-01 -5.835399e-03
<VARIANCE> 25
 8.192659e+00 1.538246e+01 3.389840e+01 3.907358e+01 3.683567e+01 3.201377e+01 3.399743e+01 3.374232e+01 3.627166e+01 3.998425e+01 5.064895e+01 2.208498e+01 2.635258e-01 5.947279e-01 1.058536e+00 1.398262e+00 1.575546e+00 1.929760e+00 1.952440e+00 1.844600e+00 2.115432e+00 2.105870e+00 1.704657e+00 1.748158e+00 3.145473e-04
<GCONST> 8.184294e+01
<MIXTURE> 102 6.007792e-03
<MEAN> 25
 8.097832e+00 -3.648711e+00 -5.262825e+00 -6.563629e+00 3.538737e-02 -1.414351e+00 -1.039046e+01 -1.642990e+00 1.027257e+00 2.896848e+00 -1.540367e+00 -4.859296e+00 6.552851e-01 6.462946e-01 -1.473977e+00 -1.562443e+00 1.022182e+00 2.264947e+00 3.185333e-01 -1.563600e+00 -1.097128e+00 1.090664e+00 1.261086e+00 -4.131106e-01 -5.835399e-03
<VARIANCE> 25
 8.192659e+00 1.538246e+01 3.389840e+01 3.907358e+01 3.683567e+01 3.201377e+01 3.399743e+01 3.374232e+01 3.627166e+01 3.998425e+01 5.064895e+01 2.208498e+01 2.635258e-01 5.947279e-01 1.058536e+00 1.398262e+00 1.575546e+00 1.929760e+00 1.952440e+00 1.844600e+00 2.115432e+00 2.105870e+00 1.704657e+00 1.748158e+00 3.145473e-04
<GCONST> 8.184294e+01
<MIXTURE> 103 5.694618e-03
<MEAN> 25
 3.368035e+00 -9.480624e+00 -6.132478e+00 -3.090370e+00 -1.332497e+00 -1.969251e+00 2.439525e+00 2.517297e+00 -4.612003e+00 -9.256378e+00 -5.062379e+00 3.612002e-01 -1.576473e-01 -1.488642e+00 -9.809856e-01 3.756625e-01 1.213738e+00 1.020725e+00 1.590745e-01 -2.671084e-01 -7.809250e-01 -9.466420e-01 -3.509339e-02 1.199409e-01 2.694019e-02
<VARIANCE> 25
 1.033975e+01 2.033720e+01 2.290358e+01 3.169100e+01 4.804603e+01 3.502998e+01 4.640067e+01 3.668777e+01 4.212077e+01 2.934925e+01 3.005921e+01 2.642804e+01 6.437268e-01 1.252163e+00 1.538171e+00 1.939999e+00 2.927269e+00 2.411425e+00 2.890604e+00 2.577177e+00 2.563181e+00 2.523527e+00 2.097053e+00 2.017023e+00 8.075005e-04
<GCONST> 8.757581e+01
<MIXTURE> 104 5.694618e-03
<MEAN> 25
 3.368035e+00 -9.480624e+00 -6.132478e+00 -3.090370e+00 -1.332497e+00 -1.969251e+00 2.439525e+00 2.517297e+00 -4.612003e+00 -9.256378e+00 -5.062379e+00 3.612002e-01 -1.576473e-01 -1.488642e+00 -9.809856e-01 3.756625e-01 1.213738e+00 1.020725e+00 1.590745e-01 -2.671084e-01 -7.809250e-01 -9.466420e-01 -3.509339e-02 1.199409e-01 2.694019e-02
<VARIANCE> 25
 1.033975e+01 2.033720e+01 2.290358e+01 3.169100e+01 4.804603e+01 3.502998e+01 4.640067e+01 3.668777e+01 4.212077e+01 2.934925e+01 3.005921e+01 2.642804e+01 6.437268e-01 1.252163e+00 1.538171e+00 1.939999e+00 2.927269e+00 2.411425e+00 2.890604e+00 2.577177e+00 2.563181e+00 2.523527e+00 2.097053e+00 2.017023e+00 8.075005e-04
<GCONST> 8.757581e+01
<MIXTURE> 105 4.710235e-03
<MEAN> 25
 2.290788e+00 -2.242155e+00 1.027989e+01 -1.527748e+00 -1.183539e+01 -4.769766e+00 -3.379865e+00 3.428597e-01 -3.315825e+00 -3.488046e+00 1.899878e+00 -4.433160e-01 5.368443e-03 3.746065e-02 1.159207e-01 -8.059862e-02 -9.904184e-02 1.414479e-02 -4.691961e-02 1.840767e-02 -4.400653e-02 4.554770e-02 1.256081e-01 -7.526682e-02 -1.593991e-03
<VARIANCE> 25
 1.162619e+01 2.790498e+01 4.144204e+01 5.242509e+01 3.317521e+01 4.715762e+01 3.991979e+01 4.980635e+01 3.664807e+01 3.692681e+01 3.730428e+01 2.952486e+01 7.654468e-02 1.618540e-01 3.819877e-01 2.969785e-01 4.196320e-01 6.112377e-01 4.172212e-01 5.261918e-01 4.817762e-01 4.262435e-01 4.505552e-01 3.652404e-01 9.081776e-05
<GCONST> 6.643920e+01
<MIXTURE> 106 4.710235e-03
<MEAN> 25
 2.290788e+00 -2.242155e+00 1.027989e+01 -1.527748e+00 -1.183539e+01 -4.769766e+00 -3.379865e+00 3.428597e-01 -3.315825e+00 -3.488046e+00 1.899878e+00 -4.433160e-01 5.368443e-03 3.746065e-02 1.159207e-01 -8.059862e-02 -9.904184e-02 1.414479e-02 -4.691961e-02 1.840767e-02 -4.400653e-02 4.554770e-02 1.256081e-01 -7.526682e-02 -1.593991e-03
<VARIANCE> 25
 1.162619e+01 2.790498e+01 4.144204e+01 5.242509e+01 3.317521e+01 4.715762e+01 3.991979e+01 4.980635e+01 3.664807e+01 3.692681e+01 3.730428e+01 2.952486e+01 7.654468e-02 1.618540e-01 3.819877e-01 2.969785e-01 4.196320e-01 6.112377e-01 4.172212e-01 5.261918e-01 4.817762e-01 4.262435e-01 4.505552e-01 3.652404e-01 9.081776e-05
<GCONST> 6.643920e+01
<MIXTURE> 107 5.452374e-03
<MEAN> 25
 8.640587e+00 -2.309797e+00 -8.039766e+00 -9.560676e+00 1.965249e+00 2.958993e+00 -8.639241e+00 -4.552850e+00 -8.836479e-01 3.389209e+00 8.537922e-01 -5.074592e+00 -6.100193e-01 -7.684505e-01 8.360416e-01 1.773175e+00 2.253418e-01 -2.012507e+00 -9.217870e-01 8.483168e-01 1.767089e+00 4.710079e-02 -1.657586e+00 -8.198836e-01 -1.799947e-03
<VARIANCE> 25
 9.247755e+00 2.051345e+01 2.834958e+01 4.282568e+01 3.577113e+01 3.846990e+01 5.118706e+01 3.627442e+01 4.579281e+01 4.174322e+01 5.137791e+01 3.037461e+01 3.556585e-01 9.688853e-01 1.462012e+00 2.413745e+00 2.286813e+00 2.824178e+00 2.614035e+00 2.542142e+00 2.298251e+00 3.030511e+00 1.946207e+00 2.208884e+00 7.031315e-04
<GCONST> 8.805039e+01
<MIXTURE> 108 5.452374e-03
<MEAN> 25
 8.640587e+00 -2.309797e+00 -8.039766e+00 -9.560676e+00 1.965249e+00 2.958993e+00 -8.639241e+00 -4.552850e+00 -8.836479e-01 3.389209e+00 8.537922e-01 -5.074592e+00 -6.100193e-01 -7.684505e-01 8.360416e-01 1.773175e+00 2.253418e-01 -2.012507e+00 -9.217870e-01 8.483168e-01 1.767089e+00 4.710079e-02 -1.657586e+00 -8.198836e-01 -1.799947e-03
<VARIANCE> 25
 9.247755e+00 2.051345e+01 2.834958e+01 4.282568e+01 3.577113e+01 3.846990e+01 5.118706e+01 3.627442e+01 4.579281e+01 4.174322e+01 5.137791e+01 3.037461e+01 3.556585e-01 9.688853e-01 1.462012e+00 2.413745e+00 2.286813e+00 2.824178e+00 2.614035e+00 2.542142e+00 2.298251e+00 3.030511e+00 1.946207e+00 2.208884e+00 7.031315e-04
<GCONST> 8.805039e+01
<MIXTURE> 109 6.661064e-03
<MEAN> 25
 4.074282e+00 -1.052098e+01 -8.307804e+00 -1.353518e+00 2.762229e+00 -3.616780e-02 -7.054871e-02 1.447311e+00 -2.564991e+00 -8.367836e+00 -5.381769e+00 6.481834e-02 -3.304186e-02 -1.322332e-01 -3.320140e-02 2.501767e-01 1.972339e-01 1.197155e-01 -1.255887e-01 -1.051952e-01 -4.009629e-02 -1.311044e-01 2.187662e-01 1.063320e-02 -3.513796e-03
<VARIANCE> 25
 9.144331e+00 1.871296e+01 2.002316e+01 3.141530e+01 4.077678e+01 3.675022e+01 4.654330e+01 3.438825e+01 4.598134e+01 3.524329e+01 2.953987e+01 2.822805e+01 1.927151e-01 4.222181e-01 5.383472e-01 6.342807e-01 1.229122e+00 9.970853e-01 1.256752e+00 1.091150e+00 1.115627e+00 9.519330e-01 8.774452e-01 8.863032e-01 1.816321e-04
<GCONST> 7.447142e+01
<MIXTURE> 110 6.661064e-03
<MEAN> 25
 4.074282e+00 -1.052098e+01 -8.307804e+00 -1.353518e+00 2.762229e+00 -3.616780e-02 -7.054871e-02 1.447311e+00 -2.564991e+00 -8.367836e+00 -5.381769e+00 6.481834e-02 -3.304186e-02 -1.322332e-01 -3.320140e-02 2.501767e-01 1.972339e-01 1.197155e-01 -1.255887e-01 -1.051952e-01 -4.009629e-02 -1.311044e-01 2.187662e-01 1.063320e-02 -3.513796e-03
<VARIANCE> 25
 9.144331e+00 1.871296e+01 2.002316e+01 3.141530e+01 4.077678e+01 3.675022e+01 4.654330e+01 3.438825e+01 4.598134e+01 3.524329e+01 2.953987e+01 2.822805e+01 1.927151e-01 4.222181e-01 5.383472e-01 6.342807e-01 1.229122e+00 9.970853e-01 1.256752e+00 1.091150e+00 1.115627e+00 9.519330e-01 8.774452e-01 8.863032e-01 1.816321e-04
<GCONST> 7.447142e+01
<MIXTURE> 111 4.337247e-03
<MEAN> 25
 -4.423071e+00 -7.446662e-01 -1.815434e+00 1.672392e+00 1.101589e+00 8.892805e-01 2.778543e-01 -4.103923e-02 3.106897e-02 -5.807372e-01 -5.702487e-01 1.931542e+00 -2.960914e-02 -2.196188e-02 -8.099195e-02 -1.008112e-01 -5.472942e-02 1.042520e-01 5.996344e-02 -4.054022e-02 -1.565660e-01 -2.256614e-01 -1.861002e-01 -9.568940e-02 -4.985527e-04
<VARIANCE> 25
 6.753443e+00 5.596414e+00 1.146994e+01 9.069386e+00 1.332093e+01 2.289049e+01 1.409891e+01 1.413473e+01 1.167194e+01 1.160285e+01 1.356559e+01 1.123836e+01 7.909425e-02 1.615065e-01 2.715722e-01 4.220264e-01 5.577854e-01 9.908861e-01 9.127747e-01 8.350556e-01 8.687854e-01 8.469568e-01 8.361796e-01 8.207794e-01 2.440218e-05
<GCONST> 5.647882e+01
<MIXTURE> 112 4.337247e-03
<MEAN> 25
 -4.423071e+00 -7.446662e-01 -1.815434e+00 1.672392e+00 1.101589e+00 8.892805e-01 2.778543e-01 -4.103923e-02 3.106897e-02 -5.807372e-01 -5.702487e-01 1.931542e+00 -2.960914e-02 -2.196188e-02 -8.099195e-02 -1.008112e-01 -5.472942e-02 1.042520e-01 5.996344e-02 -4.054022e-02 -1.565660e-01 -2.256614e-01 -1.861002e-01 -9.568940e-02 -4.985527e-04
<VARIANCE> 25
 6.753443e+00 5.596414e+00 1.146994e+01 9.069386e+00 1.332093e+01 2.289049e+01 1.409891e+01 1.413473e+01 1.167194e+01 1.160285e+01 1.356559e+01 1.123836e+01 7.909425e-02 1.615065e-01 2.715722e-01 4.220264e-01 5.577854e-01 9.908861e-01 9.127747e-01 8.350556e-01 8.687854e-01 8.469568e-01 8.361796e-01 8.207794e-01 2.440218e-05
<GCONST> 5.647882e+01
<MIXTURE> 113 5.938666e-03
<MEAN> 25
 9.924690e+00 1.650541e+00 -8.416945e+00 -1.682644e+01 -1.267270e+00 5.647528e+00 -5.209077e+00 -1.539780e+00 -5.836048e+00 -4.656123e-01 6.341225e-01 -1.825421e-01 -3.166204e-03 5.842386e-02 -4.890183e-02 -1.520808e-01 1.062494e-01 1.625316e-01 4.966070e-02 3.847225e-02 -9.794719e-02 -1.047200e-01 1.496272e-01 4.159985e-02 -1.846128e-03
<VARIANCE> 25
 8.605820e+00 1.603672e+01 3.171671e+01 3.412393e+01 5.203862e+01 3.256985e+01 3.830655e+01 3.777650e+01 3.644697e+01 4.468046e+01 3.758801e+01 2.735642e+01 1.187626e-01 3.561000e-01 3.080467e-01 6.473354e-01 5.913051e-01 6.461353e-01 7.546653e-01 8.138860e-01 9.674833e-01 9.397078e-01 7.271369e-01 6.953488e-01 1.250853e-04
<GCONST> 7.091592e+01
<MIXTURE> 114 5.938666e-03
<MEAN> 25
 9.924690e+00 1.650541e+00 -8.416945e+00 -1.682644e+01 -1.267270e+00 5.647528e+00 -5.209077e+00 -1.539780e+00 -5.836048e+00 -4.656123e-01 6.341225e-01 -1.825421e-01 -3.166204e-03 5.842386e-02 -4.890183e-02 -1.520808e-01 1.062494e-01 1.625316e-01 4.966070e-02 3.847225e-02 -9.794719e-02 -1.047200e-01 1.496272e-01 4.159985e-02 -1.846128e-03
<VARIANCE> 25
 8.605820e+00 1.603672e+01 3.171671e+01 3.412393e+01 5.203862e+01 3.256985e+01 3.830655e+01 3.777650e+01 3.644697e+01 4.468046e+01 3.758801e+01 2.735642e+01 1.187626e-01 3.561000e-01 3.080467e-01 6.473354e-01 5.913051e-01 6.461353e-01 7.546653e-01 8.138860e-01 9.674833e-01 9.397078e-01 7.271369e-01 6.953488e-01 1.250853e-04
<GCONST> 7.091592e+01
<MIXTURE> 115 2.935202e-03
<MEAN> 25
 -3.921779e+00 2.916116e-01 -4.229223e+00 3.296074e+00 3.062071e+00 -2.882806e-02 2.154394e+00 -2.892522e-01 1.513594e+00 -7.080105e-01 -4.537480e-01 2.818481e+00 4.618307e-02 -5.923196e-02 -2.219918e-01 -4.703909e-01 -6.086386e-01 -6.615497e-01 -6.271064e-01 -5.764898e-01 -5.099240e-01 -4.876638e-01 -4.005947e-01 -1.098860e-01 -1.402477e-04
<VARIANCE> 25
 8.080908e+00 1.431233e+01 1.826752e+01 1.192421e+01 1.459671e+01 1.722054e+01 1.571865e+01 2.044158e+01 1.664321e+01 1.944378e+01 1.953205e+01 1.409097e+01 1.794897e-01 3.081625e-01 4.605082e-01 4.967912e-01 5.849182e-01 7.104315e-01 9.071988e-01 1.093334e+00 1.023910e+00 9.313046e-01 1.002424e+00 1.058043e+00 1.333057e-06
<GCONST> 6.000484e+01
<MIXTURE> 116 2.935202e-03
<MEAN> 25
 -3.921779e+00 2.916116e-01 -4.229223e+00 3.296074e+00 3.062071e+00 -2.882806e-02 2.154394e+00 -2.892522e-01 1.513594e+00 -7.080105e-01 -4.537480e-01 2.818481e+00 4.618307e-02 -5.923196e-02 -2.219918e-01 -4.703909e-01 -6.086386e-01 -6.615497e-01 -6.271064e-01 -5.764898e-01 -5.099240e-01 -4.876638e-01 -4.005947e-01 -1.098860e-01 -1.402477e-04
<VARIANCE> 25
 8.080908e+00 1.431233e+01 1.826752e+01 1.192421e+01 1.459671e+01 1.722054e+01 1.571865e+01 2.044158e+01 1.664321e+01 1.944378e+01 1.953205e+01 1.409097e+01 1.794897e-01 3.081625e-01 4.605082e-01 4.967912e-01 5.849182e-01 7.104315e-01 9.071988e-01 1.093334e+00 1.023910e+00 9.313046e-01 1.002424e+00 1.058043e+00 1.333057e-06
<GCONST> 6.000484e+01
<MIXTURE> 117 6.506003e-03
<MEAN> 25
 -4.644488e+00 1.118220e+00 1.053913e+00 9.758078e+00 6.260349e+00 6.256135e+00 6.462514e+00 5.043892e+00 6.385698e+00 4.928893e+00 6.367049e+00 2.710290e+00 -7.502194e-02 -2.341380e-01 -3.583754e-01 -4.199412e-01 -3.674962e-01 -3.027126e-01 -2.872309e-01 -3.313866e-01 -3.917492e-01 -3.689898e-01 -2.631054e-01 -1.159654e-01 -9.023642e-06
<VARIANCE> 25
 7.187037e+00 8.755708e+00 9.814940e+00 1.430973e+01 1.561865e+01 1.535049e+01 1.773116e+01 1.796630e+01 1.640179e+01 1.637201e+01 1.674041e+01 1.475501e+01 2.165977e-01 3.074983e-01 4.261266e-01 6.170919e-01 8.536610e-01 1.055320e+00 1.177654e+00 1.232962e+00 1.223930e+00 1.194825e+00 1.167199e+00 1.113774e+00 1.000052e-06
<GCONST> 6.043034e+01
<MIXTURE> 118 6.506003e-03
<MEAN> 25
 -4.644488e+00 1.118220e+00 1.053913e+00 9.758078e+00 6.260349e+00 6.256135e+00 6.462514e+00 5.043892e+00 6.385698e+00 4.928893e+00 6.367049e+00 2.710290e+00 -7.502194e-02 -2.341380e-01 -3.583754e-01 -4.199412e-01 -3.674962e-01 -3.027126e-01 -2.872309e-01 -3.313866e-01 -3.917492e-01 -3.689898e-01 -2.631054e-01 -1.159654e-01 -9.023642e-06
<VARIANCE> 25
 7.187037e+00 8.755708e+00 9.814940e+00 1.430973e+01 1.561865e+01 1.535049e+01 1.773116e+01 1.796630e+01 1.640179e+01 1.637201e+01 1.674041e+01 1.475501e+01 2.165977e-01 3.074983e-01 4.261266e-01 6.170919e-01 8.536610e-01 1.055320e+00 1.177654e+00 1.232962e+00 1.223930e+00 1.194825e+00 1.167199e+00 1.113774e+00 1.000052e-06
<GCONST> 6.043034e+01
<MIXTURE> 119 4.297961e-03
<MEAN> 25
 -4.975506e+00 -7.634142e+00 2.231547e+00 2.016598e+00 2.239573e+00 2.076022e-01 5.274861e+00 5.938928e+00 1.165849e+00 9.676706e-01 6.613627e+00 1.569945e+00 -4.998938e-02 -7.928976e-02 3.728224e-02 -5.723968e-02 -1.261718e-01 -1.796847e-01 -6.890702e-02 -1.390444e-02 -9.191580e-02 -1.121629e-01 -5.517403e-02 -5.816713e-02 1.110940e-03
<VARIANCE> 25
 8.501462e+00 9.816977e+00 1.656350e+01 2.018155e+01 2.286522e+01 2.320476e+01 2.499750e+01 2.649366e+01 2.503713e+01 2.807267e+01 2.040299e+01 2.040891e+01 1.604189e-01 2.824774e-01 4.597279e-01 6.328133e-01 8.034313e-01 1.004554e+00 1.100212e+00 1.277722e+00 1.285803e+00 1.245802e+00 1.192326e+00 1.112380e+00 2.316126e-04
<GCONST> 6.972025e+01
<MIXTURE> 120 4.297961e-03
<MEAN> 25
 -4.975506e+00 -7.634142e+00 2.231547e+00 2.016598e+00 2.239573e+00 2.076022e-01 5.274861e+00 5.938928e+00 1.165849e+00 9.676706e-01 6.613627e+00 1.569945e+00 -4.998938e-02 -7.928976e-02 3.728224e-02 -5.723968e-02 -1.261718e-01 -1.796847e-01 -6.890702e-02 -1.390444e-02 -9.191580e-02 -1.121629e-01 -5.517403e-02 -5.816713e-02 1.110940e-03
<VARIANCE> 25
 8.501462e+00 9.816977e+00 1.656350e+01 2.018155e+01 2.286522e+01 2.320476e+01 2.499750e+01 2.649366e+01 2.503713e+01 2.807267e+01 2.040299e+01 2.040891e+01 1.604189e-01 2.824774e-01 4.597279e-01 6.328133e-01 8.034313e-01 1.004554e+00 1.100212e+00 1.277722e+00 1.285803e+00 1.245802e+00 1.192326e+00 1.112380e+00 2.316126e-04
<GCONST> 6.972025e+01
<MIXTURE> 121 4.567511e-03
<MEAN> 25
 2.093778e-01 -2.522735e+00 5.152511e+00 -1.290299e+01 -1.264543e+01 -1.664112e+00 9.976783e-01 -5.107098e+00 -4.200835e+00 -4.904687e-01 -5.505561e+00 -4.312469e+00 2.405904e-02 1.328229e-01 -4.139501e-02 7.968859e-02 1.584932e-01 7.822064e-02 -7.930093e-02 -1.830057e-01 -2.684347e-01 -2.577341e-01 -1.145239e-01 1.004581e-03 -7.439309e-03
<VARIANCE> 25
 7.745508e+00 1.561026e+01 1.727418e+01 2.035320e+01 2.441344e+01 2.924965e+01 2.953874e+01 2.457397e+01 3.528777e+01 2.833441e+01 1.976820e+01 2.117835e+01 1.549719e-01 6.438556e-01 6.229957e-01 7.048135e-01 7.704472e-01 1.150092e+00 1.117935e+00 1.120858e+00 1.217377e+00 1.192557e+00 9.414606e-01 8.717387e-01 2.109122e-04
<GCONST> 7.139544e+01
<MIXTURE> 122 4.567511e-03
<MEAN> 25
 2.093778e-01 -2.522735e+00 5.152511e+00 -1.290299e+01 -1.264543e+01 -1.664112e+00 9.976783e-01 -5.107098e+00 -4.200835e+00 -4.904687e-01 -5.505561e+00 -4.312469e+00 2.405904e-02 1.328229e-01 -4.139501e-02 7.968859e-02 1.584932e-01 7.822064e-02 -7.930093e-02 -1.830057e-01 -2.684347e-01 -2.577341e-01 -1.145239e-01 1.004581e-03 -7.439309e-03
<VARIANCE> 25
 7.745508e+00 1.561026e+01 1.727418e+01 2.035320e+01 2.441344e+01 2.924965e+01 2.953874e+01 2.457397e+01 3.528777e+01 2.833441e+01 1.976820e+01 2.117835e+01 1.549719e-01 6.438556e-01 6.229957e-01 7.048135e-01 7.704472e-01 1.150092e+00 1.117935e+00 1.120858e+00 1.217377e+00 1.192557e+00 9.414606e-01 8.717387e-01 2.109122e-04
<GCONST> 7.139544e+01
<MIXTURE> 123 4.393044e-03
<MEAN> 25
 -3.887607e+00 2.358329e+00 -1.956827e+00 5.473992e+00 5.950283e+00 3.329324e+00 2.610249e+00 1.736636e-02 1.021940e+00 -7.860129e-01 -3.044910e-01 1.365749e+00 -3.971377e-01 -6.804284e-01 -8.835608e-01 -5.540329e-01 -1.962554e-01 2.017912e-01 4.755810e-01 6.116642e-01 9.159175e-01 7.995338e-01 7.733424e-01 4.318646e-01 -2.285961e-03
<VARIANCE> 25
 8.746558e+00 1.363208e+01 2.445411e+01 1.496985e+01 1.870114e+01 2.308302e+01 1.974931e+01 1.764052e+01 1.736881e+01 1.499396e+01 1.876888e+01 1.833992e+01 3.222297e-01 3.481881e-01 4.430398e-01 6.369117e-01 8.372314e-01 1.000230e+00 1.203052e+00 1.067329e+00 1.108287e+00 1.157509e+00 1.574413e+00 1.322476e+00 8.312153e-05
<GCONST> 6.816258e+01
<MIXTURE> 124 4.069876e-03
<MEAN> 25
 -6.089648e+00 -2.827567e-01 -3.833398e+00 4.798878e+00 5.314261e+00 3.204604e+00 4.879645e+00 2.079699e+00 3.467160e+00 1.015369e+00 9.400749e-01 3.256442e+00 -1.878055e-01 -3.457185e-01 -4.280024e-01 -2.400904e-01 8.665194e-02 5.323958e-01 7.971466e-01 8.345894e-01 6.547771e-01 3.412645e-01 3.817313e-02 -9.729914e-02 1.773899e-04
<VARIANCE> 25
 1.127920e+01 1.196442e+01 1.598371e+01 1.177992e+01 1.163931e+01 1.804695e+01 1.578429e+01 1.757148e+01 1.479690e+01 1.526854e+01 1.808721e+01 1.406500e+01 9.892201e-02 1.692250e-01 2.859450e-01 3.888552e-01 5.841084e-01 6.422420e-01 7.550870e-01 8.399761e-01 8.694986e-01 9.290690e-01 1.045262e+00 1.024572e+00 1.922399e-05
<GCONST> 5.929512e+01
<MIXTURE> 125 4.069876e-03
<MEAN> 25
 -6.089648e+00 -2.827567e-01 -3.833398e+00 4.798878e+00 5.314261e+00 3.204604e+00 4.879645e+00 2.079699e+00 3.467160e+00 1.015369e+00 9.400749e-01 3.256442e+00 -1.878055e-01 -3.457185e-01 -4.280024e-01 -2.400904e-01 8.665194e-02 5.323958e-01 7.971466e-01 8.345894e-01 6.547771e-01 3.412645e-01 3.817313e-02 -9.729914e-02 1.773899e-04
<VARIANCE> 25
 1.127920e+01 1.196442e+01 1.598371e+01 1.177992e+01 1.163931e+01 1.804695e+01 1.578429e+01 1.757148e+01 1.479690e+01 1.526854e+01 1.808721e+01 1.406500e+01 9.892201e-02 1.692250e-01 2.859450e-01 3.888552e-01 5.841084e-01 6.422420e-01 7.550870e-01 8.399761e-01 8.694986e-01 9.290690e-01 1.045262e+00 1.024572e+00 1.922399e-05
<GCONST> 5.929512e+01
<MIXTURE> 126 2.402244e-03
<MEAN> 25
 -3.790014e+00 -6.688600e+00 -5.402636e+00 2.277076e+00 4.319844e+00 -3.176974e+00 1.991642e-02 3.362153e+00 3.294988e+00 -2.699586e+00 -1.478254e+00 3.090026e+00 1.732251e-03 -1.818772e-03 -3.894699e-02 -1.576717e-01 -3.141730e-01 -3.923749e-01 -2.847981e-01 -1.540706e-01 -1.159380e-01 -1.229480e-01 -9.357282e-02 -2.874039e-02 -1.560973e-03
<VARIANCE> 25
 7.342826e+00 1.528325e+01 1.428077e+01 1.501938e+01 2.435455e+01 2.351872e+01 2.251583e+01 2.967324e+01 3.081994e+01 2.593239e+01 2.157723e+01 1.904689e+01 1.699821e-01 3.484719e-01 4.838751e-01 5.629861e-01 7.469237e-01 9.890289e-01 1.110860e+00 1.248042e+00 1.311310e+00 1.298365e+00 1.205577e+00 1.132103e+00 2.096452e-04
<GCONST> 6.986311e+01
<MIXTURE> 127 2.402244e-03
<MEAN> 25
 -3.790014e+00 -6.688600e+00 -5.402636e+00 2.277076e+00 4.319844e+00 -3.176974e+00 1.991642e-02 3.362153e+00 3.294988e+00 -2.699586e+00 -1.478254e+00 3.090026e+00 1.732251e-03 -1.818772e-03 -3.894699e-02 -1.576717e-01 -3.141730e-01 -3.923749e-01 -2.847981e-01 -1.540706e-01 -1.159380e-01 -1.229480e-01 -9.357282e-02 -2.874039e-02 -1.560973e-03
<VARIANCE> 25
 7.342826e+00 1.528325e+01 1.428077e+01 1.501938e+01 2.435455e+01 2.351872e+01 2.251583e+01 2.967324e+01 3.081994e+01 2.593239e+01 2.157723e+01 1.904689e+01 1.699821e-01 3.484719e-01 4.838751e-01 5.629861e-01 7.469237e-01 9.890289e-01 1.110860e+00 1.248042e+00 1.311310e+00 1.298365e+00 1.205577e+00 1.132103e+00 2.096452e-04
<GCONST> 6.986311e+01
<MIXTURE> 128 3.790457e-03
<MEAN> 25
 -3.924382e+00 1.622038e+00 -4.251606e-01 6.536092e+00 3.656217e+00 1.830228e+00 3.495993e+00 2.286893e+00 3.978008e+00 3.664707e+00 3.756256e+00 3.577114e+00 -3.918002e-01 -1.948690e-01 8.626645e-02 7.180324e-01 1.173612e+00 1.119462e+00 7.238241e-01 1.438189e-01 -4.341363e-01 -7.836903e-01 -6.915836e-01 -3.773462e-01 -3.718681e-05
<VARIANCE> 25
 1.010175e+01 1.209792e+01 1.548202e+01 1.921645e+01 2.015802e+01 2.102253e+01 2.462560e+01 2.499221e+01 2.617643e+01 2.375926e+01 2.655102e+01 1.826801e+01 8.836742e-01 1.136905e+00 1.364552e+00 1.492118e+00 1.578072e+00 1.866872e+00 2.226819e+00 2.317204e+00 2.127613e+00 1.841642e+00 1.748651e+00 1.798316e+00 1.010222e-06
<GCONST> 7.367982e+01
<TRANSP> 3
 0.000000e+00 1.000000e+00 0.000000e+00
 0.000000e+00 9.999990e-01 9.999998e-07
 0.000000e+00 0.000000e+00 0.000000e+00
<ENDHMM>
