~o
<STREAMINFO> 1 25
<VECSIZE> 25<NULLD><MFCC_E_D_N><DIAGC>
~h "jmodel"
<BEGINHMM>
<NUMSTATES> 3
<STATE> 2
<NUMMIXES> 128
<MIXTURE> 1 5.748963e-03
<MEAN> 25
 -2.535627e+00 3.174370e+00 2.314520e+00 8.711229e+00 4.446480e+00 3.396832e+00 4.100436e+00 3.896986e+00 5.742193e+00 5.116675e+00 5.867080e+00 2.880159e+00 -1.943550e+00 -1.604032e+00 -9.213649e-01 1.107979e+00 1.594521e+00 2.154407e+00 2.161146e+00 2.064600e+00 1.707711e+00 1.240165e+00 1.522155e+00 5.960931e-01 -4.650662e-02
<VARIANCE> 25
 9.933833e+00 1.150696e+01 1.464238e+01 1.834367e+01 2.289675e+01 2.189486e+01 2.147187e+01 2.159080e+01 2.087760e+01 2.281192e+01 2.050608e+01 1.842616e+01 1.907897e+00 2.108428e+00 3.093593e+00 3.198758e+00 3.713130e+00 3.535577e+00 3.248672e+00 3.323549e+00 3.455348e+00 3.680531e+00 3.519532e+00 2.786405e+00 3.063745e-03
<GCONST> 8.841175e+01
<MIXTURE> 2 4.549242e-03
<MEAN> 25
 -4.875679e+00 1.311764e+00 9.942484e-01 9.899762e+00 6.692333e+00 7.424614e+00 7.847078e+00 6.958009e+00 8.373273e+00 6.372993e+00 7.624328e+00 3.074699e+00 -6.200184e-02 4.161382e-02 1.425223e-01 2.258486e-01 2.652801e-01 2.813748e-01 2.954307e-01 3.195401e-01 3.497521e-01 3.089098e-01 1.971596e-01 8.005647e-02 1.216452e-06
<VARIANCE> 25
 6.952243e+00 8.902059e+00 1.065247e+01 1.591110e+01 1.723608e+01 1.556312e+01 1.689885e+01 1.848630e+01 1.658655e+01 1.738613e+01 1.811082e+01 1.433990e+01 1.252493e-01 2.266295e-01 3.364759e-01 4.671348e-01 6.492849e-01 8.148918e-01 9.298711e-01 1.003195e+00 1.051657e+00 1.077770e+00 1.075685e+00 1.013936e+00 1.000009e-06
<GCONST> 5.804331e+01
<MIXTURE> 3 4.549242e-03
<MEAN> 25
 -4.875679e+00 1.311764e+00 9.942484e-01 9.899762e+00 6.692333e+00 7.424614e+00 7.847078e+00 6.958009e+00 8.373273e+00 6.372993e+00 7.624328e+00 3.074699e+00 -6.200184e-02 4.161382e-02 1.425223e-01 2.258486e-01 2.652801e-01 2.813748e-01 2.954307e-01 3.195401e-01 3.497521e-01 3.089098e-01 1.971596e-01 8.005647e-02 1.216452e-06
<VARIANCE> 25
 6.952243e+00 8.902059e+00 1.065247e+01 1.591110e+01 1.723608e+01 1.556312e+01 1.689885e+01 1.848630e+01 1.658655e+01 1.738613e+01 1.811082e+01 1.433990e+01 1.252493e-01 2.266295e-01 3.364759e-01 4.671348e-01 6.492849e-01 8.148918e-01 9.298711e-01 1.003195e+00 1.051657e+00 1.077770e+00 1.075685e+00 1.013936e+00 1.000009e-06
<GCONST> 5.804331e+01
<MIXTURE> 4 1.671429e-02
<MEAN> 25
 3.108395e+00 2.769820e+00 -4.398932e+00 7.097663e-02 4.199981e+00 -1.015585e-03 1.291962e+00 9.424306e-01 3.275804e+00 1.057959e+00 -1.887228e+00 2.693307e-01 -2.579767e+00 9.580259e-01 1.437492e+00 3.242779e+00 1.151369e+00 4.492260e-02 1.477139e+00 7.597447e-01 7.512863e-01 5.445797e-01 1.064598e+00 7.956104e-01 -9.944264e-02
<VARIANCE> 25
 1.953724e+01 2.614510e+01 2.887163e+01 4.414885e+01 4.364803e+01 6.419652e+01 6.375283e+01 5.435325e+01 6.544051e+01 5.361227e+01 4.341696e+01 3.164535e+01 2.224502e+00 4.742560e+00 3.848068e+00 4.831412e+00 4.730334e+00 6.616661e+00 5.501342e+00 5.216317e+00 5.678571e+00 5.896121e+00 5.486063e+00 3.870270e+00 5.417976e-03
<GCONST> 1.042380e+02
<MIXTURE> 5 3.206198e-03
<MEAN> 25
 -3.418679e+00 2.186316e+00 5.968884e-01 9.425101e+00 6.706478e+00 6.314312e+00 7.109068e+00 4.711781e+00 5.497137e+00 3.844936e+00 4.650591e+00 2.608787e+00 -3.243895e-01 7.521092e-01 1.223662e+00 1.031668e+00 3.080801e-01 -9.831859e-02 -8.356677e-02 3.193618e-02 4.558845e-01 6.827745e-01 4.024464e-01 8.806925e-02 -2.799363e-05
<VARIANCE> 25
 1.024250e+01 1.395283e+01 2.363875e+01 2.560574e+01 2.028555e+01 1.941107e+01 2.010712e+01 2.047477e+01 2.140516e+01 2.127881e+01 2.413599e+01 1.634865e+01 1.208882e+00 1.243833e+00 1.357434e+00 1.673222e+00 2.283761e+00 2.377519e+00 2.299355e+00 2.275698e+00 2.319542e+00 2.236751e+00 2.085755e+00 1.872584e+00 9.998720e-07
<GCONST> 7.517831e+01
<MIXTURE> 6 5.475854e-03
<MEAN> 25
 8.946633e+00 2.259697e-01 -5.956486e+00 -9.680536e+00 -2.082619e+00 6.681569e+00 -6.531929e+00 -6.101427e+00 -4.042924e+00 1.678728e+00 5.049102e+00 -1.833184e+00 5.610595e-01 1.066772e+00 -3.326055e-01 -1.325735e+00 -2.247814e-01 1.330774e+00 1.838531e+00 2.473108e-01 -1.095584e+00 -1.205218e+00 3.455414e-01 1.490388e+00 -1.084036e-02
<VARIANCE> 25
 1.054240e+01 1.722284e+01 2.276068e+01 4.109943e+01 3.299998e+01 2.752481e+01 4.437137e+01 3.644561e+01 3.673191e+01 3.421632e+01 3.675808e+01 2.875793e+01 3.046473e-01 9.112530e-01 8.689615e-01 1.786724e+00 2.213915e+00 1.817407e+00 2.222906e+00 1.985688e+00 2.610318e+00 1.659657e+00 1.993905e+00 1.596360e+00 5.584625e-04
<GCONST> 8.345815e+01
<MIXTURE> 7 5.475854e-03
<MEAN> 25
 8.946633e+00 2.259697e-01 -5.956486e+00 -9.680536e+00 -2.082619e+00 6.681569e+00 -6.531929e+00 -6.101427e+00 -4.042924e+00 1.678728e+00 5.049102e+00 -1.833184e+00 5.610595e-01 1.066772e+00 -3.326055e-01 -1.325735e+00 -2.247814e-01 1.330774e+00 1.838531e+00 2.473108e-01 -1.095584e+00 -1.205218e+00 3.455414e-01 1.490388e+00 -1.084036e-02
<VARIANCE> 25
 1.054240e+01 1.722284e+01 2.276068e+01 4.109943e+01 3.299998e+01 2.752481e+01 4.437137e+01 3.644561e+01 3.673191e+01 3.421632e+01 3.675808e+01 2.875793e+01 3.046473e-01 9.112530e-01 8.689615e-01 1.786724e+00 2.213915e+00 1.817407e+00 2.222906e+00 1.985688e+00 2.610318e+00 1.659657e+00 1.993905e+00 1.596360e+00 5.584625e-04
<GCONST> 8.345815e+01
<MIXTURE> 8 1.165917e-02
<MEAN> 25
 -4.726469e+00 1.368167e+00 1.286945e+00 9.555976e+00 6.579532e+00 6.249023e+00 6.478075e+00 5.677851e+00 6.654406e+00 5.624323e+00 6.569406e+00 3.151254e+00 -6.293026e-01 -1.426118e+00 -1.072106e+00 -1.726803e+00 -2.289436e-01 -9.467371e-01 -1.745461e-01 -2.870355e-01 -2.508236e-01 -1.730907e-01 -2.137225e-01 8.121480e-02 9.875884e-02
<VARIANCE> 25
 9.341758e+00 9.861705e+00 1.166333e+01 1.604184e+01 1.664269e+01 1.570973e+01 1.812217e+01 1.759223e+01 1.703934e+01 1.739655e+01 1.886926e+01 1.409756e+01 2.755384e+00 2.815736e+00 3.910323e+00 3.777302e+00 3.461917e+00 3.312799e+00 3.132838e+00 3.081651e+00 2.873899e+00 2.653092e+00 2.433271e+00 1.900032e+00 6.687193e-03
<GCONST> 8.631126e+01
<MIXTURE> 9 1.199672e-02
<MEAN> 25
 8.846012e+00 3.946773e+00 -6.109743e+00 -9.806374e+00 -3.593787e-01 6.338861e+00 -4.413632e-01 -5.165282e-01 -6.461419e-01 -3.013158e+00 -1.818077e+00 5.083596e-01 1.295002e+00 -2.889475e-01 -7.958884e-01 -3.318716e+00 -2.317655e+00 5.462854e-01 -5.800593e-01 3.443242e-01 5.245752e-01 -3.262439e-01 7.982687e-01 -6.518956e-02 6.739657e-02
<VARIANCE> 25
 1.040548e+01 1.756858e+01 2.617140e+01 6.256485e+01 5.866600e+01 2.895667e+01 3.970319e+01 4.878125e+01 8.422255e+01 3.861512e+01 4.328627e+01 2.114545e+01 1.618149e+00 1.929732e+00 3.960983e+00 4.931865e+00 5.022654e+00 3.315162e+00 3.973223e+00 5.267598e+00 4.869480e+00 3.266300e+00 3.278370e+00 2.256653e+00 1.825381e-03
<GCONST> 9.689545e+01
<MIXTURE> 10 6.596976e-03
<MEAN> 25
 8.553336e-01 7.413896e+00 5.253534e+00 7.119566e+00 1.718601e+00 -2.445402e+00 -4.707890e-01 -1.452593e+00 9.684381e-01 9.980593e-01 7.989588e-01 5.587292e-01 -1.882800e+00 -5.945755e-01 -5.789643e-01 2.874678e+00 2.352362e+00 2.658487e+00 2.311037e+00 2.188522e+00 1.972804e+00 1.465181e+00 2.309237e+00 5.507157e-01 -1.375620e-01
<VARIANCE> 25
 1.896815e+01 2.147977e+01 2.207622e+01 2.817675e+01 3.756017e+01 3.804877e+01 3.400989e+01 3.544581e+01 2.705679e+01 2.904700e+01 2.617406e+01 2.465623e+01 2.209097e+00 3.486133e+00 5.743557e+00 5.689065e+00 5.784071e+00 4.413962e+00 4.656368e+00 4.892573e+00 4.636377e+00 5.047883e+00 4.330179e+00 3.125560e+00 2.631843e-03
<GCONST> 9.759780e+01
<MIXTURE> 11 1.633820e-02
<MEAN> 25
 7.311552e+00 4.898006e+00 2.742483e+00 5.203003e+00 -1.250177e+00 -3.600029e-01 -1.709766e+00 -6.216153e+00 -3.021826e+00 -9.792076e-01 -2.133503e+00 -1.557796e+00 -2.428947e-01 5.691554e-01 6.576411e-02 3.630868e-01 7.015723e-01 -6.212204e-02 3.688651e-01 -3.061762e-02 -4.579379e-02 -8.391406e-02 -3.164051e-01 2.478377e-01 -1.525136e-02
<VARIANCE> 25
 9.825070e+00 2.319726e+01 2.172717e+01 2.919273e+01 4.887432e+01 4.271933e+01 4.484246e+01 3.851013e+01 4.163242e+01 3.425659e+01 3.583839e+01 2.782576e+01 8.080336e-01 1.169116e+00 1.475146e+00 2.146566e+00 1.892221e+00 2.112953e+00 2.038416e+00 3.224005e+00 2.206593e+00 2.321282e+00 2.015185e+00 1.365918e+00 8.500107e-04
<GCONST> 8.703432e+01
<MIXTURE> 12 5.904134e-03
<MEAN> 25
 1.031104e+01 4.176035e+00 -5.565084e+00 -1.496085e+01 -6.699079e+00 9.269698e+00 7.764795e-01 -1.881935e-01 1.072632e+00 -5.107727e+00 4.789239e-01 1.365870e+00 -1.152511e-02 2.969651e-01 4.092942e-02 -3.876246e-01 -3.357988e-01 7.049906e-02 3.938382e-01 4.133461e-01 2.171807e-01 -3.225895e-01 -2.710197e-01 5.098312e-02 -6.639830e-03
<VARIANCE> 25
 7.823923e+00 1.758251e+01 2.771164e+01 3.921800e+01 5.127854e+01 3.003372e+01 4.494827e+01 5.005692e+01 6.953844e+01 3.342892e+01 3.818324e+01 2.447408e+01 2.492692e-01 6.038048e-01 1.036304e+00 1.039203e+00 9.906403e-01 1.129259e+00 1.326717e+00 1.185214e+00 1.037182e+00 1.046718e+00 1.500636e+00 8.295053e-01 5.212945e-04
<GCONST> 7.899870e+01
<MIXTURE> 13 5.904134e-03
<MEAN> 25
 1.031104e+01 4.176035e+00 -5.565084e+00 -1.496085e+01 -6.699079e+00 9.269698e+00 7.764795e-01 -1.881935e-01 1.072632e+00 -5.107727e+00 4.789239e-01 1.365870e+00 -1.152511e-02 2.969651e-01 4.092942e-02 -3.876246e-01 -3.357988e-01 7.049906e-02 3.938382e-01 4.133461e-01 2.171807e-01 -3.225895e-01 -2.710197e-01 5.098312e-02 -6.639830e-03
<VARIANCE> 25
 7.823923e+00 1.758251e+01 2.771164e+01 3.921800e+01 5.127854e+01 3.003372e+01 4.494827e+01 5.005692e+01 6.953844e+01 3.342892e+01 3.818324e+01 2.447408e+01 2.492692e-01 6.038048e-01 1.036304e+00 1.039203e+00 9.906403e-01 1.129259e+00 1.326717e+00 1.185214e+00 1.037182e+00 1.046718e+00 1.500636e+00 8.295053e-01 5.212945e-04
<GCONST> 7.899870e+01
<MIXTURE> 14 6.488954e-03
<MEAN> 25
 -4.322912e+00 -3.220353e-01 -3.877618e-01 8.894511e+00 7.552347e+00 7.331448e+00 7.833965e+00 7.238136e+00 7.247549e+00 5.186627e+00 6.813491e+00 4.140983e+00 -2.760067e-01 1.870855e-01 3.651925e-01 3.178460e-01 6.390532e-03 5.181625e-02 9.290521e-02 1.774670e-01 2.892365e-01 5.389909e-01 5.067024e-01 7.712569e-02 -9.282260e-03
<VARIANCE> 25
 9.245490e+00 1.417195e+01 1.916061e+01 1.787172e+01 2.107060e+01 1.973689e+01 2.134745e+01 2.147762e+01 2.010065e+01 2.389163e+01 2.156968e+01 1.616184e+01 9.602394e-01 1.653506e+00 1.788930e+00 1.936033e+00 2.257313e+00 2.269755e+00 2.278735e+00 2.258140e+00 2.284235e+00 2.488353e+00 2.183087e+00 1.805068e+00 1.035224e-03
<GCONST> 8.205741e+01
<MIXTURE> 15 2.475190e-03
<MEAN> 25
 -5.424209e+00 -6.444578e-01 -2.012522e-01 7.368044e+00 5.719726e+00 5.701173e+00 6.060779e+00 4.979519e+00 5.164647e+00 4.154459e+00 5.502195e+00 2.540157e+00 -1.212433e-01 -2.918593e-02 7.502622e-02 2.436781e-01 4.893712e-01 7.864803e-01 1.072417e+00 1.182138e+00 1.059295e+00 7.561274e-01 4.197541e-01 1.534266e-01 -8.234581e-05
<VARIANCE> 25
 6.984367e+00 5.605967e+00 9.032757e+00 1.281332e+01 1.407794e+01 1.430135e+01 1.492124e+01 1.489874e+01 1.410159e+01 1.418368e+01 1.510308e+01 1.250978e+01 1.247600e-01 2.061929e-01 3.197903e-01 5.030825e-01 6.996196e-01 7.937237e-01 7.631673e-01 7.915927e-01 9.090419e-01 1.023930e+00 1.071332e+00 1.041224e+00 2.795813e-05
<GCONST> 5.858775e+01
<MIXTURE> 16 2.475190e-03
<MEAN> 25
 -5.424209e+00 -6.444578e-01 -2.012522e-01 7.368044e+00 5.719726e+00 5.701173e+00 6.060779e+00 4.979519e+00 5.164647e+00 4.154459e+00 5.502195e+00 2.540157e+00 -1.212433e-01 -2.918593e-02 7.502622e-02 2.436781e-01 4.893712e-01 7.864803e-01 1.072417e+00 1.182138e+00 1.059295e+00 7.561274e-01 4.197541e-01 1.534266e-01 -8.234581e-05
<VARIANCE> 25
 6.984367e+00 5.605967e+00 9.032757e+00 1.281332e+01 1.407794e+01 1.430135e+01 1.492124e+01 1.489874e+01 1.410159e+01 1.418368e+01 1.510308e+01 1.250978e+01 1.247600e-01 2.061929e-01 3.197903e-01 5.030825e-01 6.996196e-01 7.937237e-01 7.631673e-01 7.915927e-01 9.090419e-01 1.023930e+00 1.071332e+00 1.041224e+00 2.795813e-05
<GCONST> 5.858775e+01
<MIXTURE> 17 9.518312e-03
<MEAN> 25
 3.453667e+00 -8.189139e-01 6.898603e+00 2.758888e+00 -5.493895e+00 -5.404532e+00 -3.034433e+00 -9.825017e-01 -3.555001e+00 -2.985276e+00 6.506603e-01 7.843662e-02 -7.990317e-01 -1.255674e+00 1.543242e+00 -2.130277e+00 -2.460968e+00 4.914539e-02 1.988192e-01 7.293543e-01 -3.930746e-01 4.462014e-02 1.063302e+00 9.113086e-02 8.045496e-02
<VARIANCE> 25
 1.596441e+01 3.153772e+01 3.255642e+01 3.665606e+01 4.595322e+01 5.047365e+01 3.690161e+01 3.724886e+01 3.702322e+01 2.562463e+01 2.681523e+01 2.660049e+01 1.754380e+00 2.385558e+00 4.050445e+00 2.696508e+00 3.811573e+00 5.335042e+00 4.375233e+00 4.276626e+00 3.662166e+00 3.988935e+00 2.673879e+00 3.074390e+00 2.114389e-03
<GCONST> 9.604600e+01
<MIXTURE> 18 1.221018e-02
<MEAN> 25
 3.362490e+00 3.474325e+00 6.538713e+00 4.524183e+00 -3.091388e+00 -7.119177e+00 -1.549931e+00 -1.427549e+00 -3.773776e+00 -1.337120e+00 -4.416569e-01 -2.410756e-01 -4.060425e-01 2.588766e+00 -6.928325e-01 1.807802e+00 3.078331e+00 1.539012e+00 1.003384e+00 -5.682977e-01 1.359810e+00 2.050286e-02 -1.555736e-01 2.292724e-01 -1.148795e-01
<VARIANCE> 25
 1.440282e+01 2.653811e+01 3.044092e+01 2.259897e+01 4.094157e+01 3.611176e+01 3.079459e+01 3.555426e+01 3.426507e+01 3.415223e+01 2.454855e+01 2.515909e+01 2.124269e+00 2.576837e+00 4.073549e+00 3.374969e+00 3.651988e+00 3.382398e+00 4.153306e+00 3.812977e+00 4.618156e+00 3.826210e+00 3.799604e+00 2.892742e+00 3.323502e-03
<GCONST> 9.537392e+01
<MIXTURE> 19 9.912824e-03
<MEAN> 25
 -1.081209e+01 1.776850e+00 -4.914477e-01 9.922409e-01 5.536636e+00 7.016515e-01 4.601707e+00 -6.515151e-01 3.612963e+00 2.524076e+00 -7.610299e-02 2.973150e+00 1.589450e+00 1.894221e+00 2.226932e+00 1.116226e+00 -8.166845e-01 -7.153640e-01 -8.972334e-01 -1.501508e+00 -2.002289e+00 -1.124665e+00 -6.247442e-01 -8.666289e-01 1.505770e-04
<VARIANCE> 25
 4.527073e+01 2.546064e+01 4.309402e+01 4.117207e+01 3.411223e+01 2.955950e+01 2.729786e+01 3.200470e+01 2.791134e+01 2.525240e+01 2.760877e+01 1.798343e+01 2.587065e+00 2.166447e+00 2.335718e+00 2.259960e+00 2.509173e+00 2.180201e+00 2.084940e+00 2.062818e+00 2.695274e+00 1.836514e+00 2.023988e+00 1.562785e+00 2.341121e-03
<GCONST> 9.017140e+01
<MIXTURE> 20 6.308331e-03
<MEAN> 25
 -1.418058e+01 7.415546e+00 8.446901e-01 6.151869e+00 4.843401e+00 1.636735e+00 5.209196e+00 8.537720e-01 9.230325e-01 7.989942e-01 2.568676e+00 -3.021019e-01 -3.285903e+00 -8.670344e-01 -1.565062e+00 3.324483e-01 1.541032e+00 2.063059e+00 1.979270e+00 2.055924e+00 2.144528e+00 2.040186e+00 1.684579e+00 9.453946e-01 4.732089e-02
<VARIANCE> 25
 1.967148e+01 2.346101e+01 3.096365e+01 3.717700e+01 3.085021e+01 2.789099e+01 2.993095e+01 3.147453e+01 2.797025e+01 2.821343e+01 2.515877e+01 2.091892e+01 2.092125e+00 2.182450e+00 1.910236e+00 2.541733e+00 2.702670e+00 2.313435e+00 2.309989e+00 2.321255e+00 2.235379e+00 2.652137e+00 2.241609e+00 1.865668e+00 1.886398e-03
<GCONST> 8.922079e+01
<MIXTURE> 21 7.928653e-03
<MEAN> 25
 3.576555e+00 -4.958615e+00 6.199714e+00 -1.738048e+00 -1.136482e+01 -8.745974e+00 -2.573918e+00 4.249393e+00 -2.932887e+00 -3.328477e+00 2.659231e-01 3.799341e-01 -6.834168e-01 1.309386e+00 2.484924e+00 1.489928e-01 -1.331904e+00 3.175358e-01 5.284850e-01 -1.614853e+00 -1.885757e+00 2.030389e-01 1.200223e+00 2.338798e-01 -1.242320e-02
<VARIANCE> 25
 9.868596e+00 1.887856e+01 2.880786e+01 2.651839e+01 3.186217e+01 3.031004e+01 3.922735e+01 3.636119e+01 4.626292e+01 2.891415e+01 3.089497e+01 2.123859e+01 3.566915e-01 8.760977e-01 1.801157e+00 1.533202e+00 2.526124e+00 2.083300e+00 3.359142e+00 2.418408e+00 2.023273e+00 2.487847e+00 1.995080e+00 2.092095e+00 4.009418e-04
<GCONST> 8.446501e+01
<MIXTURE> 22 8.827789e-03
<MEAN> 25
 -1.791985e+01 7.153289e+00 -4.130878e+00 7.391243e+00 4.603628e+00 2.760001e+00 8.399438e+00 1.746996e+00 5.380032e+00 3.301737e+00 5.715509e+00 1.186390e+00 -3.097317e-01 -2.069802e-01 -1.254184e-01 -1.489885e-01 -7.030811e-03 1.370038e-01 1.807916e-01 1.777575e-01 2.480869e-01 2.070677e-01 1.725874e-01 1.921688e-01 8.855683e-03
<VARIANCE> 25
 8.122519e+00 1.683537e+01 1.738365e+01 2.517784e+01 2.289942e+01 2.083968e+01 1.942841e+01 1.871897e+01 1.814028e+01 2.086670e+01 1.924314e+01 1.379344e+01 1.090734e+00 1.359466e+00 1.363910e+00 1.572212e+00 1.408810e+00 1.526780e+00 1.508833e+00 1.532853e+00 1.614888e+00 1.544891e+00 1.357250e+00 1.168239e+00 1.745304e-03
<GCONST> 7.831392e+01
<MIXTURE> 23 6.455497e-03
<MEAN> 25
 7.360998e+00 2.737435e+00 2.099445e+00 2.652515e+00 -3.322565e+00 -1.756910e+00 -4.102986e+00 -6.125939e+00 -2.588077e+00 -1.657529e+00 -4.131550e+00 -2.204887e+00 2.288260e-02 2.005822e-01 5.745469e-02 3.557047e-02 4.405976e-02 5.623686e-02 -1.785634e-02 -8.279578e-02 6.354376e-02 -4.005723e-02 -4.105961e-02 -5.758774e-02 -4.456187e-03
<VARIANCE> 25
 1.104765e+01 2.486045e+01 2.607887e+01 3.756837e+01 5.856101e+01 5.705827e+01 6.510714e+01 4.905474e+01 4.676775e+01 4.975088e+01 5.164525e+01 4.231718e+01 1.182832e-01 3.169555e-01 3.659947e-01 4.896668e-01 5.964659e-01 6.370148e-01 7.492265e-01 8.773319e-01 8.549322e-01 9.091458e-01 7.974716e-01 8.189626e-01 8.039417e-05
<GCONST> 7.357795e+01
<MIXTURE> 24 6.455497e-03
<MEAN> 25
 7.360998e+00 2.737435e+00 2.099445e+00 2.652515e+00 -3.322565e+00 -1.756910e+00 -4.102986e+00 -6.125939e+00 -2.588077e+00 -1.657529e+00 -4.131550e+00 -2.204887e+00 2.288260e-02 2.005822e-01 5.745469e-02 3.557047e-02 4.405976e-02 5.623686e-02 -1.785634e-02 -8.279578e-02 6.354376e-02 -4.005723e-02 -4.105961e-02 -5.758774e-02 -4.456187e-03
<VARIANCE> 25
 1.104765e+01 2.486045e+01 2.607887e+01 3.756837e+01 5.856101e+01 5.705827e+01 6.510714e+01 4.905474e+01 4.676775e+01 4.975088e+01 5.164525e+01 4.231718e+01 1.182832e-01 3.169555e-01 3.659947e-01 4.896668e-01 5.964659e-01 6.370148e-01 7.492265e-01 8.773319e-01 8.549322e-01 9.091458e-01 7.974716e-01 8.189626e-01 8.039417e-05
<GCONST> 7.357795e+01
<MIXTURE> 25 1.118642e-02
<MEAN> 25
 -4.253564e-01 1.710597e+00 1.651980e+01 -1.103706e+00 -1.081478e+01 9.788212e-01 -4.572203e+00 -3.466906e+00 -8.388587e+00 -4.331890e+00 4.476812e+00 -2.585512e+00 -2.090837e-01 7.065848e-01 1.327547e-01 4.628832e-02 4.712138e-01 1.576365e-01 -5.825284e-02 -8.447410e-03 9.126520e-02 2.680948e-02 -1.804937e-01 -4.097640e-02 -1.695913e-02
<VARIANCE> 25
 7.089255e+00 2.469963e+01 1.593499e+01 2.035055e+01 2.940240e+01 6.565918e+01 2.071199e+01 2.702349e+01 2.516208e+01 2.821846e+01 2.109782e+01 2.540883e+01 4.459139e-01 1.216315e+00 1.325534e+00 1.336117e+00 2.360480e+00 2.745878e+00 1.533703e+00 2.335682e+00 1.621319e+00 1.255838e+00 1.026613e+00 1.116382e+00 1.091306e-03
<GCONST> 8.076823e+01
<MIXTURE> 26 7.727677e-03
<MEAN> 25
 1.986873e+00 -2.613245e+00 -1.003232e+01 -4.696664e-01 8.308825e+00 6.125877e+00 4.931273e+00 -3.961501e-01 3.884664e+00 -1.430996e+00 -3.518374e+00 4.456789e-01 -6.034299e-01 5.162385e-01 2.862998e-01 8.717009e-01 4.627460e-01 1.596586e-01 1.584310e-01 3.704204e-02 1.153888e-01 -8.150370e-02 1.645499e-01 4.597012e-01 -4.595571e-02
<VARIANCE> 25
 2.328595e+01 5.227832e+01 2.443302e+01 5.697814e+01 3.899744e+01 3.656766e+01 3.838734e+01 4.171763e+01 3.831819e+01 4.371528e+01 3.450592e+01 4.001110e+01 1.319345e+00 1.646226e+00 1.686899e+00 2.268098e+00 2.464723e+00 2.383338e+00 2.325283e+00 2.499026e+00 2.029635e+00 2.153586e+00 2.207206e+00 1.619777e+00 2.760008e-03
<GCONST> 9.208942e+01
<MIXTURE> 27 7.727677e-03
<MEAN> 25
 1.986873e+00 -2.613245e+00 -1.003232e+01 -4.696664e-01 8.308825e+00 6.125877e+00 4.931273e+00 -3.961501e-01 3.884664e+00 -1.430996e+00 -3.518374e+00 4.456789e-01 -6.034299e-01 5.162385e-01 2.862998e-01 8.717009e-01 4.627460e-01 1.596586e-01 1.584310e-01 3.704204e-02 1.153888e-01 -8.150370e-02 1.645499e-01 4.597012e-01 -4.595571e-02
<VARIANCE> 25
 2.328595e+01 5.227832e+01 2.443302e+01 5.697814e+01 3.899744e+01 3.656766e+01 3.838734e+01 4.171763e+01 3.831819e+01 4.371528e+01 3.450592e+01 4.001110e+01 1.319345e+00 1.646226e+00 1.686899e+00 2.268098e+00 2.464723e+00 2.383338e+00 2.325283e+00 2.499026e+00 2.029635e+00 2.153586e+00 2.207206e+00 1.619777e+00 2.760008e-03
<GCONST> 9.208942e+01
<MIXTURE> 28 5.036674e-03
<MEAN> 25
 -5.450377e+00 2.217764e-02 -1.584962e+00 6.616488e+00 5.248843e+00 3.521114e+00 5.412664e+00 3.114048e+00 3.924973e+00 2.390062e+00 2.628981e+00 3.223493e+00 -1.152085e-01 2.232768e-01 5.285985e-01 7.843875e-01 8.228202e-01 7.043077e-01 5.224003e-01 3.894030e-01 4.415100e-01 4.814902e-01 3.696523e-01 1.902434e-01 -1.203075e-05
<VARIANCE> 25
 1.041984e+01 8.416238e+00 1.231470e+01 1.482554e+01 1.487438e+01 1.771724e+01 1.802450e+01 1.917578e+01 1.717448e+01 1.673259e+01 2.064223e+01 1.498930e+01 2.561779e-01 3.361105e-01 4.064295e-01 4.638443e-01 6.212832e-01 8.480431e-01 1.055786e+00 1.148466e+00 1.112091e+00 1.028993e+00 1.036649e+00 1.065690e+00 9.994158e-07
<GCONST> 6.029247e+01
<MIXTURE> 29 5.036674e-03
<MEAN> 25
 -5.450377e+00 2.217764e-02 -1.584962e+00 6.616488e+00 5.248843e+00 3.521114e+00 5.412664e+00 3.114048e+00 3.924973e+00 2.390062e+00 2.628981e+00 3.223493e+00 -1.152085e-01 2.232768e-01 5.285985e-01 7.843875e-01 8.228202e-01 7.043077e-01 5.224003e-01 3.894030e-01 4.415100e-01 4.814902e-01 3.696523e-01 1.902434e-01 -1.203075e-05
<VARIANCE> 25
 1.041984e+01 8.416238e+00 1.231470e+01 1.482554e+01 1.487438e+01 1.771724e+01 1.802450e+01 1.917578e+01 1.717448e+01 1.673259e+01 2.064223e+01 1.498930e+01 2.561779e-01 3.361105e-01 4.064295e-01 4.638443e-01 6.212832e-01 8.480431e-01 1.055786e+00 1.148466e+00 1.112091e+00 1.028993e+00 1.036649e+00 1.065690e+00 9.994158e-07
<GCONST> 6.029247e+01
<MIXTURE> 30 8.917812e-03
<MEAN> 25
 -4.495018e+00 -1.944419e-01 6.534686e-01 9.088999e+00 7.777338e+00 7.510294e+00 7.584489e+00 6.879299e+00 6.533082e+00 4.896060e+00 7.011666e+00 3.503413e+00 -2.378586e-02 3.041857e-02 5.658007e-02 8.882375e-02 8.162049e-02 4.443798e-02 1.338552e-02 -3.111124e-03 1.719965e-02 5.141937e-02 6.130888e-02 3.489052e-02 -5.544056e-04
<VARIANCE> 25
 6.938003e+00 9.873401e+00 1.040913e+01 1.374121e+01 1.575902e+01 1.642565e+01 1.912437e+01 1.820017e+01 1.628843e+01 1.837056e+01 2.125221e+01 1.436373e+01 9.738144e-02 1.996303e-01 3.250977e-01 4.815469e-01 6.195722e-01 7.242277e-01 7.725328e-01 8.125228e-01 8.760945e-01 9.372206e-01 9.207811e-01 8.625383e-01 5.097151e-05
<GCONST> 6.059426e+01
<MIXTURE> 31 4.136493e-03
<MEAN> 25
 -3.253986e+00 -5.389017e+00 -3.433090e-01 4.584577e+00 3.571687e+00 1.476936e+00 5.551058e+00 6.625839e+00 3.373919e+00 1.338972e+00 6.489063e+00 3.333499e+00 2.431122e-01 5.056940e-01 -2.561617e-01 3.300877e-01 1.472142e-01 4.296505e-01 1.415698e-01 -6.509022e-02 2.965042e-01 3.387797e-01 7.289262e-02 9.693423e-02 -1.956765e-02
<VARIANCE> 25
 7.016483e+00 1.632848e+01 1.973848e+01 1.984099e+01 2.473518e+01 2.360448e+01 2.429464e+01 2.521804e+01 3.378579e+01 2.694596e+01 1.948550e+01 1.870819e+01 1.853044e-01 4.874010e-01 6.111810e-01 7.462483e-01 9.344438e-01 1.040625e+00 1.243340e+00 1.444675e+00 1.449744e+00 1.302821e+00 1.226049e+00 1.087312e+00 2.713159e-04
<GCONST> 7.223783e+01
<MIXTURE> 32 4.136493e-03
<MEAN> 25
 -3.253986e+00 -5.389017e+00 -3.433090e-01 4.584577e+00 3.571687e+00 1.476936e+00 5.551058e+00 6.625839e+00 3.373919e+00 1.338972e+00 6.489063e+00 3.333499e+00 2.431122e-01 5.056940e-01 -2.561617e-01 3.300877e-01 1.472142e-01 4.296505e-01 1.415698e-01 -6.509022e-02 2.965042e-01 3.387797e-01 7.289262e-02 9.693423e-02 -1.956765e-02
<VARIANCE> 25
 7.016483e+00 1.632848e+01 1.973848e+01 1.984099e+01 2.473518e+01 2.360448e+01 2.429464e+01 2.521804e+01 3.378579e+01 2.694596e+01 1.948550e+01 1.870819e+01 1.853044e-01 4.874010e-01 6.111810e-01 7.462483e-01 9.344438e-01 1.040625e+00 1.243340e+00 1.444675e+00 1.449744e+00 1.302821e+00 1.226049e+00 1.087312e+00 2.713159e-04
<GCONST> 7.223783e+01
<MIXTURE> 33 1.508826e-02
<MEAN> 25
 6.544663e+00 -3.990236e+00 -2.250305e+00 -2.617685e+00 -2.022232e+00 -5.538517e+00 -7.311550e+00 1.676421e+00 2.293090e+00 -4.101869e-01 -4.635192e+00 -3.097257e+00 6.438452e-01 -1.167517e+00 -2.416380e+00 -1.864644e+00 1.409859e+00 1.414147e+00 -7.602538e-01 6.585498e-01 1.026843e+00 5.657728e-01 -2.981644e-01 -1.342126e+00 3.761940e-02
<VARIANCE> 25
 1.003447e+01 2.115212e+01 2.887837e+01 3.604694e+01 4.113047e+01 4.447461e+01 4.342657e+01 4.688852e+01 4.052479e+01 4.384447e+01 3.528833e+01 2.922381e+01 1.157532e+00 1.926567e+00 2.241012e+00 2.187898e+00 4.398350e+00 3.408607e+00 4.301879e+00 5.574492e+00 3.746613e+00 4.361574e+00 3.358328e+00 2.595848e+00 1.462879e-03
<GCONST> 9.451260e+01
<MIXTURE> 34 1.588179e-02
<MEAN> 25
 8.592440e+00 9.561424e-02 9.998728e-02 1.243138e+00 -2.782180e+00 -1.519461e+00 -6.318392e+00 -4.713585e+00 -2.256701e+00 2.322242e-01 -2.131968e+00 -3.918185e+00 5.308026e-02 1.507307e+00 1.318634e+00 2.278460e+00 2.883465e-01 1.159117e-02 1.011102e+00 -1.632363e+00 -7.554438e-01 8.060651e-02 -6.231197e-01 4.206548e-01 -6.110082e-02
<VARIANCE> 25
 8.118080e+00 3.054382e+01 2.707162e+01 4.654277e+01 4.081657e+01 4.781899e+01 5.348812e+01 5.295605e+01 5.182046e+01 4.003763e+01 4.768346e+01 3.109712e+01 1.240831e+00 2.145951e+00 4.151855e+00 3.960787e+00 6.176615e+00 5.644419e+00 5.637697e+00 5.766717e+00 5.104103e+00 4.875494e+00 4.669129e+00 3.843387e+00 1.072538e-03
<GCONST> 9.914001e+01
<MIXTURE> 35 1.467755e-02
<MEAN> 25
 -2.436672e+00 -3.673704e+00 -9.823199e+00 9.964044e-01 9.502793e+00 6.156177e-01 2.021051e+00 9.210821e-01 2.704350e+00 4.244784e+00 1.155257e-01 2.817975e+00 1.647316e-01 -1.458054e+00 -7.435681e-01 -1.372776e+00 -2.552377e-02 -8.017578e-01 -5.844929e-01 -4.874485e-02 -2.437616e-01 4.355517e-01 -3.945095e-01 -3.854280e-01 9.971807e-02
<VARIANCE> 25
 1.708214e+01 3.753274e+01 3.660877e+01 5.452382e+01 4.015989e+01 4.996626e+01 4.084468e+01 4.829611e+01 4.907368e+01 3.181740e+01 3.158824e+01 3.048474e+01 3.695961e+00 3.536241e+00 8.691655e+00 4.980867e+00 5.643357e+00 5.554380e+00 5.293968e+00 4.945588e+00 4.497044e+00 4.132768e+00 3.917857e+00 3.508390e+00 5.064905e-03
<GCONST> 1.027298e+02
<MIXTURE> 36 1.093293e-02
<MEAN> 25
 2.935421e+00 -5.169546e+00 5.854915e+00 3.456672e+00 -1.051362e+01 -1.064304e+01 -8.437793e+00 6.188370e+00 -4.413979e+00 -2.095054e+00 2.814649e+00 -3.958652e+00 3.930151e-01 2.949073e-01 -1.040127e+00 1.986706e-02 7.241171e-01 4.520429e-01 -6.557863e-01 -7.408674e-01 6.809850e-01 5.796080e-01 -9.323460e-02 -5.737733e-01 -1.611345e-02
<VARIANCE> 25
 1.008421e+01 1.328845e+01 1.771464e+01 1.850273e+01 1.977530e+01 2.524199e+01 3.645409e+01 4.341343e+01 3.098252e+01 2.597375e+01 1.768497e+01 3.260497e+01 2.971257e-01 5.569969e-01 1.012539e+00 9.427752e-01 1.112695e+00 1.221423e+00 1.378036e+00 3.451809e+00 1.481965e+00 1.124870e+00 1.043000e+00 1.028602e+00 4.729799e-04
<GCONST> 7.621053e+01
<MIXTURE> 37 1.246826e-02
<MEAN> 25
 1.065992e-01 7.059776e+00 1.204615e+01 -4.732426e+00 -7.156952e+00 -3.010002e-01 -4.446502e+00 -7.445892e+00 -3.865813e+00 -9.418384e-01 -2.257127e+00 -1.699137e+00 2.333268e-01 7.867337e-01 -1.658925e+00 3.296325e+00 2.253342e+00 -4.552984e-01 1.271419e+00 4.828967e-01 9.695066e-01 -3.076442e-01 4.577246e-01 -4.927222e-02 -8.880794e-02
<VARIANCE> 25
 1.457746e+01 2.514603e+01 2.743952e+01 4.559179e+01 3.368737e+01 3.120268e+01 3.879037e+01 3.270142e+01 3.478525e+01 3.070760e+01 4.089724e+01 2.744176e+01 2.489764e+00 3.185425e+00 3.044059e+00 3.869416e+00 4.147430e+00 4.081128e+00 3.840817e+00 3.603207e+00 3.842559e+00 3.126130e+00 3.363167e+00 2.373635e+00 3.612830e-03
<GCONST> 9.601627e+01
<MIXTURE> 38 1.154525e-02
<MEAN> 25
 -4.466761e+00 8.959255e+00 4.585752e+00 3.232630e+00 8.619168e-01 -5.213014e+00 -5.997366e-01 -2.751194e+00 -2.840080e+00 -3.094073e+00 -1.491477e+00 -5.339614e-01 -4.512528e+00 1.250422e+00 -3.097910e-01 1.452844e+00 2.564493e+00 1.393703e+00 2.052387e+00 9.477724e-01 7.888507e-01 6.342474e-01 9.991921e-01 3.275087e-01 4.850875e-02
<VARIANCE> 25
 3.145848e+01 2.975866e+01 3.904902e+01 3.299773e+01 4.885692e+01 3.555553e+01 3.632196e+01 4.160664e+01 3.494656e+01 3.255920e+01 2.424357e+01 2.875256e+01 2.369058e+00 3.945931e+00 3.906179e+00 5.157905e+00 4.242791e+00 5.013000e+00 4.771315e+00 4.658000e+00 4.445130e+00 4.942764e+00 4.393388e+00 3.259783e+00 2.055588e-03
<GCONST> 9.927544e+01
<MIXTURE> 39 9.501865e-03
<MEAN> 25
 1.157983e+00 2.172988e+00 1.056052e+01 -8.698994e+00 -1.125158e+01 -6.685294e-01 -2.724798e+00 -6.488334e+00 -5.083327e+00 8.168544e-01 -3.015468e+00 -2.530878e+00 -7.607988e-01 1.417824e+00 1.674002e+00 -1.383537e+00 1.288631e-02 1.324929e+00 -1.157900e+00 -1.207308e+00 3.794561e-01 4.260203e-01 -4.267761e-01 -3.327723e-03 1.944833e-03
<VARIANCE> 25
 8.826452e+00 3.108189e+01 3.173107e+01 3.965996e+01 3.598785e+01 4.434151e+01 4.291959e+01 3.245099e+01 4.142198e+01 3.148504e+01 4.179786e+01 2.951862e+01 6.791295e-01 1.668170e+00 1.501958e+00 2.912143e+00 2.627361e+00 2.822649e+00 2.891158e+00 2.738648e+00 2.341727e+00 2.466676e+00 2.116582e+00 2.222780e+00 1.207646e-03
<GCONST> 8.986076e+01
<MIXTURE> 40 1.030800e-02
<MEAN> 25
 -8.066104e+00 2.686307e+00 -1.906386e+00 7.484907e+00 4.404080e+00 5.378717e+00 5.203684e+00 3.932256e+00 4.696322e+00 3.809531e+00 5.087433e+00 1.867423e+00 -5.349675e-02 -2.384617e-01 -7.139441e-02 -2.612719e-01 -6.942823e-02 -7.357186e-02 8.499333e-02 1.592005e-01 4.553054e-02 7.782464e-02 -8.646965e-02 -3.172282e-03 3.822333e-03
<VARIANCE> 25
 5.481407e+01 2.113605e+01 3.208465e+01 2.987115e+01 2.796912e+01 1.807871e+01 1.791095e+01 1.938418e+01 1.689144e+01 1.813918e+01 2.038171e+01 1.416889e+01 7.066854e-01 6.916801e-01 8.399536e-01 1.075817e+00 1.110064e+00 1.284706e+00 1.270857e+00 1.569794e+00 1.241111e+00 1.190803e+00 1.446105e+00 1.029861e+00 7.990460e-04
<GCONST> 7.721869e+01
<MIXTURE> 41 6.713375e-03
<MEAN> 25
 9.021719e-01 6.483002e-01 1.123559e+01 -6.030970e+00 -9.690261e+00 -3.443480e+00 -2.396698e+00 -4.654622e+00 -5.405308e+00 2.761530e+00 -1.034790e+00 -7.218641e-01 4.775744e-02 -1.016303e+00 2.150068e+00 -3.352078e+00 -2.869310e+00 -1.067733e-01 -5.706535e-01 -1.764479e-01 -1.003009e+00 9.571840e-01 -7.186745e-01 -1.605222e-01 9.433949e-02
<VARIANCE> 25
 1.077360e+01 3.334486e+01 3.064081e+01 4.045081e+01 3.741159e+01 4.086598e+01 3.234892e+01 3.216599e+01 3.232529e+01 2.487881e+01 3.255936e+01 2.796806e+01 3.026127e+00 3.361109e+00 4.540282e+00 3.455875e+00 5.763009e+00 6.339544e+00 4.161936e+00 4.106380e+00 3.692705e+00 3.831609e+00 3.785916e+00 3.290356e+00 3.977879e-03
<GCONST> 9.789144e+01
<MIXTURE> 42 1.106211e-02
<MEAN> 25
 -4.016327e+00 3.524658e+00 5.487492e+00 3.385123e+00 1.481492e+00 -6.044723e+00 7.436557e-01 -4.350815e+00 -2.576723e+00 -2.133709e-01 -2.532929e+00 9.851458e-01 3.851434e+00 -7.271417e-01 2.337629e+00 5.937382e-01 -3.564355e+00 -1.465504e+00 -2.618264e+00 -1.125801e-01 -2.503578e+00 -1.277197e+00 1.077452e+00 -1.327300e+00 3.314015e-02
<VARIANCE> 25
 3.790622e+01 1.821872e+01 3.852209e+01 2.068113e+01 3.382725e+01 3.215770e+01 3.617123e+01 3.688313e+01 3.019612e+01 2.231406e+01 1.845033e+01 1.393952e+01 2.900409e+00 4.271928e+00 6.386881e+00 4.194850e+00 4.578532e+00 4.691469e+00 4.100739e+00 5.407030e+00 9.414326e+00 4.438297e+00 3.841531e+00 2.654290e+00 4.965057e-03
<GCONST> 9.813587e+01
<MIXTURE> 43 7.108249e-03
<MEAN> 25
 3.165979e+00 -6.308647e+00 -2.249112e+00 -5.193834e+00 -7.402525e+00 -3.404759e+00 4.140156e+00 1.318252e+00 -5.059598e+00 -7.092179e+00 -4.321252e+00 -1.248914e+00 2.372645e-01 2.163971e+00 1.914351e+00 -1.324420e-01 -1.428705e+00 -7.940650e-01 -9.702590e-01 -7.799832e-01 8.207498e-01 1.467079e+00 3.428587e-01 2.123508e-02 -4.509880e-02
<VARIANCE> 25
 9.609811e+00 1.973958e+01 2.743634e+01 3.523925e+01 3.842601e+01 3.668893e+01 3.329462e+01 3.985769e+01 3.982739e+01 3.865667e+01 2.654875e+01 2.954783e+01 6.911852e-01 1.250496e+00 1.569270e+00 2.494294e+00 2.378232e+00 2.383349e+00 2.652349e+00 3.026439e+00 2.608784e+00 2.579365e+00 2.332293e+00 1.918933e+00 9.428753e-04
<GCONST> 8.798753e+01
<MIXTURE> 44 7.328289e-03
<MEAN> 25
 -1.532405e+01 1.564177e+00 3.478743e+00 -3.257963e+00 3.457057e+00 2.087179e+00 3.091744e-02 2.370357e+00 1.609811e+00 -7.326419e-01 1.778556e+00 2.018245e+00 -1.706249e-01 2.056731e-02 1.665941e-01 3.047997e-01 -1.060919e-01 1.987372e-01 4.705820e-01 9.787009e-02 2.336976e-01 1.323913e-01 4.937307e-02 8.871581e-02 4.455714e-03
<VARIANCE> 25
 4.224947e+01 2.801969e+01 3.581982e+01 3.019941e+01 2.989670e+01 3.036778e+01 2.518624e+01 3.231333e+01 2.814272e+01 2.752211e+01 2.712863e+01 1.946171e+01 1.225263e+00 1.604758e+00 1.400509e+00 1.349488e+00 2.155982e+00 1.661998e+00 1.507483e+00 1.667441e+00 1.589927e+00 1.497935e+00 1.368204e+00 1.226060e+00 1.282600e-03
<GCONST> 8.468089e+01
<MIXTURE> 45 1.364932e-02
<MEAN> 25
 -1.166848e+01 1.168600e+00 -1.758354e+00 1.461504e+00 6.008848e+00 -9.909194e-01 5.498785e+00 1.457152e+00 4.694045e+00 3.292623e+00 1.355403e+00 3.423195e+00 -2.857322e+00 5.050098e-01 2.283365e-02 -3.277709e-01 5.827246e-01 1.813804e-01 7.744103e-01 -4.120207e-01 -1.420668e-01 7.649660e-02 -6.513990e-02 1.327987e-01 1.047936e-01
<VARIANCE> 25
 2.961740e+01 4.294654e+01 2.925791e+01 3.421913e+01 3.001112e+01 2.690739e+01 2.577451e+01 2.710389e+01 2.440184e+01 2.307374e+01 2.592549e+01 1.469037e+01 2.100699e+00 3.639207e+00 2.827354e+00 2.650089e+00 3.057234e+00 2.717994e+00 2.157564e+00 3.095157e+00 1.979508e+00 1.807281e+00 1.899714e+00 1.788327e+00 3.767679e-03
<GCONST> 9.050353e+01
<MIXTURE> 46 9.336259e-03
<MEAN> 25
 -8.993111e+00 2.645200e+00 3.604531e-01 7.276110e+00 6.411524e+00 3.149508e+00 6.973782e+00 3.980285e+00 5.929376e+00 4.453070e+00 4.683424e+00 3.265573e+00 9.142021e-01 -2.176664e-01 1.890335e-02 1.028843e+00 6.466856e-01 8.239144e-01 3.209459e-01 6.047964e-01 4.490336e-01 5.038299e-01 6.102975e-01 4.715810e-01 -9.919471e-02
<VARIANCE> 25
 3.420067e+01 4.240063e+01 4.355584e+01 4.798223e+01 5.010841e+01 3.927225e+01 3.490176e+01 3.649475e+01 3.186153e+01 2.941663e+01 2.760346e+01 2.215767e+01 3.900370e+00 4.102304e+00 3.906141e+00 4.119905e+00 4.244088e+00 3.894607e+00 3.473578e+00 3.163101e+00 3.089983e+00 2.655064e+00 2.164626e+00 1.831579e+00 7.954579e-03
<GCONST> 9.826562e+01
<MIXTURE> 47 7.116147e-03
<MEAN> 25
 7.255882e+00 -7.226622e+00 -7.683984e+00 -6.411218e+00 1.379920e+00 8.981621e-01 -2.414730e+00 1.251848e+00 3.022645e+00 2.892600e-01 -4.116541e+00 -6.634673e+00 -1.785064e-01 -1.238100e+00 -6.734340e-01 -4.223417e-01 5.878364e-01 8.208497e-01 8.321151e-01 3.136679e-01 1.366975e-01 -8.649904e-01 -4.635090e-01 -4.548969e-01 2.962928e-02
<VARIANCE> 25
 1.089816e+01 2.384287e+01 2.011353e+01 3.301476e+01 3.782074e+01 5.273010e+01 4.596848e+01 4.104900e+01 4.255663e+01 4.691592e+01 4.815325e+01 3.455376e+01 5.099545e-01 7.641208e-01 1.106513e+00 1.623766e+00 2.043032e+00 2.239741e+00 2.330873e+00 2.438899e+00 2.173461e+00 2.134004e+00 2.145206e+00 2.013104e+00 5.499042e-04
<GCONST> 8.655579e+01
<MIXTURE> 48 7.116147e-03
<MEAN> 25
 7.255882e+00 -7.226622e+00 -7.683984e+00 -6.411218e+00 1.379920e+00 8.981621e-01 -2.414730e+00 1.251848e+00 3.022645e+00 2.892600e-01 -4.116541e+00 -6.634673e+00 -1.785064e-01 -1.238100e+00 -6.734340e-01 -4.223417e-01 5.878364e-01 8.208497e-01 8.321151e-01 3.136679e-01 1.366975e-01 -8.649904e-01 -4.635090e-01 -4.548969e-01 2.962928e-02
<VARIANCE> 25
 1.089816e+01 2.384287e+01 2.011353e+01 3.301476e+01 3.782074e+01 5.273010e+01 4.596848e+01 4.104900e+01 4.255663e+01 4.691592e+01 4.815325e+01 3.455376e+01 5.099545e-01 7.641208e-01 1.106513e+00 1.623766e+00 2.043032e+00 2.239741e+00 2.330873e+00 2.438899e+00 2.173461e+00 2.134004e+00 2.145206e+00 2.013104e+00 5.499042e-04
<GCONST> 8.655579e+01
<MIXTURE> 49 5.548473e-03
<MEAN> 25
 -5.055302e+00 5.242728e-01 7.326174e-03 8.414022e+00 6.356838e+00 5.686881e+00 6.043675e+00 4.293700e+00 4.934626e+00 3.611197e+00 4.781119e+00 2.934785e+00 3.593149e-01 6.593233e-01 7.085291e-01 3.618670e-01 -1.651323e-01 -6.383294e-01 -1.016493e+00 -1.115510e+00 -9.454927e-01 -6.889727e-01 -5.101354e-01 -2.663060e-01 1.366805e-04
<VARIANCE> 25
 9.459854e+00 1.124213e+01 1.528101e+01 1.563957e+01 1.770063e+01 1.701668e+01 1.908450e+01 2.089892e+01 1.828669e+01 1.821651e+01 2.138182e+01 1.426213e+01 2.770905e-01 2.586699e-01 3.542174e-01 6.030802e-01 9.008259e-01 1.002792e+00 9.760851e-01 1.034467e+00 1.119229e+00 1.198934e+00 1.270204e+00 1.186307e+00 1.526598e-05
<GCONST> 6.465816e+01
<MIXTURE> 50 6.234641e-03
<MEAN> 25
 -4.680010e+00 2.531132e-01 -1.592441e+00 6.251710e+00 4.476479e+00 2.393485e+00 3.705991e+00 1.712744e+00 2.737062e+00 1.284125e+00 1.990693e+00 2.920681e+00 5.689059e-02 1.804561e-01 9.058333e-02 -1.781251e-01 -4.931252e-01 -6.010286e-01 -4.338897e-01 -5.063553e-02 4.511231e-01 7.578427e-01 7.226730e-01 4.601088e-01 1.770060e-05
<VARIANCE> 25
 1.035053e+01 1.232210e+01 1.516840e+01 1.533561e+01 1.859499e+01 1.898239e+01 1.824450e+01 2.305728e+01 1.834426e+01 1.808798e+01 2.269980e+01 1.521211e+01 1.421152e-01 2.382653e-01 3.728503e-01 5.086011e-01 6.108324e-01 7.323794e-01 9.477438e-01 1.098833e+00 1.046275e+00 9.065388e-01 9.169873e-01 9.843246e-01 1.035476e-06
<GCONST> 6.005404e+01
<MIXTURE> 51 6.234641e-03
<MEAN> 25
 -4.680010e+00 2.531132e-01 -1.592441e+00 6.251710e+00 4.476479e+00 2.393485e+00 3.705991e+00 1.712744e+00 2.737062e+00 1.284125e+00 1.990693e+00 2.920681e+00 5.689059e-02 1.804561e-01 9.058333e-02 -1.781251e-01 -4.931252e-01 -6.010286e-01 -4.338897e-01 -5.063553e-02 4.511231e-01 7.578427e-01 7.226730e-01 4.601088e-01 1.770060e-05
<VARIANCE> 25
 1.035053e+01 1.232210e+01 1.516840e+01 1.533561e+01 1.859499e+01 1.898239e+01 1.824450e+01 2.305728e+01 1.834426e+01 1.808798e+01 2.269980e+01 1.521211e+01 1.421152e-01 2.382653e-01 3.728503e-01 5.086011e-01 6.108324e-01 7.323794e-01 9.477438e-01 1.098833e+00 1.046275e+00 9.065388e-01 9.169873e-01 9.843246e-01 1.035476e-06
<GCONST> 6.005404e+01
<MIXTURE> 52 6.367945e-03
<MEAN> 25
 9.684180e+00 2.653071e+00 -6.301893e+00 -1.422093e+01 -3.826395e+00 8.794178e+00 -1.713909e+00 -2.049589e+00 -2.156788e+00 -2.584148e+00 2.981654e+00 1.092287e+00 -4.631234e-01 -4.509678e-01 7.300569e-02 1.105556e+00 1.230482e+00 -4.986168e-01 -5.476470e-01 -4.586450e-01 1.552271e-01 1.212511e+00 3.338735e-01 -4.803796e-01 -1.720454e-02
<VARIANCE> 25
 9.194759e+00 2.011125e+01 2.424029e+01 4.121049e+01 4.656926e+01 2.770483e+01 4.827228e+01 5.236453e+01 7.769542e+01 4.285440e+01 3.889495e+01 2.661649e+01 5.086643e-01 1.332340e+00 1.446736e+00 2.725758e+00 2.333744e+00 2.175431e+00 3.032136e+00 2.869809e+00 2.846872e+00 2.482861e+00 2.723630e+00 2.069773e+00 1.447144e-03
<GCONST> 9.004229e+01
<MIXTURE> 53 6.367945e-03
<MEAN> 25
 9.684180e+00 2.653071e+00 -6.301893e+00 -1.422093e+01 -3.826395e+00 8.794178e+00 -1.713909e+00 -2.049589e+00 -2.156788e+00 -2.584148e+00 2.981654e+00 1.092287e+00 -4.631234e-01 -4.509678e-01 7.300569e-02 1.105556e+00 1.230482e+00 -4.986168e-01 -5.476470e-01 -4.586450e-01 1.552271e-01 1.212511e+00 3.338735e-01 -4.803796e-01 -1.720454e-02
<VARIANCE> 25
 9.194759e+00 2.011125e+01 2.424029e+01 4.121049e+01 4.656926e+01 2.770483e+01 4.827228e+01 5.236453e+01 7.769542e+01 4.285440e+01 3.889495e+01 2.661649e+01 5.086643e-01 1.332340e+00 1.446736e+00 2.725758e+00 2.333744e+00 2.175431e+00 3.032136e+00 2.869809e+00 2.846872e+00 2.482861e+00 2.723630e+00 2.069773e+00 1.447144e-03
<GCONST> 9.004229e+01
<MIXTURE> 54 7.368620e-03
<MEAN> 25
 -3.633813e+00 4.935580e-02 -6.832014e-01 8.036549e+00 6.484043e+00 4.625398e+00 4.675344e+00 4.601013e+00 4.053125e+00 3.593799e+00 4.457445e+00 2.326303e+00 -2.133196e-03 2.653496e-02 3.414940e-02 4.747691e-02 5.135949e-02 4.708684e-02 3.888842e-02 2.891198e-02 3.080789e-02 2.505829e-02 1.451150e-02 1.772451e-03 -1.220374e-05
<VARIANCE> 25
 9.137441e+00 1.036378e+01 9.296403e+00 1.818506e+01 1.332149e+01 1.353339e+01 1.197141e+01 1.128224e+01 1.134298e+01 1.354982e+01 1.780277e+01 1.253443e+01 4.087500e-02 8.734795e-02 1.540874e-01 2.265868e-01 3.079418e-01 3.969570e-01 4.608462e-01 5.215948e-01 5.420811e-01 5.211458e-01 5.144562e-01 5.164451e-01 1.000006e-06
<GCONST> 4.724867e+01
<MIXTURE> 55 7.368620e-03
<MEAN> 25
 -3.633813e+00 4.935580e-02 -6.832014e-01 8.036549e+00 6.484043e+00 4.625398e+00 4.675344e+00 4.601013e+00 4.053125e+00 3.593799e+00 4.457445e+00 2.326303e+00 -2.133196e-03 2.653496e-02 3.414940e-02 4.747691e-02 5.135949e-02 4.708684e-02 3.888842e-02 2.891198e-02 3.080789e-02 2.505829e-02 1.451150e-02 1.772451e-03 -1.220374e-05
<VARIANCE> 25
 9.137441e+00 1.036378e+01 9.296403e+00 1.818506e+01 1.332149e+01 1.353339e+01 1.197141e+01 1.128224e+01 1.134298e+01 1.354982e+01 1.780277e+01 1.253443e+01 4.087500e-02 8.734795e-02 1.540874e-01 2.265868e-01 3.079418e-01 3.969570e-01 4.608462e-01 5.215948e-01 5.420811e-01 5.211458e-01 5.144562e-01 5.164451e-01 1.000006e-06
<GCONST> 4.724867e+01
<MIXTURE> 56 6.132464e-03
<MEAN> 25
 7.215236e+00 -6.185504e+00 -8.688350e+00 -8.229247e+00 3.361382e+00 4.036101e+00 -2.337917e+00 -1.034097e+00 2.231045e+00 9.766633e-01 -2.308613e+00 -6.588714e+00 -4.240811e-03 1.412384e-02 -6.102416e-02 2.250704e-03 2.774845e-01 1.281407e-01 7.751057e-02 -1.238392e-01 -3.318057e-02 -1.300104e-01 -8.733451e-02 4.826685e-02 -6.304414e-03
<VARIANCE> 25
 1.038799e+01 3.280424e+01 1.965803e+01 4.078459e+01 4.061560e+01 5.169693e+01 6.446991e+01 3.892005e+01 3.673841e+01 3.866486e+01 3.828824e+01 3.554228e+01 2.047948e-01 4.450810e-01 4.472896e-01 7.210955e-01 7.686912e-01 1.283070e+00 8.856502e-01 8.756789e-01 8.683324e-01 9.288095e-01 9.560881e-01 7.471888e-01 2.311598e-04
<GCONST> 7.569823e+01
<MIXTURE> 57 6.132464e-03
<MEAN> 25
 7.215236e+00 -6.185504e+00 -8.688350e+00 -8.229247e+00 3.361382e+00 4.036101e+00 -2.337917e+00 -1.034097e+00 2.231045e+00 9.766633e-01 -2.308613e+00 -6.588714e+00 -4.240811e-03 1.412384e-02 -6.102416e-02 2.250704e-03 2.774845e-01 1.281407e-01 7.751057e-02 -1.238392e-01 -3.318057e-02 -1.300104e-01 -8.733451e-02 4.826685e-02 -6.304414e-03
<VARIANCE> 25
 1.038799e+01 3.280424e+01 1.965803e+01 4.078459e+01 4.061560e+01 5.169693e+01 6.446991e+01 3.892005e+01 3.673841e+01 3.866486e+01 3.828824e+01 3.554228e+01 2.047948e-01 4.450810e-01 4.472896e-01 7.210955e-01 7.686912e-01 1.283070e+00 8.856502e-01 8.756789e-01 8.683324e-01 9.288095e-01 9.560881e-01 7.471888e-01 2.311598e-04
<GCONST> 7.569823e+01
<MIXTURE> 58 6.172147e-03
<MEAN> 25
 1.634703e+00 -4.737126e+00 8.583346e+00 -4.960091e+00 -1.440734e+01 -6.053018e+00 5.668036e-01 2.441720e+00 -4.197738e+00 1.378527e+00 5.548725e-01 -9.959439e-02 -1.763890e-02 -1.294405e-01 -2.387031e-01 -2.790620e-01 -1.831076e-01 2.627557e-01 3.252287e-01 3.115714e-01 -2.218032e-01 -8.009900e-02 -7.762029e-02 -2.911738e-01 1.307761e-04
<VARIANCE> 25
 7.499048e+00 1.698805e+01 2.028504e+01 2.415652e+01 1.997487e+01 3.736769e+01 2.800177e+01 3.312928e+01 3.389767e+01 2.431699e+01 1.952539e+01 2.264673e+01 2.432577e-01 7.005970e-01 8.309879e-01 1.449878e+00 8.362684e-01 1.338334e+00 8.722211e-01 1.476594e+00 1.195353e+00 9.708813e-01 7.262239e-01 8.364882e-01 5.980490e-04
<GCONST> 7.425404e+01
<MIXTURE> 59 6.172147e-03
<MEAN> 25
 1.634703e+00 -4.737126e+00 8.583346e+00 -4.960091e+00 -1.440734e+01 -6.053018e+00 5.668036e-01 2.441720e+00 -4.197738e+00 1.378527e+00 5.548725e-01 -9.959439e-02 -1.763890e-02 -1.294405e-01 -2.387031e-01 -2.790620e-01 -1.831076e-01 2.627557e-01 3.252287e-01 3.115714e-01 -2.218032e-01 -8.009900e-02 -7.762029e-02 -2.911738e-01 1.307761e-04
<VARIANCE> 25
 7.499048e+00 1.698805e+01 2.028504e+01 2.415652e+01 1.997487e+01 3.736769e+01 2.800177e+01 3.312928e+01 3.389767e+01 2.431699e+01 1.952539e+01 2.264673e+01 2.432577e-01 7.005970e-01 8.309879e-01 1.449878e+00 8.362684e-01 1.338334e+00 8.722211e-01 1.476594e+00 1.195353e+00 9.708813e-01 7.262239e-01 8.364882e-01 5.980490e-04
<GCONST> 7.425404e+01
<MIXTURE> 60 4.479129e-03
<MEAN> 25
 -4.269414e+00 -6.660969e-01 -1.085692e+00 3.701690e+00 1.735456e+00 2.109784e+00 1.648442e+00 1.529556e+00 2.153955e+00 1.264090e+00 2.381542e+00 1.923749e+00 -2.889389e-02 5.579417e-02 1.018736e-01 1.303663e-01 1.286422e-01 1.286553e-01 1.786106e-01 3.232926e-01 5.447834e-01 6.644034e-01 5.568055e-01 3.040242e-01 -3.799524e-04
<VARIANCE> 25
 6.950648e+00 4.521730e+00 1.026947e+01 1.131575e+01 1.357956e+01 1.706893e+01 1.410477e+01 1.185022e+01 1.273271e+01 1.318445e+01 1.594510e+01 1.234021e+01 8.701228e-02 1.686693e-01 2.797133e-01 4.315279e-01 5.866478e-01 7.277442e-01 8.275230e-01 8.986147e-01 9.019420e-01 8.349110e-01 8.386503e-01 8.622945e-01 2.305042e-05
<GCONST> 5.635108e+01
<MIXTURE> 61 4.479129e-03
<MEAN> 25
 -4.269414e+00 -6.660969e-01 -1.085692e+00 3.701690e+00 1.735456e+00 2.109784e+00 1.648442e+00 1.529556e+00 2.153955e+00 1.264090e+00 2.381542e+00 1.923749e+00 -2.889389e-02 5.579417e-02 1.018736e-01 1.303663e-01 1.286422e-01 1.286553e-01 1.786106e-01 3.232926e-01 5.447834e-01 6.644034e-01 5.568055e-01 3.040242e-01 -3.799524e-04
<VARIANCE> 25
 6.950648e+00 4.521730e+00 1.026947e+01 1.131575e+01 1.357956e+01 1.706893e+01 1.410477e+01 1.185022e+01 1.273271e+01 1.318445e+01 1.594510e+01 1.234021e+01 8.701228e-02 1.686693e-01 2.797133e-01 4.315279e-01 5.866478e-01 7.277442e-01 8.275230e-01 8.986147e-01 9.019420e-01 8.349110e-01 8.386503e-01 8.622945e-01 2.305042e-05
<GCONST> 5.635108e+01
<MIXTURE> 62 3.278034e-03
<MEAN> 25
 -5.091026e+00 1.241214e+00 1.026271e+00 8.818723e+00 6.130915e+00 5.050725e+00 5.499556e+00 4.033865e+00 4.986128e+00 3.917933e+00 4.966511e+00 2.951131e+00 -1.003324e+00 -1.166706e+00 -9.532436e-01 -2.767730e-01 4.275916e-01 1.005176e+00 1.384688e+00 1.552256e+00 1.478758e+00 1.243487e+00 1.067137e+00 7.261052e-01 -1.264886e-03
<VARIANCE> 25
 9.873005e+00 9.958960e+00 1.311584e+01 1.673339e+01 1.741418e+01 1.752483e+01 1.970122e+01 1.911283e+01 1.886002e+01 1.872700e+01 2.156159e+01 1.479604e+01 4.017271e-01 4.320417e-01 5.541465e-01 7.793610e-01 1.035032e+00 1.192222e+00 1.252357e+00 1.279046e+00 1.329671e+00 1.363855e+00 1.400036e+00 1.371338e+00 1.632312e-05
<GCONST> 6.752585e+01
<MIXTURE> 63 4.351215e-03
<MEAN> 25
 -4.283795e+00 -1.649761e+00 -5.213634e+00 3.151669e+00 4.252584e+00 2.249429e-02 3.139171e+00 8.959664e-01 2.453786e+00 -7.964778e-01 -1.386400e+00 2.878149e+00 -1.125468e-01 3.083980e-01 4.057083e-01 4.957313e-01 3.880653e-01 3.972443e-01 3.308457e-01 1.007124e-01 9.647535e-02 2.192122e-01 1.862381e-01 1.744890e-01 -4.249007e-03
<VARIANCE> 25
 8.622820e+00 2.017479e+01 1.844929e+01 1.585546e+01 2.413727e+01 2.856716e+01 2.275889e+01 2.870519e+01 2.450313e+01 2.035373e+01 1.923539e+01 1.685921e+01 2.630463e-01 4.491371e-01 6.202466e-01 6.805879e-01 9.386472e-01 1.119444e+00 1.295616e+00 1.409046e+00 1.359525e+00 1.361718e+00 1.320320e+00 1.190130e+00 1.841188e-04
<GCONST> 7.191709e+01
<MIXTURE> 64 4.351215e-03
<MEAN> 25
 -4.283795e+00 -1.649761e+00 -5.213634e+00 3.151669e+00 4.252584e+00 2.249429e-02 3.139171e+00 8.959664e-01 2.453786e+00 -7.964778e-01 -1.386400e+00 2.878149e+00 -1.125468e-01 3.083980e-01 4.057083e-01 4.957313e-01 3.880653e-01 3.972443e-01 3.308457e-01 1.007124e-01 9.647535e-02 2.192122e-01 1.862381e-01 1.744890e-01 -4.249007e-03
<VARIANCE> 25
 8.622820e+00 2.017479e+01 1.844929e+01 1.585546e+01 2.413727e+01 2.856716e+01 2.275889e+01 2.870519e+01 2.450313e+01 2.035373e+01 1.923539e+01 1.685921e+01 2.630463e-01 4.491371e-01 6.202466e-01 6.805879e-01 9.386472e-01 1.119444e+00 1.295616e+00 1.409046e+00 1.359525e+00 1.361718e+00 1.320320e+00 1.190130e+00 1.841188e-04
<GCONST> 7.191709e+01
<MIXTURE> 65 1.721197e-02
<MEAN> 25
 7.674331e+00 2.176241e+00 1.457863e+00 6.891643e-01 -4.921318e+00 -3.485638e+00 -5.992771e+00 -6.595751e+00 -3.479200e+00 -2.120584e+00 -4.818010e+00 -2.177524e+00 1.796442e-01 1.392179e-01 1.140110e-02 1.241017e-01 -1.333314e-01 2.480312e-01 -6.211163e-02 -1.232659e-01 1.970122e-01 2.658736e-02 -9.218669e-02 -1.579598e-01 -3.566609e-03
<VARIANCE> 25
 1.065782e+01 2.023009e+01 2.636208e+01 3.414145e+01 4.323977e+01 6.105131e+01 6.199162e+01 5.559947e+01 5.297262e+01 5.577689e+01 5.839470e+01 5.405306e+01 5.279825e-01 9.399474e-01 1.503049e+00 1.737327e+00 2.100293e+00 2.169554e+00 2.289096e+00 3.195294e+00 2.473332e+00 2.396107e+00 2.402700e+00 2.099391e+00 4.213702e-04
<GCONST> 8.958612e+01
<MIXTURE> 66 1.191532e-02
<MEAN> 25
 6.264390e+00 -5.328857e+00 -5.250200e+00 -5.319464e+00 1.138909e+00 -6.411468e+00 -6.330535e+00 2.951004e+00 6.191270e-01 -1.039941e+00 -6.111103e+00 -3.376910e+00 -9.945171e-02 1.701200e+00 2.343230e+00 2.549952e+00 -9.442405e-01 -1.270451e+00 1.665823e-02 -6.532167e-01 -5.218334e-01 -1.299064e-01 -9.991475e-02 9.193909e-01 -6.070659e-02
<VARIANCE> 25
 9.322992e+00 3.250484e+01 2.578418e+01 3.199636e+01 3.482537e+01 6.270847e+01 5.300219e+01 6.468983e+01 4.919116e+01 6.764905e+01 3.333599e+01 3.278063e+01 1.174267e+00 2.220985e+00 2.222398e+00 2.694328e+00 4.467073e+00 3.929838e+00 3.943913e+00 4.488942e+00 4.926363e+00 4.510286e+00 3.581427e+00 3.041709e+00 1.398755e-03
<GCONST> 9.671591e+01
<MIXTURE> 67 1.559142e-02
<MEAN> 25
 8.369488e+00 2.576438e+00 -5.994705e+00 -8.979488e+00 3.806757e-01 3.936297e+00 -2.420014e+00 -9.800068e-01 -1.365881e+00 3.101374e-01 2.286841e-01 -1.155774e+00 -1.127333e+00 1.537260e+00 9.477257e-01 3.108903e+00 1.589047e+00 -7.760860e-01 1.328654e+00 1.600962e-01 1.200563e-01 4.584370e-01 -2.864117e-01 5.266706e-01 -1.205194e-01
<VARIANCE> 25
 1.195460e+01 3.520969e+01 2.774008e+01 5.901868e+01 4.825076e+01 5.313611e+01 5.973709e+01 6.328922e+01 9.978356e+01 5.053434e+01 5.067790e+01 4.250852e+01 2.071504e+00 3.599149e+00 2.982686e+00 4.294054e+00 4.096889e+00 4.596529e+00 4.274114e+00 4.582073e+00 5.034900e+00 4.700998e+00 4.557741e+00 3.470657e+00 3.122106e-03
<GCONST> 1.023033e+02
<MIXTURE> 68 1.485092e-02
<MEAN> 25
 -2.066207e+00 -2.165700e+00 -4.047647e+00 1.348240e+00 5.365607e+00 -6.031199e-01 2.143657e+00 1.652190e+00 2.092137e+00 1.682450e+00 3.585331e-01 1.941741e+00 2.716268e+00 4.561807e-01 1.540686e-01 -2.554968e+00 -2.479427e+00 -1.612787e+00 -2.342471e+00 -1.681369e+00 -1.671095e+00 -1.426898e+00 -1.887078e+00 -1.050869e+00 1.042775e-01
<VARIANCE> 25
 2.613152e+01 3.258207e+01 5.923569e+01 5.166263e+01 4.686654e+01 5.468271e+01 4.450918e+01 4.283068e+01 4.042921e+01 4.313363e+01 3.749060e+01 2.549117e+01 1.917845e+00 4.031541e+00 6.846193e+00 5.862933e+00 4.809980e+00 5.555376e+00 5.636140e+00 5.313831e+00 5.092223e+00 5.281323e+00 5.246162e+00 3.341547e+00 6.264466e-03
<GCONST> 1.039538e+02
<MIXTURE> 69 1.204884e-02
<MEAN> 25
 4.673997e+00 -4.225854e+00 -3.572135e+00 -3.631301e+00 -3.497951e+00 -7.868768e+00 -1.105107e+00 2.215514e+00 -3.371876e-01 -4.738273e+00 -5.687738e+00 9.579410e-01 1.676615e+00 -2.235115e+00 -1.338921e+00 -2.246669e+00 -5.329415e-01 -3.488873e-01 -4.726682e-01 6.163915e-01 -6.401023e-01 -1.457880e+00 -2.201137e+00 -1.725510e-01 6.252540e-02
<VARIANCE> 25
 8.867047e+00 2.185330e+01 2.674035e+01 2.601584e+01 4.278450e+01 3.582847e+01 4.895250e+01 3.161186e+01 3.989266e+01 3.792372e+01 3.109484e+01 2.459347e+01 3.549739e+00 2.921727e+00 3.333438e+00 3.703312e+00 5.775579e+00 5.008274e+00 7.118200e+00 6.077772e+00 5.915877e+00 5.871270e+00 4.362414e+00 3.704197e+00 2.446122e-03
<GCONST> 9.870035e+01
<MIXTURE> 70 1.329190e-02
<MEAN> 25
 6.557834e+00 -1.885541e+00 -4.213469e+00 -2.843536e+00 -7.187169e-01 -7.061276e-01 -8.104223e+00 -4.428910e+00 -2.407780e-02 3.112131e+00 5.414516e-01 -5.185802e+00 1.554739e+00 -1.067463e+00 -7.342675e-01 -2.285114e+00 -2.196032e+00 1.180942e+00 -1.900661e+00 -9.243778e-04 2.958895e-01 3.789516e-01 8.502790e-01 -1.830258e+00 5.509051e-02
<VARIANCE> 25
 1.103404e+01 1.871757e+01 2.325741e+01 4.034962e+01 3.853538e+01 3.878089e+01 4.486481e+01 3.647768e+01 4.038212e+01 2.803062e+01 3.946478e+01 2.681556e+01 3.267790e+00 2.673156e+00 3.933785e+00 4.234938e+00 5.824038e+00 5.184475e+00 6.941821e+00 6.119558e+00 5.127398e+00 4.902874e+00 5.033957e+00 4.027749e+00 2.073739e-03
<GCONST> 9.901999e+01
<MIXTURE> 71 1.406903e-02
<MEAN> 25
 6.337832e+00 5.195011e+00 4.196207e+00 3.264182e+00 -3.201519e+00 -3.198231e+00 -3.360519e+00 -6.662761e+00 -4.649362e+00 -2.617241e+00 -5.026792e+00 -3.081744e+00 -1.561004e+00 -7.240645e-01 -1.705969e-01 -1.781891e+00 1.019122e+00 -1.244549e-01 6.541028e-02 1.493071e+00 2.794216e-01 -9.993972e-02 7.004024e-01 1.380570e-01 4.098915e-02
<VARIANCE> 25
 1.835832e+01 2.518998e+01 2.391734e+01 4.421955e+01 4.192151e+01 4.094964e+01 4.163554e+01 4.035021e+01 3.867550e+01 4.316215e+01 3.750771e+01 3.424453e+01 1.719235e+00 3.003541e+00 5.403261e+00 4.776630e+00 4.921886e+00 4.661689e+00 4.734133e+00 5.288587e+00 4.232807e+00 4.155110e+00 3.540185e+00 3.277839e+00 1.385326e-03
<GCONST> 9.848273e+01
<MIXTURE> 72 8.134747e-03
<MEAN> 25
 3.268506e+00 -4.202790e+00 5.855991e+00 -1.811331e+00 -1.058899e+01 -1.022026e+01 -3.147973e+00 3.151545e+00 -5.834321e+00 -2.211280e+00 -1.702604e+00 -1.950645e-01 8.635715e-01 -8.039764e-01 -2.514539e+00 3.215135e-01 1.847008e+00 -6.710152e-01 -1.241594e+00 1.843134e+00 1.834906e+00 -4.488266e-01 -1.285677e+00 2.350393e-01 -3.554141e-03
<VARIANCE> 25
 1.179175e+01 1.968936e+01 3.091842e+01 3.809980e+01 2.930072e+01 3.340827e+01 4.089711e+01 4.443710e+01 4.575415e+01 3.731427e+01 3.529945e+01 3.065627e+01 4.246753e-01 9.366072e-01 1.851698e+00 1.508957e+00 2.645769e+00 2.166521e+00 2.798826e+00 3.376961e+00 2.350182e+00 2.838723e+00 1.855237e+00 2.142060e+00 5.543788e-04
<GCONST> 8.716470e+01
<MIXTURE> 73 1.213625e-02
<MEAN> 25
 -5.602326e+00 -5.459473e-01 -1.286024e+00 4.930987e+00 4.535741e+00 1.908177e+00 4.853254e+00 2.708441e+00 4.557366e+00 3.602670e+00 3.629201e+00 3.364305e+00 7.875388e-01 -1.424381e+00 4.925528e-02 -2.533839e+00 -1.764390e+00 -1.973153e+00 -1.002434e+00 -8.959083e-02 -1.173434e+00 -5.296858e-01 -8.550251e-01 -2.907698e-01 1.619600e-01
<VARIANCE> 25
 1.155663e+01 1.466930e+01 2.085553e+01 2.055693e+01 2.509715e+01 2.477702e+01 2.257187e+01 2.167486e+01 1.818142e+01 1.719678e+01 2.304409e+01 1.542559e+01 3.711701e+00 3.839215e+00 1.261756e+01 4.231798e+00 7.710769e+00 4.573442e+00 4.025423e+00 5.190815e+00 4.056853e+00 3.983385e+00 3.601662e+00 2.397115e+00 4.524342e-03
<GCONST> 9.416164e+01
<MIXTURE> 74 1.756491e-02
<MEAN> 25
 2.802510e+00 -3.900972e+00 6.798216e+00 5.356089e-02 -7.915702e+00 -6.885996e+00 -2.674926e+00 1.740219e+00 -6.760118e+00 -1.607663e+00 8.791889e-02 -1.452165e+00 5.177171e-01 2.393295e+00 3.011214e-03 1.839367e+00 2.004390e+00 7.702663e-01 2.755810e-01 -2.116950e+00 5.658002e-01 -2.569283e-01 -3.035942e-01 5.027165e-01 -7.875892e-02
<VARIANCE> 25
 1.139616e+01 2.628279e+01 3.351731e+01 2.760631e+01 4.118285e+01 5.062243e+01 3.662162e+01 4.881403e+01 3.877111e+01 3.946443e+01 3.257414e+01 2.598890e+01 1.529384e+00 1.779832e+00 3.397254e+00 2.839437e+00 3.238199e+00 2.402100e+00 3.640249e+00 3.588584e+00 3.850052e+00 3.010271e+00 2.750180e+00 2.603525e+00 1.261250e-03
<GCONST> 9.331667e+01
<MIXTURE> 75 9.711651e-03
<MEAN> 25
 8.095806e-01 -3.348182e+00 1.199702e+01 2.812960e+00 -1.181401e+01 -8.236419e+00 -4.310802e+00 5.659890e-01 -8.574481e+00 -3.945318e+00 4.111384e+00 -7.405487e-01 1.637833e+00 -1.897715e+00 2.254874e-01 -4.746065e-01 -2.966573e+00 -4.381151e-01 -1.443707e+00 2.403076e+00 -5.262294e-01 -4.419183e-01 1.242946e+00 -1.064666e+00 5.491984e-02
<VARIANCE> 25
 1.141764e+01 1.856133e+01 2.153048e+01 2.208637e+01 2.133546e+01 2.915654e+01 2.341556e+01 2.645996e+01 4.900601e+01 2.449772e+01 1.574772e+01 2.266362e+01 1.955479e+00 1.484426e+00 3.428777e+00 1.891697e+00 4.029703e+00 4.660799e+00 4.500750e+00 5.832169e+00 4.090248e+00 2.772812e+00 2.675996e+00 2.315902e+00 1.756316e-03
<GCONST> 9.034156e+01
<MIXTURE> 76 1.052359e-02
<MEAN> 25
 -5.690151e+00 1.104506e+00 -5.077916e+00 4.116776e+00 6.813673e+00 2.652992e+00 3.962241e+00 1.706180e-01 3.760961e+00 6.572633e-01 7.663626e-01 3.335551e+00 -3.458358e-02 -4.145541e-01 -3.427420e-01 -7.179174e-01 -5.412238e-01 -5.955124e-01 -4.794910e-01 -3.353694e-01 -3.167565e-01 -2.104797e-01 -3.377198e-01 -1.828468e-01 1.466734e-02
<VARIANCE> 25
 3.242768e+01 3.406897e+01 3.183264e+01 2.434841e+01 3.950256e+01 2.668748e+01 2.305837e+01 3.743686e+01 2.384470e+01 1.965479e+01 2.421349e+01 1.909683e+01 8.617617e-01 1.101019e+00 1.753057e+00 1.208506e+00 1.442968e+00 1.900659e+00 1.605171e+00 1.658439e+00 1.442894e+00 1.430370e+00 1.740836e+00 1.388731e+00 1.170375e-03
<GCONST> 8.315798e+01
<MIXTURE> 77 1.244626e-02
<MEAN> 25
 -4.729878e-01 8.550813e+00 1.247409e+01 -1.157506e+01 -7.003903e+00 1.005974e+00 -9.269708e+00 -7.238951e+00 -3.399010e+00 -2.021233e-01 -4.604589e+00 -1.512285e+00 6.675959e-02 1.427752e-01 7.256223e-02 2.474077e-01 -1.927596e-02 7.733562e-02 -7.041106e-02 -5.593963e-02 8.607950e-02 -4.582588e-02 2.307951e-02 1.208511e-01 -9.965115e-03
<VARIANCE> 25
 1.041416e+01 2.030969e+01 2.759221e+01 4.191095e+01 3.306067e+01 3.423180e+01 3.664868e+01 3.164207e+01 3.524101e+01 3.310695e+01 3.806807e+01 3.496860e+01 2.982266e-01 7.817968e-01 6.436329e-01 1.084958e+00 1.236269e+00 9.850522e-01 1.226219e+00 1.081257e+00 1.043643e+00 1.062043e+00 9.698676e-01 9.217167e-01 5.388609e-04
<GCONST> 7.782610e+01
<MIXTURE> 78 9.702551e-03
<MEAN> 25
 -1.053581e+01 1.832787e+00 -2.963921e+00 2.330229e+00 5.446779e+00 -1.819991e+00 3.983414e+00 1.708866e+00 3.596276e+00 1.050313e+00 -3.488484e-01 3.767137e+00 1.948209e+00 -5.920378e-02 6.124185e-02 6.221403e-01 2.188342e-01 1.064364e-01 -3.890882e-01 -2.483461e-01 2.193771e-01 1.865843e-01 -3.732320e-01 -5.438133e-01 -5.643734e-02
<VARIANCE> 25
 4.137488e+01 3.245748e+01 3.621000e+01 3.068527e+01 4.060493e+01 3.424870e+01 3.196642e+01 3.506354e+01 2.905472e+01 2.465257e+01 2.442980e+01 2.361198e+01 5.209896e+00 2.808844e+00 2.948704e+00 3.183397e+00 3.045656e+00 3.589772e+00 3.256478e+00 2.737890e+00 2.523152e+00 2.071941e+00 2.018030e+00 2.077578e+00 4.385226e-03
<GCONST> 9.451374e+01
<MIXTURE> 79 1.156824e-02
<MEAN> 25
 2.239434e+00 1.615320e+00 9.394637e+00 -6.457465e+00 -1.182689e+01 -1.521155e+00 -1.955183e+00 -6.293383e+00 -6.624765e+00 2.841817e-01 -3.141249e+00 -3.351544e+00 1.188864e+00 -4.723679e-01 -1.499330e+00 2.331172e+00 4.870744e-01 -1.526460e+00 6.067331e-01 9.191484e-01 -3.115507e-01 -5.223173e-01 3.239924e-01 2.785623e-01 -3.626407e-02
<VARIANCE> 25
 1.460907e+01 2.353882e+01 3.764668e+01 4.864576e+01 3.406546e+01 4.445708e+01 4.143171e+01 3.650070e+01 3.776215e+01 3.845427e+01 4.606925e+01 2.970182e+01 9.405582e-01 2.259233e+00 1.973131e+00 2.032790e+00 2.687206e+00 2.823158e+00 3.238211e+00 3.473382e+00 2.837639e+00 2.656907e+00 2.269531e+00 1.966554e+00 1.191862e-03
<GCONST> 9.181938e+01
<MIXTURE> 80 7.550998e-03
<MEAN> 25
 -1.458418e+01 3.965927e+00 7.732241e-01 2.838295e+00 2.617516e+00 1.288288e+00 6.478911e+00 2.314233e+00 2.619333e+00 2.390165e+00 4.678195e+00 1.209570e+00 4.247938e+00 -2.695762e-02 1.677102e+00 -1.061117e+00 -2.922070e+00 -2.755186e+00 -2.331590e+00 -1.963036e+00 -2.093425e+00 -1.700818e+00 -1.586786e+00 -6.472547e-01 -4.251163e-02
<VARIANCE> 25
 2.045600e+01 1.936823e+01 3.387724e+01 3.388133e+01 3.053812e+01 2.906266e+01 2.784895e+01 2.913973e+01 2.650924e+01 2.811604e+01 2.736929e+01 1.768151e+01 2.357738e+00 2.613135e+00 2.667922e+00 4.231954e+00 3.355077e+00 2.658618e+00 2.954547e+00 3.258850e+00 3.224315e+00 2.644464e+00 2.873563e+00 2.169269e+00 1.593927e-03
<GCONST> 9.148435e+01
<MIXTURE> 81 8.025434e-03
<MEAN> 25
 -1.118352e+00 4.066095e+00 1.017906e+01 -1.480324e+01 -9.081556e+00 -1.422441e+00 -6.768350e+00 -8.425874e+00 -4.151700e+00 -4.154717e-01 -7.573835e+00 -2.248124e+00 1.338449e-01 -5.872901e-01 -2.659913e-03 -5.565122e-01 -4.643270e-01 3.353640e-01 3.196892e-01 1.369822e-01 -1.402569e-01 1.067286e-01 -4.694148e-01 -1.255847e-01 1.151418e-02
<VARIANCE> 25
 1.015179e+01 3.281475e+01 2.646889e+01 2.928039e+01 3.370213e+01 3.052240e+01 4.544859e+01 2.825827e+01 3.799328e+01 3.189069e+01 2.531098e+01 3.106445e+01 7.721869e-01 2.277173e+00 1.545955e+00 2.872486e+00 2.663662e+00 2.126147e+00 3.280800e+00 2.287832e+00 2.355497e+00 2.538996e+00 2.298434e+00 2.078940e+00 1.183383e-03
<GCONST> 8.868751e+01
<MIXTURE> 82 8.213053e-03
<MEAN> 25
 -9.771854e+00 -4.703238e+00 1.101332e+00 -3.040684e+00 3.298921e+00 -3.396216e-01 2.422343e+00 9.880823e-02 3.430830e+00 2.095487e+00 8.645405e-01 3.536644e+00 -1.512850e+00 -3.974904e-01 2.501007e-01 -2.509140e+00 -9.535880e-01 -1.272524e+00 -4.970969e-01 -7.538885e-01 -1.583256e-01 -2.482701e-01 -5.641571e-01 -2.794635e-01 1.683575e-01
<VARIANCE> 25
 1.586464e+01 2.518164e+01 2.970806e+01 2.662550e+01 2.902639e+01 3.308103e+01 2.854868e+01 3.236089e+01 2.782743e+01 2.328751e+01 3.110925e+01 1.732853e+01 3.454211e+00 3.319988e+00 3.022733e+00 3.053008e+00 3.495821e+00 3.206151e+00 3.909801e+00 2.991951e+00 2.569749e+00 2.411133e+00 2.459479e+00 2.015086e+00 3.481739e-03
<GCONST> 9.237213e+01
<MIXTURE> 83 1.167529e-02
<MEAN> 25
 -2.004018e+01 5.503691e+00 -1.789677e+00 -4.048457e-01 7.829654e+00 -1.234777e+00 5.460364e+00 3.044042e+00 1.192654e+00 2.191114e+00 7.243949e-01 2.882127e+00 -2.638270e-02 -4.500067e-01 4.934064e-03 -3.654948e-01 -4.974016e-01 -1.258418e-01 -1.343228e-01 -9.942504e-02 -4.152612e-02 -3.923813e-02 -3.055814e-02 -3.468081e-02 4.403241e-03
<VARIANCE> 25
 8.824298e+00 1.645681e+01 2.851091e+01 2.248634e+01 2.127412e+01 2.407915e+01 2.202759e+01 2.336641e+01 2.043173e+01 2.221876e+01 2.319462e+01 1.448914e+01 1.060911e+00 9.368185e-01 1.240753e+00 1.065779e+00 1.359414e+00 1.291321e+00 1.283377e+00 1.388142e+00 1.349101e+00 1.310723e+00 1.220735e+00 1.071686e+00 8.923236e-04
<GCONST> 7.703664e+01
<MIXTURE> 84 1.066614e-02
<MEAN> 25
 1.135517e+00 8.660424e+00 6.341495e+00 7.466580e+00 3.190224e+00 1.481770e-01 -8.670401e-01 -5.397075e+00 -3.263779e+00 -3.467519e+00 -1.182454e+00 -1.008101e+00 -1.461544e+00 -5.707672e-01 -1.473871e+00 1.379421e+00 2.348246e+00 1.180660e+00 1.278641e+00 8.221394e-01 1.386528e+00 1.211246e-01 1.565018e-01 8.027460e-01 -6.988854e-02
<VARIANCE> 25
 1.946376e+01 1.432592e+01 2.268173e+01 2.038524e+01 2.596400e+01 2.492666e+01 2.212791e+01 2.333314e+01 2.022853e+01 2.047704e+01 2.201587e+01 2.305868e+01 1.814675e+00 2.956029e+00 3.383761e+00 2.616110e+00 2.658816e+00 3.284877e+00 2.986897e+00 3.275656e+00 2.934790e+00 3.518334e+00 2.940146e+00 2.958366e+00 2.838901e-03
<GCONST> 8.963126e+01
<MIXTURE> 85 7.591393e-03
<MEAN> 25
 -3.141892e+00 7.864102e+00 5.730509e+00 1.298266e+00 -3.455684e+00 -5.327397e+00 -2.941342e+00 -6.143515e+00 -3.551669e+00 -3.162962e+00 -4.960613e-01 -1.895225e+00 3.940307e+00 3.137861e-01 1.765901e+00 -2.073857e+00 -3.425210e+00 -2.583359e+00 -2.892010e+00 -2.323961e+00 -2.269895e+00 -1.269639e+00 -2.280381e+00 -6.225964e-01 9.558813e-03
<VARIANCE> 25
 4.251298e+01 2.350131e+01 3.633345e+01 3.808664e+01 3.989934e+01 4.103618e+01 3.237044e+01 2.792315e+01 2.659176e+01 2.610412e+01 2.619450e+01 2.049146e+01 2.694593e+00 4.337404e+00 4.065733e+00 5.227959e+00 4.419931e+00 3.864810e+00 3.846631e+00 4.039405e+00 3.924808e+00 4.029933e+00 4.033537e+00 3.478886e+00 5.450573e-03
<GCONST> 9.840903e+01
<MIXTURE> 86 1.273941e-02
<MEAN> 25
 -4.976566e+00 -1.207451e+00 -7.985592e-01 6.336194e+00 5.019805e+00 4.669888e+00 5.321297e+00 4.569342e+00 4.659606e+00 3.914912e+00 5.334538e+00 2.703489e+00 -6.888221e-03 -9.051485e-03 -3.800314e-02 -6.564423e-02 -1.181289e-01 -1.847836e-01 -2.670596e-01 -3.318289e-01 -3.531672e-01 -3.191403e-01 -2.301432e-01 -1.063080e-01 -5.468100e-04
<VARIANCE> 25
 7.887753e+00 5.642861e+00 9.998190e+00 1.229950e+01 1.588134e+01 1.437478e+01 1.354857e+01 1.306361e+01 1.320536e+01 1.423641e+01 1.435112e+01 1.278687e+01 9.992877e-02 1.930873e-01 3.187373e-01 4.834058e-01 6.361389e-01 7.347789e-01 7.431365e-01 7.646667e-01 8.301966e-01 8.841799e-01 9.122330e-01 9.032989e-01 5.342720e-05
<GCONST> 5.812614e+01
<MIXTURE> 87 1.100681e-02
<MEAN> 25
 -2.388186e+00 4.902334e+00 1.930759e+00 7.094703e+00 6.134449e+00 1.076659e+00 1.702680e+00 -2.163769e+00 5.418906e-01 -1.223546e+00 -1.156334e+00 1.378074e+00 -1.888765e+00 -3.047865e+00 -1.964414e+00 -2.209618e+00 -2.725748e-01 -6.610906e-01 4.227646e-01 1.072269e+00 1.140177e+00 1.452395e+00 7.030362e-01 8.502409e-01 8.581428e-02
<VARIANCE> 25
 3.278965e+01 2.547071e+01 2.964816e+01 2.773184e+01 2.381715e+01 2.834935e+01 2.280534e+01 2.587862e+01 2.340100e+01 2.446665e+01 2.806909e+01 3.207927e+01 3.230599e+00 2.527603e+00 3.173968e+00 3.423025e+00 4.349973e+00 3.883211e+00 3.759105e+00 3.275601e+00 3.610244e+00 3.258405e+00 3.559517e+00 2.491415e+00 4.758177e-03
<GCONST> 9.455748e+01
<MIXTURE> 88 1.256585e-02
<MEAN> 25
 -4.199356e+00 -7.419406e-02 -2.204803e+00 5.494916e+00 5.275671e+00 3.206269e+00 4.953756e+00 2.567434e+00 3.910573e+00 2.112842e+00 2.690698e+00 2.991318e+00 2.578198e-02 2.230379e-01 4.467163e-02 5.046455e-01 4.546326e-01 1.841817e-01 -1.707298e-01 -3.344818e-01 -2.443750e-01 -1.938207e-01 -9.493195e-02 -4.557137e-02 -9.467151e-03
<VARIANCE> 25
 9.787083e+00 1.295427e+01 1.965459e+01 1.657180e+01 2.061897e+01 1.920150e+01 1.748403e+01 2.216328e+01 1.953205e+01 1.675929e+01 2.064385e+01 1.989948e+01 1.243794e+00 1.554673e+00 2.330346e+00 2.369406e+00 2.732344e+00 2.574793e+00 3.023028e+00 2.531433e+00 2.487640e+00 2.325601e+00 2.096899e+00 1.817216e+00 1.402705e-03
<GCONST> 8.320326e+01
<MIXTURE> 89 9.333527e-03
<MEAN> 25
 5.763795e+00 -7.678198e+00 -3.660892e+00 -4.085943e+00 -1.565855e+00 -6.321285e+00 -5.618070e+00 5.396369e+00 3.473972e+00 -1.845095e+00 -5.983083e+00 -3.104215e+00 -5.298714e-01 2.254720e-01 1.980294e+00 9.978768e-01 -1.547479e+00 -1.775779e+00 7.226457e-01 1.226217e+00 -1.018844e+00 -1.241885e+00 4.055085e-01 1.369159e+00 -5.801469e-03
<VARIANCE> 25
 9.067093e+00 3.084737e+01 2.833328e+01 3.500617e+01 3.361570e+01 4.295969e+01 5.655658e+01 5.366066e+01 3.578708e+01 4.697231e+01 3.257901e+01 2.975183e+01 3.410122e-01 8.140180e-01 1.426222e+00 1.341187e+00 2.693626e+00 2.088501e+00 2.575118e+00 1.886554e+00 2.559695e+00 1.997783e+00 2.126213e+00 1.599038e+00 3.407712e-04
<GCONST> 8.562339e+01
<MIXTURE> 90 7.114505e-03
<MEAN> 25
 2.448297e+00 -9.724322e+00 -4.754780e+00 -3.978361e+00 -3.384103e+00 -1.813662e+00 3.366352e+00 1.181591e+00 -7.533113e+00 -1.021714e+01 -3.429718e+00 -7.393220e-01 -1.636468e-01 9.090767e-01 1.168838e+00 -8.539378e-01 -1.613032e+00 -2.119327e-01 6.448299e-01 -2.099795e-01 -1.688374e-01 7.371214e-01 1.829790e-01 -5.501407e-01 -1.114904e-02
<VARIANCE> 25
 8.492862e+00 1.778111e+01 1.981605e+01 2.802119e+01 3.684308e+01 3.217653e+01 3.852308e+01 3.640711e+01 3.521446e+01 2.769309e+01 2.700508e+01 2.613817e+01 2.237474e-01 6.127523e-01 7.867141e-01 1.042947e+00 1.470109e+00 1.591675e+00 1.780380e+00 1.654660e+00 1.810387e+00 1.678427e+00 1.495401e+00 1.308609e+00 2.149860e-04
<GCONST> 7.813325e+01
<MIXTURE> 91 7.852945e-03
<MEAN> 25
 6.039705e+00 -8.164312e+00 -8.345137e+00 -5.849596e+00 3.094019e+00 -7.948124e-01 -1.729914e+00 1.891806e+00 1.433558e+00 -2.107340e+00 -4.915428e+00 -4.743929e+00 2.591403e-01 9.628806e-01 1.579975e-01 4.467874e-01 1.746295e-01 -6.645895e-01 -4.103526e-01 1.547143e-02 -2.794898e-01 2.828560e-01 -1.605256e-01 2.167678e-01 -3.335346e-02
<VARIANCE> 25
 1.011789e+01 3.498523e+01 1.954533e+01 4.203695e+01 4.023834e+01 5.925061e+01 5.209531e+01 4.847497e+01 5.024596e+01 6.565594e+01 3.468526e+01 3.910490e+01 4.070581e-01 8.355948e-01 1.068436e+00 1.305458e+00 2.470882e+00 2.601292e+00 2.161365e+00 2.454667e+00 2.312879e+00 2.234014e+00 1.885168e+00 1.646571e+00 5.495854e-04
<GCONST> 8.750439e+01
<MIXTURE> 92 7.852945e-03
<MEAN> 25
 6.039705e+00 -8.164312e+00 -8.345137e+00 -5.849596e+00 3.094019e+00 -7.948124e-01 -1.729914e+00 1.891806e+00 1.433558e+00 -2.107340e+00 -4.915428e+00 -4.743929e+00 2.591403e-01 9.628806e-01 1.579975e-01 4.467874e-01 1.746295e-01 -6.645895e-01 -4.103526e-01 1.547143e-02 -2.794898e-01 2.828560e-01 -1.605256e-01 2.167678e-01 -3.335346e-02
<VARIANCE> 25
 1.011789e+01 3.498523e+01 1.954533e+01 4.203695e+01 4.023834e+01 5.925061e+01 5.209531e+01 4.847497e+01 5.024596e+01 6.565594e+01 3.468526e+01 3.910490e+01 4.070581e-01 8.355948e-01 1.068436e+00 1.305458e+00 2.470882e+00 2.601292e+00 2.161365e+00 2.454667e+00 2.312879e+00 2.234014e+00 1.885168e+00 1.646571e+00 5.495854e-04
<GCONST> 8.750439e+01
<MIXTURE> 93 6.122769e-03
<MEAN> 25
 -6.815195e+00 -8.809012e-01 -2.498904e+00 5.781176e+00 5.990838e+00 3.912700e+00 6.130031e+00 3.537812e+00 4.168998e+00 2.516128e+00 1.783317e+00 3.701752e+00 -6.098294e-02 -1.592752e-01 -2.631676e-01 -3.382995e-01 -3.402361e-01 -2.664127e-01 -2.118353e-01 -1.881474e-01 -1.679262e-01 -1.537662e-01 -1.230694e-01 -4.574477e-02 -1.876011e-05
<VARIANCE> 25
 9.009212e+00 6.567598e+00 8.973182e+00 1.127655e+01 1.200976e+01 1.582495e+01 1.512248e+01 1.675078e+01 1.483289e+01 1.439371e+01 1.672901e+01 1.330968e+01 8.189805e-02 1.539986e-01 2.641146e-01 3.806446e-01 4.964719e-01 6.661613e-01 7.745243e-01 8.962809e-01 9.072392e-01 8.678635e-01 9.156082e-01 9.184493e-01 1.011452e-06
<GCONST> 5.383725e+01
<MIXTURE> 94 6.122769e-03
<MEAN> 25
 -6.815195e+00 -8.809012e-01 -2.498904e+00 5.781176e+00 5.990838e+00 3.912700e+00 6.130031e+00 3.537812e+00 4.168998e+00 2.516128e+00 1.783317e+00 3.701752e+00 -6.098294e-02 -1.592752e-01 -2.631676e-01 -3.382995e-01 -3.402361e-01 -2.664127e-01 -2.118353e-01 -1.881474e-01 -1.679262e-01 -1.537662e-01 -1.230694e-01 -4.574477e-02 -1.876011e-05
<VARIANCE> 25
 9.009212e+00 6.567598e+00 8.973182e+00 1.127655e+01 1.200976e+01 1.582495e+01 1.512248e+01 1.675078e+01 1.483289e+01 1.439371e+01 1.672901e+01 1.330968e+01 8.189805e-02 1.539986e-01 2.641146e-01 3.806446e-01 4.964719e-01 6.661613e-01 7.745243e-01 8.962809e-01 9.072392e-01 8.678635e-01 9.156082e-01 9.184493e-01 1.011452e-06
<GCONST> 5.383725e+01
<MIXTURE> 95 5.258835e-03
<MEAN> 25
 -5.826592e+00 -7.222972e-01 -2.004895e+00 4.898478e+00 4.244926e+00 2.812469e+00 4.178432e+00 1.650665e+00 2.230535e+00 8.716612e-01 1.189699e+00 2.600336e+00 1.450719e-01 1.463567e-01 8.528023e-02 -8.323589e-02 -3.774596e-01 -7.139241e-01 -1.054391e+00 -1.281055e+00 -1.261909e+00 -9.913174e-01 -6.511896e-01 -3.077230e-01 -1.351479e-04
<VARIANCE> 25
 1.022258e+01 6.612002e+00 1.233308e+01 1.275930e+01 1.417436e+01 1.833925e+01 1.789427e+01 1.692957e+01 1.543766e+01 1.541010e+01 1.996620e+01 1.434830e+01 2.091221e-01 2.935771e-01 4.546967e-01 6.297159e-01 8.017996e-01 9.016595e-01 9.126571e-01 9.238335e-01 9.707966e-01 1.074872e+00 1.160205e+00 1.113450e+00 4.196935e-05
<GCONST> 6.330645e+01
<MIXTURE> 96 7.034694e-03
<MEAN> 25
 -5.071576e+00 -8.731809e-02 -2.792451e+00 5.198471e+00 4.466232e+00 1.930443e+00 3.521352e+00 1.389196e+00 2.679431e+00 9.613388e-01 9.393812e-01 2.932662e+00 -3.423249e-02 8.758058e-02 2.209545e-01 4.032082e-01 5.662431e-01 5.715546e-01 2.449718e-01 -2.047341e-01 -5.508698e-01 -6.287921e-01 -6.209367e-01 -3.347811e-01 -2.604652e-05
<VARIANCE> 25
 1.047023e+01 1.159503e+01 1.753397e+01 1.362124e+01 2.058974e+01 1.891240e+01 1.727504e+01 2.149588e+01 1.810079e+01 1.589626e+01 1.955886e+01 1.397175e+01 1.148531e-01 2.117887e-01 3.149356e-01 3.948261e-01 5.221123e-01 7.263600e-01 8.261780e-01 1.059424e+00 1.103218e+00 8.293056e-01 8.542029e-01 9.274147e-01 9.725338e-07
<GCONST> 5.830704e+01
<MIXTURE> 97 7.034694e-03
<MEAN> 25
 -5.071576e+00 -8.731809e-02 -2.792451e+00 5.198471e+00 4.466232e+00 1.930443e+00 3.521352e+00 1.389196e+00 2.679431e+00 9.613388e-01 9.393812e-01 2.932662e+00 -3.423249e-02 8.758058e-02 2.209545e-01 4.032082e-01 5.662431e-01 5.715546e-01 2.449718e-01 -2.047341e-01 -5.508698e-01 -6.287921e-01 -6.209367e-01 -3.347811e-01 -2.604652e-05
<VARIANCE> 25
 1.047023e+01 1.159503e+01 1.753397e+01 1.362124e+01 2.058974e+01 1.891240e+01 1.727504e+01 2.149588e+01 1.810079e+01 1.589626e+01 1.955886e+01 1.397175e+01 1.148531e-01 2.117887e-01 3.149356e-01 3.948261e-01 5.221123e-01 7.263600e-01 8.261780e-01 1.059424e+00 1.103218e+00 8.293056e-01 8.542029e-01 9.274147e-01 9.725338e-07
<GCONST> 5.830704e+01
<MIXTURE> 98 9.917808e-03
<MEAN> 25
 -1.228289e+00 1.401234e+00 -6.952200e-01 4.431407e+00 3.942482e+00 9.384578e-01 2.815654e+00 2.099469e+00 2.238018e+00 1.018463e+00 8.038737e-01 9.037834e-01 -1.742758e+00 -1.413511e+00 -1.243400e+00 -9.534639e-02 5.246952e-01 7.497374e-01 1.195625e+00 1.091481e+00 1.865137e+00 1.010423e+00 1.135941e+00 1.112709e+00 -3.707074e-02
<VARIANCE> 25
 1.297757e+01 1.882660e+01 2.986077e+01 2.857826e+01 3.867755e+01 5.313694e+01 2.910893e+01 3.333213e+01 2.516866e+01 2.616006e+01 2.296324e+01 2.347030e+01 1.366828e+00 1.665868e+00 2.609549e+00 3.159970e+00 2.923051e+00 3.141534e+00 2.533524e+00 3.194256e+00 2.784329e+00 2.793957e+00 2.544574e+00 2.045362e+00 2.397846e-03
<GCONST> 9.038848e+01
<MIXTURE> 99 6.696178e-03
<MEAN> 25
 -5.694752e+00 1.022696e+01 6.034705e+00 3.735905e+00 1.670637e+00 -4.591835e+00 -1.489455e+00 -4.216132e+00 -3.015972e+00 -4.186397e+00 -1.793433e+00 3.208166e-01 4.648232e-01 -8.989203e-01 2.821294e-01 -3.213951e-01 -1.107252e+00 -6.426124e-01 -2.726122e-01 -2.361230e-01 -1.210786e-01 1.027753e-01 2.227722e-01 2.208756e-01 1.079514e-02
<VARIANCE> 25
 4.045284e+01 2.387589e+01 5.128471e+01 2.997809e+01 4.021363e+01 3.852447e+01 2.632437e+01 2.803944e+01 2.757826e+01 2.862937e+01 1.965163e+01 2.813106e+01 2.153785e+00 2.178628e+00 1.408585e+00 1.690222e+00 2.506302e+00 2.195466e+00 1.541775e+00 1.565347e+00 1.471430e+00 1.801874e+00 1.230369e+00 1.224097e+00 1.460877e-03
<GCONST> 8.694936e+01
<MIXTURE> 100 4.498084e-03
<MEAN> 25
 -1.598878e+00 6.344827e+00 1.027700e+01 -7.462759e+00 -1.078206e+01 -5.075294e+00 -4.941668e+00 -9.968847e+00 -4.718240e+00 -8.551691e-01 -2.733300e+00 -2.708267e+00 2.917895e+00 -1.260455e+00 1.299659e+00 -2.185945e+00 -3.419489e+00 -7.841161e-01 -1.218778e+00 -8.197802e-01 -1.475479e+00 3.466953e-01 -1.655620e+00 -2.862392e-01 2.015521e-03
<VARIANCE> 25
 1.362666e+01 2.105913e+01 2.246177e+01 2.642710e+01 2.301848e+01 2.372172e+01 2.911146e+01 2.170685e+01 2.748231e+01 2.265230e+01 2.241141e+01 2.134114e+01 1.799129e+00 3.953767e+00 2.919965e+00 4.286306e+00 4.184435e+00 4.537227e+00 4.015484e+00 4.340374e+00 4.167888e+00 3.896067e+00 3.910382e+00 3.225015e+00 1.674840e-03
<GCONST> 9.256865e+01
<MIXTURE> 101 6.007792e-03
<MEAN> 25
 7.615326e+00 -3.488044e+00 -5.939957e+00 -6.072783e+00 1.650964e-01 -1.477897e+00 -1.113974e+01 -2.178635e+00 1.313570e+00 2.725871e+00 -1.765045e+00 -5.781546e+00 7.088901e-01 7.030472e-01 -1.343511e+00 -1.553968e+00 1.059366e+00 2.273596e+00 2.758660e-01 -1.542479e+00 -1.089700e+00 9.255049e-01 1.299293e+00 -2.544776e-01 -6.061018e-03
<VARIANCE> 25
 1.088207e+01 1.558607e+01 2.893461e+01 4.608611e+01 3.809464e+01 3.591151e+01 3.752559e+01 3.463063e+01 3.620261e+01 4.038182e+01 5.152305e+01 2.647967e+01 2.936852e-01 6.475731e-01 1.249241e+00 1.494910e+00 1.560689e+00 2.023722e+00 2.029612e+00 1.913237e+00 2.210751e+00 2.171373e+00 1.701411e+00 2.119908e+00 3.507376e-04
<GCONST> 8.354037e+01
<MIXTURE> 102 6.007792e-03
<MEAN> 25
 7.615326e+00 -3.488044e+00 -5.939957e+00 -6.072783e+00 1.650964e-01 -1.477897e+00 -1.113974e+01 -2.178635e+00 1.313570e+00 2.725871e+00 -1.765045e+00 -5.781546e+00 7.088901e-01 7.030472e-01 -1.343511e+00 -1.553968e+00 1.059366e+00 2.273596e+00 2.758660e-01 -1.542479e+00 -1.089700e+00 9.255049e-01 1.299293e+00 -2.544776e-01 -6.061018e-03
<VARIANCE> 25
 1.088207e+01 1.558607e+01 2.893461e+01 4.608611e+01 3.809464e+01 3.591151e+01 3.752559e+01 3.463063e+01 3.620261e+01 4.038182e+01 5.152305e+01 2.647967e+01 2.936852e-01 6.475731e-01 1.249241e+00 1.494910e+00 1.560689e+00 2.023722e+00 2.029612e+00 1.913237e+00 2.210751e+00 2.171373e+00 1.701411e+00 2.119908e+00 3.507376e-04
<GCONST> 8.354037e+01
<MIXTURE> 103 5.694618e-03
<MEAN> 25
 3.367666e+00 -9.480872e+00 -6.132058e+00 -3.093118e+00 -1.331678e+00 -1.971532e+00 2.439667e+00 2.521998e+00 -4.604378e+00 -9.249347e+00 -5.064500e+00 3.632155e-01 -1.575002e-01 -1.487528e+00 -9.805081e-01 3.760680e-01 1.214728e+00 1.018494e+00 1.582978e-01 -2.665160e-01 -7.816949e-01 -9.472507e-01 -3.570852e-02 1.206682e-01 2.691209e-02
<VARIANCE> 25
 1.033244e+01 2.041099e+01 2.289410e+01 3.173578e+01 4.808812e+01 3.505710e+01 4.637841e+01 3.672431e+01 4.219432e+01 2.945009e+01 3.005257e+01 2.639857e+01 6.434792e-01 1.253370e+00 1.536958e+00 1.940854e+00 2.925906e+00 2.415256e+00 2.889076e+00 2.577211e+00 2.562165e+00 2.522870e+00 2.096946e+00 2.015493e+00 8.083078e-04
<GCONST> 8.758612e+01
<MIXTURE> 104 5.694618e-03
<MEAN> 25
 3.367666e+00 -9.480872e+00 -6.132058e+00 -3.093118e+00 -1.331678e+00 -1.971532e+00 2.439667e+00 2.521998e+00 -4.604378e+00 -9.249347e+00 -5.064500e+00 3.632155e-01 -1.575002e-01 -1.487528e+00 -9.805081e-01 3.760680e-01 1.214728e+00 1.018494e+00 1.582978e-01 -2.665160e-01 -7.816949e-01 -9.472507e-01 -3.570852e-02 1.206682e-01 2.691209e-02
<VARIANCE> 25
 1.033244e+01 2.041099e+01 2.289410e+01 3.173578e+01 4.808812e+01 3.505710e+01 4.637841e+01 3.672431e+01 4.219432e+01 2.945009e+01 3.005257e+01 2.639857e+01 6.434792e-01 1.253370e+00 1.536958e+00 1.940854e+00 2.925906e+00 2.415256e+00 2.889076e+00 2.577211e+00 2.562165e+00 2.522870e+00 2.096946e+00 2.015493e+00 8.083078e-04
<GCONST> 8.758612e+01
<MIXTURE> 105 4.710235e-03
<MEAN> 25
 1.823187e+00 -2.452015e+00 7.674136e+00 -2.731108e+00 -1.157883e+01 -4.032509e+00 -4.929414e+00 -2.727606e-01 -3.986753e+00 -1.785363e+00 2.070286e+00 -2.535891e+00 1.845638e-02 -1.489031e-02 5.090931e-02 -8.399557e-02 1.268047e-02 1.045363e-01 -1.049704e-01 3.332121e-02 3.392858e-03 -8.842661e-02 4.737222e-02 1.868597e-03 -1.759883e-03
<VARIANCE> 25
 1.201002e+01 2.827620e+01 5.067558e+01 3.908753e+01 3.316146e+01 4.846873e+01 4.493240e+01 4.864941e+01 3.935262e+01 4.316126e+01 3.675112e+01 3.611314e+01 9.323501e-02 2.002210e-01 3.353828e-01 2.963874e-01 3.516843e-01 4.082018e-01 4.777891e-01 4.724433e-01 4.627648e-01 4.830946e-01 3.703311e-01 4.426182e-01 9.638201e-05
<GCONST> 6.679373e+01
<MIXTURE> 106 4.710235e-03
<MEAN> 25
 1.823187e+00 -2.452015e+00 7.674136e+00 -2.731108e+00 -1.157883e+01 -4.032509e+00 -4.929414e+00 -2.727606e-01 -3.986753e+00 -1.785363e+00 2.070286e+00 -2.535891e+00 1.845638e-02 -1.489031e-02 5.090931e-02 -8.399557e-02 1.268047e-02 1.045363e-01 -1.049704e-01 3.332121e-02 3.392858e-03 -8.842661e-02 4.737222e-02 1.868597e-03 -1.759883e-03
<VARIANCE> 25
 1.201002e+01 2.827620e+01 5.067558e+01 3.908753e+01 3.316146e+01 4.846873e+01 4.493240e+01 4.864941e+01 3.935262e+01 4.316126e+01 3.675112e+01 3.611314e+01 9.323501e-02 2.002210e-01 3.353828e-01 2.963874e-01 3.516843e-01 4.082018e-01 4.777891e-01 4.724433e-01 4.627648e-01 4.830946e-01 3.703311e-01 4.426182e-01 9.638201e-05
<GCONST> 6.679373e+01
<MIXTURE> 107 5.452374e-03
<MEAN> 25
 8.582966e+00 -2.126021e+00 -7.942459e+00 -9.427347e+00 2.003321e+00 3.099679e+00 -8.432523e+00 -4.478216e+00 -8.037889e-01 3.311334e+00 8.446532e-01 -4.967686e+00 -5.998846e-01 -7.528083e-01 8.140475e-01 1.765075e+00 2.400322e-01 -1.993228e+00 -8.858832e-01 8.557953e-01 1.757478e+00 4.920082e-02 -1.665027e+00 -8.032525e-01 -1.989770e-03
<VARIANCE> 25
 9.274883e+00 2.193095e+01 2.825446e+01 4.292180e+01 3.594016e+01 3.906213e+01 5.328767e+01 3.623882e+01 4.571558e+01 4.131410e+01 5.114888e+01 3.106155e+01 3.570880e-01 9.627597e-01 1.459116e+00 2.412386e+00 2.308613e+00 2.815564e+00 2.655355e+00 2.558180e+00 2.275239e+00 2.975757e+00 1.928376e+00 2.199552e+00 7.027884e-04
<GCONST> 8.816544e+01
<MIXTURE> 108 5.452374e-03
<MEAN> 25
 8.582966e+00 -2.126021e+00 -7.942459e+00 -9.427347e+00 2.003321e+00 3.099679e+00 -8.432523e+00 -4.478216e+00 -8.037889e-01 3.311334e+00 8.446532e-01 -4.967686e+00 -5.998846e-01 -7.528083e-01 8.140475e-01 1.765075e+00 2.400322e-01 -1.993228e+00 -8.858832e-01 8.557953e-01 1.757478e+00 4.920082e-02 -1.665027e+00 -8.032525e-01 -1.989770e-03
<VARIANCE> 25
 9.274883e+00 2.193095e+01 2.825446e+01 4.292180e+01 3.594016e+01 3.906213e+01 5.328767e+01 3.623882e+01 4.571558e+01 4.131410e+01 5.114888e+01 3.106155e+01 3.570880e-01 9.627597e-01 1.459116e+00 2.412386e+00 2.308613e+00 2.815564e+00 2.655355e+00 2.558180e+00 2.275239e+00 2.975757e+00 1.928376e+00 2.199552e+00 7.027884e-04
<GCONST> 8.816544e+01
<MIXTURE> 109 6.661064e-03
<MEAN> 25
 4.064634e+00 -1.049065e+01 -8.210642e+00 -1.436245e+00 2.705171e+00 -3.513603e-02 5.968524e-03 1.592674e+00 -2.350546e+00 -8.124586e+00 -5.452870e+00 6.573877e-02 -2.585532e-02 -1.256610e-01 -4.349223e-02 2.392914e-01 2.155115e-01 9.883948e-02 -1.258842e-01 -9.419422e-02 -4.697812e-02 -1.642778e-01 2.076343e-01 8.858468e-03 -3.686016e-03
<VARIANCE> 25
 8.982229e+00 2.111863e+01 1.993154e+01 3.325822e+01 4.339874e+01 3.775706e+01 4.614463e+01 3.512307e+01 4.712931e+01 3.963938e+01 2.967528e+01 2.800923e+01 1.919814e-01 4.214402e-01 5.327190e-01 6.291642e-01 1.228224e+00 1.010984e+00 1.234803e+00 1.090940e+00 1.114704e+00 9.793525e-01 8.678702e-01 8.854760e-01 1.792756e-04
<GCONST> 7.484142e+01
<MIXTURE> 110 6.661064e-03
<MEAN> 25
 4.064634e+00 -1.049065e+01 -8.210642e+00 -1.436245e+00 2.705171e+00 -3.513603e-02 5.968524e-03 1.592674e+00 -2.350546e+00 -8.124586e+00 -5.452870e+00 6.573877e-02 -2.585532e-02 -1.256610e-01 -4.349223e-02 2.392914e-01 2.155115e-01 9.883948e-02 -1.258842e-01 -9.419422e-02 -4.697812e-02 -1.642778e-01 2.076343e-01 8.858468e-03 -3.686016e-03
<VARIANCE> 25
 8.982229e+00 2.111863e+01 1.993154e+01 3.325822e+01 4.339874e+01 3.775706e+01 4.614463e+01 3.512307e+01 4.712931e+01 3.963938e+01 2.967528e+01 2.800923e+01 1.919814e-01 4.214402e-01 5.327190e-01 6.291642e-01 1.228224e+00 1.010984e+00 1.234803e+00 1.090940e+00 1.114704e+00 9.793525e-01 8.678702e-01 8.854760e-01 1.792756e-04
<GCONST> 7.484142e+01
<MIXTURE> 111 4.337247e-03
<MEAN> 25
 -4.474679e+00 -9.054386e-01 -1.723192e+00 1.689404e+00 9.670523e-01 9.640391e-01 3.161489e-01 2.088693e-01 8.927431e-02 -5.407256e-01 -6.315031e-01 1.966228e+00 -2.111395e-02 -3.263079e-02 -7.220007e-02 -7.359773e-02 -3.751054e-02 6.399801e-03 -9.925331e-04 -5.899001e-02 -1.402441e-01 -2.028682e-01 -1.900574e-01 -1.059927e-01 -2.126447e-04
<VARIANCE> 25
 7.002343e+00 4.981660e+00 1.023464e+01 9.411304e+00 1.312389e+01 2.384735e+01 1.468349e+01 1.318817e+01 1.160039e+01 1.190994e+01 1.363414e+01 1.159531e+01 7.918049e-02 1.636010e-01 2.753080e-01 4.204950e-01 5.694463e-01 7.052553e-01 8.004128e-01 8.582420e-01 8.926894e-01 8.557503e-01 8.621596e-01 8.482845e-01 2.232615e-05
<GCONST> 5.598815e+01
<MIXTURE> 112 4.337247e-03
<MEAN> 25
 -4.474679e+00 -9.054386e-01 -1.723192e+00 1.689404e+00 9.670523e-01 9.640391e-01 3.161489e-01 2.088693e-01 8.927431e-02 -5.407256e-01 -6.315031e-01 1.966228e+00 -2.111395e-02 -3.263079e-02 -7.220007e-02 -7.359773e-02 -3.751054e-02 6.399801e-03 -9.925331e-04 -5.899001e-02 -1.402441e-01 -2.028682e-01 -1.900574e-01 -1.059927e-01 -2.126447e-04
<VARIANCE> 25
 7.002343e+00 4.981660e+00 1.023464e+01 9.411304e+00 1.312389e+01 2.384735e+01 1.468349e+01 1.318817e+01 1.160039e+01 1.190994e+01 1.363414e+01 1.159531e+01 7.918049e-02 1.636010e-01 2.753080e-01 4.204950e-01 5.694463e-01 7.052553e-01 8.004128e-01 8.582420e-01 8.926894e-01 8.557503e-01 8.621596e-01 8.482845e-01 2.232615e-05
<GCONST> 5.598815e+01
<MIXTURE> 113 5.938666e-03
<MEAN> 25
 9.915184e+00 2.055752e+00 -8.647852e+00 -1.635606e+01 -5.428774e-01 5.816534e+00 -4.836083e+00 -1.172012e+00 -5.196627e+00 -4.717430e-01 1.908997e-01 -1.773487e-02 8.731863e-03 -1.606803e-02 -5.191610e-02 -1.545616e-01 1.087917e-01 2.622359e-01 4.787484e-02 5.389004e-02 -2.636520e-02 -6.769120e-02 1.515744e-01 7.655130e-02 -7.157549e-04
<VARIANCE> 25
 8.464269e+00 1.705378e+01 2.859116e+01 4.013773e+01 5.405579e+01 3.305259e+01 4.105555e+01 3.846164e+01 3.991852e+01 4.418389e+01 3.469639e+01 2.782037e+01 1.264608e-01 3.224439e-01 3.085723e-01 6.551023e-01 5.920592e-01 8.544072e-01 7.616090e-01 8.288954e-01 9.287676e-01 8.995712e-01 7.074022e-01 7.136368e-01 1.328763e-04
<GCONST> 7.143562e+01
<MIXTURE> 114 5.938666e-03
<MEAN> 25
 9.915184e+00 2.055752e+00 -8.647852e+00 -1.635606e+01 -5.428774e-01 5.816534e+00 -4.836083e+00 -1.172012e+00 -5.196627e+00 -4.717430e-01 1.908997e-01 -1.773487e-02 8.731863e-03 -1.606803e-02 -5.191610e-02 -1.545616e-01 1.087917e-01 2.622359e-01 4.787484e-02 5.389004e-02 -2.636520e-02 -6.769120e-02 1.515744e-01 7.655130e-02 -7.157549e-04
<VARIANCE> 25
 8.464269e+00 1.705378e+01 2.859116e+01 4.013773e+01 5.405579e+01 3.305259e+01 4.105555e+01 3.846164e+01 3.991852e+01 4.418389e+01 3.469639e+01 2.782037e+01 1.264608e-01 3.224439e-01 3.085723e-01 6.551023e-01 5.920592e-01 8.544072e-01 7.616090e-01 8.288954e-01 9.287676e-01 8.995712e-01 7.074022e-01 7.136368e-01 1.328763e-04
<GCONST> 7.143562e+01
<MIXTURE> 115 2.935202e-03
<MEAN> 25
 -4.047138e+00 -6.849110e-01 -3.193124e+00 3.662020e+00 2.515046e+00 -3.906555e-01 2.266248e+00 3.605620e-01 1.447964e+00 8.203355e-03 1.238529e-02 2.697990e+00 3.151265e-02 -7.687069e-02 -2.347097e-01 -4.431130e-01 -6.360841e-01 -6.524518e-01 -5.827031e-01 -5.146381e-01 -4.824404e-01 -4.559815e-01 -3.560095e-01 -1.675372e-01 -8.247900e-06
<VARIANCE> 25
 9.205168e+00 1.026478e+01 1.415492e+01 1.258770e+01 1.444445e+01 1.754735e+01 1.707553e+01 2.101882e+01 1.817642e+01 1.713596e+01 1.916247e+01 1.454511e+01 2.018441e-01 3.448179e-01 4.834415e-01 5.584191e-01 6.290081e-01 8.253382e-01 1.007903e+00 1.129908e+00 1.068901e+00 9.851125e-01 1.033575e+00 1.066847e+00 1.021008e-06
<GCONST> 6.032260e+01
<MIXTURE> 116 2.935202e-03
<MEAN> 25
 -4.047138e+00 -6.849110e-01 -3.193124e+00 3.662020e+00 2.515046e+00 -3.906555e-01 2.266248e+00 3.605620e-01 1.447964e+00 8.203355e-03 1.238529e-02 2.697990e+00 3.151265e-02 -7.687069e-02 -2.347097e-01 -4.431130e-01 -6.360841e-01 -6.524518e-01 -5.827031e-01 -5.146381e-01 -4.824404e-01 -4.559815e-01 -3.560095e-01 -1.675372e-01 -8.247900e-06
<VARIANCE> 25
 9.205168e+00 1.026478e+01 1.415492e+01 1.258770e+01 1.444445e+01 1.754735e+01 1.707553e+01 2.101882e+01 1.817642e+01 1.713596e+01 1.916247e+01 1.454511e+01 2.018441e-01 3.448179e-01 4.834415e-01 5.584191e-01 6.290081e-01 8.253382e-01 1.007903e+00 1.129908e+00 1.068901e+00 9.851125e-01 1.033575e+00 1.066847e+00 1.021008e-06
<GCONST> 6.032260e+01
<MIXTURE> 117 6.506003e-03
<MEAN> 25
 -4.646910e+00 1.128876e+00 1.029408e+00 9.747403e+00 6.275066e+00 6.249918e+00 6.463716e+00 5.028300e+00 6.390586e+00 4.925673e+00 6.351654e+00 2.711089e+00 -7.488050e-02 -2.349021e-01 -3.592495e-01 -4.210341e-01 -3.686780e-01 -2.992576e-01 -2.860681e-01 -3.337955e-01 -3.915794e-01 -3.691351e-01 -2.663336e-01 -1.177791e-01 -1.191431e-05
<VARIANCE> 25
 7.175732e+00 8.797559e+00 1.010671e+01 1.434125e+01 1.569926e+01 1.534059e+01 1.769148e+01 1.805748e+01 1.638227e+01 1.634526e+01 1.682932e+01 1.472479e+01 2.161910e-01 3.071924e-01 4.257007e-01 6.164774e-01 8.526545e-01 1.059305e+00 1.176028e+00 1.233215e+00 1.221573e+00 1.192502e+00 1.170136e+00 1.113109e+00 1.002139e-06
<GCONST> 6.046943e+01
<MIXTURE> 118 6.506003e-03
<MEAN> 25
 -4.646910e+00 1.128876e+00 1.029408e+00 9.747403e+00 6.275066e+00 6.249918e+00 6.463716e+00 5.028300e+00 6.390586e+00 4.925673e+00 6.351654e+00 2.711089e+00 -7.488050e-02 -2.349021e-01 -3.592495e-01 -4.210341e-01 -3.686780e-01 -2.992576e-01 -2.860681e-01 -3.337955e-01 -3.915794e-01 -3.691351e-01 -2.663336e-01 -1.177791e-01 -1.191431e-05
<VARIANCE> 25
 7.175732e+00 8.797559e+00 1.010671e+01 1.434125e+01 1.569926e+01 1.534059e+01 1.769148e+01 1.805748e+01 1.638227e+01 1.634526e+01 1.682932e+01 1.472479e+01 2.161910e-01 3.071924e-01 4.257007e-01 6.164774e-01 8.526545e-01 1.059305e+00 1.176028e+00 1.233215e+00 1.221573e+00 1.192502e+00 1.170136e+00 1.113109e+00 1.002139e-06
<GCONST> 6.046943e+01
<MIXTURE> 119 4.297961e-03
<MEAN> 25
 -4.972400e+00 -7.638265e+00 2.290101e+00 2.021700e+00 2.078254e+00 1.874891e-01 5.283923e+00 5.980222e+00 1.011336e+00 9.385422e-01 6.632688e+00 1.448622e+00 -4.750044e-02 -8.306316e-02 3.010381e-02 -6.780569e-02 -1.261228e-01 -1.698150e-01 -6.697592e-02 3.904033e-03 -7.454690e-02 -9.641969e-02 -4.462992e-02 -7.001022e-02 1.072516e-03
<VARIANCE> 25
 8.435009e+00 9.757420e+00 1.678323e+01 1.999497e+01 2.511277e+01 2.300951e+01 2.478534e+01 2.643930e+01 2.676604e+01 2.780520e+01 2.036441e+01 2.189003e+01 1.596389e-01 2.802605e-01 4.623396e-01 6.367550e-01 7.941633e-01 1.001954e+00 1.086976e+00 1.288522e+00 1.296444e+00 1.251365e+00 1.186994e+00 1.119137e+00 2.292531e-04
<GCONST> 6.989560e+01
<MIXTURE> 120 4.297961e-03
<MEAN> 25
 -4.972400e+00 -7.638265e+00 2.290101e+00 2.021700e+00 2.078254e+00 1.874891e-01 5.283923e+00 5.980222e+00 1.011336e+00 9.385422e-01 6.632688e+00 1.448622e+00 -4.750044e-02 -8.306316e-02 3.010381e-02 -6.780569e-02 -1.261228e-01 -1.698150e-01 -6.697592e-02 3.904033e-03 -7.454690e-02 -9.641969e-02 -4.462992e-02 -7.001022e-02 1.072516e-03
<VARIANCE> 25
 8.435009e+00 9.757420e+00 1.678323e+01 1.999497e+01 2.511277e+01 2.300951e+01 2.478534e+01 2.643930e+01 2.676604e+01 2.780520e+01 2.036441e+01 2.189003e+01 1.596389e-01 2.802605e-01 4.623396e-01 6.367550e-01 7.941633e-01 1.001954e+00 1.086976e+00 1.288522e+00 1.296444e+00 1.251365e+00 1.186994e+00 1.119137e+00 2.292531e-04
<GCONST> 6.989560e+01
<MIXTURE> 121 4.567511e-03
<MEAN> 25
 1.858031e-01 -2.643219e+00 5.176944e+00 -1.284570e+01 -1.274158e+01 -1.734689e+00 9.439898e-01 -4.901178e+00 -4.283902e+00 -4.759457e-01 -5.466900e+00 -4.256119e+00 2.229879e-02 1.363476e-01 -4.083209e-02 1.011886e-01 1.512177e-01 5.505153e-02 -8.115585e-02 -1.949321e-01 -2.680434e-01 -2.655941e-01 -1.137632e-01 -4.047644e-03 -7.300134e-03
<VARIANCE> 25
 7.663040e+00 1.639514e+01 1.719172e+01 2.034221e+01 2.476257e+01 2.920741e+01 2.938852e+01 2.723475e+01 3.549097e+01 2.803474e+01 1.962401e+01 2.114924e+01 1.532633e-01 6.363050e-01 6.179589e-01 7.317005e-01 7.653140e-01 1.175485e+00 1.103014e+00 1.121431e+00 1.201873e+00 1.181105e+00 9.285063e-01 8.632926e-01 2.091853e-04
<GCONST> 7.147971e+01
<MIXTURE> 122 4.567511e-03
<MEAN> 25
 1.858031e-01 -2.643219e+00 5.176944e+00 -1.284570e+01 -1.274158e+01 -1.734689e+00 9.439898e-01 -4.901178e+00 -4.283902e+00 -4.759457e-01 -5.466900e+00 -4.256119e+00 2.229879e-02 1.363476e-01 -4.083209e-02 1.011886e-01 1.512177e-01 5.505153e-02 -8.115585e-02 -1.949321e-01 -2.680434e-01 -2.655941e-01 -1.137632e-01 -4.047644e-03 -7.300134e-03
<VARIANCE> 25
 7.663040e+00 1.639514e+01 1.719172e+01 2.034221e+01 2.476257e+01 2.920741e+01 2.938852e+01 2.723475e+01 3.549097e+01 2.803474e+01 1.962401e+01 2.114924e+01 1.532633e-01 6.363050e-01 6.179589e-01 7.317005e-01 7.653140e-01 1.175485e+00 1.103014e+00 1.121431e+00 1.201873e+00 1.181105e+00 9.285063e-01 8.632926e-01 2.091853e-04
<GCONST> 7.147971e+01
<MIXTURE> 123 4.393044e-03
<MEAN> 25
 -4.269534e+00 1.697067e+00 -9.201071e-01 6.128237e+00 6.375387e+00 3.730829e+00 3.094680e+00 -3.236918e-01 7.834219e-01 -3.841608e-01 -4.739935e-01 1.307887e+00 -4.286972e-01 -7.139580e-01 -8.573583e-01 -6.438855e-01 -3.236189e-01 -2.162145e-03 3.814559e-01 5.528215e-01 8.073791e-01 7.588620e-01 7.233039e-01 5.583652e-01 -3.096674e-03
<VARIANCE> 25
 9.782331e+00 1.521410e+01 2.367764e+01 1.607336e+01 3.159743e+01 2.666101e+01 2.277468e+01 2.326727e+01 2.026513e+01 1.655598e+01 2.306845e+01 2.096075e+01 3.635176e-01 3.688774e-01 5.114828e-01 6.978870e-01 9.498346e-01 1.102165e+00 1.128258e+00 1.194862e+00 1.084507e+00 1.089548e+00 1.141242e+00 1.115467e+00 9.286916e-05
<GCONST> 7.032629e+01
<MIXTURE> 124 4.069876e-03
<MEAN> 25
 -6.584097e+00 -1.094690e+00 -3.126247e+00 5.139126e+00 5.100762e+00 3.247418e+00 5.437010e+00 2.244991e+00 3.117393e+00 1.293079e+00 9.013874e-01 3.199795e+00 -2.029936e-01 -3.311471e-01 -3.361992e-01 -2.180216e-01 9.487671e-02 5.013449e-01 7.925403e-01 8.543751e-01 6.473470e-01 3.196610e-01 7.128742e-02 2.138432e-02 2.653665e-04
<VARIANCE> 25
 1.076333e+01 7.528380e+00 1.291483e+01 1.215443e+01 1.233425e+01 2.099121e+01 1.619600e+01 2.027897e+01 1.543172e+01 1.550391e+01 2.009714e+01 1.470744e+01 1.035698e-01 1.640758e-01 2.873091e-01 4.125668e-01 5.986383e-01 7.008826e-01 7.320484e-01 7.955962e-01 8.818111e-01 9.503183e-01 1.008960e+00 1.021940e+00 1.921303e-05
<GCONST> 5.929249e+01
<MIXTURE> 125 4.069876e-03
<MEAN> 25
 -6.584097e+00 -1.094690e+00 -3.126247e+00 5.139126e+00 5.100762e+00 3.247418e+00 5.437010e+00 2.244991e+00 3.117393e+00 1.293079e+00 9.013874e-01 3.199795e+00 -2.029936e-01 -3.311471e-01 -3.361992e-01 -2.180216e-01 9.487671e-02 5.013449e-01 7.925403e-01 8.543751e-01 6.473470e-01 3.196610e-01 7.128742e-02 2.138432e-02 2.653665e-04
<VARIANCE> 25
 1.076333e+01 7.528380e+00 1.291483e+01 1.215443e+01 1.233425e+01 2.099121e+01 1.619600e+01 2.027897e+01 1.543172e+01 1.550391e+01 2.009714e+01 1.470744e+01 1.035698e-01 1.640758e-01 2.873091e-01 4.125668e-01 5.986383e-01 7.008826e-01 7.320484e-01 7.955962e-01 8.818111e-01 9.503183e-01 1.008960e+00 1.021940e+00 1.921303e-05
<GCONST> 5.929249e+01
<MIXTURE> 126 2.402244e-03
<MEAN> 25
 -3.796862e+00 -6.924448e+00 -5.284682e+00 2.327654e+00 4.282211e+00 -3.241457e+00 8.650318e-02 3.541471e+00 3.335831e+00 -2.689853e+00 -1.432082e+00 3.065560e+00 -2.666111e-03 -7.331041e-03 -3.500185e-02 -1.578438e-01 -3.191670e-01 -3.888284e-01 -2.730671e-01 -1.561576e-01 -1.126793e-01 -1.147818e-01 -9.701321e-02 -2.876174e-02 -1.464922e-03
<VARIANCE> 25
 7.451531e+00 1.272138e+01 1.385999e+01 1.514470e+01 2.466040e+01 2.370621e+01 2.290290e+01 2.850328e+01 3.128814e+01 2.622189e+01 2.175228e+01 1.920952e+01 1.705914e-01 3.520338e-01 4.834923e-01 5.665157e-01 7.527711e-01 9.944486e-01 1.120814e+00 1.262473e+00 1.327282e+00 1.308786e+00 1.213606e+00 1.147550e+00 2.108292e-04
<GCONST> 6.981152e+01
<MIXTURE> 127 2.402244e-03
<MEAN> 25
 -3.796862e+00 -6.924448e+00 -5.284682e+00 2.327654e+00 4.282211e+00 -3.241457e+00 8.650318e-02 3.541471e+00 3.335831e+00 -2.689853e+00 -1.432082e+00 3.065560e+00 -2.666111e-03 -7.331041e-03 -3.500185e-02 -1.578438e-01 -3.191670e-01 -3.888284e-01 -2.730671e-01 -1.561576e-01 -1.126793e-01 -1.147818e-01 -9.701321e-02 -2.876174e-02 -1.464922e-03
<VARIANCE> 25
 7.451531e+00 1.272138e+01 1.385999e+01 1.514470e+01 2.466040e+01 2.370621e+01 2.290290e+01 2.850328e+01 3.128814e+01 2.622189e+01 2.175228e+01 1.920952e+01 1.705914e-01 3.520338e-01 4.834923e-01 5.665157e-01 7.527711e-01 9.944486e-01 1.120814e+00 1.262473e+00 1.327282e+00 1.308786e+00 1.213606e+00 1.147550e+00 2.108292e-04
<GCONST> 6.981152e+01
<MIXTURE> 128 3.790457e-03
<MEAN> 25
 -3.942608e+00 1.590698e+00 -4.566870e-01 6.561920e+00 3.729766e+00 1.878119e+00 3.584621e+00 2.298607e+00 3.998088e+00 3.683362e+00 3.712103e+00 3.532713e+00 -3.930801e-01 -1.963021e-01 9.777652e-02 7.195394e-01 1.177934e+00 1.141860e+00 7.136818e-01 1.141290e-01 -4.509724e-01 -7.833251e-01 -7.069712e-01 -3.915007e-01 -4.227621e-05
<VARIANCE> 25
 1.013478e+01 1.183242e+01 1.625517e+01 1.915836e+01 2.107293e+01 2.102618e+01 2.411982e+01 2.500578e+01 2.630078e+01 2.369344e+01 2.690282e+01 1.804005e+01 8.849558e-01 1.138131e+00 1.357475e+00 1.499465e+00 1.583541e+00 1.850198e+00 2.229418e+00 2.332892e+00 2.155373e+00 1.842140e+00 1.732999e+00 1.737429e+00 9.993918e-07
<GCONST> 7.369717e+01
<TRANSP> 3
 0.000000e+00 1.000000e+00 0.000000e+00
 0.000000e+00 9.999990e-01 9.999998e-07
 0.000000e+00 0.000000e+00 0.000000e+00
<ENDHMM>
