~o
<STREAMINFO> 1 25
<VECSIZE> 25<NULLD><MFCC_E_D_N><DIAGC>
~h "jmodel"
<BEGINHMM>
<NUMSTATES> 3
<STATE> 2
<NUMMIXES> 128
<MIXTURE> 1 5.748963e-03
<MEAN> 25
 -2.587324e+00 3.192244e+00 2.321998e+00 8.741519e+00 4.366051e+00 3.436074e+00 4.062661e+00 3.918695e+00 5.818499e+00 5.245164e+00 5.872790e+00 3.085626e+00 -2.003613e+00 -1.631967e+00 -8.681553e-01 1.075446e+00 1.565418e+00 2.227419e+00 2.152153e+00 2.085195e+00 1.689301e+00 1.269231e+00 1.561095e+00 6.116027e-01 -4.681429e-02
<VARIANCE> 25
 1.006920e+01 1.177440e+01 1.529994e+01 1.870751e+01 2.320019e+01 2.219313e+01 2.186917e+01 2.211767e+01 2.101019e+01 2.251109e+01 2.096374e+01 1.707974e+01 1.788868e+00 2.111768e+00 3.023409e+00 3.201220e+00 3.738687e+00 3.362757e+00 3.321740e+00 3.371671e+00 3.522609e+00 3.726256e+00 3.516914e+00 2.833193e+00 3.119598e-03
<GCONST> 8.849416e+01
<MIXTURE> 2 4.549242e-03
<MEAN> 25
 -4.874510e+00 1.315382e+00 9.902508e-01 9.898501e+00 6.694235e+00 7.421750e+00 7.846053e+00 6.952263e+00 8.371915e+00 6.371137e+00 7.619912e+00 3.076815e+00 -6.207931e-02 4.164140e-02 1.423427e-01 2.256653e-01 2.652790e-01 2.814981e-01 2.956883e-01 3.195914e-01 3.497188e-01 3.090183e-01 1.974339e-01 8.015001e-02 1.070132e-06
<VARIANCE> 25
 6.952351e+00 8.926653e+00 1.068159e+01 1.591214e+01 1.723602e+01 1.557407e+01 1.689470e+01 1.854716e+01 1.658463e+01 1.739106e+01 1.814484e+01 1.434749e+01 1.252055e-01 2.265611e-01 3.364131e-01 4.670877e-01 6.492837e-01 8.148268e-01 9.301196e-01 1.003037e+00 1.051568e+00 1.077419e+00 1.075615e+00 1.013606e+00 1.000214e-06
<GCONST> 5.805366e+01
<MIXTURE> 3 4.549242e-03
<MEAN> 25
 -4.874510e+00 1.315382e+00 9.902508e-01 9.898501e+00 6.694235e+00 7.421750e+00 7.846053e+00 6.952263e+00 8.371915e+00 6.371137e+00 7.619912e+00 3.076815e+00 -6.207931e-02 4.164140e-02 1.423427e-01 2.256653e-01 2.652790e-01 2.814981e-01 2.956883e-01 3.195914e-01 3.497188e-01 3.090183e-01 1.974339e-01 8.015001e-02 1.070132e-06
<VARIANCE> 25
 6.952351e+00 8.926653e+00 1.068159e+01 1.591214e+01 1.723602e+01 1.557407e+01 1.689470e+01 1.854716e+01 1.658463e+01 1.739106e+01 1.814484e+01 1.434749e+01 1.252055e-01 2.265611e-01 3.364131e-01 4.670877e-01 6.492837e-01 8.148268e-01 9.301196e-01 1.003037e+00 1.051568e+00 1.077419e+00 1.075615e+00 1.013606e+00 1.000214e-06
<GCONST> 5.805366e+01
<MIXTURE> 4 1.671429e-02
<MEAN> 25
 3.596552e+00 2.525464e+00 -3.842753e+00 8.557450e-01 4.219395e+00 -3.104956e-01 -1.198927e-01 8.766755e-02 1.833010e+00 1.300980e+00 -2.032752e+00 -8.819323e-02 -2.700488e+00 1.253209e+00 1.636187e+00 2.923546e+00 9.211077e-01 4.861878e-01 1.562803e+00 9.100873e-01 1.003005e+00 4.120544e-01 1.111510e+00 9.303101e-01 -1.017483e-01
<VARIANCE> 25
 2.044090e+01 2.808703e+01 2.854551e+01 3.854741e+01 4.319267e+01 6.485715e+01 6.365958e+01 5.464190e+01 5.441751e+01 6.043877e+01 4.726722e+01 3.571423e+01 2.287661e+00 4.896117e+00 3.989589e+00 5.210949e+00 4.843269e+00 5.869100e+00 5.832243e+00 5.671447e+00 5.965838e+00 6.201102e+00 6.023798e+00 4.485136e+00 5.938037e-03
<GCONST> 1.050025e+02
<MIXTURE> 5 3.206198e-03
<MEAN> 25
 -3.394419e+00 2.265121e+00 5.326487e-01 9.388103e+00 6.739714e+00 6.296508e+00 7.125712e+00 4.632814e+00 5.446966e+00 3.808658e+00 4.587800e+00 2.637342e+00 -3.215531e-01 7.438636e-01 1.210093e+00 1.013761e+00 3.051697e-01 -9.343702e-02 -8.125270e-02 3.377430e-02 4.718627e-01 6.782674e-01 3.948505e-01 8.570157e-02 -3.418066e-05
<VARIANCE> 25
 1.019618e+01 1.447712e+01 2.382450e+01 2.557176e+01 2.019855e+01 1.929854e+01 1.996693e+01 2.094357e+01 2.150715e+01 2.122915e+01 2.433624e+01 1.632682e+01 1.198811e+00 1.240230e+00 1.363847e+00 1.691576e+00 2.268393e+00 2.356982e+00 2.309487e+00 2.252686e+00 2.349919e+00 2.219373e+00 2.093471e+00 1.861184e+00 9.953064e-07
<GCONST> 7.521342e+01
<MIXTURE> 6 5.475854e-03
<MEAN> 25
 9.698858e+00 -4.176174e-01 -6.683471e+00 -1.103688e+01 -2.118302e+00 6.735228e+00 -5.880539e+00 -5.306987e+00 -3.670289e+00 1.822341e+00 4.630800e+00 -1.262287e+00 4.845439e-01 8.972740e-01 -3.500318e-01 -1.462438e+00 -6.365283e-01 1.309410e+00 1.535049e+00 2.474602e-01 -1.217849e+00 -1.214048e+00 3.252289e-01 1.227933e+00 -8.185128e-03
<VARIANCE> 25
 8.953315e+00 1.705135e+01 2.395141e+01 3.909983e+01 3.671872e+01 3.060231e+01 4.420069e+01 3.805945e+01 4.076972e+01 3.943131e+01 4.213211e+01 2.842958e+01 3.111966e-01 8.562954e-01 9.446560e-01 1.996752e+00 1.604803e+00 2.029092e+00 1.919074e+00 2.049105e+00 2.395229e+00 1.970869e+00 2.244363e+00 1.436452e+00 5.851621e-04
<GCONST> 8.388120e+01
<MIXTURE> 7 5.475854e-03
<MEAN> 25
 9.698858e+00 -4.176174e-01 -6.683471e+00 -1.103688e+01 -2.118302e+00 6.735228e+00 -5.880539e+00 -5.306987e+00 -3.670289e+00 1.822341e+00 4.630800e+00 -1.262287e+00 4.845439e-01 8.972740e-01 -3.500318e-01 -1.462438e+00 -6.365283e-01 1.309410e+00 1.535049e+00 2.474602e-01 -1.217849e+00 -1.214048e+00 3.252289e-01 1.227933e+00 -8.185128e-03
<VARIANCE> 25
 8.953315e+00 1.705135e+01 2.395141e+01 3.909983e+01 3.671872e+01 3.060231e+01 4.420069e+01 3.805945e+01 4.076972e+01 3.943131e+01 4.213211e+01 2.842958e+01 3.111966e-01 8.562954e-01 9.446560e-01 1.996752e+00 1.604803e+00 2.029092e+00 1.919074e+00 2.049105e+00 2.395229e+00 1.970869e+00 2.244363e+00 1.436452e+00 5.851621e-04
<GCONST> 8.388120e+01
<MIXTURE> 8 1.165917e-02
<MEAN> 25
 -4.727686e+00 1.419629e+00 1.225135e+00 9.543008e+00 6.592973e+00 6.230693e+00 6.475397e+00 5.611769e+00 6.660085e+00 5.673082e+00 6.531754e+00 3.193782e+00 -6.291335e-01 -1.429317e+00 -1.027708e+00 -1.723297e+00 -2.500626e-01 -9.316226e-01 -1.702353e-01 -2.912025e-01 -2.743066e-01 -1.721133e-01 -2.016791e-01 5.886836e-02 9.880414e-02
<VARIANCE> 25
 9.290033e+00 1.019142e+01 1.217670e+01 1.596162e+01 1.654227e+01 1.566022e+01 1.800492e+01 1.817649e+01 1.691084e+01 1.746382e+01 1.894347e+01 1.412614e+01 2.736062e+00 2.795122e+00 4.121079e+00 3.739761e+00 3.473784e+00 3.314112e+00 3.111167e+00 3.057549e+00 2.911187e+00 2.636723e+00 2.434305e+00 1.951700e+00 6.631330e-03
<GCONST> 8.643861e+01
<MIXTURE> 9 1.199672e-02
<MEAN> 25
 9.284982e+00 3.387624e+00 -6.172246e+00 -1.054688e+01 -2.232451e+00 4.902927e+00 -2.147756e+00 -2.387769e+00 -5.423238e+00 -1.302867e+00 5.358869e-01 -3.168164e-03 1.428914e+00 -1.626577e-01 -4.945989e-01 -2.726974e+00 -1.666592e+00 8.491803e-01 -9.521510e-01 -1.949057e-01 -1.543131e-01 -5.597780e-01 6.256853e-01 -1.846525e-01 7.364684e-02
<VARIANCE> 25
 1.214029e+01 2.141267e+01 3.340588e+01 5.499678e+01 4.978519e+01 3.251701e+01 4.324421e+01 5.332842e+01 4.182045e+01 4.171158e+01 3.592028e+01 2.674917e+01 2.094309e+00 2.558780e+00 4.559872e+00 4.897441e+00 5.010016e+00 4.074524e+00 4.244725e+00 6.135782e+00 5.094341e+00 4.079710e+00 3.992997e+00 2.903755e+00 2.208757e-03
<GCONST> 9.891839e+01
<MIXTURE> 10 6.596976e-03
<MEAN> 25
 8.085502e-01 7.629867e+00 5.355587e+00 7.132676e+00 1.588589e+00 -2.101784e+00 -5.376948e-01 -1.724638e+00 8.767365e-01 8.452179e-01 8.392861e-01 6.763771e-01 -1.919894e+00 -6.696973e-01 -4.737175e-01 3.020049e+00 2.469991e+00 2.701829e+00 2.369900e+00 2.269912e+00 1.857859e+00 1.545346e+00 2.316809e+00 5.241569e-01 -1.378561e-01
<VARIANCE> 25
 1.949516e+01 2.059985e+01 2.252109e+01 2.900111e+01 3.819381e+01 3.485209e+01 3.523322e+01 3.412876e+01 2.749628e+01 2.903819e+01 2.685921e+01 2.498955e+01 2.233189e+00 3.415083e+00 5.567476e+00 5.161774e+00 5.539495e+00 4.472929e+00 4.686137e+00 4.840459e+00 4.375520e+00 5.002269e+00 4.506186e+00 3.180020e+00 2.709249e-03
<GCONST> 9.746042e+01
<MIXTURE> 11 1.633820e-02
<MEAN> 25
 7.721428e+00 4.120184e+00 1.995082e+00 3.956301e+00 -2.526746e+00 -1.603578e+00 -1.921426e+00 -7.667086e+00 -4.343580e+00 -7.056208e-01 -2.098993e+00 -1.732121e+00 -3.056882e-01 5.869866e-01 1.702208e-02 5.488031e-01 4.212934e-01 -3.633149e-01 1.516678e-01 -2.005911e-01 -2.108064e-01 -8.486971e-03 9.138396e-02 4.079042e-01 -1.696764e-02
<VARIANCE> 25
 8.808800e+00 1.894956e+01 2.040626e+01 2.964151e+01 3.047005e+01 3.504493e+01 4.894339e+01 4.428554e+01 4.815758e+01 2.805626e+01 2.707423e+01 2.612705e+01 8.510466e-01 1.175408e+00 1.441918e+00 2.486006e+00 1.718076e+00 1.862231e+00 2.319375e+00 3.030439e+00 1.708305e+00 1.650812e+00 1.607214e+00 1.662755e+00 7.716048e-04
<GCONST> 8.513709e+01
<MIXTURE> 12 5.904134e-03
<MEAN> 25
 1.075290e+01 3.726487e+00 -4.492456e+00 -1.595792e+01 -8.674646e+00 8.637982e+00 -8.748019e-01 -1.957694e+00 -1.757787e+00 -4.875851e+00 1.755753e+00 6.855773e-01 6.815183e-02 2.981293e-01 8.060435e-02 -3.592963e-01 -3.079776e-01 2.263405e-02 3.078057e-01 4.475603e-01 1.373694e-01 -3.781199e-01 -3.783138e-01 5.593988e-02 -6.353777e-03
<VARIANCE> 25
 8.889419e+00 2.099996e+01 2.329222e+01 3.523151e+01 4.201881e+01 3.085679e+01 4.176053e+01 4.911715e+01 4.420085e+01 3.727365e+01 3.794585e+01 2.907192e+01 2.459074e-01 6.905082e-01 6.838487e-01 1.185992e+00 1.183367e+00 1.062015e+00 1.169707e+00 1.382009e+00 1.239544e+00 1.229494e+00 1.230320e+00 9.542227e-01 5.770525e-04
<GCONST> 7.894340e+01
<MIXTURE> 13 5.904134e-03
<MEAN> 25
 1.075290e+01 3.726487e+00 -4.492456e+00 -1.595792e+01 -8.674646e+00 8.637982e+00 -8.748019e-01 -1.957694e+00 -1.757787e+00 -4.875851e+00 1.755753e+00 6.855773e-01 6.815183e-02 2.981293e-01 8.060435e-02 -3.592963e-01 -3.079776e-01 2.263405e-02 3.078057e-01 4.475603e-01 1.373694e-01 -3.781199e-01 -3.783138e-01 5.593988e-02 -6.353777e-03
<VARIANCE> 25
 8.889419e+00 2.099996e+01 2.329222e+01 3.523151e+01 4.201881e+01 3.085679e+01 4.176053e+01 4.911715e+01 4.420085e+01 3.727365e+01 3.794585e+01 2.907192e+01 2.459074e-01 6.905082e-01 6.838487e-01 1.185992e+00 1.183367e+00 1.062015e+00 1.169707e+00 1.382009e+00 1.239544e+00 1.229494e+00 1.230320e+00 9.542227e-01 5.770525e-04
<GCONST> 7.894340e+01
<MIXTURE> 14 6.488954e-03
<MEAN> 25
 -4.313988e+00 -3.162629e-01 -3.619733e-01 8.898318e+00 7.541185e+00 7.352453e+00 7.820632e+00 7.252481e+00 7.241852e+00 5.220497e+00 6.832707e+00 4.128400e+00 -2.727309e-01 1.931312e-01 3.633337e-01 3.078130e-01 5.662895e-03 6.439743e-02 9.864438e-02 1.769137e-01 2.943759e-01 5.351521e-01 5.002580e-01 7.116324e-02 -9.262027e-03
<VARIANCE> 25
 9.233775e+00 1.431243e+01 1.888543e+01 1.778764e+01 2.086755e+01 1.962938e+01 2.143588e+01 2.131825e+01 1.998036e+01 2.377965e+01 2.142586e+01 1.599087e+01 9.567325e-01 1.630276e+00 1.765864e+00 1.932613e+00 2.234443e+00 2.247936e+00 2.244794e+00 2.235501e+00 2.272335e+00 2.508533e+00 2.192080e+00 1.810234e+00 1.024422e-03
<GCONST> 8.192216e+01
<MIXTURE> 15 2.475190e-03
<MEAN> 25
 -5.419559e+00 -6.224246e-01 -2.118497e-01 7.379141e+00 5.723781e+00 5.681230e+00 6.064561e+00 4.968297e+00 5.166727e+00 4.156314e+00 5.497594e+00 2.555970e+00 -1.211975e-01 -2.907925e-02 7.610733e-02 2.452783e-01 4.879450e-01 7.875226e-01 1.071662e+00 1.180400e+00 1.056196e+00 7.524866e-01 4.155875e-01 1.494015e-01 -5.984205e-05
<VARIANCE> 25
 6.969915e+00 5.753428e+00 9.047758e+00 1.282148e+01 1.404774e+01 1.439560e+01 1.490865e+01 1.490643e+01 1.407919e+01 1.415332e+01 1.507220e+01 1.256551e+01 1.244351e-01 2.056843e-01 3.194705e-01 5.039455e-01 6.983591e-01 7.919421e-01 7.611451e-01 7.907540e-01 9.096003e-01 1.025773e+00 1.074872e+00 1.044052e+00 2.827462e-05
<GCONST> 5.862424e+01
<MIXTURE> 16 2.475190e-03
<MEAN> 25
 -5.419559e+00 -6.224246e-01 -2.118497e-01 7.379141e+00 5.723781e+00 5.681230e+00 6.064561e+00 4.968297e+00 5.166727e+00 4.156314e+00 5.497594e+00 2.555970e+00 -1.211975e-01 -2.907925e-02 7.610733e-02 2.452783e-01 4.879450e-01 7.875226e-01 1.071662e+00 1.180400e+00 1.056196e+00 7.524866e-01 4.155875e-01 1.494015e-01 -5.984205e-05
<VARIANCE> 25
 6.969915e+00 5.753428e+00 9.047758e+00 1.282148e+01 1.404774e+01 1.439560e+01 1.490865e+01 1.490643e+01 1.407919e+01 1.415332e+01 1.507220e+01 1.256551e+01 1.244351e-01 2.056843e-01 3.194705e-01 5.039455e-01 6.983591e-01 7.919421e-01 7.611451e-01 7.907540e-01 9.096003e-01 1.025773e+00 1.074872e+00 1.044052e+00 2.827462e-05
<GCONST> 5.862424e+01
<MIXTURE> 17 9.518312e-03
<MEAN> 25
 3.657010e+00 -8.611190e-01 6.050025e+00 1.561394e+00 -5.295634e+00 -5.930544e+00 -1.078750e+00 1.421861e+00 -2.237111e+00 -2.213159e+00 -2.044826e-01 -6.230136e-01 -8.573316e-01 -1.264384e+00 1.792683e+00 -2.160682e+00 -2.481451e+00 1.276751e-02 3.687774e-01 2.002762e-01 -8.575727e-01 2.486098e-02 1.310247e+00 4.621964e-01 7.862649e-02
<VARIANCE> 25
 1.560430e+01 3.006753e+01 3.098206e+01 3.942088e+01 4.096285e+01 4.187025e+01 5.637489e+01 4.285632e+01 3.522877e+01 2.789853e+01 2.844523e+01 2.507497e+01 1.875379e+00 2.345399e+00 4.449877e+00 2.724813e+00 3.500615e+00 4.886089e+00 4.626512e+00 6.001747e+00 5.072512e+00 3.682385e+00 3.026736e+00 2.781761e+00 1.976653e-03
<GCONST> 9.687437e+01
<MIXTURE> 18 1.221018e-02
<MEAN> 25
 3.527349e+00 4.203149e+00 6.655505e+00 4.218113e+00 -4.702331e+00 -7.273346e+00 -2.149707e+00 -1.509140e+00 -2.852562e+00 -2.720956e+00 9.884238e-02 9.980028e-01 -7.282764e-01 2.162629e+00 -8.372244e-01 1.863913e+00 3.194924e+00 1.370833e+00 7.780411e-01 -3.915743e-01 7.743657e-01 3.927538e-01 -6.643859e-01 -8.936334e-02 -1.210729e-01
<VARIANCE> 25
 1.649016e+01 2.652242e+01 3.416388e+01 2.365842e+01 3.719461e+01 3.334162e+01 4.044201e+01 4.283067e+01 3.637999e+01 3.251108e+01 3.277119e+01 3.089494e+01 2.234526e+00 2.848866e+00 6.021589e+00 3.707591e+00 3.721994e+00 4.168664e+00 4.133277e+00 3.937518e+00 3.998385e+00 3.934266e+00 4.483165e+00 3.304384e+00 3.589818e-03
<GCONST> 9.760810e+01
<MIXTURE> 19 9.912824e-03
<MEAN> 25
 -9.824926e+00 2.131833e+00 1.199690e-01 1.363587e+00 4.063579e+00 1.661780e+00 3.488864e+00 1.088317e+00 2.220350e+00 8.624899e-01 9.035537e-01 2.228022e+00 2.015114e+00 1.636408e+00 2.118547e+00 7.677388e-01 -1.059702e+00 -1.030697e+00 -1.048886e+00 -1.389775e+00 -1.471210e+00 -1.097980e+00 -8.227023e-01 -7.847367e-01 2.657353e-03
<VARIANCE> 25
 5.308381e+01 3.328857e+01 4.949376e+01 5.130516e+01 3.313326e+01 3.194306e+01 2.998025e+01 3.179457e+01 2.750652e+01 2.912580e+01 3.036633e+01 1.901755e+01 2.414136e+00 2.274702e+00 2.179596e+00 2.223082e+00 2.473400e+00 2.162941e+00 2.354524e+00 2.262333e+00 2.034708e+00 1.968083e+00 2.129715e+00 1.728702e+00 2.306553e-03
<GCONST> 9.138251e+01
<MIXTURE> 20 6.308331e-03
<MEAN> 25
 -1.407908e+01 7.230904e+00 1.266308e+00 6.073588e+00 4.953078e+00 1.737277e+00 4.959641e+00 1.251737e+00 8.453794e-01 8.365609e-01 2.628880e+00 -4.200200e-01 -3.268687e+00 -9.481711e-01 -1.568169e+00 3.123072e-01 1.520734e+00 2.095906e+00 1.870825e+00 2.072436e+00 2.113990e+00 1.887590e+00 1.605363e+00 9.002844e-01 4.689564e-02
<VARIANCE> 25
 1.942496e+01 2.394799e+01 3.452282e+01 3.606511e+01 3.008998e+01 2.778182e+01 3.069134e+01 3.477108e+01 2.759138e+01 2.733332e+01 2.435871e+01 2.071576e+01 2.030580e+00 2.279207e+00 1.842141e+00 2.462742e+00 2.668092e+00 2.267304e+00 2.573217e+00 2.270711e+00 2.192096e+00 3.175977e+00 2.342660e+00 1.887505e+00 1.827485e-03
<GCONST> 8.949880e+01
<MIXTURE> 21 7.928653e-03
<MEAN> 25
 3.924177e+00 -4.398632e+00 6.261820e+00 -1.587983e+00 -1.020023e+01 -8.054358e+00 -1.942721e+00 4.406102e+00 -1.822226e+00 -3.256004e+00 6.678113e-01 2.525640e-01 -7.151805e-01 1.205591e+00 2.582694e+00 -9.264527e-02 -1.605437e+00 4.416128e-01 4.828002e-01 -1.592424e+00 -1.866346e+00 2.461689e-01 1.351747e+00 3.293095e-01 -1.091264e-02
<VARIANCE> 25
 8.985064e+00 1.823892e+01 3.368164e+01 2.720240e+01 2.961470e+01 3.446466e+01 4.425885e+01 3.967515e+01 4.479495e+01 2.951386e+01 3.437144e+01 2.202392e+01 3.908640e-01 1.169062e+00 1.873256e+00 1.323171e+00 2.202145e+00 2.142700e+00 4.086660e+00 2.426007e+00 2.052583e+00 2.744939e+00 2.074845e+00 2.379244e+00 4.740039e-04
<GCONST> 8.572282e+01
<MIXTURE> 22 8.827789e-03
<MEAN> 25
 -1.792005e+01 7.152135e+00 -4.128488e+00 7.391517e+00 4.601278e+00 2.760653e+00 8.398376e+00 1.750529e+00 5.378438e+00 3.298839e+00 5.716208e+00 1.185423e+00 -3.095644e-01 -2.076642e-01 -1.255653e-01 -1.492347e-01 -7.420766e-03 1.369247e-01 1.807905e-01 1.781396e-01 2.484461e-01 2.069787e-01 1.728682e-01 1.925129e-01 8.856763e-03
<VARIANCE> 25
 8.118674e+00 1.684753e+01 1.741173e+01 2.516924e+01 2.289888e+01 2.083337e+01 1.943375e+01 1.872385e+01 1.813824e+01 2.088002e+01 1.923833e+01 1.378536e+01 1.090539e+00 1.357204e+00 1.363801e+00 1.571663e+00 1.408776e+00 1.526667e+00 1.508705e+00 1.532807e+00 1.613972e+00 1.544819e+00 1.357650e+00 1.167727e+00 1.745146e-03
<GCONST> 7.831201e+01
<MIXTURE> 23 6.455497e-03
<MEAN> 25
 7.723586e+00 2.811967e+00 2.467320e+00 2.656036e+00 -4.332216e+00 -2.868947e+00 -3.954415e+00 -7.299116e+00 -3.833648e+00 -1.182052e+00 -3.685229e+00 -1.838920e+00 3.971703e-03 1.714089e-01 3.649702e-02 1.551797e-01 -2.766576e-02 -2.407414e-02 2.798978e-04 -1.047187e-01 1.284287e-02 3.552927e-03 -4.476308e-02 8.929496e-02 -4.356705e-03
<VARIANCE> 25
 1.125500e+01 2.229646e+01 2.608144e+01 3.823093e+01 3.885228e+01 5.025587e+01 5.541623e+01 5.694476e+01 4.892874e+01 4.334732e+01 4.637641e+01 3.899311e+01 1.181514e-01 2.845204e-01 3.608704e-01 5.899504e-01 5.719942e-01 7.223118e-01 7.572261e-01 8.696662e-01 8.372029e-01 8.457491e-01 8.222451e-01 7.269654e-01 8.178171e-05
<GCONST> 7.265804e+01
<MIXTURE> 24 6.455497e-03
<MEAN> 25
 7.723586e+00 2.811967e+00 2.467320e+00 2.656036e+00 -4.332216e+00 -2.868947e+00 -3.954415e+00 -7.299116e+00 -3.833648e+00 -1.182052e+00 -3.685229e+00 -1.838920e+00 3.971703e-03 1.714089e-01 3.649702e-02 1.551797e-01 -2.766576e-02 -2.407414e-02 2.798978e-04 -1.047187e-01 1.284287e-02 3.552927e-03 -4.476308e-02 8.929496e-02 -4.356705e-03
<VARIANCE> 25
 1.125500e+01 2.229646e+01 2.608144e+01 3.823093e+01 3.885228e+01 5.025587e+01 5.541623e+01 5.694476e+01 4.892874e+01 4.334732e+01 4.637641e+01 3.899311e+01 1.181514e-01 2.845204e-01 3.608704e-01 5.899504e-01 5.719942e-01 7.223118e-01 7.572261e-01 8.696662e-01 8.372029e-01 8.457491e-01 8.222451e-01 7.269654e-01 8.178171e-05
<GCONST> 7.265804e+01
<MIXTURE> 25 1.118642e-02
<MEAN> 25
 1.145474e+00 2.616028e+00 1.806502e+01 -9.605715e-01 -1.174362e+01 -3.818126e-01 -4.661422e+00 -3.027212e+00 -6.207095e+00 -3.391579e+00 5.961216e+00 -3.732471e-01 4.619891e-03 7.340463e-01 -1.960825e-01 5.942271e-02 2.440743e-01 1.223647e-01 1.158116e-01 -2.956308e-01 3.637010e-01 8.408593e-02 3.923805e-02 4.718767e-01 -1.290688e-02
<VARIANCE> 25
 5.875350e+00 1.494295e+01 2.105440e+01 1.721558e+01 1.818600e+01 2.796807e+01 1.960770e+01 2.069236e+01 2.335462e+01 2.211050e+01 1.534011e+01 3.299419e+01 7.003362e-01 8.595198e-01 1.401934e+00 1.133025e+00 1.861413e+00 2.000088e+00 2.848367e+00 1.498067e+00 1.875177e+00 1.035116e+00 1.095580e+00 1.289765e+00 1.160178e-03
<GCONST> 7.799631e+01
<MIXTURE> 26 7.727677e-03
<MEAN> 25
 2.177742e+00 -5.971863e+00 -1.056170e+01 -8.489040e-01 7.875780e+00 5.093853e+00 4.021272e+00 -5.191569e-02 2.753398e+00 -3.184374e-01 -3.169576e+00 -1.170176e+00 -7.226583e-01 4.887426e-01 2.583798e-01 7.858267e-01 2.166373e-01 1.838113e-01 2.994790e-01 3.626733e-01 2.190121e-01 1.020969e-01 3.231006e-01 4.982133e-01 -5.015317e-02
<VARIANCE> 25
 2.376553e+01 3.649565e+01 2.553500e+01 5.998955e+01 3.688552e+01 4.257258e+01 4.350440e+01 4.336227e+01 4.012684e+01 5.720667e+01 3.894008e+01 4.643952e+01 1.637353e+00 2.205785e+00 2.042742e+00 2.099607e+00 2.225918e+00 2.317535e+00 2.412509e+00 2.641327e+00 2.519369e+00 2.237538e+00 2.086886e+00 2.028211e+00 3.212139e-03
<GCONST> 9.385120e+01
<MIXTURE> 27 7.727677e-03
<MEAN> 25
 2.177742e+00 -5.971863e+00 -1.056170e+01 -8.489040e-01 7.875780e+00 5.093853e+00 4.021272e+00 -5.191569e-02 2.753398e+00 -3.184374e-01 -3.169576e+00 -1.170176e+00 -7.226583e-01 4.887426e-01 2.583798e-01 7.858267e-01 2.166373e-01 1.838113e-01 2.994790e-01 3.626733e-01 2.190121e-01 1.020969e-01 3.231006e-01 4.982133e-01 -5.015317e-02
<VARIANCE> 25
 2.376553e+01 3.649565e+01 2.553500e+01 5.998955e+01 3.688552e+01 4.257258e+01 4.350440e+01 4.336227e+01 4.012684e+01 5.720667e+01 3.894008e+01 4.643952e+01 1.637353e+00 2.205785e+00 2.042742e+00 2.099607e+00 2.225918e+00 2.317535e+00 2.412509e+00 2.641327e+00 2.519369e+00 2.237538e+00 2.086886e+00 2.028211e+00 3.212139e-03
<GCONST> 9.385120e+01
<MIXTURE> 28 5.036674e-03
<MEAN> 25
 -5.339647e+00 3.699211e-01 -1.852656e+00 6.620950e+00 5.449513e+00 3.447932e+00 5.410744e+00 2.738227e+00 3.981818e+00 2.388730e+00 2.469095e+00 3.390366e+00 -1.231955e-01 2.258296e-01 4.909759e-01 7.641294e-01 8.269018e-01 6.931770e-01 5.079656e-01 3.857582e-01 4.389152e-01 4.781149e-01 3.685013e-01 1.731720e-01 -5.051167e-05
<VARIANCE> 25
 1.035004e+01 1.062432e+01 1.347599e+01 1.481664e+01 1.511282e+01 1.717135e+01 1.731692e+01 2.142768e+01 1.667529e+01 1.664653e+01 2.045771e+01 1.532074e+01 2.472104e-01 3.284524e-01 4.190592e-01 4.623036e-01 6.065659e-01 8.416274e-01 1.032642e+00 1.114862e+00 1.067205e+00 9.961934e-01 1.021849e+00 1.039298e+00 1.047427e-06
<GCONST> 6.046112e+01
<MIXTURE> 29 5.036674e-03
<MEAN> 25
 -5.339647e+00 3.699211e-01 -1.852656e+00 6.620950e+00 5.449513e+00 3.447932e+00 5.410744e+00 2.738227e+00 3.981818e+00 2.388730e+00 2.469095e+00 3.390366e+00 -1.231955e-01 2.258296e-01 4.909759e-01 7.641294e-01 8.269018e-01 6.931770e-01 5.079656e-01 3.857582e-01 4.389152e-01 4.781149e-01 3.685013e-01 1.731720e-01 -5.051167e-05
<VARIANCE> 25
 1.035004e+01 1.062432e+01 1.347599e+01 1.481664e+01 1.511282e+01 1.717135e+01 1.731692e+01 2.142768e+01 1.667529e+01 1.664653e+01 2.045771e+01 1.532074e+01 2.472104e-01 3.284524e-01 4.190592e-01 4.623036e-01 6.065659e-01 8.416274e-01 1.032642e+00 1.114862e+00 1.067205e+00 9.961934e-01 1.021849e+00 1.039298e+00 1.047427e-06
<GCONST> 6.046112e+01
<MIXTURE> 30 8.917812e-03
<MEAN> 25
 -4.357090e+00 1.460339e+00 -5.493904e-01 9.122519e+00 8.164491e+00 6.245049e+00 7.083524e+00 5.278685e+00 6.690071e+00 5.031360e+00 6.343264e+00 4.466036e+00 -4.551636e-02 1.883895e-02 8.701702e-02 9.439144e-02 6.541391e-02 1.899349e-01 9.977844e-02 6.702961e-02 2.333048e-02 4.521496e-02 -9.152510e-03 -8.374964e-02 -2.108394e-04
<VARIANCE> 25
 5.694029e+00 1.737795e+01 1.402999e+01 1.177921e+01 1.464016e+01 1.940932e+01 1.819375e+01 2.448132e+01 1.429535e+01 1.570502e+01 1.972909e+01 1.559998e+01 8.728844e-02 1.721452e-01 2.923406e-01 4.848876e-01 5.317117e-01 7.306052e-01 6.950638e-01 7.855425e-01 7.301242e-01 1.097073e+00 8.853754e-01 8.136383e-01 5.783984e-05
<GCONST> 6.053086e+01
<MIXTURE> 31 4.136493e-03
<MEAN> 25
 -3.311182e+00 -5.681379e+00 5.538718e-02 4.884317e+00 3.693182e+00 1.690151e+00 5.248657e+00 6.647669e+00 2.736731e+00 1.233158e+00 6.529677e+00 3.162749e+00 2.530855e-01 4.749970e-01 -2.116987e-01 3.086131e-01 1.202638e-01 4.244308e-01 1.910361e-01 1.484137e-02 3.790821e-01 3.812285e-01 1.061158e-01 1.155416e-01 -1.839298e-02
<VARIANCE> 25
 7.204553e+00 1.543085e+01 1.753934e+01 1.798951e+01 2.534318e+01 2.384955e+01 2.360911e+01 2.541133e+01 2.590841e+01 2.806982e+01 2.033472e+01 1.872181e+01 1.907251e-01 4.930006e-01 6.029083e-01 7.673283e-01 9.658709e-01 1.091570e+00 1.221110e+00 1.391074e+00 1.344117e+00 1.316064e+00 1.245806e+00 1.133147e+00 2.566034e-04
<GCONST> 7.183954e+01
<MIXTURE> 32 4.136493e-03
<MEAN> 25
 -3.311182e+00 -5.681379e+00 5.538718e-02 4.884317e+00 3.693182e+00 1.690151e+00 5.248657e+00 6.647669e+00 2.736731e+00 1.233158e+00 6.529677e+00 3.162749e+00 2.530855e-01 4.749970e-01 -2.116987e-01 3.086131e-01 1.202638e-01 4.244308e-01 1.910361e-01 1.484137e-02 3.790821e-01 3.812285e-01 1.061158e-01 1.155416e-01 -1.839298e-02
<VARIANCE> 25
 7.204553e+00 1.543085e+01 1.753934e+01 1.798951e+01 2.534318e+01 2.384955e+01 2.360911e+01 2.541133e+01 2.590841e+01 2.806982e+01 2.033472e+01 1.872181e+01 1.907251e-01 4.930006e-01 6.029083e-01 7.673283e-01 9.658709e-01 1.091570e+00 1.221110e+00 1.391074e+00 1.344117e+00 1.316064e+00 1.245806e+00 1.133147e+00 2.566034e-04
<GCONST> 7.183954e+01
<MIXTURE> 33 1.508826e-02
<MEAN> 25
 6.539795e+00 -5.545743e+00 -2.626460e+00 -4.652574e+00 -2.946052e+00 -4.392395e+00 -6.433431e+00 2.195147e+00 1.763647e+00 7.180539e-01 -4.948646e+00 -4.460491e+00 5.895873e-01 -1.333127e+00 -2.315799e+00 -1.969274e+00 1.578509e+00 1.730483e+00 -5.206856e-01 7.076398e-01 1.047914e+00 6.035457e-01 -6.237302e-01 -1.464894e+00 4.041594e-02
<VARIANCE> 25
 9.108114e+00 3.396963e+01 2.747325e+01 5.852845e+01 4.248458e+01 5.106437e+01 4.283112e+01 4.524387e+01 4.528248e+01 4.833405e+01 3.191726e+01 3.866594e+01 1.063466e+00 2.047524e+00 2.278011e+00 2.114398e+00 3.975990e+00 3.829051e+00 4.268596e+00 5.675495e+00 3.455333e+00 4.665858e+00 3.760256e+00 2.411786e+00 1.454633e-03
<GCONST> 9.583762e+01
<MIXTURE> 34 1.588179e-02
<MEAN> 25
 8.638500e+00 -3.045102e-01 -5.817425e-01 1.947093e-01 -2.382902e+00 -7.876475e-01 -5.282931e+00 -4.519842e+00 -1.784936e+00 -3.542511e-01 -2.868497e+00 -3.981268e+00 -7.129202e-02 1.588400e+00 1.270270e+00 2.246006e+00 8.339368e-02 -3.558113e-01 1.134578e+00 -1.695463e+00 -8.424660e-01 2.512858e-01 -5.017006e-01 4.928095e-01 -6.461862e-02
<VARIANCE> 25
 6.711411e+00 2.754146e+01 2.755106e+01 4.906494e+01 3.795831e+01 4.848113e+01 5.513593e+01 6.111354e+01 5.475256e+01 4.057998e+01 4.043821e+01 2.759720e+01 1.148383e+00 1.942654e+00 4.399162e+00 4.172909e+00 5.083970e+00 5.532617e+00 5.203382e+00 5.198378e+00 6.189684e+00 4.398024e+00 4.450974e+00 3.888379e+00 1.186422e-03
<GCONST> 9.850458e+01
<MIXTURE> 35 1.467755e-02
<MEAN> 25
 -1.843166e+00 -5.931186e+00 -1.159614e+01 -2.673852e-01 8.476833e+00 -9.521338e-01 4.217846e-01 3.905371e+00 1.517914e+00 5.903035e+00 -1.135455e+00 1.757830e+00 3.264231e-01 -1.846868e+00 -9.201248e-01 -1.102671e+00 -1.485250e-01 -8.110131e-01 -5.321233e-01 7.303908e-01 -9.152303e-01 2.475245e-01 -4.743375e-01 -4.441941e-01 1.078117e-01
<VARIANCE> 25
 1.526551e+01 3.652842e+01 3.868341e+01 4.830320e+01 3.552127e+01 4.865164e+01 4.215254e+01 4.603064e+01 4.086444e+01 3.287003e+01 3.129158e+01 2.988636e+01 3.025263e+00 4.584079e+00 8.274494e+00 4.406998e+00 5.019783e+00 4.227190e+00 3.822164e+00 6.207417e+00 5.136445e+00 3.899234e+00 3.487091e+00 3.296434e+00 4.269621e-03
<GCONST> 1.013028e+02
<MIXTURE> 36 1.093293e-02
<MEAN> 25
 4.576025e+00 -6.176589e+00 8.554233e+00 2.812393e+00 -1.292870e+01 -1.010796e+01 -9.683644e+00 3.868021e+00 -2.826019e+00 -6.749776e+00 2.376506e+00 -1.015459e+00 3.263285e-01 1.723868e-01 -7.560977e-01 1.700053e-01 1.047413e+00 7.252325e-01 -6.346036e-01 -2.033303e-01 9.523086e-02 8.605211e-01 -2.183839e-01 -6.994290e-01 -1.849873e-02
<VARIANCE> 25
 6.740081e+00 2.097525e+01 1.709608e+01 1.842511e+01 3.277436e+01 3.377282e+01 4.817574e+01 2.739190e+01 2.673789e+01 2.956961e+01 1.852131e+01 2.294320e+01 4.116885e-01 9.648206e-01 1.162608e+00 8.800775e-01 1.767516e+00 1.955087e+00 1.867249e+00 2.107259e+00 1.479761e+00 1.415974e+00 1.066762e+00 1.488413e+00 7.837423e-04
<GCONST> 7.933017e+01
<MIXTURE> 37 1.246826e-02
<MEAN> 25
 5.777723e-01 7.589348e+00 1.305752e+01 -4.416720e+00 -7.985631e+00 -5.996450e-01 -3.969107e+00 -7.209327e+00 -2.910529e+00 -6.820893e-01 -1.912295e+00 -3.937170e-01 -1.867440e-01 7.035403e-01 -1.472876e+00 3.364687e+00 2.164443e+00 -6.979125e-01 1.236884e+00 3.011023e-01 6.964945e-01 -8.842116e-02 2.316911e-01 1.762137e-01 -8.417585e-02
<VARIANCE> 25
 1.376199e+01 2.210620e+01 3.267532e+01 4.697426e+01 2.981133e+01 2.881560e+01 4.152930e+01 3.526770e+01 3.474634e+01 3.115310e+01 4.274676e+01 2.986897e+01 2.997295e+00 2.838159e+00 2.852559e+00 3.616176e+00 4.004303e+00 4.238532e+00 3.770596e+00 3.232113e+00 3.185771e+00 3.375944e+00 3.662634e+00 2.896594e+00 3.919378e-03
<GCONST> 9.618689e+01
<MIXTURE> 38 1.154525e-02
<MEAN> 25
 -4.494685e+00 8.807858e+00 6.112702e+00 3.556321e+00 6.093613e-01 -5.168862e+00 3.710775e-01 -2.309751e+00 -2.525111e+00 -2.033817e+00 -7.047406e-01 -3.342881e-02 -4.314730e+00 9.253840e-01 -4.936989e-01 1.329633e+00 2.699602e+00 1.297491e+00 1.669942e+00 1.222809e+00 5.649139e-01 5.347548e-01 8.330817e-01 4.865697e-02 4.554606e-02
<VARIANCE> 25
 2.785942e+01 2.602595e+01 4.770406e+01 2.979777e+01 4.467287e+01 3.163557e+01 3.820307e+01 3.877451e+01 3.207917e+01 3.555262e+01 2.485934e+01 2.778303e+01 2.296806e+00 4.241364e+00 3.600151e+00 4.651379e+00 3.850980e+00 5.082059e+00 5.272892e+00 4.683581e+00 4.227698e+00 4.441616e+00 4.002345e+00 3.547258e+00 1.892634e-03
<GCONST> 9.851502e+01
<MIXTURE> 39 9.501865e-03
<MEAN> 25
 1.364948e+00 2.503830e+00 1.032553e+01 -9.099797e+00 -1.128190e+01 -8.970736e-01 -2.876498e+00 -6.446963e+00 -4.485235e+00 8.436123e-01 -3.479198e+00 -2.213670e+00 -7.064024e-01 1.511175e+00 1.613431e+00 -1.330969e+00 5.416813e-02 1.214206e+00 -1.237060e+00 -1.275035e+00 4.272030e-01 4.254160e-01 -4.896331e-01 1.552167e-01 7.544518e-04
<VARIANCE> 25
 8.792745e+00 3.024096e+01 3.175828e+01 3.844230e+01 3.657061e+01 4.251846e+01 4.423322e+01 3.390204e+01 3.887915e+01 3.270504e+01 3.790938e+01 2.940300e+01 7.118418e-01 1.531125e+00 1.504811e+00 3.098041e+00 2.420192e+00 2.785392e+00 3.108624e+00 2.735693e+00 2.403564e+00 2.599623e+00 2.108216e+00 2.092208e+00 1.187908e-03
<GCONST> 8.971895e+01
<MIXTURE> 40 1.030800e-02
<MEAN> 25
 -7.948822e+00 3.764266e+00 -2.459320e+00 7.408236e+00 5.466124e+00 4.900175e+00 5.473708e+00 2.375040e+00 4.972047e+00 3.529534e+00 4.267944e+00 3.232174e+00 -6.502558e-02 -1.227799e-01 -5.707444e-02 -2.891045e-01 -1.918574e-01 3.315203e-02 1.134401e-01 8.368750e-02 -2.379000e-02 -1.519877e-01 1.923918e-02 -7.586344e-02 2.287708e-03
<VARIANCE> 25
 3.768855e+01 2.378687e+01 3.308759e+01 2.196024e+01 2.814242e+01 1.610228e+01 1.659369e+01 2.638646e+01 1.409838e+01 1.772291e+01 1.782089e+01 1.731687e+01 5.708413e-01 5.985970e-01 7.276453e-01 9.238771e-01 9.419441e-01 1.111051e+00 1.089638e+00 1.241433e+00 1.077336e+00 1.342456e+00 1.105969e+00 9.737046e-01 6.146718e-04
<GCONST> 7.471021e+01
<MIXTURE> 41 6.713375e-03
<MEAN> 25
 1.289393e+00 1.099931e+00 1.107935e+01 -6.781174e+00 -1.073455e+01 -3.686801e+00 -2.632579e+00 -4.086925e+00 -5.232275e+00 2.328516e+00 -1.237219e+00 -1.765347e+00 2.347710e-01 -8.190694e-01 2.157392e+00 -3.494056e+00 -2.761301e+00 -1.383155e-01 -5.921823e-01 -2.519625e-01 -1.096132e+00 8.727573e-01 -8.220406e-01 -2.980247e-01 9.120833e-02
<VARIANCE> 25
 1.141041e+01 3.249944e+01 4.730894e+01 3.857027e+01 3.532100e+01 3.893371e+01 3.618668e+01 3.709322e+01 3.343442e+01 2.707234e+01 3.140476e+01 2.912957e+01 3.030004e+00 2.994069e+00 5.552258e+00 4.019553e+00 5.096369e+00 6.038080e+00 5.277058e+00 4.189960e+00 4.232703e+00 4.452970e+00 3.853654e+00 4.106410e+00 2.983241e-03
<GCONST> 9.914362e+01
<MIXTURE> 42 1.106211e-02
<MEAN> 25
 -2.216323e+00 3.957163e+00 5.140876e+00 3.199433e+00 -2.559001e-01 -6.012567e+00 -9.471771e-01 -1.584170e+00 -1.997734e+00 -1.782234e+00 -1.900321e+00 1.028186e+00 4.072365e+00 -5.165078e-01 1.830734e+00 6.667423e-02 -3.222813e+00 -1.336966e+00 -2.379830e+00 -8.548958e-01 -1.021309e+00 -8.948854e-01 4.790810e-01 -1.166066e+00 1.917709e-02
<VARIANCE> 25
 3.367950e+01 2.253671e+01 5.008735e+01 2.523533e+01 3.855146e+01 4.336507e+01 3.523186e+01 2.788471e+01 2.906704e+01 3.214439e+01 2.298892e+01 1.788981e+01 3.603575e+00 4.696541e+00 8.085637e+00 4.572696e+00 4.888776e+00 6.040916e+00 4.888898e+00 5.187055e+00 5.328649e+00 4.742218e+00 4.062423e+00 3.605265e+00 5.344429e-03
<GCONST> 1.006314e+02
<MIXTURE> 43 7.108249e-03
<MEAN> 25
 3.187891e+00 -6.312554e+00 -2.232674e+00 -5.199419e+00 -7.376630e+00 -3.382204e+00 4.139074e+00 1.329762e+00 -5.058703e+00 -7.063614e+00 -4.303533e+00 -1.262214e+00 2.357284e-01 2.161836e+00 1.911759e+00 -1.206284e-01 -1.421646e+00 -7.931503e-01 -9.658706e-01 -7.797891e-01 8.128269e-01 1.458350e+00 3.465809e-01 2.766171e-02 -4.508896e-02
<VARIANCE> 25
 9.641845e+00 1.992340e+01 2.739935e+01 3.511063e+01 3.833810e+01 3.681415e+01 3.312137e+01 4.101500e+01 3.969819e+01 3.867465e+01 2.655356e+01 2.947987e+01 6.895201e-01 1.245397e+00 1.568212e+00 2.515331e+00 2.378589e+00 2.388793e+00 2.676264e+00 3.014806e+00 2.615829e+00 2.603609e+00 2.324067e+00 1.923427e+00 9.399076e-04
<GCONST> 8.803122e+01
<MIXTURE> 44 7.328289e-03
<MEAN> 25
 -1.525303e+01 3.299441e-01 5.396694e+00 -1.169882e+00 1.755766e+00 1.774276e+00 7.005504e-01 5.148233e+00 8.356931e-01 -3.051389e+00 2.816505e+00 2.144326e+00 -8.572297e-02 -1.016466e-01 4.086765e-02 2.579505e-01 -3.640044e-01 -1.909822e-01 3.352347e-01 -2.808709e-02 1.861180e-01 -1.395979e-01 -1.313838e-01 1.470150e-01 1.888772e-04
<VARIANCE> 25
 2.697332e+01 2.057403e+01 2.841331e+01 2.567553e+01 2.528746e+01 2.214296e+01 1.827263e+01 3.285148e+01 2.170604e+01 2.843158e+01 2.063432e+01 1.574387e+01 1.187985e+00 1.412982e+00 1.158531e+00 1.071376e+00 1.680260e+00 1.559856e+00 1.312569e+00 1.469826e+00 1.495934e+00 1.416741e+00 1.444814e+00 8.622446e-01 9.014021e-04
<GCONST> 8.010599e+01
<MIXTURE> 45 1.364932e-02
<MEAN> 25
 -1.232050e+01 3.420090e+00 -9.452339e-01 2.943551e+00 5.742090e+00 2.325690e-01 4.656644e+00 2.965311e+00 3.285201e+00 2.255788e+00 2.415061e+00 2.553737e+00 -2.903847e+00 5.005126e-01 -4.833586e-01 -5.154774e-01 1.910484e-01 2.773565e-02 4.516469e-01 1.044510e-01 -6.153291e-02 -1.113548e-01 2.235527e-01 7.133023e-02 1.159419e-01
<VARIANCE> 25
 3.366063e+01 3.001399e+01 3.562061e+01 3.411739e+01 3.108410e+01 2.932387e+01 2.976639e+01 2.839160e+01 2.425003e+01 2.315385e+01 2.725586e+01 1.647042e+01 2.413988e+00 3.251752e+00 2.944791e+00 2.624907e+00 2.588070e+00 2.685389e+00 2.268918e+00 2.296300e+00 2.194308e+00 2.154045e+00 1.957565e+00 1.658567e+00 4.232936e-03
<GCONST> 9.092053e+01
<MIXTURE> 46 9.336259e-03
<MEAN> 25
 -9.465585e+00 2.311315e+00 1.428897e+00 7.523888e+00 5.920225e+00 3.350997e+00 6.914227e+00 4.575213e+00 5.635236e+00 4.671544e+00 5.019419e+00 2.855968e+00 9.806243e-01 -2.858444e-01 1.043166e-02 9.812586e-01 6.060175e-01 9.495226e-01 3.823761e-01 6.922146e-01 4.752512e-01 4.586022e-01 6.046214e-01 5.093417e-01 -1.025414e-01
<VARIANCE> 25
 3.400330e+01 4.323212e+01 4.120391e+01 4.884304e+01 5.030338e+01 4.058881e+01 3.777620e+01 3.631166e+01 3.262687e+01 3.037445e+01 2.762654e+01 2.090476e+01 4.083886e+00 4.177464e+00 3.881070e+00 4.070139e+00 4.182912e+00 3.689199e+00 3.312599e+00 3.080108e+00 2.975185e+00 2.940591e+00 2.314145e+00 1.774749e+00 8.151376e-03
<GCONST> 9.837770e+01
<MIXTURE> 47 7.116147e-03
<MEAN> 25
 7.117479e+00 -9.230502e+00 -7.539218e+00 -8.656032e+00 3.812888e-01 1.468450e+00 -1.715963e+00 2.655571e+00 2.354062e+00 1.129756e+00 -5.065327e+00 -8.512644e+00 -1.296319e-01 -1.189398e+00 -7.498099e-01 -4.421693e-01 1.111169e+00 1.168194e+00 7.024758e-01 3.741372e-01 4.933358e-01 -9.464200e-01 -6.275385e-01 -6.231154e-01 2.816096e-02
<VARIANCE> 25
 9.414847e+00 2.797976e+01 1.748653e+01 4.723560e+01 3.624698e+01 6.219395e+01 4.075537e+01 4.397623e+01 4.031329e+01 4.797864e+01 4.321362e+01 4.216127e+01 4.306700e-01 8.125248e-01 1.366749e+00 1.533851e+00 2.574654e+00 2.922535e+00 2.135924e+00 3.172660e+00 2.997913e+00 2.342705e+00 2.351806e+00 1.940562e+00 5.954163e-04
<GCONST> 8.818718e+01
<MIXTURE> 48 7.116147e-03
<MEAN> 25
 7.117479e+00 -9.230502e+00 -7.539218e+00 -8.656032e+00 3.812888e-01 1.468450e+00 -1.715963e+00 2.655571e+00 2.354062e+00 1.129756e+00 -5.065327e+00 -8.512644e+00 -1.296319e-01 -1.189398e+00 -7.498099e-01 -4.421693e-01 1.111169e+00 1.168194e+00 7.024758e-01 3.741372e-01 4.933358e-01 -9.464200e-01 -6.275385e-01 -6.231154e-01 2.816096e-02
<VARIANCE> 25
 9.414847e+00 2.797976e+01 1.748653e+01 4.723560e+01 3.624698e+01 6.219395e+01 4.075537e+01 4.397623e+01 4.031329e+01 4.797864e+01 4.321362e+01 4.216127e+01 4.306700e-01 8.125248e-01 1.366749e+00 1.533851e+00 2.574654e+00 2.922535e+00 2.135924e+00 3.172660e+00 2.997913e+00 2.342705e+00 2.351806e+00 1.940562e+00 5.954163e-04
<GCONST> 8.818718e+01
<MIXTURE> 49 5.548473e-03
<MEAN> 25
 -4.728251e+00 1.424487e+00 -6.286387e-01 8.137855e+00 6.305491e+00 5.364620e+00 6.009369e+00 3.615534e+00 5.227892e+00 3.114713e+00 4.112107e+00 3.062005e+00 3.917750e-01 6.553470e-01 6.944990e-01 3.752700e-01 -2.311944e-01 -7.103648e-01 -1.018372e+00 -1.106695e+00 -9.176610e-01 -6.776286e-01 -4.936241e-01 -2.369160e-01 8.146912e-04
<VARIANCE> 25
 9.483511e+00 1.687295e+01 1.770527e+01 1.538860e+01 1.450709e+01 1.591298e+01 1.781435e+01 2.285126e+01 1.694872e+01 1.874070e+01 2.316867e+01 1.299232e+01 2.579745e-01 2.385205e-01 3.530171e-01 5.704749e-01 8.184314e-01 8.999054e-01 9.210258e-01 1.058244e+00 1.186194e+00 1.185966e+00 1.218956e+00 1.122039e+00 1.841434e-05
<GCONST> 6.457838e+01
<MIXTURE> 50 6.234641e-03
<MEAN> 25
 -4.203184e+00 2.565597e+00 -2.657269e+00 5.992350e+00 5.321582e+00 2.113368e+00 3.766010e+00 -2.242288e-02 2.814160e+00 1.037796e+00 1.421936e+00 4.029089e+00 3.970621e-02 1.127504e-01 -9.638153e-03 -1.552463e-01 -3.682250e-01 -4.962605e-01 -2.708365e-01 7.863503e-03 4.215743e-01 7.396442e-01 7.431393e-01 4.636877e-01 -1.622145e-04
<VARIANCE> 25
 1.239100e+01 2.397653e+01 1.786728e+01 1.243840e+01 1.647069e+01 1.537803e+01 1.488604e+01 2.995028e+01 1.691266e+01 1.820325e+01 1.789660e+01 1.576489e+01 1.224338e-01 1.935964e-01 3.121349e-01 4.488464e-01 5.528784e-01 7.602650e-01 1.030810e+00 1.142237e+00 1.209455e+00 8.490093e-01 9.092396e-01 8.246694e-01 1.013608e-06
<GCONST> 5.957691e+01
<MIXTURE> 51 6.234641e-03
<MEAN> 25
 -4.203184e+00 2.565597e+00 -2.657269e+00 5.992350e+00 5.321582e+00 2.113368e+00 3.766010e+00 -2.242288e-02 2.814160e+00 1.037796e+00 1.421936e+00 4.029089e+00 3.970621e-02 1.127504e-01 -9.638153e-03 -1.552463e-01 -3.682250e-01 -4.962605e-01 -2.708365e-01 7.863503e-03 4.215743e-01 7.396442e-01 7.431393e-01 4.636877e-01 -1.622145e-04
<VARIANCE> 25
 1.239100e+01 2.397653e+01 1.786728e+01 1.243840e+01 1.647069e+01 1.537803e+01 1.488604e+01 2.995028e+01 1.691266e+01 1.820325e+01 1.789660e+01 1.576489e+01 1.224338e-01 1.935964e-01 3.121349e-01 4.488464e-01 5.528784e-01 7.602650e-01 1.030810e+00 1.142237e+00 1.209455e+00 8.490093e-01 9.092396e-01 8.246694e-01 1.013608e-06
<GCONST> 5.957691e+01
<MIXTURE> 52 6.367945e-03
<MEAN> 25
 1.008351e+01 2.017266e+00 -6.129580e+00 -1.414315e+01 -4.194145e+00 8.494884e+00 -2.631063e+00 -3.187397e+00 -4.510427e+00 -2.134120e+00 3.261223e+00 6.364036e-01 -3.761886e-01 -4.491584e-01 -6.581876e-02 1.155914e+00 1.324370e+00 -4.940722e-01 -5.874180e-01 -6.501712e-01 3.189894e-02 1.239826e+00 4.039531e-01 -5.229220e-01 -1.392183e-02
<VARIANCE> 25
 9.233539e+00 2.025425e+01 2.520367e+01 3.926241e+01 4.504697e+01 3.043514e+01 4.666459e+01 4.910218e+01 4.297160e+01 4.529252e+01 3.984523e+01 3.032447e+01 4.476422e-01 1.513813e+00 1.292969e+00 2.727596e+00 2.305633e+00 2.190099e+00 2.971810e+00 2.771713e+00 2.968678e+00 2.636811e+00 2.496058e+00 2.275293e+00 1.521684e-03
<GCONST> 8.961196e+01
<MIXTURE> 53 6.367945e-03
<MEAN> 25
 1.008351e+01 2.017266e+00 -6.129580e+00 -1.414315e+01 -4.194145e+00 8.494884e+00 -2.631063e+00 -3.187397e+00 -4.510427e+00 -2.134120e+00 3.261223e+00 6.364036e-01 -3.761886e-01 -4.491584e-01 -6.581876e-02 1.155914e+00 1.324370e+00 -4.940722e-01 -5.874180e-01 -6.501712e-01 3.189894e-02 1.239826e+00 4.039531e-01 -5.229220e-01 -1.392183e-02
<VARIANCE> 25
 9.233539e+00 2.025425e+01 2.520367e+01 3.926241e+01 4.504697e+01 3.043514e+01 4.666459e+01 4.910218e+01 4.297160e+01 4.529252e+01 3.984523e+01 3.032447e+01 4.476422e-01 1.513813e+00 1.292969e+00 2.727596e+00 2.305633e+00 2.190099e+00 2.971810e+00 2.771713e+00 2.968678e+00 2.636811e+00 2.496058e+00 2.275293e+00 1.521684e-03
<GCONST> 8.961196e+01
<MIXTURE> 54 7.368620e-03
<MEAN> 25
 -3.617421e+00 2.361383e-01 -8.390682e-01 7.987465e+00 6.549417e+00 4.597001e+00 4.656453e+00 4.408248e+00 4.110818e+00 3.555635e+00 4.327321e+00 2.432908e+00 -4.523421e-03 2.504478e-02 2.878070e-02 5.284722e-02 5.246835e-02 5.577569e-02 3.624249e-02 3.257466e-02 2.753310e-02 4.360135e-02 2.926227e-02 8.926805e-04 -1.708265e-05
<VARIANCE> 25
 8.967020e+00 1.176862e+01 1.023412e+01 1.811297e+01 1.325155e+01 1.344084e+01 1.184414e+01 1.274415e+01 1.128486e+01 1.355618e+01 1.824402e+01 1.294343e+01 4.063454e-02 8.656529e-02 1.532881e-01 2.270500e-01 3.089774e-01 4.007528e-01 4.597528e-01 5.248184e-01 5.424116e-01 5.293297e-01 5.187596e-01 5.066382e-01 9.953189e-07
<GCONST> 4.759929e+01
<MIXTURE> 55 7.368620e-03
<MEAN> 25
 -3.617421e+00 2.361383e-01 -8.390682e-01 7.987465e+00 6.549417e+00 4.597001e+00 4.656453e+00 4.408248e+00 4.110818e+00 3.555635e+00 4.327321e+00 2.432908e+00 -4.523421e-03 2.504478e-02 2.878070e-02 5.284722e-02 5.246835e-02 5.577569e-02 3.624249e-02 3.257466e-02 2.753310e-02 4.360135e-02 2.926227e-02 8.926805e-04 -1.708265e-05
<VARIANCE> 25
 8.967020e+00 1.176862e+01 1.023412e+01 1.811297e+01 1.325155e+01 1.344084e+01 1.184414e+01 1.274415e+01 1.128486e+01 1.355618e+01 1.824402e+01 1.294343e+01 4.063454e-02 8.656529e-02 1.532881e-01 2.270500e-01 3.089774e-01 4.007528e-01 4.597528e-01 5.248184e-01 5.424116e-01 5.293297e-01 5.187596e-01 5.066382e-01 9.953189e-07
<GCONST> 4.759929e+01
<MIXTURE> 56 6.132464e-03
<MEAN> 25
 7.536680e+00 -6.833116e+00 -9.141596e+00 -8.743351e+00 3.925921e+00 4.031192e+00 -2.161768e+00 -1.444942e+00 1.946604e+00 6.268023e-01 -2.563555e+00 -7.266878e+00 -6.407704e-03 3.294090e-02 -9.135054e-02 3.043819e-02 2.756564e-01 7.902675e-02 1.071451e-01 -1.486872e-01 -3.214855e-02 -3.609136e-02 -7.417727e-02 1.312316e-02 -7.112546e-03
<VARIANCE> 25
 9.289722e+00 2.387296e+01 1.996336e+01 4.172664e+01 3.298410e+01 5.145547e+01 6.145912e+01 3.728875e+01 3.920741e+01 3.739520e+01 4.055752e+01 3.260439e+01 2.054456e-01 4.360054e-01 4.556585e-01 7.767844e-01 8.299755e-01 1.165380e+00 9.165615e-01 9.250919e-01 9.416006e-01 9.259527e-01 1.034642e+00 7.905183e-01 2.378782e-04
<GCONST> 7.539355e+01
<MIXTURE> 57 6.132464e-03
<MEAN> 25
 7.536680e+00 -6.833116e+00 -9.141596e+00 -8.743351e+00 3.925921e+00 4.031192e+00 -2.161768e+00 -1.444942e+00 1.946604e+00 6.268023e-01 -2.563555e+00 -7.266878e+00 -6.407704e-03 3.294090e-02 -9.135054e-02 3.043819e-02 2.756564e-01 7.902675e-02 1.071451e-01 -1.486872e-01 -3.214855e-02 -3.609136e-02 -7.417727e-02 1.312316e-02 -7.112546e-03
<VARIANCE> 25
 9.289722e+00 2.387296e+01 1.996336e+01 4.172664e+01 3.298410e+01 5.145547e+01 6.145912e+01 3.728875e+01 3.920741e+01 3.739520e+01 4.055752e+01 3.260439e+01 2.054456e-01 4.360054e-01 4.556585e-01 7.767844e-01 8.299755e-01 1.165380e+00 9.165615e-01 9.250919e-01 9.416006e-01 9.259527e-01 1.034642e+00 7.905183e-01 2.378782e-04
<GCONST> 7.539355e+01
<MIXTURE> 58 6.172147e-03
<MEAN> 25
 2.588551e+00 -3.080960e+00 7.456778e+00 -5.220523e+00 -1.346167e+01 -5.538020e+00 1.620370e+00 7.871911e-01 -2.398118e+00 1.792377e+00 6.059014e-01 -7.638000e-01 -3.150501e-02 -1.265242e-01 -7.058027e-02 -1.606717e-01 -2.506324e-02 2.249684e-01 3.544695e-01 2.027623e-01 1.939814e-02 1.530092e-02 -6.882733e-02 -1.275420e-01 -3.113701e-03
<VARIANCE> 25
 7.304690e+00 1.499894e+01 2.056917e+01 2.718907e+01 2.297336e+01 4.649936e+01 3.258690e+01 3.469093e+01 3.196883e+01 3.123208e+01 2.297236e+01 2.056280e+01 3.063919e-01 8.051802e-01 7.441725e-01 1.022316e+00 8.816237e-01 1.206207e+00 1.188663e+00 1.325665e+00 1.064143e+00 1.053184e+00 9.155629e-01 8.885461e-01 7.236255e-04
<GCONST> 7.555778e+01
<MIXTURE> 59 6.172147e-03
<MEAN> 25
 2.588551e+00 -3.080960e+00 7.456778e+00 -5.220523e+00 -1.346167e+01 -5.538020e+00 1.620370e+00 7.871911e-01 -2.398118e+00 1.792377e+00 6.059014e-01 -7.638000e-01 -3.150501e-02 -1.265242e-01 -7.058027e-02 -1.606717e-01 -2.506324e-02 2.249684e-01 3.544695e-01 2.027623e-01 1.939814e-02 1.530092e-02 -6.882733e-02 -1.275420e-01 -3.113701e-03
<VARIANCE> 25
 7.304690e+00 1.499894e+01 2.056917e+01 2.718907e+01 2.297336e+01 4.649936e+01 3.258690e+01 3.469093e+01 3.196883e+01 3.123208e+01 2.297236e+01 2.056280e+01 3.063919e-01 8.051802e-01 7.441725e-01 1.022316e+00 8.816237e-01 1.206207e+00 1.188663e+00 1.325665e+00 1.064143e+00 1.053184e+00 9.155629e-01 8.885461e-01 7.236255e-04
<GCONST> 7.555778e+01
<MIXTURE> 60 4.479129e-03
<MEAN> 25
 -4.269608e+00 -6.545464e-01 -1.086498e+00 3.698040e+00 1.739158e+00 2.117458e+00 1.638427e+00 1.527543e+00 2.158170e+00 1.257631e+00 2.380546e+00 1.918212e+00 -2.807600e-02 5.626601e-02 1.013320e-01 1.302472e-01 1.291938e-01 1.282176e-01 1.792880e-01 3.232637e-01 5.456826e-01 6.627266e-01 5.569446e-01 3.040479e-01 -3.819740e-04
<VARIANCE> 25
 6.999982e+00 4.616966e+00 1.034658e+01 1.129468e+01 1.364441e+01 1.697706e+01 1.397529e+01 1.192915e+01 1.273815e+01 1.325317e+01 1.594577e+01 1.227935e+01 8.692220e-02 1.682243e-01 2.796809e-01 4.313442e-01 5.856186e-01 7.275963e-01 8.274102e-01 8.978313e-01 9.017264e-01 8.366876e-01 8.388361e-01 8.624337e-01 2.298931e-05
<GCONST> 5.637453e+01
<MIXTURE> 61 4.479129e-03
<MEAN> 25
 -4.269608e+00 -6.545464e-01 -1.086498e+00 3.698040e+00 1.739158e+00 2.117458e+00 1.638427e+00 1.527543e+00 2.158170e+00 1.257631e+00 2.380546e+00 1.918212e+00 -2.807600e-02 5.626601e-02 1.013320e-01 1.302472e-01 1.291938e-01 1.282176e-01 1.792880e-01 3.232637e-01 5.456826e-01 6.627266e-01 5.569446e-01 3.040479e-01 -3.819740e-04
<VARIANCE> 25
 6.999982e+00 4.616966e+00 1.034658e+01 1.129468e+01 1.364441e+01 1.697706e+01 1.397529e+01 1.192915e+01 1.273815e+01 1.325317e+01 1.594577e+01 1.227935e+01 8.692220e-02 1.682243e-01 2.796809e-01 4.313442e-01 5.856186e-01 7.275963e-01 8.274102e-01 8.978313e-01 9.017264e-01 8.366876e-01 8.388361e-01 8.624337e-01 2.298931e-05
<GCONST> 5.637453e+01
<MIXTURE> 62 3.278034e-03
<MEAN> 25
 -5.067371e+00 1.392466e+00 9.213144e-01 8.792923e+00 6.154225e+00 5.007481e+00 5.475503e+00 3.862899e+00 5.076766e+00 3.925923e+00 4.844336e+00 3.063586e+00 -9.900817e-01 -1.154964e+00 -9.509570e-01 -2.906211e-01 4.222911e-01 9.800469e-01 1.376124e+00 1.539665e+00 1.488665e+00 1.247528e+00 1.047446e+00 7.174858e-01 -1.308309e-03
<VARIANCE> 25
 9.739809e+00 1.104957e+01 1.350860e+01 1.647983e+01 1.714844e+01 1.732337e+01 1.939412e+01 2.041747e+01 1.902298e+01 1.842044e+01 2.207232e+01 1.523609e+01 4.043604e-01 4.325570e-01 5.458970e-01 7.774587e-01 1.019585e+00 1.208174e+00 1.234938e+00 1.265841e+00 1.316781e+00 1.345051e+00 1.397404e+00 1.352072e+00 1.615806e-05
<GCONST> 6.761293e+01
<MIXTURE> 63 4.351215e-03
<MEAN> 25
 -3.653545e+00 8.631740e-01 -5.537538e+00 3.807750e+00 5.252518e+00 4.506660e-01 2.648521e+00 -1.161940e+00 2.872337e+00 -5.045203e-01 -1.554854e+00 3.518539e+00 -6.244702e-02 3.037835e-01 3.012349e-01 4.132370e-01 4.202113e-01 3.385565e-01 3.089699e-01 2.082784e-01 2.969482e-01 1.625437e-01 1.351639e-01 1.063866e-01 -2.881902e-03
<VARIANCE> 25
 7.136679e+00 2.877681e+01 1.368710e+01 1.455483e+01 1.999450e+01 2.158020e+01 1.921672e+01 3.069748e+01 2.103485e+01 1.730065e+01 1.616603e+01 1.473980e+01 2.368279e-01 3.969721e-01 6.854056e-01 6.737664e-01 8.317336e-01 9.850521e-01 1.117790e+00 1.095297e+00 1.360989e+00 1.237585e+00 1.178535e+00 1.045598e+00 1.475602e-04
<GCONST> 6.915881e+01
<MIXTURE> 64 4.351215e-03
<MEAN> 25
 -3.653545e+00 8.631740e-01 -5.537538e+00 3.807750e+00 5.252518e+00 4.506660e-01 2.648521e+00 -1.161940e+00 2.872337e+00 -5.045203e-01 -1.554854e+00 3.518539e+00 -6.244702e-02 3.037835e-01 3.012349e-01 4.132370e-01 4.202113e-01 3.385565e-01 3.089699e-01 2.082784e-01 2.969482e-01 1.625437e-01 1.351639e-01 1.063866e-01 -2.881902e-03
<VARIANCE> 25
 7.136679e+00 2.877681e+01 1.368710e+01 1.455483e+01 1.999450e+01 2.158020e+01 1.921672e+01 3.069748e+01 2.103485e+01 1.730065e+01 1.616603e+01 1.473980e+01 2.368279e-01 3.969721e-01 6.854056e-01 6.737664e-01 8.317336e-01 9.850521e-01 1.117790e+00 1.095297e+00 1.360989e+00 1.237585e+00 1.178535e+00 1.045598e+00 1.475602e-04
<GCONST> 6.915881e+01
<MIXTURE> 65 1.721197e-02
<MEAN> 25
 7.973406e+00 2.244237e+00 1.432792e+00 6.495885e-01 -4.828530e+00 -3.697414e+00 -4.980405e+00 -7.499017e+00 -4.486408e+00 -2.434483e+00 -4.962506e+00 -1.807196e+00 1.299356e-01 1.652452e-01 -1.673130e-02 2.523176e-01 -1.874095e-01 6.268578e-02 -1.006929e-01 -1.592313e-01 1.634155e-01 1.319588e-02 6.016187e-02 -7.273139e-02 -5.024531e-03
<VARIANCE> 25
 8.973704e+00 1.752547e+01 2.446429e+01 3.458095e+01 3.568401e+01 5.588005e+01 5.879536e+01 5.691811e+01 5.440988e+01 5.118547e+01 5.165148e+01 4.673558e+01 5.362965e-01 1.031240e+00 1.452549e+00 2.088977e+00 1.928788e+00 2.199239e+00 2.314378e+00 3.079132e+00 2.230757e+00 2.262670e+00 2.219195e+00 2.137358e+00 4.139502e-04
<GCONST> 8.849231e+01
<MIXTURE> 66 1.191532e-02
<MEAN> 25
 6.939354e+00 -6.007563e+00 -5.585520e+00 -8.066278e+00 4.982861e-01 -2.760339e+00 -5.949646e+00 2.220827e+00 1.233624e-01 6.390156e-01 -5.603917e+00 -5.562544e+00 2.242457e-02 2.178095e+00 1.913827e+00 2.460631e+00 -9.364465e-01 -1.420984e+00 -3.898492e-02 -1.350761e+00 -4.843640e-01 -4.814511e-01 1.890719e-01 1.776464e+00 -7.349031e-02
<VARIANCE> 25
 6.215682e+00 2.980076e+01 2.321243e+01 4.657557e+01 2.867958e+01 7.945562e+01 4.343645e+01 6.912507e+01 4.172784e+01 8.309714e+01 2.836084e+01 4.326707e+01 9.587831e-01 2.197591e+00 1.956880e+00 1.978356e+00 3.218128e+00 4.171899e+00 4.229371e+00 4.460101e+00 4.418561e+00 4.081069e+00 3.002384e+00 3.288732e+00 1.235148e-03
<GCONST> 9.527529e+01
<MIXTURE> 67 1.559142e-02
<MEAN> 25
 8.558561e+00 7.254904e-01 -6.315120e+00 -8.210546e+00 9.053916e-01 2.758340e+00 -3.717271e+00 -2.302712e+00 -2.174818e+00 1.632498e+00 -1.310708e+00 -3.495311e+00 -9.275555e-01 2.152081e+00 5.617031e-01 2.792111e+00 1.330439e+00 -3.341027e-01 1.545913e+00 -4.352068e-01 5.427412e-01 -1.463989e-01 -3.062900e-01 1.038157e+00 -1.224887e-01
<VARIANCE> 25
 8.916340e+00 3.975637e+01 2.472386e+01 5.269051e+01 4.009599e+01 5.974146e+01 4.863866e+01 4.193792e+01 5.811913e+01 5.363969e+01 4.439343e+01 4.534723e+01 1.854682e+00 3.017838e+00 3.807912e+00 3.993486e+00 4.088234e+00 4.368639e+00 3.845153e+00 5.261243e+00 6.975530e+00 4.128032e+00 4.337977e+00 3.935814e+00 2.420989e-03
<GCONST> 1.005518e+02
<MIXTURE> 68 1.485092e-02
<MEAN> 25
 -2.166641e+00 -2.476355e+00 -4.948983e+00 1.560949e+00 5.083910e+00 -7.355983e-01 1.046112e+00 1.744624e+00 1.269968e+00 2.514165e+00 -7.211782e-01 1.689982e+00 2.406924e+00 1.469228e-01 1.667016e+00 -2.471899e+00 -3.084714e+00 -1.294980e+00 -2.036445e+00 -1.307998e+00 -2.137216e+00 -1.645346e+00 -1.320637e+00 -1.675149e+00 1.047351e-01
<VARIANCE> 25
 2.048771e+01 4.428511e+01 6.734507e+01 4.051928e+01 3.945747e+01 5.265235e+01 4.772839e+01 4.004856e+01 4.470079e+01 4.047707e+01 4.169215e+01 2.262992e+01 1.861574e+00 3.932957e+00 1.183482e+01 4.661075e+00 4.994110e+00 4.653714e+00 4.840268e+00 4.827518e+00 5.191371e+00 4.309678e+00 4.921264e+00 4.156738e+00 5.876449e-03
<GCONST> 1.035016e+02
<MIXTURE> 69 1.204884e-02
<MEAN> 25
 5.070248e+00 -5.119291e+00 -3.447730e+00 -4.248826e+00 -3.834083e+00 -8.088324e+00 -6.844382e-01 3.762402e+00 -1.024369e+00 -3.048339e+00 -5.261597e+00 2.888288e-01 1.763756e+00 -2.380414e+00 -8.878738e-01 -2.297642e+00 -6.900735e-01 -5.689262e-01 -2.146052e-01 1.038544e+00 -5.393900e-01 -1.359962e+00 -1.718177e+00 -3.007767e-01 7.450143e-02
<VARIANCE> 25
 8.938543e+00 2.511990e+01 2.389981e+01 2.567928e+01 3.869489e+01 3.181124e+01 4.511554e+01 4.386557e+01 3.832789e+01 5.193856e+01 2.861345e+01 2.466382e+01 3.207447e+00 2.751950e+00 4.404952e+00 3.336906e+00 5.401307e+00 4.886641e+00 6.672504e+00 6.573775e+00 5.492762e+00 5.265423e+00 5.343118e+00 3.464095e+00 3.090032e-03
<GCONST> 9.906491e+01
<MIXTURE> 70 1.329190e-02
<MEAN> 25
 7.131399e+00 -4.028639e+00 -3.812254e+00 -5.685227e+00 -3.597362e+00 -1.421323e+00 -5.632878e+00 -2.190717e+00 -6.499564e-01 2.794730e+00 4.033796e-01 -6.591915e+00 1.588117e+00 -2.050629e+00 -5.772575e-01 -3.217102e+00 -1.702833e+00 1.496345e+00 -6.942798e-01 8.383446e-01 7.358970e-01 8.905260e-01 3.908849e-01 -2.244931e+00 7.786368e-02
<VARIANCE> 25
 7.873465e+00 3.311765e+01 2.543332e+01 5.081649e+01 4.648419e+01 4.011232e+01 5.028057e+01 6.144442e+01 4.305967e+01 3.303634e+01 3.956789e+01 3.161820e+01 2.953639e+00 5.084883e+00 4.800830e+00 5.870762e+00 4.714170e+00 5.773770e+00 6.145721e+00 7.645427e+00 6.319970e+00 6.597030e+00 4.978328e+00 4.660211e+00 2.695486e-03
<GCONST> 1.027934e+02
<MIXTURE> 71 1.406903e-02
<MEAN> 25
 6.425583e+00 5.143521e+00 3.671451e+00 3.335395e+00 -3.316550e+00 -3.355491e+00 -2.893555e+00 -7.252210e+00 -4.871985e+00 -2.807421e+00 -5.019437e+00 -2.730638e+00 -1.472977e+00 -9.193836e-01 -3.227380e-01 -1.977373e+00 7.214124e-01 -1.493287e-01 1.898543e-01 1.681331e+00 4.547638e-01 -5.952058e-02 7.463804e-01 -9.604699e-02 4.342376e-02
<VARIANCE> 25
 1.738163e+01 2.311990e+01 2.505204e+01 4.098077e+01 3.722641e+01 3.694706e+01 4.342685e+01 4.591391e+01 3.856341e+01 4.196581e+01 3.344133e+01 3.353483e+01 1.708085e+00 3.347555e+00 5.011020e+00 5.121584e+00 5.802313e+00 4.337893e+00 4.562513e+00 5.340022e+00 4.548387e+00 3.895498e+00 3.349187e+00 3.982815e+00 1.536222e-03
<GCONST> 9.850732e+01
<MIXTURE> 72 8.134747e-03
<MEAN> 25
 3.792031e+00 -3.686664e+00 5.460476e+00 -2.465981e+00 -1.040989e+01 -9.629404e+00 -2.455674e+00 1.925954e+00 -4.943730e+00 -2.204659e+00 -1.885537e+00 6.177512e-01 9.326916e-01 -7.862734e-01 -2.576767e+00 4.631232e-01 2.136886e+00 -6.545720e-01 -1.317687e+00 1.525753e+00 1.814377e+00 -5.963754e-01 -1.289251e+00 4.021976e-01 -6.124311e-03
<VARIANCE> 25
 1.078575e+01 1.949370e+01 3.287437e+01 3.843187e+01 3.233464e+01 3.341077e+01 4.113825e+01 3.621279e+01 4.369447e+01 4.141428e+01 3.880087e+01 2.851351e+01 4.321052e-01 1.026107e+00 2.022976e+00 1.469449e+00 2.185174e+00 2.356426e+00 3.060907e+00 2.732631e+00 2.604382e+00 2.961468e+00 2.024370e+00 2.129892e+00 5.409840e-04
<GCONST> 8.725892e+01
<MIXTURE> 73 1.213625e-02
<MEAN> 25
 -5.533361e+00 -3.325626e-01 -1.663357e+00 4.996598e+00 4.463974e+00 2.380071e+00 5.511228e+00 3.073146e+00 4.479892e+00 3.820961e+00 4.021656e+00 3.248092e+00 7.556275e-01 -1.087285e+00 -6.057900e-01 -2.573658e+00 -1.381204e+00 -1.638436e+00 -8.305333e-01 -4.862322e-01 -1.069646e+00 -6.900062e-01 -9.775526e-01 -4.180376e-01 1.525992e-01
<VARIANCE> 25
 1.242374e+01 1.679749e+01 1.655979e+01 2.170984e+01 2.312253e+01 2.391475e+01 1.942379e+01 2.166382e+01 1.764172e+01 2.059573e+01 2.320389e+01 1.587495e+01 3.904060e+00 2.986512e+00 7.741955e+00 4.552802e+00 6.178781e+00 4.576737e+00 4.180476e+00 4.110259e+00 4.115849e+00 4.083799e+00 3.626294e+00 2.899679e+00 4.217743e-03
<GCONST> 9.324513e+01
<MIXTURE> 74 1.756491e-02
<MEAN> 25
 4.897354e+00 -3.679273e+00 5.597049e+00 -4.293133e-01 -7.319005e+00 -7.001221e+00 -4.586247e+00 3.500443e+00 -3.156667e+00 -2.639645e+00 3.979551e-01 -5.331184e-01 2.632195e-01 2.473844e+00 -5.748165e-01 1.582450e+00 1.559337e+00 7.413499e-01 9.330347e-03 -1.522482e+00 7.662944e-01 7.624965e-02 -4.725102e-01 4.967489e-02 -8.715332e-02
<VARIANCE> 25
 9.862437e+00 2.968880e+01 3.674072e+01 3.312282e+01 3.492414e+01 3.299529e+01 7.543295e+01 6.706369e+01 4.464682e+01 3.615816e+01 3.467189e+01 2.911689e+01 1.466770e+00 2.221605e+00 4.708914e+00 3.157340e+00 4.065691e+00 2.761960e+00 5.032664e+00 2.958892e+00 3.608790e+00 4.406517e+00 3.000896e+00 2.698651e+00 1.492471e-03
<GCONST> 9.596346e+01
<MIXTURE> 75 9.711651e-03
<MEAN> 25
 2.320367e+00 -2.412898e+00 1.167569e+01 1.656743e+00 -1.294496e+01 -8.685865e+00 -5.382361e+00 -1.470789e-01 -4.593502e+00 -5.984787e+00 3.182308e+00 5.157769e-01 1.888870e+00 -1.753379e+00 4.545600e-01 -4.972908e-01 -2.748772e+00 -9.067406e-01 -2.048328e+00 6.508414e-01 -3.213915e-01 -4.959193e-01 9.080040e-01 -5.643408e-01 4.428041e-02
<VARIANCE> 25
 9.465016e+00 2.094752e+01 3.014295e+01 2.402900e+01 2.738019e+01 4.227359e+01 3.444405e+01 2.551006e+01 2.814528e+01 3.869698e+01 1.770247e+01 2.160157e+01 2.295026e+00 1.662479e+00 4.485038e+00 2.211609e+00 3.767428e+00 4.480272e+00 4.483912e+00 3.908818e+00 3.416957e+00 2.884067e+00 2.728289e+00 2.229215e+00 1.535662e-03
<GCONST> 9.153159e+01
<MIXTURE> 76 1.052359e-02
<MEAN> 25
 -6.662459e+00 1.221250e+00 -2.813346e+00 3.947908e+00 5.173790e+00 2.717387e+00 4.707509e+00 5.719910e-01 2.886199e+00 -1.430920e-01 7.390193e-01 3.168751e+00 -7.066312e-02 -3.148315e-01 -3.549651e-01 -7.568415e-01 -6.234843e-01 -5.535684e-01 -3.218279e-01 -4.656035e-01 -5.456173e-01 -6.277099e-01 -3.092188e-01 -1.622663e-01 9.989074e-03
<VARIANCE> 25
 3.486374e+01 3.828375e+01 3.872890e+01 1.914204e+01 2.687895e+01 2.265158e+01 1.974189e+01 3.981443e+01 1.771091e+01 2.185321e+01 2.055001e+01 1.722693e+01 7.980907e-01 8.723359e-01 1.183321e+00 1.183766e+00 1.144455e+00 1.462154e+00 1.485621e+00 1.478059e+00 1.533643e+00 1.347554e+00 1.128089e+00 1.129228e+00 9.361949e-04
<GCONST> 7.992892e+01
<MIXTURE> 77 1.244626e-02
<MEAN> 25
 -4.556891e-01 8.554531e+00 1.247558e+01 -1.157449e+01 -7.025760e+00 9.581456e-01 -9.257656e+00 -7.232545e+00 -3.375811e+00 -2.053702e-01 -4.607845e+00 -1.455872e+00 6.668485e-02 1.402816e-01 7.244872e-02 2.489903e-01 -2.309253e-02 7.565343e-02 -6.769287e-02 -6.627934e-02 8.327717e-02 -4.483713e-02 2.808946e-02 1.210717e-01 -9.960447e-03
<VARIANCE> 25
 1.043549e+01 2.028528e+01 2.750761e+01 4.199827e+01 3.319241e+01 3.368170e+01 3.673286e+01 3.170050e+01 3.514207e+01 3.311409e+01 3.808081e+01 3.511702e+01 2.994246e-01 7.775117e-01 6.441388e-01 1.085734e+00 1.235042e+00 9.852651e-01 1.226742e+00 1.077681e+00 1.042228e+00 1.062305e+00 9.708453e-01 9.232479e-01 5.392135e-04
<GCONST> 7.781841e+01
<MIXTURE> 78 9.702551e-03
<MEAN> 25
 -1.148807e+01 1.227285e+00 -1.628599e+00 2.323373e+00 4.495267e+00 -2.167382e+00 3.791432e+00 2.597619e+00 2.646562e+00 6.696878e-01 -3.636245e-01 3.191765e+00 2.345497e+00 -2.885330e-01 2.063630e-01 6.210452e-01 -5.857986e-02 -9.875082e-03 -2.887252e-01 -7.591229e-02 2.078980e-01 1.039566e-01 -4.025090e-01 -4.733174e-01 -5.941578e-02
<VARIANCE> 25
 4.105079e+01 3.314979e+01 3.472723e+01 3.170406e+01 3.975100e+01 3.670438e+01 3.464997e+01 3.532921e+01 2.746130e+01 2.845369e+01 2.689205e+01 2.025111e+01 4.978055e+00 2.523757e+00 2.816725e+00 3.072982e+00 2.832855e+00 3.503796e+00 3.271816e+00 2.839265e+00 2.301063e+00 2.345798e+00 2.199903e+00 2.107262e+00 4.733988e-03
<GCONST> 9.460323e+01
<MIXTURE> 79 1.156824e-02
<MEAN> 25
 2.453246e+00 1.553466e+00 9.223409e+00 -6.558699e+00 -1.202016e+01 -1.720271e+00 -1.846465e+00 -6.431638e+00 -6.555257e+00 3.047367e-01 -3.407005e+00 -3.261796e+00 1.205256e+00 -5.012235e-01 -1.412624e+00 2.352795e+00 3.766115e-01 -1.462573e+00 5.146192e-01 8.566446e-01 -4.206263e-01 -5.336124e-01 3.585356e-01 2.995963e-01 -3.622258e-02
<VARIANCE> 25
 1.417783e+01 2.404149e+01 3.868584e+01 4.933306e+01 3.339133e+01 4.363030e+01 4.265818e+01 3.681017e+01 3.873219e+01 3.929523e+01 4.445649e+01 3.057477e+01 9.595429e-01 2.271724e+00 1.911023e+00 2.061936e+00 2.467345e+00 2.816635e+00 3.282198e+00 3.572287e+00 2.525792e+00 2.716639e+00 2.295257e+00 2.035778e+00 1.218640e-03
<GCONST> 9.182654e+01
<MIXTURE> 80 7.550998e-03
<MEAN> 25
 -1.452869e+01 3.374880e+00 1.474705e+00 3.185901e+00 2.149958e+00 8.406771e-01 6.242191e+00 3.588934e+00 2.731779e+00 1.438487e+00 4.877891e+00 1.383836e+00 4.283881e+00 -1.151512e-01 1.592412e+00 -9.367176e-01 -2.889199e+00 -2.826203e+00 -2.365534e+00 -1.988796e+00 -1.832882e+00 -1.589596e+00 -1.574026e+00 -5.673278e-01 -3.969531e-02
<VARIANCE> 25
 1.936605e+01 2.225302e+01 3.835543e+01 3.309704e+01 2.876603e+01 3.040715e+01 2.631356e+01 3.914062e+01 2.464205e+01 3.592286e+01 2.474109e+01 1.709398e+01 2.174353e+00 2.561548e+00 2.484640e+00 4.218965e+00 3.129161e+00 2.517718e+00 2.809325e+00 2.962681e+00 2.748993e+00 2.587137e+00 2.625777e+00 1.990021e+00 1.614038e-03
<GCONST> 9.113992e+01
<MIXTURE> 81 8.025434e-03
<MEAN> 25
 -1.118658e+00 4.067386e+00 1.018048e+01 -1.480521e+01 -9.081086e+00 -1.422634e+00 -6.767787e+00 -8.426631e+00 -4.151688e+00 -4.161695e-01 -7.575404e+00 -2.247041e+00 1.339255e-01 -5.873004e-01 -2.672242e-03 -5.564564e-01 -4.640980e-01 3.352010e-01 3.198745e-01 1.369444e-01 -1.403935e-01 1.066347e-01 -4.695080e-01 -1.253025e-01 1.151253e-02
<VARIANCE> 25
 1.015240e+01 3.280758e+01 2.644839e+01 2.925814e+01 3.370429e+01 3.052438e+01 4.544821e+01 2.825467e+01 3.799478e+01 3.189075e+01 2.529764e+01 3.105283e+01 7.722468e-01 2.277458e+00 1.546032e+00 2.872782e+00 2.663352e+00 2.126229e+00 3.280991e+00 2.288022e+00 2.355606e+00 2.539266e+00 2.298703e+00 2.078651e+00 1.183442e-03
<GCONST> 8.868556e+01
<MIXTURE> 82 8.213053e-03
<MEAN> 25
 -9.964636e+00 -3.899506e+00 1.638884e+00 -2.966752e+00 3.115822e+00 6.726169e-01 1.995470e+00 9.390682e-01 2.976902e+00 1.732063e+00 1.742424e+00 3.085768e+00 -1.314004e+00 -1.261531e-01 2.908781e-01 -2.603403e+00 -1.106233e+00 -1.264257e+00 -1.012591e+00 -8.696297e-01 -3.173920e-01 -4.784922e-01 -3.162204e-01 -9.580722e-02 1.783848e-01
<VARIANCE> 25
 1.802193e+01 2.497085e+01 3.241076e+01 3.091943e+01 3.301857e+01 3.228559e+01 3.177719e+01 3.300131e+01 3.084995e+01 2.514036e+01 3.078489e+01 1.751095e+01 3.754035e+00 3.050376e+00 3.322608e+00 3.268763e+00 3.561961e+00 3.288090e+00 2.943810e+00 3.016668e+00 2.797909e+00 2.490384e+00 2.449450e+00 1.867160e+00 3.436244e-03
<GCONST> 9.309249e+01
<MIXTURE> 83 1.167529e-02
<MEAN> 25
 -1.998401e+01 5.407249e+00 -1.673492e+00 -3.699364e-01 7.728391e+00 -1.198004e+00 5.432580e+00 3.124743e+00 1.189467e+00 2.093114e+00 7.501077e-01 2.857206e+00 -2.653242e-02 -4.458531e-01 -2.058968e-03 -3.649190e-01 -5.019535e-01 -1.342620e-01 -1.311462e-01 -9.966432e-02 -4.441068e-02 -5.000388e-02 -2.882390e-02 -3.128136e-02 4.238100e-03
<VARIANCE> 25
 8.988201e+00 1.705508e+01 2.933075e+01 2.235317e+01 2.192186e+01 2.398470e+01 2.188520e+01 2.368831e+01 2.027182e+01 2.283720e+01 2.310052e+01 1.448331e+01 1.052407e+00 9.334925e-01 1.237990e+00 1.059284e+00 1.350760e+00 1.286402e+00 1.280712e+00 1.383719e+00 1.344498e+00 1.317698e+00 1.226240e+00 1.062670e+00 8.858480e-04
<GCONST> 7.711676e+01
<MIXTURE> 84 1.066614e-02
<MEAN> 25
 6.208157e-01 8.689461e+00 6.618686e+00 7.379186e+00 2.558465e+00 -7.696613e-01 -1.901618e+00 -5.309234e+00 -3.397512e+00 -2.866170e+00 -1.798366e+00 -6.994882e-01 -1.677216e+00 -1.011314e+00 -1.615598e+00 1.249287e+00 2.533114e+00 1.443079e+00 1.351761e+00 1.199250e+00 1.103898e+00 5.057424e-01 5.688704e-02 3.301987e-01 -7.128175e-02
<VARIANCE> 25
 2.173736e+01 1.610242e+01 2.880551e+01 2.250175e+01 2.685200e+01 2.560555e+01 3.109659e+01 3.066207e+01 2.435221e+01 2.571542e+01 2.239122e+01 2.503588e+01 2.000463e+00 2.445004e+00 4.328353e+00 2.847076e+00 3.191886e+00 3.089797e+00 3.088229e+00 3.296600e+00 3.127372e+00 2.972065e+00 3.808604e+00 2.645079e+00 3.442537e-03
<GCONST> 9.201701e+01
<MIXTURE> 85 7.591393e-03
<MEAN> 25
 -3.231357e+00 7.386058e+00 6.058953e+00 1.588894e+00 -3.650240e+00 -5.349267e+00 -2.883708e+00 -5.675261e+00 -3.683520e+00 -3.538058e+00 -3.509806e-01 -1.830475e+00 3.927009e+00 1.909655e-01 1.840183e+00 -2.012537e+00 -3.523987e+00 -2.648316e+00 -2.953475e+00 -2.319558e+00 -2.266730e+00 -1.312461e+00 -2.204943e+00 -6.645836e-01 1.347097e-02
<VARIANCE> 25
 4.046540e+01 2.638772e+01 3.730992e+01 3.816859e+01 3.830850e+01 4.268992e+01 3.110808e+01 3.086388e+01 2.612231e+01 2.836183e+01 2.600501e+01 2.022752e+01 2.709093e+00 4.386158e+00 4.870045e+00 5.045093e+00 4.424929e+00 3.866270e+00 3.734575e+00 3.931411e+00 3.832003e+00 3.923579e+00 3.997939e+00 3.511559e+00 5.718511e-03
<GCONST> 9.871233e+01
<MIXTURE> 86 1.273941e-02
<MEAN> 25
 -4.949760e+00 -9.983398e-01 -8.877743e-01 6.437763e+00 5.067470e+00 4.525728e+00 5.413260e+00 4.483621e+00 4.673039e+00 3.903525e+00 5.252475e+00 2.815588e+00 -5.800757e-03 -5.859525e-03 -2.777247e-02 -4.062017e-02 -1.128740e-01 -1.475719e-01 -2.438195e-01 -3.115248e-01 -3.485338e-01 -3.266132e-01 -2.530651e-01 -1.391069e-01 -2.991691e-04
<VARIANCE> 25
 7.776120e+00 7.022690e+00 1.023672e+01 1.267499e+01 1.564010e+01 1.484097e+01 1.354803e+01 1.312416e+01 1.295014e+01 1.398713e+01 1.427364e+01 1.288282e+01 9.782868e-02 1.880496e-01 3.212253e-01 5.050430e-01 6.206006e-01 7.668824e-01 7.486457e-01 7.597587e-01 8.119589e-01 8.686123e-01 9.171112e-01 9.203243e-01 5.611745e-05
<GCONST> 5.842638e+01
<MIXTURE> 87 1.100681e-02
<MEAN> 25
 -3.442981e+00 4.662029e+00 3.557415e+00 6.474733e+00 5.512911e+00 3.887412e-01 7.789354e-01 -5.476598e-01 -5.066516e-01 -7.401690e-01 -6.339568e-01 1.420631e-01 -2.165317e+00 -2.969382e+00 -2.235296e+00 -2.056099e+00 1.148492e-01 1.354574e-02 5.512679e-01 1.827766e+00 1.111658e+00 9.818717e-01 7.904142e-01 7.816986e-01 9.923121e-02
<VARIANCE> 25
 3.767621e+01 2.588017e+01 3.644576e+01 2.975301e+01 2.542511e+01 3.188621e+01 2.999066e+01 3.604504e+01 2.428492e+01 2.156472e+01 2.346105e+01 2.126895e+01 3.340138e+00 2.566911e+00 3.646644e+00 3.344657e+00 4.372421e+00 4.470521e+00 4.070890e+00 4.934061e+00 3.704001e+00 3.920256e+00 2.987982e+00 2.693106e+00 4.439138e-03
<GCONST> 9.594156e+01
<MIXTURE> 88 1.256585e-02
<MEAN> 25
 -4.273891e+00 -2.714578e-01 -1.900490e+00 5.396322e+00 5.027196e+00 3.414402e+00 4.656143e+00 2.648216e+00 3.574878e+00 2.391575e+00 2.844954e+00 3.073394e+00 8.163186e-03 1.481994e-01 2.488474e-01 4.592247e-01 2.559550e-01 1.910177e-01 2.334714e-02 -1.420796e-01 -2.693404e-01 -2.660401e-01 -1.557641e-01 -8.820857e-02 -5.419506e-03
<VARIANCE> 25
 8.751542e+00 1.412257e+01 1.688374e+01 1.512631e+01 2.036369e+01 1.988011e+01 1.835336e+01 2.332920e+01 1.651329e+01 1.752367e+01 2.021087e+01 1.582830e+01 1.246933e+00 1.592825e+00 2.103760e+00 2.396956e+00 2.504249e+00 2.510418e+00 2.617746e+00 2.600493e+00 2.324780e+00 2.436715e+00 2.208992e+00 2.050039e+00 1.416847e-03
<GCONST> 8.255138e+01
<MIXTURE> 89 9.333527e-03
<MEAN> 25
 6.400688e+00 -7.872311e+00 -3.420315e+00 -3.613427e+00 -1.745531e+00 -6.093841e+00 -4.856088e+00 5.682896e+00 3.079110e+00 -2.239488e+00 -5.259775e+00 -3.421905e+00 -5.577019e-01 8.429603e-02 2.024444e+00 8.752447e-01 -1.658723e+00 -1.391528e+00 7.384281e-01 1.300699e+00 -5.957386e-01 -1.418506e+00 5.685244e-01 1.502598e+00 -4.562026e-03
<VARIANCE> 25
 9.006236e+00 3.314396e+01 2.840665e+01 2.896665e+01 3.273859e+01 3.975684e+01 6.731747e+01 5.903424e+01 3.663862e+01 4.095855e+01 3.728608e+01 2.948998e+01 3.212848e-01 8.368156e-01 1.341279e+00 1.235345e+00 2.099746e+00 2.472764e+00 2.531878e+00 1.914839e+00 2.355019e+00 2.011025e+00 2.331602e+00 1.347209e+00 3.614794e-04
<GCONST> 8.532531e+01
<MIXTURE> 90 7.114505e-03
<MEAN> 25
 2.451176e+00 -9.719423e+00 -4.753333e+00 -3.979238e+00 -3.383409e+00 -1.809020e+00 3.367013e+00 1.176808e+00 -7.532671e+00 -1.021316e+01 -3.429819e+00 -7.428748e-01 -1.636442e-01 9.093931e-01 1.168478e+00 -8.528082e-01 -1.612124e+00 -2.125473e-01 6.453595e-01 -2.096934e-01 -1.692697e-01 7.376496e-01 1.834960e-01 -5.497667e-01 -1.115347e-02
<VARIANCE> 25
 8.501898e+00 1.781549e+01 1.980732e+01 2.801608e+01 3.682199e+01 3.220456e+01 3.850327e+01 3.647211e+01 3.523647e+01 2.770918e+01 2.698907e+01 2.614830e+01 2.239178e-01 6.125841e-01 7.865335e-01 1.045949e+00 1.470936e+00 1.591982e+00 1.780499e+00 1.654110e+00 1.809724e+00 1.678081e+00 1.495552e+00 1.308450e+00 2.149023e-04
<GCONST> 7.814082e+01
<MIXTURE> 91 7.852945e-03
<MEAN> 25
 6.387815e+00 -8.736032e+00 -8.490012e+00 -7.125731e+00 3.278535e+00 1.466795e+00 -1.786778e+00 1.624021e+00 7.067230e-01 -1.535744e+00 -5.450148e+00 -7.302645e+00 2.615774e-01 1.121420e+00 1.497075e-01 4.414911e-01 9.387969e-02 -6.727981e-01 -5.453943e-01 -9.060095e-02 -1.778605e-01 5.098861e-01 6.608267e-03 3.661286e-01 -3.517445e-02
<VARIANCE> 25
 8.718464e+00 2.812829e+01 1.786264e+01 5.410782e+01 3.314574e+01 6.299589e+01 4.901186e+01 4.386013e+01 4.704430e+01 6.831107e+01 3.539898e+01 5.856075e+01 3.871916e-01 8.926999e-01 9.834714e-01 1.235933e+00 2.158937e+00 3.218906e+00 2.385853e+00 2.690494e+00 2.206877e+00 1.965015e+00 1.920008e+00 1.829355e+00 5.342194e-04
<GCONST> 8.747122e+01
<MIXTURE> 92 7.852945e-03
<MEAN> 25
 6.387815e+00 -8.736032e+00 -8.490012e+00 -7.125731e+00 3.278535e+00 1.466795e+00 -1.786778e+00 1.624021e+00 7.067230e-01 -1.535744e+00 -5.450148e+00 -7.302645e+00 2.615774e-01 1.121420e+00 1.497075e-01 4.414911e-01 9.387969e-02 -6.727981e-01 -5.453943e-01 -9.060095e-02 -1.778605e-01 5.098861e-01 6.608267e-03 3.661286e-01 -3.517445e-02
<VARIANCE> 25
 8.718464e+00 2.812829e+01 1.786264e+01 5.410782e+01 3.314574e+01 6.299589e+01 4.901186e+01 4.386013e+01 4.704430e+01 6.831107e+01 3.539898e+01 5.856075e+01 3.871916e-01 8.926999e-01 9.834714e-01 1.235933e+00 2.158937e+00 3.218906e+00 2.385853e+00 2.690494e+00 2.206877e+00 1.965015e+00 1.920008e+00 1.829355e+00 5.342194e-04
<GCONST> 8.747122e+01
<MIXTURE> 93 6.122769e-03
<MEAN> 25
 -6.800347e+00 -8.870646e-01 -2.430915e+00 5.789234e+00 5.938181e+00 3.915783e+00 6.115309e+00 3.540806e+00 4.122583e+00 2.464685e+00 1.797215e+00 3.737483e+00 -6.151802e-02 -1.540404e-01 -2.601884e-01 -3.301540e-01 -3.286723e-01 -2.878361e-01 -2.126474e-01 -1.778871e-01 -1.859954e-01 -1.488910e-01 -9.503884e-02 -3.596336e-02 3.527847e-06
<VARIANCE> 25
 9.187644e+00 6.643034e+00 8.336188e+00 1.132175e+01 1.156207e+01 1.585427e+01 1.516191e+01 1.696799e+01 1.466717e+01 1.467761e+01 1.670154e+01 1.350133e+01 8.217108e-02 1.523543e-01 2.621916e-01 3.780129e-01 4.969444e-01 6.443558e-01 7.774552e-01 8.840895e-01 9.678554e-01 8.699262e-01 8.972074e-01 9.123364e-01 1.001988e-06
<GCONST> 5.376573e+01
<MIXTURE> 94 6.122769e-03
<MEAN> 25
 -6.800347e+00 -8.870646e-01 -2.430915e+00 5.789234e+00 5.938181e+00 3.915783e+00 6.115309e+00 3.540806e+00 4.122583e+00 2.464685e+00 1.797215e+00 3.737483e+00 -6.151802e-02 -1.540404e-01 -2.601884e-01 -3.301540e-01 -3.286723e-01 -2.878361e-01 -2.126474e-01 -1.778871e-01 -1.859954e-01 -1.488910e-01 -9.503884e-02 -3.596336e-02 3.527847e-06
<VARIANCE> 25
 9.187644e+00 6.643034e+00 8.336188e+00 1.132175e+01 1.156207e+01 1.585427e+01 1.516191e+01 1.696799e+01 1.466717e+01 1.467761e+01 1.670154e+01 1.350133e+01 8.217108e-02 1.523543e-01 2.621916e-01 3.780129e-01 4.969444e-01 6.443558e-01 7.774552e-01 8.840895e-01 9.678554e-01 8.699262e-01 8.972074e-01 9.123364e-01 1.001988e-06
<GCONST> 5.376573e+01
<MIXTURE> 95 5.258835e-03
<MEAN> 25
 -5.708624e+00 -6.661849e-02 -2.277787e+00 4.952142e+00 4.504166e+00 2.600241e+00 4.133093e+00 1.031147e+00 2.251400e+00 1.005148e+00 1.032251e+00 2.624147e+00 1.686922e-01 1.431620e-01 1.247528e-02 -9.785365e-02 -3.565596e-01 -6.840460e-01 -9.989247e-01 -1.234386e+00 -1.369188e+00 -9.486347e-01 -6.347293e-01 -3.163778e-01 -3.892242e-04
<VARIANCE> 25
 9.954634e+00 1.125118e+01 1.255854e+01 1.203890e+01 1.387302e+01 1.785800e+01 1.682040e+01 2.091068e+01 1.513381e+01 1.532312e+01 1.888747e+01 1.355897e+01 2.020107e-01 2.778285e-01 5.388716e-01 6.048126e-01 7.511644e-01 8.702334e-01 8.995618e-01 9.137300e-01 1.134365e+00 1.030751e+00 1.100147e+00 1.054297e+00 4.302619e-05
<GCONST> 6.367956e+01
<MIXTURE> 96 7.034694e-03
<MEAN> 25
 -4.823370e+00 6.183681e-01 -2.801871e+00 5.492865e+00 4.623526e+00 1.761079e+00 3.710344e+00 8.327813e-01 2.213444e+00 7.752060e-01 8.923083e-01 3.179153e+00 -2.213692e-02 1.191706e-01 1.285110e-01 3.826328e-01 5.458021e-01 5.023569e-01 2.518207e-01 -1.044793e-01 -4.485098e-01 -5.663649e-01 -5.664245e-01 -3.480579e-01 -8.261998e-05
<VARIANCE> 25
 1.057738e+01 1.564770e+01 1.397287e+01 1.415979e+01 1.716070e+01 1.759146e+01 1.648572e+01 2.378714e+01 1.950845e+01 1.580090e+01 1.858636e+01 1.450277e+01 1.376651e-01 2.272392e-01 3.248573e-01 3.880295e-01 4.705228e-01 6.960043e-01 8.253958e-01 9.252810e-01 1.049840e+00 8.165411e-01 8.497891e-01 8.501579e-01 1.107098e-06
<GCONST> 5.823837e+01
<MIXTURE> 97 7.034694e-03
<MEAN> 25
 -4.823370e+00 6.183681e-01 -2.801871e+00 5.492865e+00 4.623526e+00 1.761079e+00 3.710344e+00 8.327813e-01 2.213444e+00 7.752060e-01 8.923083e-01 3.179153e+00 -2.213692e-02 1.191706e-01 1.285110e-01 3.826328e-01 5.458021e-01 5.023569e-01 2.518207e-01 -1.044793e-01 -4.485098e-01 -5.663649e-01 -5.664245e-01 -3.480579e-01 -8.261998e-05
<VARIANCE> 25
 1.057738e+01 1.564770e+01 1.397287e+01 1.415979e+01 1.716070e+01 1.759146e+01 1.648572e+01 2.378714e+01 1.950845e+01 1.580090e+01 1.858636e+01 1.450277e+01 1.376651e-01 2.272392e-01 3.248573e-01 3.880295e-01 4.705228e-01 6.960043e-01 8.253958e-01 9.252810e-01 1.049840e+00 8.165411e-01 8.497891e-01 8.501579e-01 1.107098e-06
<GCONST> 5.823837e+01
<MIXTURE> 98 9.917808e-03
<MEAN> 25
 -1.319501e+00 1.773088e+00 -8.319823e-01 3.671329e+00 3.791214e+00 2.441591e+00 3.208098e+00 1.020855e+00 2.035119e+00 1.317410e+00 -1.626390e-02 8.245718e-01 -1.737176e+00 -1.380002e+00 -1.287072e+00 2.926350e-01 8.916380e-01 7.633553e-01 1.369585e+00 1.476875e+00 1.649681e+00 1.268395e+00 1.011823e+00 9.657812e-01 -3.399480e-02
<VARIANCE> 25
 1.453003e+01 2.039376e+01 3.611601e+01 3.575056e+01 3.703986e+01 3.201283e+01 2.938343e+01 3.101592e+01 2.598215e+01 2.847100e+01 2.918502e+01 2.873190e+01 1.344802e+00 1.451447e+00 2.356190e+00 2.184137e+00 2.860715e+00 2.609223e+00 2.739000e+00 2.376814e+00 2.317065e+00 2.911503e+00 2.787919e+00 1.875011e+00 2.078491e-03
<GCONST> 8.961002e+01
<MIXTURE> 99 6.696178e-03
<MEAN> 25
 -6.110761e+00 1.005467e+01 6.035015e+00 3.729377e+00 1.375181e+00 -4.860123e+00 -1.427898e+00 -4.552063e+00 -3.146534e+00 -3.641258e+00 -1.630651e+00 8.031780e-01 5.141156e-01 -6.951549e-01 3.119314e-01 -3.325401e-01 -1.071982e+00 -5.005003e-01 -3.402077e-01 -2.570861e-01 -1.479311e-01 -7.329413e-02 2.173290e-01 1.557082e-01 9.703548e-03
<VARIANCE> 25
 3.539613e+01 2.368019e+01 5.218694e+01 3.029095e+01 3.675932e+01 3.587263e+01 2.718173e+01 3.011475e+01 2.755123e+01 2.655912e+01 1.962809e+01 2.931090e+01 2.101276e+00 1.789749e+00 1.367857e+00 1.702809e+00 2.588108e+00 1.998492e+00 1.516173e+00 1.597001e+00 1.565470e+00 1.509200e+00 1.246604e+00 1.205539e+00 1.472250e-03
<GCONST> 8.633005e+01
<MIXTURE> 100 4.498084e-03
<MEAN> 25
 -1.598751e+00 6.344530e+00 1.027791e+01 -7.462323e+00 -1.078235e+01 -5.075003e+00 -4.941784e+00 -9.968378e+00 -4.718554e+00 -8.552858e-01 -2.732706e+00 -2.708611e+00 2.917802e+00 -1.260302e+00 1.299694e+00 -2.185855e+00 -3.419381e+00 -7.842004e-01 -1.218892e+00 -8.196637e-01 -1.475374e+00 3.466961e-01 -1.655504e+00 -2.861845e-01 2.019362e-03
<VARIANCE> 25
 1.362601e+01 2.105909e+01 2.247289e+01 2.642825e+01 2.301827e+01 2.372145e+01 2.910975e+01 2.170877e+01 2.748201e+01 2.265102e+01 2.241530e+01 2.134153e+01 1.799141e+00 3.953862e+00 2.919792e+00 4.286147e+00 4.184336e+00 4.537037e+00 4.015419e+00 4.340295e+00 4.167782e+00 3.895811e+00 3.910330e+00 3.224849e+00 1.674954e-03
<GCONST> 9.256900e+01
<MIXTURE> 101 6.007792e-03
<MEAN> 25
 8.095877e+00 -3.489082e+00 -6.312826e+00 -6.868013e+00 8.471150e-01 -1.258031e+00 -1.058884e+01 -2.058680e+00 1.622601e+00 2.713972e+00 -2.388107e+00 -5.143949e+00 6.734977e-01 6.510379e-01 -1.457073e+00 -1.610604e+00 1.032516e+00 2.318773e+00 1.969164e-01 -1.460608e+00 -1.064379e+00 1.036732e+00 1.373346e+00 -4.156790e-01 -4.808724e-03
<VARIANCE> 25
 9.271543e+00 1.672315e+01 2.984200e+01 4.280051e+01 3.622709e+01 3.582931e+01 3.703034e+01 3.623096e+01 3.786492e+01 4.398983e+01 5.178320e+01 2.424390e+01 2.936918e-01 6.692871e-01 1.172339e+00 1.551633e+00 1.687743e+00 2.096230e+00 2.086353e+00 1.992291e+00 2.349865e+00 2.216727e+00 1.785596e+00 1.935347e+00 3.449411e-04
<GCONST> 8.364464e+01
<MIXTURE> 102 6.007792e-03
<MEAN> 25
 8.095877e+00 -3.489082e+00 -6.312826e+00 -6.868013e+00 8.471150e-01 -1.258031e+00 -1.058884e+01 -2.058680e+00 1.622601e+00 2.713972e+00 -2.388107e+00 -5.143949e+00 6.734977e-01 6.510379e-01 -1.457073e+00 -1.610604e+00 1.032516e+00 2.318773e+00 1.969164e-01 -1.460608e+00 -1.064379e+00 1.036732e+00 1.373346e+00 -4.156790e-01 -4.808724e-03
<VARIANCE> 25
 9.271543e+00 1.672315e+01 2.984200e+01 4.280051e+01 3.622709e+01 3.582931e+01 3.703034e+01 3.623096e+01 3.786492e+01 4.398983e+01 5.178320e+01 2.424390e+01 2.936918e-01 6.692871e-01 1.172339e+00 1.551633e+00 1.687743e+00 2.096230e+00 2.086353e+00 1.992291e+00 2.349865e+00 2.216727e+00 1.785596e+00 1.935347e+00 3.449411e-04
<GCONST> 8.364464e+01
<MIXTURE> 103 5.694618e-03
<MEAN> 25
 3.368338e+00 -9.483792e+00 -6.133779e+00 -3.095907e+00 -1.333277e+00 -1.969750e+00 2.438568e+00 2.519914e+00 -4.611930e+00 -9.254566e+00 -5.064236e+00 3.571344e-01 -1.577260e-01 -1.488603e+00 -9.810318e-01 3.753558e-01 1.214651e+00 1.021240e+00 1.586195e-01 -2.672664e-01 -7.796887e-01 -9.471358e-01 -3.528725e-02 1.197709e-01 2.694365e-02
<VARIANCE> 25
 1.033931e+01 2.032660e+01 2.290014e+01 3.175935e+01 4.804300e+01 3.504044e+01 4.640324e+01 3.670881e+01 4.211859e+01 2.936835e+01 3.006311e+01 2.648916e+01 6.436636e-01 1.251876e+00 1.538396e+00 1.939978e+00 2.928060e+00 2.412900e+00 2.890139e+00 2.577123e+00 2.569116e+00 2.523975e+00 2.097403e+00 2.017672e+00 8.072993e-04
<GCONST> 8.758440e+01
<MIXTURE> 104 5.694618e-03
<MEAN> 25
 3.368338e+00 -9.483792e+00 -6.133779e+00 -3.095907e+00 -1.333277e+00 -1.969750e+00 2.438568e+00 2.519914e+00 -4.611930e+00 -9.254566e+00 -5.064236e+00 3.571344e-01 -1.577260e-01 -1.488603e+00 -9.810318e-01 3.753558e-01 1.214651e+00 1.021240e+00 1.586195e-01 -2.672664e-01 -7.796887e-01 -9.471358e-01 -3.528725e-02 1.197709e-01 2.694365e-02
<VARIANCE> 25
 1.033931e+01 2.032660e+01 2.290014e+01 3.175935e+01 4.804300e+01 3.504044e+01 4.640324e+01 3.670881e+01 4.211859e+01 2.936835e+01 3.006311e+01 2.648916e+01 6.436636e-01 1.251876e+00 1.538396e+00 1.939978e+00 2.928060e+00 2.412900e+00 2.890139e+00 2.577123e+00 2.569116e+00 2.523975e+00 2.097403e+00 2.017672e+00 8.072993e-04
<GCONST> 8.758440e+01
<MIXTURE> 105 4.710235e-03
<MEAN> 25
 2.231090e+00 -1.450127e+00 9.392342e+00 -2.641392e+00 -1.163823e+01 -4.821403e+00 -4.135482e+00 -9.622713e-01 -3.753043e+00 -3.204887e+00 1.701416e+00 -8.660981e-01 -7.721268e-03 4.962883e-02 5.157558e-02 -7.505247e-02 -8.859377e-03 1.796355e-02 -3.660116e-02 2.174297e-02 -2.923769e-02 2.837527e-02 5.558290e-02 -2.176452e-02 -2.571547e-03
<VARIANCE> 25
 1.299145e+01 2.795817e+01 4.073991e+01 4.369078e+01 3.717971e+01 5.325845e+01 3.997987e+01 4.319833e+01 3.867466e+01 4.072905e+01 4.175874e+01 3.234488e+01 9.027638e-02 1.929544e-01 3.327186e-01 3.105896e-01 3.680923e-01 4.433699e-01 4.756757e-01 5.031325e-01 4.821027e-01 4.282210e-01 4.306700e-01 3.890987e-01 9.106837e-05
<GCONST> 6.671129e+01
<MIXTURE> 106 4.710235e-03
<MEAN> 25
 2.231090e+00 -1.450127e+00 9.392342e+00 -2.641392e+00 -1.163823e+01 -4.821403e+00 -4.135482e+00 -9.622713e-01 -3.753043e+00 -3.204887e+00 1.701416e+00 -8.660981e-01 -7.721268e-03 4.962883e-02 5.157558e-02 -7.505247e-02 -8.859377e-03 1.796355e-02 -3.660116e-02 2.174297e-02 -2.923769e-02 2.837527e-02 5.558290e-02 -2.176452e-02 -2.571547e-03
<VARIANCE> 25
 1.299145e+01 2.795817e+01 4.073991e+01 4.369078e+01 3.717971e+01 5.325845e+01 3.997987e+01 4.319833e+01 3.867466e+01 4.072905e+01 4.175874e+01 3.234488e+01 9.027638e-02 1.929544e-01 3.327186e-01 3.105896e-01 3.680923e-01 4.433699e-01 4.756757e-01 5.031325e-01 4.821027e-01 4.282210e-01 4.306700e-01 3.890987e-01 9.106837e-05
<GCONST> 6.671129e+01
<MIXTURE> 107 5.452374e-03
<MEAN> 25
 8.641198e+00 -2.310701e+00 -8.040746e+00 -9.561648e+00 1.965312e+00 2.958668e+00 -8.639077e+00 -4.553833e+00 -8.843605e-01 3.389529e+00 8.532978e-01 -5.075590e+00 -6.100152e-01 -7.683493e-01 8.356530e-01 1.773314e+00 2.257387e-01 -2.012654e+00 -9.214987e-01 8.487011e-01 1.767002e+00 4.721233e-02 -1.657880e+00 -8.200069e-01 -1.796511e-03
<VARIANCE> 25
 9.245894e+00 2.048351e+01 2.835217e+01 4.281425e+01 3.576918e+01 3.847550e+01 5.120198e+01 3.628135e+01 4.581005e+01 4.174292e+01 5.138277e+01 3.037549e+01 3.559382e-01 9.690171e-01 1.462690e+00 2.413919e+00 2.287075e+00 2.824355e+00 2.614772e+00 2.542365e+00 2.298945e+00 3.030868e+00 1.945991e+00 2.207289e+00 7.029202e-04
<GCONST> 8.805090e+01
<MIXTURE> 108 5.452374e-03
<MEAN> 25
 8.641198e+00 -2.310701e+00 -8.040746e+00 -9.561648e+00 1.965312e+00 2.958668e+00 -8.639077e+00 -4.553833e+00 -8.843605e-01 3.389529e+00 8.532978e-01 -5.075590e+00 -6.100152e-01 -7.683493e-01 8.356530e-01 1.773314e+00 2.257387e-01 -2.012654e+00 -9.214987e-01 8.487011e-01 1.767002e+00 4.721233e-02 -1.657880e+00 -8.200069e-01 -1.796511e-03
<VARIANCE> 25
 9.245894e+00 2.048351e+01 2.835217e+01 4.281425e+01 3.576918e+01 3.847550e+01 5.120198e+01 3.628135e+01 4.581005e+01 4.174292e+01 5.138277e+01 3.037549e+01 3.559382e-01 9.690171e-01 1.462690e+00 2.413919e+00 2.287075e+00 2.824355e+00 2.614772e+00 2.542365e+00 2.298945e+00 3.030868e+00 1.945991e+00 2.207289e+00 7.029202e-04
<GCONST> 8.805090e+01
<MIXTURE> 109 6.661064e-03
<MEAN> 25
 4.081635e+00 -1.055299e+01 -8.306566e+00 -1.358851e+00 2.755037e+00 -4.494865e-02 -7.086635e-02 1.457092e+00 -2.571418e+00 -8.376035e+00 -5.386014e+00 6.456386e-02 -3.317014e-02 -1.322097e-01 -3.279767e-02 2.507147e-01 1.970777e-01 1.185429e-01 -1.254126e-01 -1.054345e-01 -4.034147e-02 -1.310996e-01 2.193288e-01 1.208876e-02 -3.518718e-03
<VARIANCE> 25
 9.089270e+00 1.820070e+01 1.999612e+01 3.143243e+01 4.082593e+01 3.677832e+01 4.663265e+01 3.438485e+01 4.607407e+01 3.525144e+01 2.957927e+01 2.818340e+01 1.929738e-01 4.230537e-01 5.384705e-01 6.346112e-01 1.231046e+00 9.943267e-01 1.258106e+00 1.092958e+00 1.117565e+00 9.524242e-01 8.776635e-01 8.855295e-01 1.820138e-04
<GCONST> 7.445193e+01
<MIXTURE> 110 6.661064e-03
<MEAN> 25
 4.081635e+00 -1.055299e+01 -8.306566e+00 -1.358851e+00 2.755037e+00 -4.494865e-02 -7.086635e-02 1.457092e+00 -2.571418e+00 -8.376035e+00 -5.386014e+00 6.456386e-02 -3.317014e-02 -1.322097e-01 -3.279767e-02 2.507147e-01 1.970777e-01 1.185429e-01 -1.254126e-01 -1.054345e-01 -4.034147e-02 -1.310996e-01 2.193288e-01 1.208876e-02 -3.518718e-03
<VARIANCE> 25
 9.089270e+00 1.820070e+01 1.999612e+01 3.143243e+01 4.082593e+01 3.677832e+01 4.663265e+01 3.438485e+01 4.607407e+01 3.525144e+01 2.957927e+01 2.818340e+01 1.929738e-01 4.230537e-01 5.384705e-01 6.346112e-01 1.231046e+00 9.943267e-01 1.258106e+00 1.092958e+00 1.117565e+00 9.524242e-01 8.776635e-01 8.855295e-01 1.820138e-04
<GCONST> 7.445193e+01
<MIXTURE> 111 4.337247e-03
<MEAN> 25
 -4.478161e+00 -8.993449e-01 -1.720304e+00 1.691548e+00 9.700181e-01 9.647186e-01 3.174309e-01 2.094731e-01 8.965129e-02 -5.445632e-01 -6.287026e-01 1.967608e+00 -2.080905e-02 -3.255022e-02 -7.233566e-02 -7.344446e-02 -3.731188e-02 5.921574e-03 -4.629811e-04 -5.815868e-02 -1.398858e-01 -2.034787e-01 -1.890414e-01 -1.059209e-01 -2.140668e-04
<VARIANCE> 25
 7.047552e+00 5.039686e+00 1.025280e+01 9.408163e+00 1.315214e+01 2.381765e+01 1.465650e+01 1.323127e+01 1.160728e+01 1.194272e+01 1.362052e+01 1.159170e+01 7.921272e-02 1.634639e-01 2.755617e-01 4.202553e-01 5.687872e-01 7.049795e-01 8.004167e-01 8.583910e-01 8.942119e-01 8.552978e-01 8.629918e-01 8.479207e-01 2.231951e-05
<GCONST> 5.601192e+01
<MIXTURE> 112 4.337247e-03
<MEAN> 25
 -4.478161e+00 -8.993449e-01 -1.720304e+00 1.691548e+00 9.700181e-01 9.647186e-01 3.174309e-01 2.094731e-01 8.965129e-02 -5.445632e-01 -6.287026e-01 1.967608e+00 -2.080905e-02 -3.255022e-02 -7.233566e-02 -7.344446e-02 -3.731188e-02 5.921574e-03 -4.629811e-04 -5.815868e-02 -1.398858e-01 -2.034787e-01 -1.890414e-01 -1.059209e-01 -2.140668e-04
<VARIANCE> 25
 7.047552e+00 5.039686e+00 1.025280e+01 9.408163e+00 1.315214e+01 2.381765e+01 1.465650e+01 1.323127e+01 1.160728e+01 1.194272e+01 1.362052e+01 1.159170e+01 7.921272e-02 1.634639e-01 2.755617e-01 4.202553e-01 5.687872e-01 7.049795e-01 8.004167e-01 8.583910e-01 8.942119e-01 8.552978e-01 8.629918e-01 8.479207e-01 2.231951e-05
<GCONST> 5.601192e+01
<MIXTURE> 113 5.938666e-03
<MEAN> 25
 9.977515e+00 1.754502e+00 -8.779258e+00 -1.704426e+01 -1.034763e+00 5.660021e+00 -5.277577e+00 -1.469535e+00 -5.697665e+00 -4.944470e-01 2.980086e-01 -1.998706e-01 4.860123e-03 1.429877e-02 -5.938977e-02 -1.126846e-01 1.043774e-01 1.499482e-01 5.952191e-02 3.612522e-02 -5.722807e-02 -5.082543e-02 1.801201e-01 3.543622e-02 -1.416326e-03
<VARIANCE> 25
 8.870476e+00 1.638817e+01 2.968008e+01 3.422671e+01 5.272242e+01 3.385699e+01 3.972886e+01 3.916477e+01 3.737156e+01 4.639046e+01 3.629035e+01 2.844968e+01 1.217646e-01 3.211178e-01 3.161073e-01 6.327075e-01 6.126816e-01 6.546469e-01 7.767215e-01 8.451403e-01 9.593275e-01 9.056017e-01 7.248136e-01 7.134742e-01 1.248435e-04
<GCONST> 7.111034e+01
<MIXTURE> 114 5.938666e-03
<MEAN> 25
 9.977515e+00 1.754502e+00 -8.779258e+00 -1.704426e+01 -1.034763e+00 5.660021e+00 -5.277577e+00 -1.469535e+00 -5.697665e+00 -4.944470e-01 2.980086e-01 -1.998706e-01 4.860123e-03 1.429877e-02 -5.938977e-02 -1.126846e-01 1.043774e-01 1.499482e-01 5.952191e-02 3.612522e-02 -5.722807e-02 -5.082543e-02 1.801201e-01 3.543622e-02 -1.416326e-03
<VARIANCE> 25
 8.870476e+00 1.638817e+01 2.968008e+01 3.422671e+01 5.272242e+01 3.385699e+01 3.972886e+01 3.916477e+01 3.737156e+01 4.639046e+01 3.629035e+01 2.844968e+01 1.217646e-01 3.211178e-01 3.161073e-01 6.327075e-01 6.126816e-01 6.546469e-01 7.767215e-01 8.451403e-01 9.593275e-01 9.056017e-01 7.248136e-01 7.134742e-01 1.248435e-04
<GCONST> 7.111034e+01
<MIXTURE> 115 2.935202e-03
<MEAN> 25
 -3.911419e+00 -1.010110e-01 -3.271558e+00 3.807376e+00 2.762929e+00 -2.834717e-01 2.319970e+00 -1.550077e-01 1.263116e+00 -1.917699e-01 -4.087831e-02 2.951729e+00 2.331183e-02 -8.571301e-02 -2.378245e-01 -3.929849e-01 -5.781184e-01 -6.786130e-01 -5.725240e-01 -5.025216e-01 -5.188602e-01 -4.306109e-01 -3.127633e-01 -1.602534e-01 -3.907217e-05
<VARIANCE> 25
 9.100218e+00 1.520170e+01 1.329076e+01 1.230569e+01 1.454340e+01 1.706431e+01 1.628941e+01 2.467009e+01 1.831254e+01 1.670925e+01 1.816919e+01 1.485886e+01 1.977105e-01 3.358631e-01 4.605784e-01 5.868563e-01 6.400291e-01 7.725911e-01 9.797103e-01 1.089500e+00 1.183329e+00 9.569775e-01 1.010056e+00 1.010180e+00 1.095827e-06
<GCONST> 6.056709e+01
<MIXTURE> 116 2.935202e-03
<MEAN> 25
 -3.911419e+00 -1.010110e-01 -3.271558e+00 3.807376e+00 2.762929e+00 -2.834717e-01 2.319970e+00 -1.550077e-01 1.263116e+00 -1.917699e-01 -4.087831e-02 2.951729e+00 2.331183e-02 -8.571301e-02 -2.378245e-01 -3.929849e-01 -5.781184e-01 -6.786130e-01 -5.725240e-01 -5.025216e-01 -5.188602e-01 -4.306109e-01 -3.127633e-01 -1.602534e-01 -3.907217e-05
<VARIANCE> 25
 9.100218e+00 1.520170e+01 1.329076e+01 1.230569e+01 1.454340e+01 1.706431e+01 1.628941e+01 2.467009e+01 1.831254e+01 1.670925e+01 1.816919e+01 1.485886e+01 1.977105e-01 3.358631e-01 4.605784e-01 5.868563e-01 6.400291e-01 7.725911e-01 9.797103e-01 1.089500e+00 1.183329e+00 9.569775e-01 1.010056e+00 1.010180e+00 1.095827e-06
<GCONST> 6.056709e+01
<MIXTURE> 117 6.506003e-03
<MEAN> 25
 -4.639144e+00 1.133979e+00 1.038064e+00 9.752189e+00 6.270811e+00 6.249525e+00 6.462979e+00 5.023378e+00 6.380593e+00 4.916416e+00 6.350400e+00 2.720247e+00 -7.514039e-02 -2.335412e-01 -3.584791e-01 -4.200222e-01 -3.673094e-01 -3.018727e-01 -2.839601e-01 -3.314589e-01 -3.936990e-01 -3.681260e-01 -2.607864e-01 -1.152680e-01 -8.685674e-06
<VARIANCE> 25
 7.188339e+00 8.856264e+00 9.911725e+00 1.431081e+01 1.563890e+01 1.534269e+01 1.769253e+01 1.812617e+01 1.638543e+01 1.641363e+01 1.683673e+01 1.478008e+01 2.161871e-01 3.071575e-01 4.252801e-01 6.160016e-01 8.531744e-01 1.055539e+00 1.184064e+00 1.230949e+00 1.230185e+00 1.192756e+00 1.168929e+00 1.112657e+00 1.000500e-06
<GCONST> 6.046924e+01
<MIXTURE> 118 6.506003e-03
<MEAN> 25
 -4.639144e+00 1.133979e+00 1.038064e+00 9.752189e+00 6.270811e+00 6.249525e+00 6.462979e+00 5.023378e+00 6.380593e+00 4.916416e+00 6.350400e+00 2.720247e+00 -7.514039e-02 -2.335412e-01 -3.584791e-01 -4.200222e-01 -3.673094e-01 -3.018727e-01 -2.839601e-01 -3.314589e-01 -3.936990e-01 -3.681260e-01 -2.607864e-01 -1.152680e-01 -8.685674e-06
<VARIANCE> 25
 7.188339e+00 8.856264e+00 9.911725e+00 1.431081e+01 1.563890e+01 1.534269e+01 1.769253e+01 1.812617e+01 1.638543e+01 1.641363e+01 1.683673e+01 1.478008e+01 2.161871e-01 3.071575e-01 4.252801e-01 6.160016e-01 8.531744e-01 1.055539e+00 1.184064e+00 1.230949e+00 1.230185e+00 1.192756e+00 1.168929e+00 1.112657e+00 1.000500e-06
<GCONST> 6.046924e+01
<MIXTURE> 119 4.297961e-03
<MEAN> 25
 -6.067409e+00 -7.114521e+00 2.745216e+00 1.976771e+00 1.906415e+00 4.563259e-01 5.078261e+00 6.669869e+00 1.131680e+00 -2.315425e-01 6.733365e+00 1.690877e+00 -5.400460e-02 -4.224591e-02 9.711101e-02 -4.928463e-02 -1.575779e-01 -1.869212e-01 -1.134307e-01 3.257350e-02 -1.558145e-01 -1.551603e-01 1.045888e-02 -3.231063e-03 5.515009e-04
<VARIANCE> 25
 1.577491e+01 1.063214e+01 1.678624e+01 1.809853e+01 2.120413e+01 2.138779e+01 2.258183e+01 2.786229e+01 2.265553e+01 3.545545e+01 1.919574e+01 1.849069e+01 1.454711e-01 2.684043e-01 4.997722e-01 5.672054e-01 7.218044e-01 9.439527e-01 1.013297e+00 1.192501e+00 1.202969e+00 1.134602e+00 1.234655e+00 1.047780e+00 2.154941e-04
<GCONST> 6.933556e+01
<MIXTURE> 120 4.297961e-03
<MEAN> 25
 -6.067409e+00 -7.114521e+00 2.745216e+00 1.976771e+00 1.906415e+00 4.563259e-01 5.078261e+00 6.669869e+00 1.131680e+00 -2.315425e-01 6.733365e+00 1.690877e+00 -5.400460e-02 -4.224591e-02 9.711101e-02 -4.928463e-02 -1.575779e-01 -1.869212e-01 -1.134307e-01 3.257350e-02 -1.558145e-01 -1.551603e-01 1.045888e-02 -3.231063e-03 5.515009e-04
<VARIANCE> 25
 1.577491e+01 1.063214e+01 1.678624e+01 1.809853e+01 2.120413e+01 2.138779e+01 2.258183e+01 2.786229e+01 2.265553e+01 3.545545e+01 1.919574e+01 1.849069e+01 1.454711e-01 2.684043e-01 4.997722e-01 5.672054e-01 7.218044e-01 9.439527e-01 1.013297e+00 1.192501e+00 1.202969e+00 1.134602e+00 1.234655e+00 1.047780e+00 2.154941e-04
<GCONST> 6.933556e+01
<MIXTURE> 121 4.567511e-03
<MEAN> 25
 2.119109e-01 -2.522965e+00 5.149062e+00 -1.289960e+01 -1.264116e+01 -1.659629e+00 1.001269e+00 -5.111364e+00 -4.203308e+00 -4.909675e-01 -5.506605e+00 -4.315177e+00 2.419785e-02 1.331462e-01 -4.126376e-02 8.074836e-02 1.585878e-01 7.735247e-02 -7.881372e-02 -1.828523e-01 -2.688634e-01 -2.566796e-01 -1.135389e-01 1.256634e-03 -7.441505e-03
<VARIANCE> 25
 7.759957e+00 1.559844e+01 1.729531e+01 2.036777e+01 2.444970e+01 2.928616e+01 2.952986e+01 2.458405e+01 3.529173e+01 2.832354e+01 1.973820e+01 2.117447e+01 1.549207e-01 6.437048e-01 6.228021e-01 7.064894e-01 7.701665e-01 1.151298e+00 1.118305e+00 1.120566e+00 1.216952e+00 1.193598e+00 9.426380e-01 8.716229e-01 2.107956e-04
<GCONST> 7.140267e+01
<MIXTURE> 122 4.567511e-03
<MEAN> 25
 2.119109e-01 -2.522965e+00 5.149062e+00 -1.289960e+01 -1.264116e+01 -1.659629e+00 1.001269e+00 -5.111364e+00 -4.203308e+00 -4.909675e-01 -5.506605e+00 -4.315177e+00 2.419785e-02 1.331462e-01 -4.126376e-02 8.074836e-02 1.585878e-01 7.735247e-02 -7.881372e-02 -1.828523e-01 -2.688634e-01 -2.566796e-01 -1.135389e-01 1.256634e-03 -7.441505e-03
<VARIANCE> 25
 7.759957e+00 1.559844e+01 1.729531e+01 2.036777e+01 2.444970e+01 2.928616e+01 2.952986e+01 2.458405e+01 3.529173e+01 2.832354e+01 1.973820e+01 2.117447e+01 1.549207e-01 6.437048e-01 6.228021e-01 7.064894e-01 7.701665e-01 1.151298e+00 1.118305e+00 1.120566e+00 1.216952e+00 1.193598e+00 9.426380e-01 8.716229e-01 2.107956e-04
<GCONST> 7.140267e+01
<MIXTURE> 123 4.393044e-03
<MEAN> 25
 -3.802849e+00 2.997817e+00 -1.349965e+00 6.262661e+00 6.142787e+00 3.222143e+00 3.235733e+00 -1.368782e+00 1.083424e+00 -1.765079e-01 -4.490544e-01 2.108703e+00 -4.103701e-01 -6.203421e-01 -7.418948e-01 -5.907199e-01 -2.067426e-01 9.676816e-02 4.504765e-01 6.329174e-01 8.836676e-01 8.150802e-01 6.403902e-01 5.564055e-01 -2.481795e-03
<VARIANCE> 25
 9.005707e+00 1.945149e+01 1.829115e+01 1.445144e+01 1.961788e+01 2.258227e+01 1.875170e+01 2.416520e+01 2.153156e+01 1.523528e+01 1.842719e+01 2.142760e+01 3.144145e-01 3.644212e-01 4.884558e-01 6.419230e-01 8.695104e-01 9.881250e-01 1.037498e+00 9.940965e-01 1.154479e+00 1.041278e+00 1.065995e+00 1.081300e+00 8.353961e-05
<GCONST> 6.816017e+01
<MIXTURE> 124 4.069876e-03
<MEAN> 25
 -6.341465e+00 -4.640405e-01 -3.191016e+00 5.191104e+00 5.358911e+00 3.402668e+00 5.360633e+00 1.829663e+00 3.285449e+00 1.364609e+00 1.034825e+00 3.501995e+00 -1.969029e-01 -2.993506e-01 -3.535931e-01 -2.494650e-01 1.132045e-01 5.077370e-01 8.085504e-01 8.605444e-01 6.348419e-01 2.799579e-01 7.771515e-02 -4.946680e-02 -2.381018e-04
<VARIANCE> 25
 1.081730e+01 1.244754e+01 1.142171e+01 1.175334e+01 1.306968e+01 1.851147e+01 1.477219e+01 2.219326e+01 1.518409e+01 1.541458e+01 1.822253e+01 1.593658e+01 9.990144e-02 1.661054e-01 2.582402e-01 4.097753e-01 5.601423e-01 6.737390e-01 7.061875e-01 7.854421e-01 8.888260e-01 9.965858e-01 9.545811e-01 9.690968e-01 1.800609e-05
<GCONST> 5.912477e+01
<MIXTURE> 125 4.069876e-03
<MEAN> 25
 -6.341465e+00 -4.640405e-01 -3.191016e+00 5.191104e+00 5.358911e+00 3.402668e+00 5.360633e+00 1.829663e+00 3.285449e+00 1.364609e+00 1.034825e+00 3.501995e+00 -1.969029e-01 -2.993506e-01 -3.535931e-01 -2.494650e-01 1.132045e-01 5.077370e-01 8.085504e-01 8.605444e-01 6.348419e-01 2.799579e-01 7.771515e-02 -4.946680e-02 -2.381018e-04
<VARIANCE> 25
 1.081730e+01 1.244754e+01 1.142171e+01 1.175334e+01 1.306968e+01 1.851147e+01 1.477219e+01 2.219326e+01 1.518409e+01 1.541458e+01 1.822253e+01 1.593658e+01 9.990144e-02 1.661054e-01 2.582402e-01 4.097753e-01 5.601423e-01 6.737390e-01 7.061875e-01 7.854421e-01 8.888260e-01 9.965858e-01 9.545811e-01 9.690968e-01 1.800609e-05
<GCONST> 5.912477e+01
<MIXTURE> 126 2.402244e-03
<MEAN> 25
 -3.789013e+00 -6.926130e+00 -5.284408e+00 2.322102e+00 4.281703e+00 -3.237690e+00 7.052597e-02 3.545488e+00 3.341682e+00 -2.694675e+00 -1.430052e+00 3.057479e+00 -2.119123e-03 -6.572806e-03 -3.583355e-02 -1.580303e-01 -3.181438e-01 -3.890482e-01 -2.735257e-01 -1.573936e-01 -1.129230e-01 -1.154227e-01 -9.770146e-02 -3.061264e-02 -1.472022e-03
<VARIANCE> 25
 7.427543e+00 1.279844e+01 1.383418e+01 1.512157e+01 2.468790e+01 2.369705e+01 2.273267e+01 2.848102e+01 3.126808e+01 2.623391e+01 2.175480e+01 1.917884e+01 1.705686e-01 3.516917e-01 4.831988e-01 5.667525e-01 7.535627e-01 9.951991e-01 1.121328e+00 1.261597e+00 1.330445e+00 1.310078e+00 1.213339e+00 1.146711e+00 2.106752e-04
<GCONST> 6.980374e+01
<MIXTURE> 127 2.402244e-03
<MEAN> 25
 -3.789013e+00 -6.926130e+00 -5.284408e+00 2.322102e+00 4.281703e+00 -3.237690e+00 7.052597e-02 3.545488e+00 3.341682e+00 -2.694675e+00 -1.430052e+00 3.057479e+00 -2.119123e-03 -6.572806e-03 -3.583355e-02 -1.580303e-01 -3.181438e-01 -3.890482e-01 -2.735257e-01 -1.573936e-01 -1.129230e-01 -1.154227e-01 -9.770146e-02 -3.061264e-02 -1.472022e-03
<VARIANCE> 25
 7.427543e+00 1.279844e+01 1.383418e+01 1.512157e+01 2.468790e+01 2.369705e+01 2.273267e+01 2.848102e+01 3.126808e+01 2.623391e+01 2.175480e+01 1.917884e+01 1.705686e-01 3.516917e-01 4.831988e-01 5.667525e-01 7.535627e-01 9.951991e-01 1.121328e+00 1.261597e+00 1.330445e+00 1.310078e+00 1.213339e+00 1.146711e+00 2.106752e-04
<GCONST> 6.980374e+01
<MIXTURE> 128 3.790457e-03
<MEAN> 25
 -3.882717e+00 1.720782e+00 -4.888322e-01 6.573977e+00 3.777327e+00 1.866749e+00 3.631036e+00 2.192596e+00 3.848851e+00 3.618041e+00 3.675558e+00 3.569770e+00 -3.826401e-01 -1.880033e-01 8.889348e-02 7.024593e-01 1.159427e+00 1.122255e+00 7.142984e-01 1.333569e-01 -4.256322e-01 -7.711793e-01 -6.958461e-01 -3.881763e-01 -5.352536e-05
<VARIANCE> 25
 1.010677e+01 1.282138e+01 1.562320e+01 1.899096e+01 2.068420e+01 2.085730e+01 2.405013e+01 2.557355e+01 2.681997e+01 2.370028e+01 2.670185e+01 1.798664e+01 8.848499e-01 1.129814e+00 1.339707e+00 1.501405e+00 1.582894e+00 1.835714e+00 2.242455e+00 2.276893e+00 2.204270e+00 1.831378e+00 1.738666e+00 1.719549e+00 1.001999e-06
<GCONST> 7.369451e+01
<TRANSP> 3
 0.000000e+00 1.000000e+00 0.000000e+00
 0.000000e+00 9.999990e-01 9.999998e-07
 0.000000e+00 0.000000e+00 0.000000e+00
<ENDHMM>
