~o
<STREAMINFO> 1 25
<VECSIZE> 25<NULLD><MFCC_E_D_N><DIAGC>
~h "jmodel"
<BEGINHMM>
<NUMSTATES> 3
<STATE> 2
<NUMMIXES> 128
<MIXTURE> 1 5.748963e-03
<MEAN> 25
 -2.567010e+00 3.195671e+00 2.238826e+00 8.715039e+00 4.375625e+00 3.448746e+00 4.061049e+00 3.887591e+00 5.854025e+00 5.157054e+00 5.841853e+00 3.098683e+00 -1.985909e+00 -1.591927e+00 -8.659007e-01 1.065883e+00 1.575004e+00 2.220663e+00 2.147854e+00 2.055442e+00 1.668547e+00 1.249527e+00 1.548280e+00 6.311234e-01 -4.693640e-02
<VARIANCE> 25
 1.005668e+01 1.162667e+01 1.529112e+01 1.865028e+01 2.321625e+01 2.232926e+01 2.171642e+01 2.211370e+01 2.077909e+01 2.283948e+01 2.080956e+01 1.693148e+01 1.811225e+00 2.200942e+00 2.987221e+00 3.189100e+00 3.729777e+00 3.324750e+00 3.283566e+00 3.419067e+00 3.544858e+00 3.703391e+00 3.492428e+00 2.839632e+00 3.085100e-03
<GCONST> 8.847449e+01
<MIXTURE> 2 4.549242e-03
<MEAN> 25
 -4.870634e+00 1.318698e+00 9.835365e-01 9.899363e+00 6.697164e+00 7.421779e+00 7.846069e+00 6.949372e+00 8.373642e+00 6.369348e+00 7.624857e+00 3.080899e+00 -6.224830e-02 4.188473e-02 1.429909e-01 2.266787e-01 2.666393e-01 2.825330e-01 2.949798e-01 3.174550e-01 3.471748e-01 3.067573e-01 1.976708e-01 8.131728e-02 -2.710402e-06
<VARIANCE> 25
 6.960734e+00 8.924255e+00 1.071991e+01 1.589173e+01 1.722982e+01 1.554724e+01 1.687613e+01 1.851546e+01 1.656368e+01 1.737209e+01 1.808972e+01 1.435011e+01 1.251412e-01 2.263847e-01 3.362919e-01 4.669802e-01 6.498058e-01 8.147224e-01 9.287884e-01 1.004973e+00 1.055199e+00 1.079767e+00 1.074331e+00 1.013638e+00 1.010936e-06
<GCONST> 5.806120e+01
<MIXTURE> 3 4.549242e-03
<MEAN> 25
 -4.870634e+00 1.318698e+00 9.835365e-01 9.899363e+00 6.697164e+00 7.421779e+00 7.846069e+00 6.949372e+00 8.373642e+00 6.369348e+00 7.624857e+00 3.080899e+00 -6.224830e-02 4.188473e-02 1.429909e-01 2.266787e-01 2.666393e-01 2.825330e-01 2.949798e-01 3.174550e-01 3.471748e-01 3.067573e-01 1.976708e-01 8.131728e-02 -2.710402e-06
<VARIANCE> 25
 6.960734e+00 8.924255e+00 1.071991e+01 1.589173e+01 1.722982e+01 1.554724e+01 1.687613e+01 1.851546e+01 1.656368e+01 1.737209e+01 1.808972e+01 1.435011e+01 1.251412e-01 2.263847e-01 3.362919e-01 4.669802e-01 6.498058e-01 8.147224e-01 9.287884e-01 1.004973e+00 1.055199e+00 1.079767e+00 1.074331e+00 1.013638e+00 1.010936e-06
<GCONST> 5.806120e+01
<MIXTURE> 4 1.671429e-02
<MEAN> 25
 3.386646e+00 2.988482e+00 -4.188328e+00 7.885944e-01 4.148525e+00 -2.066659e-02 -5.096269e-01 -3.866915e-01 2.151132e+00 1.020625e+00 -1.720055e+00 7.110699e-02 -2.664117e+00 1.090684e+00 1.517210e+00 2.876525e+00 8.848713e-01 4.311068e-01 1.642730e+00 7.822355e-01 7.142951e-01 3.402441e-01 1.219696e+00 9.404261e-01 -9.690399e-02
<VARIANCE> 25
 1.915736e+01 2.701040e+01 2.716644e+01 3.557151e+01 4.134575e+01 6.464555e+01 6.037144e+01 5.176150e+01 5.144940e+01 5.540989e+01 4.545065e+01 3.290231e+01 2.148688e+00 4.759068e+00 3.682722e+00 4.636599e+00 4.504482e+00 5.987499e+00 5.697112e+00 5.424017e+00 5.833766e+00 6.054160e+00 5.482104e+00 4.044234e+00 5.893022e-03
<GCONST> 1.036902e+02
<MIXTURE> 5 3.206198e-03
<MEAN> 25
 -3.409889e+00 2.190523e+00 5.893737e-01 9.416691e+00 6.698701e+00 6.312631e+00 7.113629e+00 4.721722e+00 5.502206e+00 3.842285e+00 4.651415e+00 2.607370e+00 -3.255378e-01 7.526623e-01 1.220111e+00 1.033275e+00 3.128155e-01 -9.683773e-02 -8.176496e-02 3.203922e-02 4.565690e-01 6.818007e-01 4.045789e-01 8.999018e-02 -2.670776e-05
<VARIANCE> 25
 1.024374e+01 1.393892e+01 2.359446e+01 2.561199e+01 2.017154e+01 1.937890e+01 2.006150e+01 2.031021e+01 2.137799e+01 2.124200e+01 2.406434e+01 1.632328e+01 1.207271e+00 1.241194e+00 1.362388e+00 1.669332e+00 2.289176e+00 2.374356e+00 2.297210e+00 2.270371e+00 2.310829e+00 2.234155e+00 2.080315e+00 1.870497e+00 1.000470e-06
<GCONST> 7.513821e+01
<MIXTURE> 6 5.475854e-03
<MEAN> 25
 9.704421e+00 -4.279262e-01 -6.683963e+00 -1.104955e+01 -2.128679e+00 6.730853e+00 -5.903598e+00 -5.303668e+00 -3.656336e+00 1.836018e+00 4.634133e+00 -1.258855e+00 4.850808e-01 8.928089e-01 -3.493631e-01 -1.463246e+00 -6.401421e-01 1.314465e+00 1.536028e+00 2.455820e-01 -1.214830e+00 -1.218029e+00 3.218729e-01 1.227365e+00 -8.146966e-03
<VARIANCE> 25
 8.950290e+00 1.714576e+01 2.396340e+01 3.911582e+01 3.682714e+01 3.066787e+01 4.402082e+01 3.806362e+01 4.069989e+01 3.944845e+01 4.211535e+01 2.840802e+01 3.112476e-01 8.652793e-01 9.462591e-01 1.998825e+00 1.610319e+00 2.013486e+00 1.917011e+00 2.054827e+00 2.406009e+00 1.963032e+00 2.244208e+00 1.438527e+00 5.859010e-04
<GCONST> 8.389986e+01
<MIXTURE> 7 5.475854e-03
<MEAN> 25
 9.704421e+00 -4.279262e-01 -6.683963e+00 -1.104955e+01 -2.128679e+00 6.730853e+00 -5.903598e+00 -5.303668e+00 -3.656336e+00 1.836018e+00 4.634133e+00 -1.258855e+00 4.850808e-01 8.928089e-01 -3.493631e-01 -1.463246e+00 -6.401421e-01 1.314465e+00 1.536028e+00 2.455820e-01 -1.214830e+00 -1.218029e+00 3.218729e-01 1.227365e+00 -8.146966e-03
<VARIANCE> 25
 8.950290e+00 1.714576e+01 2.396340e+01 3.911582e+01 3.682714e+01 3.066787e+01 4.402082e+01 3.806362e+01 4.069989e+01 3.944845e+01 4.211535e+01 2.840802e+01 3.112476e-01 8.652793e-01 9.462591e-01 1.998825e+00 1.610319e+00 2.013486e+00 1.917011e+00 2.054827e+00 2.406009e+00 1.963032e+00 2.244208e+00 1.438527e+00 5.859010e-04
<GCONST> 8.389986e+01
<MIXTURE> 8 1.165917e-02
<MEAN> 25
 -4.557686e+00 1.711230e+00 6.514367e-01 9.393973e+00 6.844880e+00 6.589671e+00 6.613847e+00 5.444934e+00 6.434422e+00 5.051200e+00 6.437583e+00 3.294269e+00 -5.935645e-01 -1.556218e+00 -9.361754e-01 -1.644204e+00 -3.341636e-01 -1.081760e+00 -2.070559e-01 -2.629657e-01 -3.043056e-01 -2.860281e-02 -1.189815e-01 4.574270e-03 1.006628e-01
<VARIANCE> 25
 9.020336e+00 1.059735e+01 1.568408e+01 1.584240e+01 1.665755e+01 1.607271e+01 1.707857e+01 1.723418e+01 1.687231e+01 2.011926e+01 1.821679e+01 1.361378e+01 2.584899e+00 2.848629e+00 3.971248e+00 3.678640e+00 3.352233e+00 3.450324e+00 2.960532e+00 2.923413e+00 2.745695e+00 2.752451e+00 2.476783e+00 1.863453e+00 6.339201e-03
<GCONST> 8.641309e+01
<MIXTURE> 9 1.199672e-02
<MEAN> 25
 9.238055e+00 2.906484e+00 -5.465563e+00 -1.143577e+01 -2.175241e+00 4.812118e+00 -3.028849e+00 -3.075361e+00 -4.999526e+00 -1.766309e-01 7.900321e-02 -5.990852e-01 1.735340e+00 -3.202294e-01 -1.868438e-01 -2.791392e+00 -1.897292e+00 1.148186e+00 -9.742278e-01 -4.518424e-01 -1.885209e-01 -2.567055e-01 3.267634e-01 -3.232726e-01 7.652794e-02
<VARIANCE> 25
 1.042260e+01 2.081162e+01 2.951935e+01 4.845326e+01 4.229345e+01 2.699995e+01 3.928653e+01 4.502139e+01 3.646118e+01 4.094179e+01 3.090079e+01 2.404150e+01 2.280730e+00 2.490829e+00 4.115102e+00 4.563904e+00 4.408043e+00 3.728051e+00 3.628851e+00 5.364507e+00 4.443775e+00 3.886177e+00 3.940725e+00 2.415525e+00 1.953285e-03
<GCONST> 9.633146e+01
<MIXTURE> 10 6.596976e-03
<MEAN> 25
 8.204671e-01 7.601260e+00 5.333652e+00 7.114227e+00 1.561500e+00 -2.121365e+00 -5.030302e-01 -1.643157e+00 8.899907e-01 8.407531e-01 8.654027e-01 6.769904e-01 -1.924559e+00 -6.544545e-01 -4.654820e-01 3.018696e+00 2.458539e+00 2.703025e+00 2.366060e+00 2.248606e+00 1.857680e+00 1.531615e+00 2.322432e+00 5.360273e-01 -1.376214e-01
<VARIANCE> 25
 1.942271e+01 2.068073e+01 2.276549e+01 2.907971e+01 3.824996e+01 3.492754e+01 3.495565e+01 3.396663e+01 2.761947e+01 2.892849e+01 2.686255e+01 2.491712e+01 2.233331e+00 3.447393e+00 5.500455e+00 5.160424e+00 5.526526e+00 4.448855e+00 4.685131e+00 4.918802e+00 4.390493e+00 5.039313e+00 4.449879e+00 3.191769e+00 2.713096e-03
<GCONST> 9.747148e+01
<MIXTURE> 11 1.633820e-02
<MEAN> 25
 7.845857e+00 3.890955e+00 3.734525e+00 4.786717e+00 -3.710231e+00 -1.287142e+00 -2.378305e+00 -7.125090e+00 -3.312660e+00 -5.332963e-01 -3.108443e+00 -2.617304e+00 -4.825096e-01 4.365183e-01 2.016431e-01 4.317786e-01 4.883644e-01 -2.680050e-01 4.569120e-01 1.918723e-02 -1.277382e-01 -2.932012e-02 -2.045574e-01 1.671234e-01 -1.385147e-02
<VARIANCE> 25
 9.757282e+00 2.726577e+01 2.016325e+01 2.959835e+01 3.806393e+01 3.814182e+01 4.608594e+01 4.461852e+01 3.871724e+01 3.642297e+01 3.594188e+01 2.686406e+01 1.106258e+00 1.198040e+00 1.591041e+00 2.324878e+00 2.028579e+00 2.263187e+00 2.183695e+00 2.826111e+00 1.966377e+00 1.793704e+00 1.949285e+00 1.621662e+00 1.033552e-03
<GCONST> 8.742595e+01
<MIXTURE> 12 5.904134e-03
<MEAN> 25
 1.076570e+01 3.732461e+00 -4.499485e+00 -1.599035e+01 -8.696716e+00 8.638405e+00 -9.037250e-01 -1.928476e+00 -1.723457e+00 -4.874665e+00 1.769232e+00 7.105554e-01 6.802081e-02 2.923441e-01 8.027136e-02 -3.661427e-01 -3.111560e-01 3.015377e-02 3.060485e-01 4.472099e-01 1.423170e-01 -3.850694e-01 -3.860544e-01 5.384026e-02 -6.292409e-03
<VARIANCE> 25
 8.874262e+00 2.112096e+01 2.334343e+01 3.504610e+01 4.202692e+01 3.097322e+01 4.180444e+01 4.899493e+01 4.402194e+01 3.749522e+01 3.799277e+01 2.893693e+01 2.467245e-01 6.909333e-01 6.859799e-01 1.175701e+00 1.191277e+00 1.053847e+00 1.170861e+00 1.389918e+00 1.241042e+00 1.222976e+00 1.221298e+00 9.557616e-01 5.783095e-04
<GCONST> 7.894162e+01
<MIXTURE> 13 5.904134e-03
<MEAN> 25
 1.076570e+01 3.732461e+00 -4.499485e+00 -1.599035e+01 -8.696716e+00 8.638405e+00 -9.037250e-01 -1.928476e+00 -1.723457e+00 -4.874665e+00 1.769232e+00 7.105554e-01 6.802081e-02 2.923441e-01 8.027136e-02 -3.661427e-01 -3.111560e-01 3.015377e-02 3.060485e-01 4.472099e-01 1.423170e-01 -3.850694e-01 -3.860544e-01 5.384026e-02 -6.292409e-03
<VARIANCE> 25
 8.874262e+00 2.112096e+01 2.334343e+01 3.504610e+01 4.202692e+01 3.097322e+01 4.180444e+01 4.899493e+01 4.402194e+01 3.749522e+01 3.799277e+01 2.893693e+01 2.467245e-01 6.909333e-01 6.859799e-01 1.175701e+00 1.191277e+00 1.053847e+00 1.170861e+00 1.389918e+00 1.241042e+00 1.222976e+00 1.221298e+00 9.557616e-01 5.783095e-04
<GCONST> 7.894162e+01
<MIXTURE> 14 6.488954e-03
<MEAN> 25
 -4.155728e+00 1.618018e-01 -7.773909e-01 8.819472e+00 7.815201e+00 7.602165e+00 7.813217e+00 6.603634e+00 7.228740e+00 4.489543e+00 6.437799e+00 4.255857e+00 -2.412080e-01 1.632838e-01 3.176394e-01 2.838782e-01 1.258434e-01 1.032819e-01 2.636178e-01 3.095276e-01 2.082766e-01 5.114861e-01 4.652326e-01 2.121709e-01 -8.238055e-03
<VARIANCE> 25
 8.773989e+00 1.499286e+01 1.897275e+01 1.616638e+01 2.018193e+01 1.901700e+01 1.965180e+01 2.298606e+01 1.899332e+01 2.637956e+01 2.110578e+01 1.474966e+01 8.878835e-01 1.610401e+00 1.625913e+00 1.805013e+00 2.299059e+00 2.226886e+00 2.367972e+00 2.279773e+00 2.164828e+00 2.465615e+00 2.060977e+00 2.046411e+00 1.095170e-03
<GCONST> 8.162348e+01
<MIXTURE> 15 2.475190e-03
<MEAN> 25
 -5.411963e+00 -6.230000e-01 -2.182109e-01 7.369606e+00 5.735940e+00 5.723459e+00 6.065335e+00 4.959062e+00 5.176695e+00 4.124389e+00 5.485649e+00 2.541676e+00 -1.181257e-01 -2.672392e-02 7.273352e-02 2.423601e-01 4.911439e-01 7.857300e-01 1.074490e+00 1.183858e+00 1.051593e+00 7.528108e-01 4.187365e-01 1.544380e-01 -4.977021e-05
<VARIANCE> 25
 6.991113e+00 5.691527e+00 9.064700e+00 1.276680e+01 1.407966e+01 1.436150e+01 1.486037e+01 1.493093e+01 1.409680e+01 1.433901e+01 1.510017e+01 1.247339e+01 1.273532e-01 2.075310e-01 3.195984e-01 5.019735e-01 7.019197e-01 7.905425e-01 7.608667e-01 7.899316e-01 9.234808e-01 1.026251e+00 1.069414e+00 1.037294e+00 2.808236e-05
<GCONST> 5.864884e+01
<MIXTURE> 16 2.475190e-03
<MEAN> 25
 -5.411963e+00 -6.230000e-01 -2.182109e-01 7.369606e+00 5.735940e+00 5.723459e+00 6.065335e+00 4.959062e+00 5.176695e+00 4.124389e+00 5.485649e+00 2.541676e+00 -1.181257e-01 -2.672392e-02 7.273352e-02 2.423601e-01 4.911439e-01 7.857300e-01 1.074490e+00 1.183858e+00 1.051593e+00 7.528108e-01 4.187365e-01 1.544380e-01 -4.977021e-05
<VARIANCE> 25
 6.991113e+00 5.691527e+00 9.064700e+00 1.276680e+01 1.407966e+01 1.436150e+01 1.486037e+01 1.493093e+01 1.409680e+01 1.433901e+01 1.510017e+01 1.247339e+01 1.273532e-01 2.075310e-01 3.195984e-01 5.019735e-01 7.019197e-01 7.905425e-01 7.608667e-01 7.899316e-01 9.234808e-01 1.026251e+00 1.069414e+00 1.037294e+00 2.808236e-05
<GCONST> 5.864884e+01
<MIXTURE> 17 9.518312e-03
<MEAN> 25
 3.308458e+00 -8.625181e-01 6.912436e+00 2.111193e+00 -5.216033e+00 -6.971735e+00 -2.446564e+00 -8.443141e-02 -3.585708e+00 -3.795464e+00 -3.776773e-02 -7.201049e-01 -6.695895e-01 -1.676553e+00 1.498198e+00 -2.290842e+00 -2.714182e+00 -7.067380e-01 3.012954e-01 7.601103e-01 -6.304875e-01 4.229959e-01 1.169980e+00 7.017666e-01 8.931223e-02
<VARIANCE> 25
 1.518647e+01 2.769084e+01 2.731101e+01 3.458101e+01 4.307727e+01 4.613713e+01 3.918898e+01 2.954949e+01 3.371512e+01 2.487309e+01 2.569209e+01 2.519237e+01 1.650645e+00 3.028599e+00 3.623239e+00 2.757152e+00 4.030933e+00 5.721921e+00 4.733612e+00 4.001793e+00 3.877779e+00 4.711955e+00 2.762987e+00 2.849145e+00 2.041535e-03
<GCONST> 9.545776e+01
<MIXTURE> 18 1.221018e-02
<MEAN> 25
 3.666416e+00 4.079864e+00 5.413442e+00 3.899359e+00 -4.383634e+00 -6.987628e+00 -1.684959e+00 3.777014e-01 -2.218251e+00 -2.170004e+00 6.229750e-01 6.288830e-01 -9.328962e-01 2.189908e+00 -5.834176e-01 2.005739e+00 3.040687e+00 1.675521e+00 1.075794e+00 -5.914949e-01 9.864773e-01 7.222344e-03 -4.233594e-01 1.625824e-01 -1.107726e-01
<VARIANCE> 25
 1.357231e+01 2.145798e+01 4.519898e+01 2.146360e+01 3.335889e+01 3.109953e+01 3.827939e+01 3.109973e+01 4.418270e+01 3.128805e+01 2.962867e+01 2.750795e+01 2.436830e+00 2.349725e+00 3.811286e+00 3.301405e+00 3.589797e+00 3.683031e+00 4.224684e+00 3.571601e+00 4.568795e+00 4.421657e+00 4.304098e+00 2.941919e+00 3.430288e-03
<GCONST> 9.590228e+01
<MIXTURE> 19 9.912824e-03
<MEAN> 25
 -1.013480e+01 2.280444e+00 1.955398e-01 1.054097e+00 4.677766e+00 1.924442e+00 3.123122e+00 1.303787e+00 2.042924e+00 1.106233e+00 1.311702e+00 2.031550e+00 2.097054e+00 1.684512e+00 2.057590e+00 6.781280e-01 -1.000939e+00 -9.637516e-01 -1.129618e+00 -1.378400e+00 -1.459556e+00 -1.178456e+00 -8.214675e-01 -7.385846e-01 -3.585003e-04
<VARIANCE> 25
 5.255792e+01 3.171261e+01 4.674371e+01 5.171160e+01 3.764435e+01 3.314681e+01 3.074884e+01 3.034894e+01 2.695895e+01 2.603129e+01 2.953083e+01 1.869394e+01 2.340545e+00 2.186653e+00 2.215672e+00 2.293491e+00 2.472659e+00 2.183996e+00 2.394982e+00 2.302900e+00 1.984666e+00 1.941113e+00 2.215115e+00 1.757678e+00 2.316581e-03
<GCONST> 9.128365e+01
<MIXTURE> 20 6.308331e-03
<MEAN> 25
 -1.416997e+01 7.416071e+00 8.656604e-01 6.133479e+00 4.823264e+00 1.625429e+00 5.222390e+00 8.466811e-01 9.424000e-01 7.768448e-01 2.560885e+00 -2.447665e-01 -3.283587e+00 -8.614638e-01 -1.553789e+00 3.305885e-01 1.534320e+00 2.049971e+00 1.964921e+00 2.036726e+00 2.138147e+00 2.029485e+00 1.677407e+00 9.459183e-01 4.733513e-02
<VARIANCE> 25
 1.965451e+01 2.346497e+01 3.107925e+01 3.698389e+01 3.158101e+01 2.772213e+01 2.987797e+01 3.132182e+01 2.804754e+01 2.823290e+01 2.504427e+01 2.133964e+01 2.087024e+00 2.189505e+00 1.920448e+00 2.527422e+00 2.712030e+00 2.320005e+00 2.336415e+00 2.383347e+00 2.253524e+00 2.655188e+00 2.238503e+00 1.855456e+00 1.879765e-03
<GCONST> 8.929148e+01
<MIXTURE> 21 7.928653e-03
<MEAN> 25
 4.062827e+00 -5.047652e+00 5.837893e+00 -1.868118e+00 -1.063058e+01 -8.777729e+00 -2.460928e+00 4.496317e+00 -2.089300e+00 -3.077117e+00 1.809861e-02 5.385290e-01 -6.736794e-01 1.320627e+00 2.449397e+00 -3.069195e-02 -1.549855e+00 2.707996e-01 5.665950e-01 -1.438607e+00 -1.792221e+00 2.807463e-01 1.401202e+00 2.696647e-01 -1.408283e-02
<VARIANCE> 25
 8.514402e+00 2.230126e+01 2.811829e+01 2.850085e+01 2.737864e+01 3.162127e+01 4.124977e+01 3.888276e+01 4.098696e+01 3.176227e+01 3.321247e+01 2.260459e+01 4.004886e-01 9.223586e-01 2.072562e+00 1.230188e+00 2.131068e+00 2.197515e+00 3.456313e+00 2.432556e+00 2.499485e+00 2.484121e+00 2.087267e+00 2.176612e+00 4.416236e-04
<GCONST> 8.504383e+01
<MIXTURE> 22 8.827789e-03
<MEAN> 25
 -1.781763e+01 7.472068e+00 -3.743986e+00 6.891949e+00 5.450958e+00 2.833553e+00 8.249824e+00 1.733657e+00 5.011315e+00 3.240374e+00 5.596423e+00 1.256445e+00 -3.292411e-01 -1.873070e-01 -6.478595e-02 -1.615928e-01 6.297757e-02 1.328145e-01 1.340363e-01 2.724317e-01 3.251693e-01 2.224257e-01 2.181595e-01 2.038096e-01 1.053053e-02
<VARIANCE> 25
 7.551858e+00 1.727918e+01 1.804524e+01 2.539156e+01 2.957739e+01 1.983836e+01 1.999847e+01 1.757438e+01 1.934771e+01 1.936103e+01 1.793749e+01 1.386944e+01 1.160128e+00 1.276170e+00 1.310745e+00 1.457932e+00 1.399706e+00 1.401801e+00 1.443064e+00 1.509573e+00 1.595714e+00 1.429500e+00 1.316138e+00 1.087103e+00 1.765834e-03
<GCONST> 7.796103e+01
<MIXTURE> 23 6.455497e-03
<MEAN> 25
 7.997422e+00 2.268938e+00 2.998902e+00 2.358288e+00 -4.983866e+00 -3.180160e+00 -4.339180e+00 -6.523571e+00 -3.462432e+00 -9.260659e-01 -4.120015e+00 -2.145570e+00 3.870868e-02 1.759515e-01 1.774049e-02 5.766348e-02 1.851183e-02 5.545139e-02 2.903025e-02 -2.918736e-02 2.281117e-02 5.316832e-02 -1.451808e-02 4.918339e-02 -4.091502e-03
<VARIANCE> 25
 1.040115e+01 2.498019e+01 2.447920e+01 4.077099e+01 3.858511e+01 5.332178e+01 5.878704e+01 5.439509e+01 4.764328e+01 4.739308e+01 4.790686e+01 3.987968e+01 1.192539e-01 2.920071e-01 3.815386e-01 4.873970e-01 6.164491e-01 7.151406e-01 7.715425e-01 9.090443e-01 8.849575e-01 8.705879e-01 8.363039e-01 7.612535e-01 9.291548e-05
<GCONST> 7.317981e+01
<MIXTURE> 24 6.455497e-03
<MEAN> 25
 7.997422e+00 2.268938e+00 2.998902e+00 2.358288e+00 -4.983866e+00 -3.180160e+00 -4.339180e+00 -6.523571e+00 -3.462432e+00 -9.260659e-01 -4.120015e+00 -2.145570e+00 3.870868e-02 1.759515e-01 1.774049e-02 5.766348e-02 1.851183e-02 5.545139e-02 2.903025e-02 -2.918736e-02 2.281117e-02 5.316832e-02 -1.451808e-02 4.918339e-02 -4.091502e-03
<VARIANCE> 25
 1.040115e+01 2.498019e+01 2.447920e+01 4.077099e+01 3.858511e+01 5.332178e+01 5.878704e+01 5.439509e+01 4.764328e+01 4.739308e+01 4.790686e+01 3.987968e+01 1.192539e-01 2.920071e-01 3.815386e-01 4.873970e-01 6.164491e-01 7.151406e-01 7.715425e-01 9.090443e-01 8.849575e-01 8.705879e-01 8.363039e-01 7.612535e-01 9.291548e-05
<GCONST> 7.317981e+01
<MIXTURE> 25 1.118642e-02
<MEAN> 25
 3.092993e-01 3.463821e+00 1.678253e+01 -1.036696e+00 -1.132348e+01 -1.769798e+00 -5.011025e+00 -2.925200e+00 -6.951827e+00 -5.434781e+00 4.107071e+00 -1.645960e+00 -1.343876e-01 4.428721e-01 1.702608e-01 1.516707e-01 2.181925e-01 1.147189e-01 1.971754e-01 -1.676193e-01 -2.438578e-01 7.066639e-02 -7.360014e-02 -1.066390e-01 -1.299179e-02
<VARIANCE> 25
 8.915127e+00 2.232200e+01 2.079444e+01 2.870619e+01 3.159219e+01 4.108064e+01 2.749062e+01 3.016829e+01 2.839522e+01 3.664127e+01 2.097089e+01 2.761321e+01 5.975212e-01 1.448037e+00 1.403494e+00 1.384330e+00 2.272161e+00 2.043139e+00 1.753303e+00 1.630467e+00 1.544393e+00 1.660736e+00 1.348049e+00 1.295579e+00 1.282099e-03
<GCONST> 8.277522e+01
<MIXTURE> 26 7.727677e-03
<MEAN> 25
 1.851606e+00 -4.952838e+00 -9.885335e+00 1.955780e-01 7.895814e+00 5.724840e+00 3.769944e+00 -9.302159e-01 2.328473e+00 -1.563951e+00 -2.814550e+00 -7.858104e-01 -6.527902e-01 6.035475e-01 4.117878e-01 6.583597e-01 2.302675e-01 2.709358e-01 4.222592e-01 3.167421e-01 1.207680e-01 4.624265e-02 3.651614e-01 4.028454e-01 -5.071784e-02
<VARIANCE> 25
 2.380286e+01 4.405008e+01 2.528293e+01 6.226962e+01 3.577270e+01 3.827876e+01 4.384340e+01 4.318744e+01 3.756916e+01 5.184387e+01 3.616221e+01 4.335994e+01 1.650537e+00 1.916285e+00 1.857818e+00 2.065581e+00 2.260863e+00 2.492582e+00 2.545285e+00 2.608134e+00 2.341996e+00 2.131246e+00 1.945778e+00 1.980934e+00 3.309770e-03
<GCONST> 9.332821e+01
<MIXTURE> 27 7.727677e-03
<MEAN> 25
 1.851606e+00 -4.952838e+00 -9.885335e+00 1.955780e-01 7.895814e+00 5.724840e+00 3.769944e+00 -9.302159e-01 2.328473e+00 -1.563951e+00 -2.814550e+00 -7.858104e-01 -6.527902e-01 6.035475e-01 4.117878e-01 6.583597e-01 2.302675e-01 2.709358e-01 4.222592e-01 3.167421e-01 1.207680e-01 4.624265e-02 3.651614e-01 4.028454e-01 -5.071784e-02
<VARIANCE> 25
 2.380286e+01 4.405008e+01 2.528293e+01 6.226962e+01 3.577270e+01 3.827876e+01 4.384340e+01 4.318744e+01 3.756916e+01 5.184387e+01 3.616221e+01 4.335994e+01 1.650537e+00 1.916285e+00 1.857818e+00 2.065581e+00 2.260863e+00 2.492582e+00 2.545285e+00 2.608134e+00 2.341996e+00 2.131246e+00 1.945778e+00 1.980934e+00 3.309770e-03
<GCONST> 9.332821e+01
<MIXTURE> 28 5.036674e-03
<MEAN> 25
 -5.236266e+00 2.633939e-01 -1.833139e+00 6.520977e+00 5.316380e+00 3.582844e+00 5.512743e+00 3.182103e+00 4.096132e+00 2.353050e+00 2.587037e+00 3.192076e+00 -1.409489e-01 2.440713e-01 4.761099e-01 8.075764e-01 8.898230e-01 7.241165e-01 5.327259e-01 3.523405e-01 4.250688e-01 4.617810e-01 3.846184e-01 2.178918e-01 1.359792e-05
<VARIANCE> 25
 1.092152e+01 9.280402e+00 1.304739e+01 1.440097e+01 1.421211e+01 1.702886e+01 1.742805e+01 1.824006e+01 1.703622e+01 1.602790e+01 1.979630e+01 1.438189e+01 2.589354e-01 3.307475e-01 4.471341e-01 4.543352e-01 6.893644e-01 8.185458e-01 1.012030e+00 1.126691e+00 1.064271e+00 9.947206e-01 9.944119e-01 1.035724e+00 9.833086e-07
<GCONST> 6.007509e+01
<MIXTURE> 29 5.036674e-03
<MEAN> 25
 -5.236266e+00 2.633939e-01 -1.833139e+00 6.520977e+00 5.316380e+00 3.582844e+00 5.512743e+00 3.182103e+00 4.096132e+00 2.353050e+00 2.587037e+00 3.192076e+00 -1.409489e-01 2.440713e-01 4.761099e-01 8.075764e-01 8.898230e-01 7.241165e-01 5.327259e-01 3.523405e-01 4.250688e-01 4.617810e-01 3.846184e-01 2.178918e-01 1.359792e-05
<VARIANCE> 25
 1.092152e+01 9.280402e+00 1.304739e+01 1.440097e+01 1.421211e+01 1.702886e+01 1.742805e+01 1.824006e+01 1.703622e+01 1.602790e+01 1.979630e+01 1.438189e+01 2.589354e-01 3.307475e-01 4.471341e-01 4.543352e-01 6.893644e-01 8.185458e-01 1.012030e+00 1.126691e+00 1.064271e+00 9.947206e-01 9.944119e-01 1.035724e+00 9.833086e-07
<GCONST> 6.007509e+01
<MIXTURE> 30 8.917812e-03
<MEAN> 25
 -4.287288e+00 2.780667e-01 1.372705e-01 9.097080e+00 7.945747e+00 7.475722e+00 7.540119e+00 6.345659e+00 6.686363e+00 4.563873e+00 6.920918e+00 3.716468e+00 -1.218045e-02 5.885660e-02 6.745202e-02 1.272056e-01 1.796702e-01 1.198139e-01 5.364572e-02 -3.518802e-02 -9.320313e-02 -3.927623e-02 7.744638e-02 8.304457e-02 -4.221663e-04
<VARIANCE> 25
 6.889448e+00 1.157528e+01 1.254631e+01 1.269370e+01 1.486563e+01 1.601105e+01 1.766459e+01 1.978112e+01 1.533798e+01 1.911503e+01 2.044589e+01 1.396881e+01 1.112921e-01 1.985387e-01 3.147425e-01 4.740764e-01 6.809787e-01 7.363395e-01 7.761903e-01 8.730839e-01 9.536437e-01 9.594275e-01 8.646913e-01 8.307695e-01 4.977695e-05
<GCONST> 6.093862e+01
<MIXTURE> 31 4.136493e-03
<MEAN> 25
 -3.293645e+00 -5.638313e+00 2.985328e-02 4.892631e+00 3.697785e+00 1.701659e+00 5.253003e+00 6.626183e+00 2.758620e+00 1.232194e+00 6.526206e+00 3.173999e+00 2.515544e-01 4.782752e-01 -2.134959e-01 3.099980e-01 1.302113e-01 4.267497e-01 1.977399e-01 1.673175e-02 3.728793e-01 3.769330e-01 1.060234e-01 1.175095e-01 -1.838581e-02
<VARIANCE> 25
 7.164360e+00 1.582719e+01 1.757773e+01 1.793042e+01 2.533374e+01 2.394197e+01 2.352346e+01 2.537454e+01 2.592508e+01 2.798322e+01 2.027230e+01 1.868336e+01 1.920057e-01 4.951691e-01 6.012413e-01 7.657487e-01 9.830184e-01 1.088658e+00 1.227579e+00 1.390650e+00 1.349531e+00 1.316175e+00 1.242245e+00 1.133644e+00 2.563458e-04
<GCONST> 7.187588e+01
<MIXTURE> 32 4.136493e-03
<MEAN> 25
 -3.293645e+00 -5.638313e+00 2.985328e-02 4.892631e+00 3.697785e+00 1.701659e+00 5.253003e+00 6.626183e+00 2.758620e+00 1.232194e+00 6.526206e+00 3.173999e+00 2.515544e-01 4.782752e-01 -2.134959e-01 3.099980e-01 1.302113e-01 4.267497e-01 1.977399e-01 1.673175e-02 3.728793e-01 3.769330e-01 1.060234e-01 1.175095e-01 -1.838581e-02
<VARIANCE> 25
 7.164360e+00 1.582719e+01 1.757773e+01 1.793042e+01 2.533374e+01 2.394197e+01 2.352346e+01 2.537454e+01 2.592508e+01 2.798322e+01 2.027230e+01 1.868336e+01 1.920057e-01 4.951691e-01 6.012413e-01 7.657487e-01 9.830184e-01 1.088658e+00 1.227579e+00 1.390650e+00 1.349531e+00 1.316175e+00 1.242245e+00 1.133644e+00 2.563458e-04
<GCONST> 7.187588e+01
<MIXTURE> 33 1.508826e-02
<MEAN> 25
 6.767078e+00 -4.816336e+00 -1.763704e+00 -2.888788e+00 -3.545028e+00 -5.505745e+00 -7.695584e+00 1.165539e+00 1.383622e+00 2.605519e-02 -4.233790e+00 -3.905698e+00 8.778629e-01 -1.429855e+00 -2.341373e+00 -1.933272e+00 1.118680e+00 1.286524e+00 -8.229425e-01 7.185616e-01 6.849508e-01 1.010538e+00 -1.640855e-01 -1.321918e+00 3.874712e-02
<VARIANCE> 25
 8.836220e+00 2.117882e+01 2.621846e+01 3.227454e+01 4.610067e+01 3.935249e+01 3.781534e+01 4.113545e+01 3.896963e+01 3.967665e+01 3.130602e+01 2.867888e+01 1.361068e+00 2.091791e+00 2.110756e+00 2.049884e+00 4.136480e+00 3.038608e+00 3.911812e+00 5.016882e+00 3.817451e+00 4.794873e+00 3.087533e+00 2.524927e+00 1.261858e-03
<GCONST> 9.322073e+01
<MIXTURE> 34 1.588179e-02
<MEAN> 25
 8.979010e+00 -3.498313e-01 1.865276e-01 -2.809365e-03 -3.591577e+00 -6.467763e-01 -6.242771e+00 -5.000295e+00 -1.537445e+00 1.482775e-01 -2.409995e+00 -3.895492e+00 -1.044090e-01 1.257094e+00 1.291610e+00 2.524597e+00 -1.146160e-02 -1.755844e-01 9.164551e-01 -1.412941e+00 -6.203082e-01 -4.990645e-02 -4.879926e-01 3.083663e-01 -6.222223e-02
<VARIANCE> 25
 7.675120e+00 3.292361e+01 2.760530e+01 5.805918e+01 4.489159e+01 5.251666e+01 5.010759e+01 5.947829e+01 5.003187e+01 4.140033e+01 4.376197e+01 2.783578e+01 1.250028e+00 1.843078e+00 4.107437e+00 4.144044e+00 5.059016e+00 5.264986e+00 5.013388e+00 5.745612e+00 4.868073e+00 4.773664e+00 4.714989e+00 3.369442e+00 1.084303e-03
<GCONST> 9.876111e+01
<MIXTURE> 35 1.467755e-02
<MEAN> 25
 -2.470068e+00 -5.131974e+00 -1.019763e+01 4.150532e-01 8.849910e+00 1.488056e-01 2.667515e-01 1.871639e+00 -2.067411e-01 4.318359e+00 -7.851882e-03 1.285659e+00 5.828199e-01 -1.353806e+00 -1.178015e+00 -1.330933e+00 8.881021e-02 -1.112970e+00 -1.325159e+00 1.331809e-01 -6.007909e-01 3.924852e-01 -4.738442e-01 -8.650210e-01 1.135640e-01
<VARIANCE> 25
 1.709645e+01 2.850952e+01 3.911465e+01 5.649411e+01 3.986818e+01 5.333177e+01 5.634427e+01 3.995497e+01 6.212910e+01 3.552399e+01 3.361592e+01 2.917909e+01 3.043919e+00 3.703911e+00 6.712117e+00 5.014505e+00 5.000163e+00 5.169469e+00 6.275474e+00 4.684034e+00 5.429943e+00 4.173385e+00 3.895268e+00 3.935059e+00 4.930777e-03
<GCONST> 1.029158e+02
<MIXTURE> 36 1.093293e-02
<MEAN> 25
 5.391003e+00 -4.230008e+00 7.723035e+00 1.164101e+00 -1.000957e+01 -9.021872e+00 -6.583060e+00 4.020403e+00 -3.538802e+00 -3.126887e+00 2.867401e+00 9.693753e-02 3.685204e-01 3.013913e-01 -7.087699e-01 1.572798e-02 8.502489e-01 3.824286e-01 -3.408918e-01 1.900190e-01 5.096042e-01 4.735263e-01 -4.448444e-01 -1.200698e-01 -1.822703e-02
<VARIANCE> 25
 8.692269e+00 1.651955e+01 2.248105e+01 3.282968e+01 2.693448e+01 2.616261e+01 4.203652e+01 3.549673e+01 4.653125e+01 3.399266e+01 2.500550e+01 2.529569e+01 4.960527e-01 7.803280e-01 1.450078e+00 1.164573e+00 1.426433e+00 1.815549e+00 2.157953e+00 1.702655e+00 1.795903e+00 1.999792e+00 1.342218e+00 1.386873e+00 7.215251e-04
<GCONST> 8.169320e+01
<MIXTURE> 37 1.246826e-02
<MEAN> 25
 5.595347e-01 7.724356e+00 1.205458e+01 -5.503467e+00 -8.018701e+00 -1.043458e+00 -5.029961e+00 -8.241886e+00 -3.723211e+00 -9.212090e-01 -3.620542e+00 -1.273514e+00 1.576466e-01 6.577658e-01 -1.350454e+00 3.581046e+00 1.978337e+00 -2.941872e-01 1.105917e+00 4.275094e-01 5.494142e-01 -3.408278e-01 5.313014e-01 -8.816671e-02 -9.452984e-02
<VARIANCE> 25
 1.588651e+01 2.618986e+01 3.070336e+01 5.113592e+01 3.372708e+01 3.181212e+01 4.418393e+01 3.604146e+01 3.843350e+01 3.580637e+01 3.800576e+01 3.077781e+01 3.022109e+00 3.413968e+00 3.004497e+00 4.070443e+00 4.598731e+00 3.751083e+00 4.217101e+00 3.796881e+00 3.501983e+00 3.640510e+00 3.857126e+00 2.786019e+00 3.928624e-03
<GCONST> 9.781876e+01
<MIXTURE> 38 1.154525e-02
<MEAN> 25
 -4.699286e+00 8.543614e+00 4.879504e+00 3.552718e+00 4.889655e-01 -4.313164e+00 6.087739e-01 -1.881604e+00 -1.998024e+00 -3.526214e+00 -1.308538e+00 4.655415e-01 -4.457401e+00 1.239707e+00 -3.757674e-01 1.359008e+00 2.137525e+00 1.158299e+00 1.863557e+00 5.916267e-01 1.166934e+00 4.718959e-01 7.608362e-01 5.669585e-01 4.269288e-02
<VARIANCE> 25
 2.884371e+01 2.673474e+01 3.852545e+01 2.931713e+01 4.561956e+01 3.379938e+01 3.911331e+01 4.144405e+01 3.517192e+01 2.993452e+01 2.168811e+01 3.066146e+01 2.052922e+00 3.616468e+00 3.437484e+00 4.654137e+00 4.843998e+00 4.537926e+00 4.685812e+00 4.854865e+00 5.331318e+00 4.614326e+00 4.088353e+00 3.086450e+00 2.130387e-03
<GCONST> 9.839336e+01
<MIXTURE> 39 9.501865e-03
<MEAN> 25
 1.345971e+00 2.597875e+00 1.021967e+01 -9.220922e+00 -1.129008e+01 -9.893536e-01 -2.971610e+00 -6.567391e+00 -4.528996e+00 8.743244e-01 -3.679373e+00 -2.294521e+00 -7.293090e-01 1.522221e+00 1.625268e+00 -1.387482e+00 7.921137e-02 1.223647e+00 -1.197348e+00 -1.252596e+00 4.305831e-01 4.440065e-01 -5.046318e-01 1.236238e-01 1.304048e-03
<VARIANCE> 25
 8.927188e+00 3.014221e+01 3.161701e+01 3.821537e+01 3.716637e+01 4.268121e+01 4.443088e+01 3.358057e+01 3.944300e+01 3.319781e+01 3.619716e+01 2.943910e+01 6.919394e-01 1.550771e+00 1.512035e+00 2.933861e+00 2.416654e+00 2.824651e+00 3.061898e+00 2.747082e+00 2.435299e+00 2.620007e+00 2.122121e+00 2.068906e+00 1.185547e-03
<GCONST> 8.967033e+01
<MIXTURE> 40 1.030800e-02
<MEAN> 25
 -8.541191e+00 2.959257e+00 -1.678030e+00 7.999354e+00 4.784806e+00 5.620552e+00 5.422952e+00 3.499039e+00 4.631618e+00 3.222335e+00 5.441081e+00 2.066363e+00 -6.436420e-02 -1.522565e-01 -4.089382e-02 -1.448777e-01 7.077537e-02 2.669618e-02 9.224145e-02 6.498948e-02 -8.195897e-02 -8.972201e-02 2.351036e-02 4.557760e-02 2.998515e-03
<VARIANCE> 25
 4.468162e+01 2.049956e+01 2.871456e+01 2.384511e+01 2.949646e+01 1.822178e+01 1.792311e+01 1.881115e+01 1.613220e+01 2.157667e+01 1.752007e+01 1.391529e+01 6.905759e-01 7.501624e-01 7.813791e-01 1.071225e+00 1.239692e+00 1.335650e+00 1.316220e+00 1.435389e+00 1.381441e+00 1.297462e+00 1.143227e+00 9.591702e-01 7.937602e-04
<GCONST> 7.659393e+01
<MIXTURE> 41 6.713375e-03
<MEAN> 25
 1.918826e+00 6.810036e-01 9.522233e+00 -7.468492e+00 -1.092383e+01 -3.467702e+00 -3.003105e+00 -4.923366e+00 -4.388957e+00 2.749200e+00 -1.744448e+00 -1.862960e+00 1.553198e-01 -1.109242e+00 1.535155e+00 -3.604261e+00 -2.520547e+00 -2.197453e-01 -3.741950e-01 -8.079064e-02 -8.868828e-01 1.241081e+00 -1.026180e+00 -8.871496e-02 8.706763e-02
<VARIANCE> 25
 1.294818e+01 3.670003e+01 3.847767e+01 4.134216e+01 4.021955e+01 3.751975e+01 3.985055e+01 2.703731e+01 3.068307e+01 2.715651e+01 2.923223e+01 3.312169e+01 3.069056e+00 3.761311e+00 3.628618e+00 3.720700e+00 4.413696e+00 5.497233e+00 4.457995e+00 5.220784e+00 4.056727e+00 3.881638e+00 3.477800e+00 3.376161e+00 2.620234e-03
<GCONST> 9.804547e+01
<MIXTURE> 42 1.106211e-02
<MEAN> 25
 -1.579826e+00 4.283700e+00 4.091627e+00 3.067323e+00 7.317280e-01 -5.954305e+00 -3.293254e+00 -2.126426e+00 -2.367115e+00 -1.222403e+00 -1.637827e+00 4.733874e-01 4.134478e+00 -4.284306e-01 1.953482e+00 1.509246e-01 -3.047844e+00 -1.070006e+00 -2.427807e+00 -7.278899e-01 -7.408519e-01 -7.375216e-01 6.637809e-01 -1.062611e+00 1.049221e-02
<VARIANCE> 25
 3.365448e+01 2.072636e+01 4.682032e+01 2.748020e+01 3.735696e+01 3.559541e+01 6.479337e+01 2.444302e+01 3.221752e+01 2.621533e+01 1.980581e+01 1.964276e+01 3.372574e+00 4.976765e+00 7.636752e+00 4.281281e+00 4.234096e+00 5.318518e+00 4.714176e+00 6.155428e+00 4.361054e+00 4.347882e+00 4.693178e+00 3.029376e+00 3.992620e-03
<GCONST> 9.978062e+01
<MIXTURE> 43 7.108249e-03
<MEAN> 25
 3.331441e+00 -6.928561e+00 -1.671978e+00 -5.543637e+00 -7.772142e+00 -4.065672e+00 3.903583e+00 1.799785e+00 -4.921981e+00 -6.386409e+00 -4.329350e+00 -1.014397e+00 2.354990e-01 2.102344e+00 1.763221e+00 -4.254761e-02 -1.387736e+00 -8.698461e-01 -9.138417e-01 -7.122738e-01 8.620008e-01 1.341466e+00 5.150721e-01 1.050937e-01 -4.507494e-02
<VARIANCE> 25
 9.153605e+00 2.221606e+01 2.949669e+01 3.481457e+01 3.708595e+01 3.859761e+01 3.144628e+01 4.021482e+01 3.786777e+01 4.111706e+01 2.505289e+01 2.956166e+01 6.403728e-01 1.200273e+00 1.690056e+00 2.539354e+00 2.409567e+00 2.312095e+00 2.493974e+00 2.930113e+00 2.422011e+00 2.550533e+00 2.696574e+00 1.865766e+00 8.738286e-04
<GCONST> 8.785711e+01
<MIXTURE> 44 7.328289e-03
<MEAN> 25
 -1.561520e+01 1.690987e+00 4.120543e+00 -2.033740e+00 2.046778e+00 2.102286e+00 5.208848e-01 1.521961e+00 2.864131e+00 -9.547111e-01 2.200299e+00 3.227654e+00 -3.222466e-01 -2.899419e-01 -5.763109e-02 4.189903e-01 -4.122268e-02 2.055395e-01 5.972691e-01 1.484213e-01 2.191165e-01 1.702827e-01 9.292370e-02 1.316799e-01 5.036265e-03
<VARIANCE> 25
 3.490970e+01 2.494872e+01 3.116189e+01 3.217524e+01 3.948805e+01 2.566677e+01 2.270984e+01 3.232489e+01 3.421448e+01 2.325043e+01 2.339830e+01 2.607759e+01 1.311802e+00 1.706014e+00 1.441275e+00 1.317208e+00 1.870555e+00 1.401338e+00 1.718588e+00 1.773435e+00 1.508135e+00 1.441567e+00 1.262585e+00 1.074209e+00 1.117396e-03
<GCONST> 8.404873e+01
<MIXTURE> 45 1.364932e-02
<MEAN> 25
 -1.161259e+01 4.498515e+00 -1.217323e+00 2.599100e+00 5.737868e+00 1.414517e-01 6.283718e+00 1.505624e+00 2.358381e+00 1.877306e+00 1.769313e+00 2.489985e+00 -3.012005e+00 7.939089e-01 -7.780708e-02 -3.330932e-01 7.646012e-01 4.183816e-02 7.407804e-01 2.581742e-01 -2.859700e-01 1.175489e-01 3.263781e-01 2.979270e-01 1.047520e-01
<VARIANCE> 25
 3.110264e+01 2.930830e+01 2.905812e+01 2.509904e+01 4.139833e+01 2.096075e+01 2.832981e+01 2.269882e+01 2.413231e+01 2.030209e+01 2.309509e+01 1.705152e+01 1.828380e+00 3.051347e+00 2.387870e+00 1.973498e+00 3.318678e+00 1.966876e+00 3.075319e+00 2.341185e+00 2.421366e+00 1.819859e+00 1.536917e+00 1.325076e+00 3.296135e-03
<GCONST> 8.835512e+01
<MIXTURE> 46 9.336259e-03
<MEAN> 25
 -9.090727e+00 1.881683e+00 9.514761e-01 8.129102e+00 5.199675e+00 3.435898e+00 6.359475e+00 3.337288e+00 6.281762e+00 3.640216e+00 4.490397e+00 2.832862e+00 1.026011e+00 -5.543750e-02 -8.255525e-02 8.788368e-01 8.611336e-01 1.089930e+00 3.187985e-01 4.434752e-01 3.502869e-01 4.232912e-01 5.661443e-01 3.562870e-01 -1.011052e-01
<VARIANCE> 25
 3.504692e+01 3.933443e+01 3.510317e+01 4.705488e+01 5.111628e+01 3.690614e+01 3.519947e+01 3.931483e+01 3.051673e+01 3.176810e+01 2.558762e+01 2.336854e+01 3.562432e+00 4.067808e+00 3.456380e+00 3.908391e+00 4.065320e+00 3.595224e+00 3.371406e+00 3.588976e+00 2.641133e+00 2.505297e+00 2.069016e+00 2.024298e+00 7.169130e-03
<GCONST> 9.746680e+01
<MIXTURE> 47 7.116147e-03
<MEAN> 25
 7.631760e+00 -8.218682e+00 -6.725397e+00 -7.053455e+00 -8.599684e-01 1.866303e-01 -2.634812e+00 9.290710e-01 1.623775e+00 1.331096e+00 -4.029151e+00 -7.101189e+00 -1.021295e-01 -1.187451e+00 -5.743672e-01 -4.822175e-01 6.552544e-01 5.717731e-01 8.916780e-01 3.609450e-01 1.199016e-02 -6.435263e-01 -5.080692e-01 -2.239162e-01 3.033530e-02
<VARIANCE> 25
 9.714111e+00 2.129196e+01 2.239626e+01 3.602596e+01 5.835437e+01 4.874914e+01 4.216309e+01 3.722181e+01 4.664520e+01 4.639436e+01 4.206455e+01 3.172155e+01 5.178369e-01 7.788575e-01 1.039506e+00 1.684289e+00 1.876749e+00 2.374796e+00 2.121043e+00 2.697549e+00 2.198346e+00 2.274904e+00 1.978641e+00 2.062610e+00 5.041559e-04
<GCONST> 8.647375e+01
<MIXTURE> 48 7.116147e-03
<MEAN> 25
 7.631760e+00 -8.218682e+00 -6.725397e+00 -7.053455e+00 -8.599684e-01 1.866303e-01 -2.634812e+00 9.290710e-01 1.623775e+00 1.331096e+00 -4.029151e+00 -7.101189e+00 -1.021295e-01 -1.187451e+00 -5.743672e-01 -4.822175e-01 6.552544e-01 5.717731e-01 8.916780e-01 3.609450e-01 1.199016e-02 -6.435263e-01 -5.080692e-01 -2.239162e-01 3.033530e-02
<VARIANCE> 25
 9.714111e+00 2.129196e+01 2.239626e+01 3.602596e+01 5.835437e+01 4.874914e+01 4.216309e+01 3.722181e+01 4.664520e+01 4.639436e+01 4.206455e+01 3.172155e+01 5.178369e-01 7.788575e-01 1.039506e+00 1.684289e+00 1.876749e+00 2.374796e+00 2.121043e+00 2.697549e+00 2.198346e+00 2.274904e+00 1.978641e+00 2.062610e+00 5.041559e-04
<GCONST> 8.647375e+01
<MIXTURE> 49 5.548473e-03
<MEAN> 25
 -4.832661e+00 8.688361e-01 -1.998476e-01 8.638711e+00 6.922233e+00 6.286408e+00 6.354752e+00 3.712362e+00 5.175492e+00 2.976894e+00 4.674341e+00 3.476913e+00 3.784939e-01 6.763775e-01 5.994748e-01 3.675674e-01 -3.140581e-02 -6.011277e-01 -9.351943e-01 -1.112817e+00 -1.084608e+00 -7.558924e-01 -4.686092e-01 -2.831994e-01 -5.812944e-04
<VARIANCE> 25
 9.069526e+00 1.085184e+01 1.430447e+01 1.449456e+01 1.823745e+01 1.966366e+01 1.836569e+01 2.132631e+01 1.649773e+01 2.126287e+01 2.003407e+01 1.513299e+01 2.698999e-01 2.526847e-01 4.238921e-01 5.452937e-01 9.555835e-01 9.586509e-01 9.371048e-01 9.464109e-01 1.148360e+00 1.116308e+00 1.162425e+00 1.160636e+00 1.737997e-05
<GCONST> 6.452763e+01
<MIXTURE> 50 6.234641e-03
<MEAN> 25
 -4.611905e+00 3.148157e-01 -1.698249e+00 6.097997e+00 4.302141e+00 2.446077e+00 3.622312e+00 1.546308e+00 2.635250e+00 1.167202e+00 2.075144e+00 2.832652e+00 5.661993e-02 1.757596e-01 9.063844e-02 -1.955102e-01 -5.152958e-01 -6.051788e-01 -4.448103e-01 -4.541025e-02 4.588271e-01 7.346925e-01 7.322220e-01 4.434061e-01 2.328304e-05
<VARIANCE> 25
 1.025045e+01 1.205674e+01 1.543874e+01 1.515099e+01 1.498086e+01 1.875030e+01 1.811231e+01 2.393457e+01 1.896561e+01 1.874396e+01 2.107423e+01 1.466920e+01 1.399297e-01 2.341921e-01 3.733883e-01 5.085331e-01 5.780026e-01 7.135144e-01 9.766585e-01 1.138893e+00 1.031071e+00 9.454815e-01 8.936189e-01 9.549202e-01 1.006246e-06
<GCONST> 5.968378e+01
<MIXTURE> 51 6.234641e-03
<MEAN> 25
 -4.611905e+00 3.148157e-01 -1.698249e+00 6.097997e+00 4.302141e+00 2.446077e+00 3.622312e+00 1.546308e+00 2.635250e+00 1.167202e+00 2.075144e+00 2.832652e+00 5.661993e-02 1.757596e-01 9.063844e-02 -1.955102e-01 -5.152958e-01 -6.051788e-01 -4.448103e-01 -4.541025e-02 4.588271e-01 7.346925e-01 7.322220e-01 4.434061e-01 2.328304e-05
<VARIANCE> 25
 1.025045e+01 1.205674e+01 1.543874e+01 1.515099e+01 1.498086e+01 1.875030e+01 1.811231e+01 2.393457e+01 1.896561e+01 1.874396e+01 2.107423e+01 1.466920e+01 1.399297e-01 2.341921e-01 3.733883e-01 5.085331e-01 5.780026e-01 7.135144e-01 9.766585e-01 1.138893e+00 1.031071e+00 9.454815e-01 8.936189e-01 9.549202e-01 1.006246e-06
<GCONST> 5.968378e+01
<MIXTURE> 52 6.367945e-03
<MEAN> 25
 1.014595e+01 1.863763e+00 -6.064768e+00 -1.428305e+01 -4.362960e+00 8.526241e+00 -2.847717e+00 -3.273099e+00 -4.312915e+00 -1.987644e+00 3.232130e+00 6.063680e-01 -3.776793e-01 -4.858119e-01 -5.297441e-02 1.204426e+00 1.272077e+00 -4.587774e-01 -5.569939e-01 -6.595979e-01 7.172073e-02 1.176099e+00 3.756042e-01 -5.261556e-01 -1.425395e-02
<VARIANCE> 25
 9.098863e+00 2.147660e+01 2.550056e+01 3.819519e+01 4.565454e+01 3.004224e+01 4.589967e+01 4.989582e+01 4.249589e+01 4.597233e+01 3.972020e+01 3.012901e+01 4.501346e-01 1.476142e+00 1.295236e+00 2.904654e+00 2.503758e+00 2.188862e+00 3.014643e+00 2.774916e+00 2.976473e+00 2.823884e+00 2.481629e+00 2.250815e+00 1.539194e-03
<GCONST> 8.984241e+01
<MIXTURE> 53 6.367945e-03
<MEAN> 25
 1.014595e+01 1.863763e+00 -6.064768e+00 -1.428305e+01 -4.362960e+00 8.526241e+00 -2.847717e+00 -3.273099e+00 -4.312915e+00 -1.987644e+00 3.232130e+00 6.063680e-01 -3.776793e-01 -4.858119e-01 -5.297441e-02 1.204426e+00 1.272077e+00 -4.587774e-01 -5.569939e-01 -6.595979e-01 7.172073e-02 1.176099e+00 3.756042e-01 -5.261556e-01 -1.425395e-02
<VARIANCE> 25
 9.098863e+00 2.147660e+01 2.550056e+01 3.819519e+01 4.565454e+01 3.004224e+01 4.589967e+01 4.989582e+01 4.249589e+01 4.597233e+01 3.972020e+01 3.012901e+01 4.501346e-01 1.476142e+00 1.295236e+00 2.904654e+00 2.503758e+00 2.188862e+00 3.014643e+00 2.774916e+00 2.976473e+00 2.823884e+00 2.481629e+00 2.250815e+00 1.539194e-03
<GCONST> 8.984241e+01
<MIXTURE> 54 7.368620e-03
<MEAN> 25
 -3.633006e+00 5.148800e-02 -6.852069e-01 8.037235e+00 6.485359e+00 4.625674e+00 4.676160e+00 4.599626e+00 4.054698e+00 3.593913e+00 4.458848e+00 2.328212e+00 -2.202345e-03 2.659690e-02 3.433437e-02 4.773297e-02 5.174132e-02 4.744557e-02 3.884398e-02 2.848541e-02 3.024421e-02 2.459412e-02 1.470301e-02 2.117052e-03 -1.325001e-05
<VARIANCE> 25
 9.136160e+00 1.037369e+01 9.304999e+00 1.818011e+01 1.332203e+01 1.352900e+01 1.196933e+01 1.128404e+01 1.134645e+01 1.354527e+01 1.780202e+01 1.254082e+01 4.087505e-02 8.732601e-02 1.541258e-01 2.266870e-01 3.082438e-01 3.972020e-01 4.606951e-01 5.219551e-01 5.428261e-01 5.216013e-01 5.143577e-01 5.165986e-01 1.002885e-06
<GCONST> 4.725790e+01
<MIXTURE> 55 7.368620e-03
<MEAN> 25
 -3.633006e+00 5.148800e-02 -6.852069e-01 8.037235e+00 6.485359e+00 4.625674e+00 4.676160e+00 4.599626e+00 4.054698e+00 3.593913e+00 4.458848e+00 2.328212e+00 -2.202345e-03 2.659690e-02 3.433437e-02 4.773297e-02 5.174132e-02 4.744557e-02 3.884398e-02 2.848541e-02 3.024421e-02 2.459412e-02 1.470301e-02 2.117052e-03 -1.325001e-05
<VARIANCE> 25
 9.136160e+00 1.037369e+01 9.304999e+00 1.818011e+01 1.332203e+01 1.352900e+01 1.196933e+01 1.128404e+01 1.134645e+01 1.354527e+01 1.780202e+01 1.254082e+01 4.087505e-02 8.732601e-02 1.541258e-01 2.266870e-01 3.082438e-01 3.972020e-01 4.606951e-01 5.219551e-01 5.428261e-01 5.216013e-01 5.143577e-01 5.165986e-01 1.002885e-06
<GCONST> 4.725790e+01
<MIXTURE> 56 6.132464e-03
<MEAN> 25
 7.599011e+00 -6.845013e+00 -9.049495e+00 -8.642295e+00 3.775047e+00 3.870153e+00 -2.241512e+00 -1.505963e+00 1.895536e+00 7.654688e-01 -2.508498e+00 -7.110041e+00 -6.706088e-03 2.545390e-02 -8.078998e-02 2.370399e-02 2.725275e-01 6.708507e-02 1.141001e-01 -1.130267e-01 -3.379332e-02 -2.516198e-02 -1.050076e-01 2.773592e-02 -6.765694e-03
<VARIANCE> 25
 9.314276e+00 2.335044e+01 2.063765e+01 4.100740e+01 3.558986e+01 5.113194e+01 6.157419e+01 3.662333e+01 3.883970e+01 3.809655e+01 3.987532e+01 3.085966e+01 2.060922e-01 4.280434e-01 4.534138e-01 7.652907e-01 8.048021e-01 1.111711e+00 9.151264e-01 9.623272e-01 9.099097e-01 9.309330e-01 1.068742e+00 7.880517e-01 2.432229e-04
<GCONST> 7.532816e+01
<MIXTURE> 57 6.132464e-03
<MEAN> 25
 7.599011e+00 -6.845013e+00 -9.049495e+00 -8.642295e+00 3.775047e+00 3.870153e+00 -2.241512e+00 -1.505963e+00 1.895536e+00 7.654688e-01 -2.508498e+00 -7.110041e+00 -6.706088e-03 2.545390e-02 -8.078998e-02 2.370399e-02 2.725275e-01 6.708507e-02 1.141001e-01 -1.130267e-01 -3.379332e-02 -2.516198e-02 -1.050076e-01 2.773592e-02 -6.765694e-03
<VARIANCE> 25
 9.314276e+00 2.335044e+01 2.063765e+01 4.100740e+01 3.558986e+01 5.113194e+01 6.157419e+01 3.662333e+01 3.883970e+01 3.809655e+01 3.987532e+01 3.085966e+01 2.060922e-01 4.280434e-01 4.534138e-01 7.652907e-01 8.048021e-01 1.111711e+00 9.151264e-01 9.623272e-01 9.099097e-01 9.309330e-01 1.068742e+00 7.880517e-01 2.432229e-04
<GCONST> 7.532816e+01
<MIXTURE> 58 6.172147e-03
<MEAN> 25
 3.313997e+00 -4.779485e+00 7.379499e+00 -5.549976e+00 -1.289795e+01 -6.078413e+00 5.970796e-01 2.073725e+00 -1.942139e+00 2.274187e+00 3.106311e-01 1.367319e-02 -7.132962e-02 -1.359690e-02 -3.408422e-02 -2.284544e-02 -7.732251e-02 2.508812e-01 4.313533e-01 2.121622e-01 1.819221e-01 -5.096199e-02 6.757535e-02 -9.353179e-02 -8.650705e-03
<VARIANCE> 25
 7.696907e+00 2.195036e+01 1.775350e+01 2.182754e+01 2.189739e+01 4.354822e+01 3.489379e+01 4.196876e+01 3.171791e+01 2.657485e+01 2.173085e+01 1.931805e+01 3.130979e-01 1.016857e+00 7.060827e-01 9.610187e-01 8.817653e-01 1.242849e+00 9.655206e-01 1.149178e+00 1.012231e+00 1.056973e+00 1.121202e+00 7.965783e-01 9.302756e-04
<GCONST> 7.560011e+01
<MIXTURE> 59 6.172147e-03
<MEAN> 25
 3.313997e+00 -4.779485e+00 7.379499e+00 -5.549976e+00 -1.289795e+01 -6.078413e+00 5.970796e-01 2.073725e+00 -1.942139e+00 2.274187e+00 3.106311e-01 1.367319e-02 -7.132962e-02 -1.359690e-02 -3.408422e-02 -2.284544e-02 -7.732251e-02 2.508812e-01 4.313533e-01 2.121622e-01 1.819221e-01 -5.096199e-02 6.757535e-02 -9.353179e-02 -8.650705e-03
<VARIANCE> 25
 7.696907e+00 2.195036e+01 1.775350e+01 2.182754e+01 2.189739e+01 4.354822e+01 3.489379e+01 4.196876e+01 3.171791e+01 2.657485e+01 2.173085e+01 1.931805e+01 3.130979e-01 1.016857e+00 7.060827e-01 9.610187e-01 8.817653e-01 1.242849e+00 9.655206e-01 1.149178e+00 1.012231e+00 1.056973e+00 1.121202e+00 7.965783e-01 9.302756e-04
<GCONST> 7.560011e+01
<MIXTURE> 60 4.479129e-03
<MEAN> 25
 -4.256948e+00 -6.381392e-01 -1.105294e+00 3.708069e+00 1.747530e+00 2.119223e+00 1.641145e+00 1.509188e+00 2.164157e+00 1.272730e+00 2.383173e+00 1.920411e+00 -2.829950e-02 5.616334e-02 1.004432e-01 1.273543e-01 1.286312e-01 1.337026e-01 1.774018e-01 3.177987e-01 5.459777e-01 6.614057e-01 5.536981e-01 3.050791e-01 -4.049574e-04
<VARIANCE> 25
 6.926497e+00 4.721290e+00 1.037476e+01 1.130417e+01 1.361091e+01 1.695081e+01 1.395694e+01 1.196305e+01 1.269421e+01 1.319386e+01 1.588939e+01 1.226112e+01 8.670382e-02 1.678203e-01 2.786173e-01 4.330027e-01 5.848955e-01 7.315602e-01 8.269496e-01 9.063355e-01 8.998846e-01 8.364468e-01 8.386090e-01 8.606411e-01 2.303361e-05
<GCONST> 5.637984e+01
<MIXTURE> 61 4.479129e-03
<MEAN> 25
 -4.256948e+00 -6.381392e-01 -1.105294e+00 3.708069e+00 1.747530e+00 2.119223e+00 1.641145e+00 1.509188e+00 2.164157e+00 1.272730e+00 2.383173e+00 1.920411e+00 -2.829950e-02 5.616334e-02 1.004432e-01 1.273543e-01 1.286312e-01 1.337026e-01 1.774018e-01 3.177987e-01 5.459777e-01 6.614057e-01 5.536981e-01 3.050791e-01 -4.049574e-04
<VARIANCE> 25
 6.926497e+00 4.721290e+00 1.037476e+01 1.130417e+01 1.361091e+01 1.695081e+01 1.395694e+01 1.196305e+01 1.269421e+01 1.319386e+01 1.588939e+01 1.226112e+01 8.670382e-02 1.678203e-01 2.786173e-01 4.330027e-01 5.848955e-01 7.315602e-01 8.269496e-01 9.063355e-01 8.998846e-01 8.364468e-01 8.386090e-01 8.606411e-01 2.303361e-05
<GCONST> 5.637984e+01
<MIXTURE> 62 3.278034e-03
<MEAN> 25
 -5.083970e+00 1.250117e+00 1.014309e+00 8.812369e+00 6.133422e+00 5.055065e+00 5.502060e+00 4.024879e+00 4.983772e+00 3.911383e+00 4.961174e+00 2.944946e+00 -1.001882e+00 -1.165142e+00 -9.526623e-01 -2.774934e-01 4.252225e-01 1.005045e+00 1.384670e+00 1.553532e+00 1.478118e+00 1.244286e+00 1.067883e+00 7.264298e-01 -1.246787e-03
<VARIANCE> 25
 9.889822e+00 9.986314e+00 1.317564e+01 1.672580e+01 1.738991e+01 1.750537e+01 1.966974e+01 1.912416e+01 1.883047e+01 1.871742e+01 2.153886e+01 1.479659e+01 4.021688e-01 4.327432e-01 5.533808e-01 7.784601e-01 1.036426e+00 1.190098e+00 1.250207e+00 1.277828e+00 1.327695e+00 1.362029e+00 1.398006e+00 1.368948e+00 1.647870e-05
<GCONST> 6.752831e+01
<MIXTURE> 63 4.351215e-03
<MEAN> 25
 -3.790972e+00 -8.725321e-01 -5.235116e+00 3.530420e+00 4.342949e+00 4.565881e-01 2.794555e+00 6.575244e-01 2.533798e+00 -1.320885e+00 -7.180979e-01 2.962247e+00 -8.650363e-02 3.352644e-01 4.068781e-01 5.306954e-01 4.401896e-01 4.665208e-01 4.193288e-01 1.229189e-01 1.132984e-01 1.339413e-01 1.416544e-01 1.705326e-01 -3.123499e-03
<VARIANCE> 25
 8.198793e+00 2.307437e+01 1.576862e+01 1.583457e+01 2.008049e+01 2.679549e+01 2.250628e+01 2.544052e+01 2.236139e+01 2.121185e+01 1.916750e+01 1.503317e+01 2.729022e-01 4.086899e-01 5.978683e-01 6.849702e-01 9.165661e-01 1.120051e+00 1.199031e+00 1.660624e+00 1.280512e+00 1.336944e+00 1.253316e+00 1.083625e+00 2.048845e-04
<GCONST> 7.115279e+01
<MIXTURE> 64 4.351215e-03
<MEAN> 25
 -3.790972e+00 -8.725321e-01 -5.235116e+00 3.530420e+00 4.342949e+00 4.565881e-01 2.794555e+00 6.575244e-01 2.533798e+00 -1.320885e+00 -7.180979e-01 2.962247e+00 -8.650363e-02 3.352644e-01 4.068781e-01 5.306954e-01 4.401896e-01 4.665208e-01 4.193288e-01 1.229189e-01 1.132984e-01 1.339413e-01 1.416544e-01 1.705326e-01 -3.123499e-03
<VARIANCE> 25
 8.198793e+00 2.307437e+01 1.576862e+01 1.583457e+01 2.008049e+01 2.679549e+01 2.250628e+01 2.544052e+01 2.236139e+01 2.121185e+01 1.916750e+01 1.503317e+01 2.729022e-01 4.086899e-01 5.978683e-01 6.849702e-01 9.165661e-01 1.120051e+00 1.199031e+00 1.660624e+00 1.280512e+00 1.336944e+00 1.253316e+00 1.083625e+00 2.048845e-04
<GCONST> 7.115279e+01
<MIXTURE> 65 1.721197e-02
<MEAN> 25
 8.256509e+00 9.916323e-01 1.805818e+00 3.074095e-01 -5.949712e+00 -4.191334e+00 -6.024753e+00 -6.764936e+00 -3.831354e+00 -1.622974e+00 -5.264522e+00 -2.051442e+00 1.628335e-01 8.927956e-02 4.667405e-02 1.396260e-01 -1.119836e-01 2.303346e-01 -2.875004e-02 -2.486272e-02 2.283991e-01 6.194129e-02 -1.498844e-01 -1.178699e-01 -2.557167e-03
<VARIANCE> 25
 9.617767e+00 3.119818e+01 2.436112e+01 3.545395e+01 3.886816e+01 5.523844e+01 5.466874e+01 5.564637e+01 5.167481e+01 5.971828e+01 5.312391e+01 4.751305e+01 5.728487e-01 9.306219e-01 1.518701e+00 1.717701e+00 2.066791e+00 2.225102e+00 2.184891e+00 3.184870e+00 2.331124e+00 2.353231e+00 2.334039e+00 2.150022e+00 4.417871e-04
<GCONST> 8.935862e+01
<MIXTURE> 66 1.191532e-02
<MEAN> 25
 6.813066e+00 -4.650056e+00 -5.044726e+00 -5.851635e+00 3.949679e-01 -5.781742e+00 -6.053441e+00 1.568930e+00 -8.472078e-02 -9.604118e-01 -6.532702e+00 -3.783081e+00 -8.099759e-02 1.803051e+00 1.837375e+00 2.379997e+00 -8.384554e-01 -1.314334e+00 -1.488227e-01 -2.714144e-01 1.298307e-01 -3.370978e-01 -7.523365e-02 1.101332e+00 -6.745676e-02
<VARIANCE> 25
 8.086881e+00 2.492291e+01 2.546781e+01 3.550250e+01 3.946762e+01 5.937125e+01 5.477181e+01 4.192545e+01 5.637168e+01 6.690067e+01 3.322653e+01 3.193501e+01 1.123069e+00 2.291977e+00 2.821826e+00 2.302618e+00 4.454669e+00 4.041403e+00 4.090837e+00 5.204483e+00 4.124716e+00 4.407635e+00 3.572387e+00 2.881989e+00 1.463751e-03
<GCONST> 9.623158e+01
<MIXTURE> 67 1.559142e-02
<MEAN> 25
 8.778172e+00 1.991983e+00 -6.068719e+00 -8.080604e+00 1.288584e+00 3.169931e+00 -4.593191e+00 -2.318794e+00 -1.029806e+00 1.878984e+00 -1.225285e+00 -2.523244e+00 -1.101751e+00 1.961011e+00 6.356726e-01 2.978024e+00 1.224795e+00 -2.043766e-01 1.086198e+00 -3.326661e-01 3.673678e-01 -4.960634e-01 2.159056e-01 6.835051e-01 -1.267210e-01
<VARIANCE> 25
 9.455221e+00 3.388434e+01 2.467744e+01 4.582367e+01 4.215050e+01 4.440216e+01 5.101045e+01 4.285773e+01 6.961565e+01 4.903165e+01 4.806231e+01 3.763223e+01 1.698977e+00 2.869781e+00 2.890677e+00 3.511244e+00 3.632253e+00 3.963639e+00 4.022314e+00 4.280671e+00 4.556492e+00 4.818263e+00 4.700806e+00 2.861696e+00 2.440122e-03
<GCONST> 9.869453e+01
<MIXTURE> 68 1.485092e-02
<MEAN> 25
 -2.338616e+00 -2.816417e+00 -5.150077e+00 5.152386e-01 5.206737e+00 -1.610701e+00 1.089702e+00 1.158674e+00 1.363160e+00 2.493959e+00 1.060328e+00 1.049618e+00 2.814137e+00 4.592566e-01 1.355671e-01 -2.799180e+00 -2.428164e+00 -1.427478e+00 -2.602538e+00 -1.666835e+00 -1.516771e+00 -9.659489e-01 -2.018418e+00 -1.313497e+00 1.009236e-01
<VARIANCE> 25
 2.149361e+01 2.641574e+01 4.895599e+01 5.194376e+01 3.710803e+01 4.474679e+01 4.718307e+01 3.500346e+01 3.768033e+01 3.928736e+01 3.234768e+01 2.318375e+01 1.659050e+00 4.408393e+00 5.297446e+00 5.672464e+00 4.040273e+00 5.008007e+00 4.758291e+00 4.680205e+00 4.119009e+00 5.005149e+00 4.676663e+00 3.127150e+00 5.971003e-03
<GCONST> 1.009652e+02
<MIXTURE> 69 1.204884e-02
<MEAN> 25
 4.715658e+00 -4.321416e+00 -3.454823e+00 -3.627333e+00 -3.782122e+00 -7.777344e+00 -1.301863e+00 2.042381e+00 -3.888579e-01 -4.554664e+00 -5.664539e+00 7.078029e-01 1.669131e+00 -2.265855e+00 -1.348477e+00 -2.293016e+00 -5.706097e-01 -3.597449e-01 -4.855523e-01 6.771539e-01 -6.779583e-01 -1.320475e+00 -2.128714e+00 -2.540592e-01 6.267209e-02
<VARIANCE> 25
 8.693886e+00 2.159958e+01 2.656034e+01 2.588134e+01 4.421671e+01 3.542848e+01 4.906182e+01 3.180742e+01 3.876786e+01 3.827744e+01 3.027858e+01 2.609948e+01 3.562428e+00 2.881977e+00 3.292399e+00 3.707311e+00 5.684962e+00 4.927006e+00 7.033677e+00 6.072343e+00 5.798595e+00 6.375654e+00 4.440750e+00 3.843399e+00 2.400649e-03
<GCONST> 9.873249e+01
<MIXTURE> 70 1.329190e-02
<MEAN> 25
 7.697951e+00 -2.854035e+00 -3.023993e+00 -5.657080e+00 -2.532414e+00 1.419696e-01 -7.140355e+00 -4.307931e+00 9.835423e-02 3.445736e+00 -8.779815e-01 -5.383280e+00 1.915521e+00 -1.370594e+00 -4.699641e-01 -2.664695e+00 -1.739575e+00 1.177428e+00 -1.278146e+00 2.101917e-01 1.747547e-01 5.479749e-01 1.494738e-01 -1.462673e+00 6.333905e-02
<VARIANCE> 25
 8.589950e+00 2.225616e+01 2.352806e+01 5.373664e+01 4.260461e+01 3.903640e+01 4.286936e+01 3.207990e+01 3.732754e+01 2.811604e+01 3.404173e+01 2.209595e+01 3.228304e+00 3.070429e+00 4.357682e+00 5.070291e+00 4.089189e+00 5.753215e+00 5.529671e+00 6.823477e+00 5.254568e+00 4.799753e+00 5.565893e+00 3.489622e+00 2.076729e-03
<GCONST> 9.875920e+01
<MIXTURE> 71 1.406903e-02
<MEAN> 25
 5.884164e+00 5.022491e+00 4.696856e+00 3.713731e+00 -3.125266e+00 -2.343785e+00 -2.592512e+00 -6.750464e+00 -4.188922e+00 -3.470260e+00 -5.411449e+00 -3.840169e+00 -1.701863e+00 -7.767585e-01 -9.125349e-02 -1.396161e+00 7.837561e-01 -6.764969e-01 3.948755e-01 1.367326e+00 2.013738e-01 -1.721377e-01 6.311798e-01 3.154988e-01 4.255356e-02
<VARIANCE> 25
 1.857788e+01 2.254666e+01 2.416130e+01 3.839869e+01 4.082500e+01 3.693429e+01 4.302872e+01 4.338629e+01 3.266976e+01 4.437172e+01 3.206176e+01 3.102612e+01 1.532123e+00 2.555748e+00 4.408382e+00 4.715722e+00 4.255941e+00 4.724244e+00 5.207355e+00 4.716093e+00 3.622686e+00 3.502294e+00 3.206502e+00 2.988486e+00 1.243985e-03
<GCONST> 9.656187e+01
<MIXTURE> 72 8.134747e-03
<MEAN> 25
 3.983378e+00 -4.011598e+00 5.744676e+00 -2.910151e+00 -1.047756e+01 -9.607511e+00 -2.625226e+00 2.139823e+00 -5.397640e+00 -1.804096e+00 -1.624429e+00 5.374442e-01 9.460722e-01 -7.474023e-01 -2.422694e+00 3.935055e-01 2.046267e+00 -5.987512e-01 -1.319291e+00 1.549727e+00 1.661238e+00 -4.535529e-01 -1.283958e+00 4.957187e-01 -5.655819e-03
<VARIANCE> 25
 1.068974e+01 2.017065e+01 3.445383e+01 3.952728e+01 3.037199e+01 3.161155e+01 3.977570e+01 3.553660e+01 4.391203e+01 4.094907e+01 3.840016e+01 2.802799e+01 4.475553e-01 9.852236e-01 2.209986e+00 1.477128e+00 2.225596e+00 2.458009e+00 2.990624e+00 2.624018e+00 2.763011e+00 3.205211e+00 1.893620e+00 2.111878e+00 5.136475e-04
<GCONST> 8.725069e+01
<MIXTURE> 73 1.213625e-02
<MEAN> 25
 -5.064863e+00 -8.859165e-01 -1.916906e+00 5.018717e+00 4.612710e+00 2.457664e+00 5.661089e+00 2.937742e+00 3.830703e+00 3.319172e+00 4.497145e+00 2.836965e+00 8.617853e-01 -1.366928e+00 -7.160805e-01 -2.688828e+00 -1.537089e+00 -2.004665e+00 -1.078489e+00 -5.743255e-01 -9.351131e-01 -2.923515e-01 -9.863939e-01 -5.585832e-01 1.556733e-01
<VARIANCE> 25
 1.225927e+01 1.676490e+01 1.592574e+01 2.337544e+01 2.087804e+01 2.668226e+01 1.765308e+01 1.893474e+01 1.686794e+01 1.889130e+01 2.066808e+01 1.508718e+01 3.728919e+00 3.111926e+00 5.378443e+00 4.654684e+00 5.843830e+00 4.227812e+00 3.914537e+00 3.636908e+00 3.435844e+00 4.287205e+00 3.244340e+00 2.764154e+00 3.779364e-03
<GCONST> 9.167313e+01
<MIXTURE> 74 1.756491e-02
<MEAN> 25
 4.783094e+00 -2.294000e+00 4.490400e+00 -1.995783e+00 -8.538548e+00 -8.539418e+00 -2.333249e+00 4.576813e+00 -2.793604e+00 -1.125986e+00 -2.303849e-01 -3.701121e-01 -2.245118e-01 2.263443e+00 -4.206342e-01 1.735728e+00 1.250007e+00 1.062640e+00 3.735533e-01 -9.147603e-01 1.144940e+00 -4.307030e-01 3.485476e-01 1.277226e-01 -8.558901e-02
<VARIANCE> 25
 7.260572e+00 2.380128e+01 4.349706e+01 2.773344e+01 2.884848e+01 3.368573e+01 4.334349e+01 3.442631e+01 5.076374e+01 2.821400e+01 3.658386e+01 2.751869e+01 1.713377e+00 1.478330e+00 3.030690e+00 1.898770e+00 2.963173e+00 2.761535e+00 3.938684e+00 3.679811e+00 3.168341e+00 3.258073e+00 2.912879e+00 2.143170e+00 1.333836e-03
<GCONST> 9.156425e+01
<MIXTURE> 75 9.711651e-03
<MEAN> 25
 2.487251e+00 -1.365542e+00 1.077565e+01 1.713469e+00 -1.132271e+01 -7.809493e+00 -4.826065e+00 -1.170069e+00 -5.111643e+00 -4.820554e+00 2.730469e+00 -5.930999e-01 1.881320e+00 -1.816165e+00 1.435231e-01 -8.374249e-01 -2.323994e+00 -5.412801e-01 -1.817535e+00 1.358381e+00 -1.822498e-01 6.923471e-02 1.200267e+00 -5.280840e-01 3.769825e-02
<VARIANCE> 25
 1.233070e+01 1.589319e+01 2.448017e+01 2.719387e+01 2.203139e+01 2.556183e+01 3.634990e+01 3.692949e+01 3.735094e+01 2.827157e+01 2.369604e+01 2.038135e+01 1.974681e+00 2.171278e+00 6.123593e+00 2.982810e+00 2.954177e+00 3.594854e+00 4.164925e+00 3.099168e+00 3.104706e+00 4.306420e+00 2.471174e+00 2.503673e+00 1.541950e-03
<GCONST> 9.162574e+01
<MIXTURE> 76 1.052359e-02
<MEAN> 25
 -5.189420e+00 1.309570e+00 -4.024439e+00 5.596714e+00 7.257818e+00 4.411468e+00 4.636822e+00 2.642263e-01 1.832770e+00 -1.882849e+00 9.428921e-01 3.224233e+00 -4.427901e-02 -3.584285e-01 -4.214566e-01 -6.888344e-01 -5.495983e-01 -8.097462e-01 -6.947500e-01 -6.032585e-01 -6.717088e-01 -5.095369e-01 -3.811239e-01 -4.012099e-01 8.913274e-03
<VARIANCE> 25
 2.931482e+01 2.941540e+01 2.332920e+01 2.283112e+01 3.458773e+01 3.032014e+01 2.031600e+01 2.362196e+01 2.168622e+01 2.637350e+01 2.013060e+01 1.504037e+01 8.011454e-01 9.941462e-01 1.184177e+00 1.062926e+00 1.274990e+00 1.403016e+00 1.297284e+00 1.765883e+00 1.445677e+00 1.622686e+00 1.513129e+00 1.116091e+00 1.213257e-03
<GCONST> 8.025048e+01
<MIXTURE> 77 1.244626e-02
<MEAN> 25
 -4.619407e-01 8.574800e+00 1.246180e+01 -1.161719e+01 -7.005863e+00 9.602162e-01 -9.284787e+00 -7.238925e+00 -3.371599e+00 -1.954532e-01 -4.654884e+00 -1.484007e+00 6.803973e-02 1.358745e-01 7.390546e-02 2.505276e-01 -2.204007e-02 7.852592e-02 -6.402445e-02 -6.205876e-02 8.290914e-02 -4.409920e-02 2.541968e-02 1.187054e-01 -9.888833e-03
<VARIANCE> 25
 1.046222e+01 2.028431e+01 2.751133e+01 4.158152e+01 3.317725e+01 3.378059e+01 3.668408e+01 3.174511e+01 3.525383e+01 3.320923e+01 3.754673e+01 3.492918e+01 2.986303e-01 7.807659e-01 6.451216e-01 1.085570e+00 1.236901e+00 9.849261e-01 1.223291e+00 1.073242e+00 1.043052e+00 1.065863e+00 9.707707e-01 9.219058e-01 5.405031e-04
<GCONST> 7.780231e+01
<MIXTURE> 78 9.702551e-03
<MEAN> 25
 -1.196392e+01 -1.208413e-01 -7.738395e-01 5.151242e+00 1.947823e+00 -1.548706e+00 4.807109e+00 2.335889e+00 4.787887e+00 -7.455917e-01 -2.707169e-01 4.283538e+00 2.223486e+00 -1.934973e-01 -3.101027e-01 8.183011e-01 5.779319e-01 2.015814e-01 -4.935337e-01 -2.836778e-01 1.187549e-01 1.352371e-01 -4.552589e-01 -9.390236e-01 -6.156674e-02
<VARIANCE> 25
 3.441515e+01 2.716187e+01 2.660434e+01 3.756119e+01 4.395029e+01 2.814195e+01 2.966974e+01 2.775141e+01 2.868448e+01 2.296288e+01 2.033738e+01 2.165827e+01 3.872568e+00 2.055504e+00 2.364433e+00 2.311248e+00 2.996012e+00 3.121127e+00 3.345804e+00 4.011095e+00 1.776577e+00 1.779278e+00 1.820762e+00 2.052484e+00 3.526123e-03
<GCONST> 9.153276e+01
<MIXTURE> 79 1.156824e-02
<MEAN> 25
 2.587230e+00 1.167875e+00 8.893346e+00 -6.880121e+00 -1.206033e+01 -1.921133e+00 -1.808560e+00 -6.335577e+00 -6.612123e+00 4.052034e-01 -3.595556e+00 -3.423151e+00 1.171873e+00 -4.912508e-01 -1.380743e+00 2.359817e+00 4.253570e-01 -1.521757e+00 5.303991e-01 8.829719e-01 -4.190500e-01 -5.650887e-01 3.170487e-01 3.248687e-01 -3.601499e-02
<VARIANCE> 25
 1.474744e+01 2.874460e+01 3.952900e+01 5.098507e+01 3.246667e+01 4.458340e+01 4.240570e+01 3.758295e+01 3.842924e+01 3.913377e+01 4.299194e+01 3.038137e+01 9.940369e-01 2.248030e+00 1.920139e+00 2.111813e+00 2.530457e+00 2.860996e+00 3.137281e+00 3.453974e+00 2.484207e+00 2.679986e+00 2.313221e+00 2.047361e+00 1.218845e-03
<GCONST> 9.205461e+01
<MIXTURE> 80 7.550998e-03
<MEAN> 25
 -1.462790e+01 4.487447e+00 1.147483e+00 2.242606e+00 3.206364e+00 1.524844e+00 6.043684e+00 3.520433e+00 2.809409e+00 2.085668e+00 4.848727e+00 8.692491e-01 4.328875e+00 -1.077248e-01 1.615880e+00 -1.120079e+00 -2.912340e+00 -2.710962e+00 -2.489110e+00 -1.966983e+00 -1.920125e+00 -1.758187e+00 -1.575007e+00 -5.687822e-01 -4.211679e-02
<VARIANCE> 25
 1.907125e+01 1.999325e+01 3.281181e+01 3.453769e+01 3.208958e+01 2.658155e+01 2.694612e+01 3.497514e+01 2.441507e+01 2.683961e+01 2.422658e+01 1.722319e+01 2.172108e+00 2.491376e+00 2.413975e+00 3.718863e+00 3.130240e+00 2.489094e+00 2.969978e+00 2.949133e+00 2.507987e+00 2.487995e+00 2.559390e+00 1.948949e+00 1.402213e-03
<GCONST> 9.001397e+01
<MIXTURE> 81 8.025434e-03
<MEAN> 25
 -7.172537e-01 3.343066e+00 1.014512e+01 -1.418291e+01 -8.820455e+00 -9.937159e-01 -7.311009e+00 -8.121244e+00 -3.648197e+00 -3.168534e-01 -7.315423e+00 -2.219296e+00 1.544965e-01 -7.870902e-01 3.310561e-02 -5.653567e-01 -5.039818e-01 4.030390e-01 3.621426e-01 8.498757e-02 -6.861423e-02 2.200299e-01 -5.172344e-01 -6.771388e-02 1.405101e-02
<VARIANCE> 25
 1.143395e+01 3.699288e+01 2.463374e+01 3.200929e+01 3.219176e+01 3.066534e+01 4.593528e+01 2.743865e+01 3.847594e+01 2.978691e+01 2.436550e+01 2.890340e+01 7.236813e-01 2.613759e+00 1.453545e+00 2.673930e+00 2.499061e+00 2.036106e+00 3.073210e+00 2.161521e+00 2.254886e+00 2.522232e+00 2.166345e+00 1.974089e+00 1.180976e-03
<GCONST> 8.826506e+01
<MIXTURE> 82 8.213053e-03
<MEAN> 25
 -9.606792e+00 -4.156693e+00 1.685237e+00 -3.076964e+00 3.133120e+00 6.927050e-01 2.082330e+00 8.737311e-01 2.836671e+00 1.778224e+00 2.347131e+00 3.042575e+00 -1.277035e+00 -2.698686e-01 1.956190e-01 -2.761753e+00 -1.085962e+00 -1.424472e+00 -1.173339e+00 -8.809968e-01 -2.213899e-01 -2.785703e-01 -2.708436e-01 -9.134164e-02 1.726922e-01
<VARIANCE> 25
 1.910171e+01 2.526494e+01 3.088957e+01 2.956774e+01 3.236094e+01 3.017670e+01 2.975503e+01 3.076049e+01 2.970496e+01 2.399469e+01 3.349558e+01 1.713669e+01 3.577546e+00 3.129219e+00 3.192927e+00 3.516623e+00 3.315072e+00 3.500305e+00 3.084794e+00 2.845236e+00 2.731547e+00 2.812131e+00 2.340315e+00 1.751651e+00 3.622529e-03
<GCONST> 9.285470e+01
<MIXTURE> 83 1.167529e-02
<MEAN> 25
 -1.887490e+01 7.124981e+00 -2.459106e-01 -4.514329e-02 1.043555e+01 1.008593e+00 6.669335e+00 3.954844e+00 -1.014230e+00 1.064779e+00 1.571043e+00 1.437668e+00 -9.242088e-03 -4.041030e-01 2.035261e-01 -3.206147e-01 -4.631162e-01 1.020107e-01 -5.787665e-01 2.283071e-01 1.535145e-01 -6.735897e-02 1.847208e-01 -2.534377e-01 3.264184e-03
<VARIANCE> 25
 6.179538e+00 1.204102e+01 1.839267e+01 1.331567e+01 1.888672e+01 1.954359e+01 1.870571e+01 1.893544e+01 1.903841e+01 1.560092e+01 1.637263e+01 1.384101e+01 8.060677e-01 7.418453e-01 8.154274e-01 6.301423e-01 9.405046e-01 1.016705e+00 1.013044e+00 1.282998e+00 1.472305e+00 9.911438e-01 1.077179e+00 9.833701e-01 6.370026e-04
<GCONST> 7.076949e+01
<MIXTURE> 84 1.066614e-02
<MEAN> 25
 1.324994e+00 8.953097e+00 7.063585e+00 7.887461e+00 2.925290e+00 -7.540760e-01 -1.904638e+00 -4.202940e+00 -3.994621e+00 -3.303434e+00 -2.265969e+00 -1.791971e+00 -1.753506e+00 -1.045966e+00 -1.198333e+00 1.214464e+00 2.239729e+00 1.437422e+00 1.576875e+00 1.163793e+00 1.179846e+00 3.135747e-01 2.440240e-01 4.496004e-01 -7.018798e-02
<VARIANCE> 25
 2.356497e+01 1.763126e+01 2.163636e+01 2.330176e+01 2.863123e+01 2.766935e+01 3.138710e+01 2.785653e+01 2.505102e+01 2.719040e+01 2.291080e+01 2.486113e+01 2.074270e+00 2.733195e+00 3.655005e+00 3.289971e+00 3.140598e+00 3.310400e+00 3.471853e+00 3.532219e+00 3.380147e+00 3.226235e+00 4.037792e+00 2.692729e+00 3.404632e-03
<GCONST> 9.267927e+01
<MIXTURE> 85 7.591393e-03
<MEAN> 25
 -2.906623e+00 7.767676e+00 5.616498e+00 7.715443e-01 -2.385088e+00 -4.570461e+00 -3.884783e+00 -5.577708e+00 -3.438808e+00 -3.458917e+00 -1.399002e-01 -1.848242e+00 4.148016e+00 -4.336487e-02 1.722586e+00 -2.000871e+00 -3.588001e+00 -2.300135e+00 -3.060070e+00 -2.568879e+00 -2.026580e+00 -1.125501e+00 -2.219369e+00 -5.979371e-01 1.113453e-02
<VARIANCE> 25
 4.136897e+01 2.127610e+01 3.363820e+01 3.610768e+01 4.527703e+01 3.963366e+01 3.490852e+01 2.714158e+01 2.382750e+01 2.373158e+01 2.488213e+01 1.810982e+01 2.651705e+00 5.003736e+00 3.555560e+00 4.609759e+00 4.165424e+00 4.155784e+00 3.725147e+00 3.864554e+00 3.750937e+00 3.733130e+00 3.516966e+00 3.070216e+00 4.843523e-03
<GCONST> 9.721256e+01
<MIXTURE> 86 1.273941e-02
<MEAN> 25
 -4.932910e+00 -1.102090e+00 -8.725378e-01 6.360812e+00 5.058821e+00 4.669888e+00 5.314263e+00 4.478807e+00 4.680429e+00 3.896359e+00 5.319257e+00 2.728238e+00 -6.350779e-03 -6.672130e-03 -3.663808e-02 -6.564008e-02 -1.075147e-01 -1.648228e-01 -2.633708e-01 -3.405535e-01 -3.536497e-01 -3.258368e-01 -2.277228e-01 -9.522656e-02 -5.852043e-04
<VARIANCE> 25
 7.911001e+00 6.394716e+00 1.028531e+01 1.220128e+01 1.583442e+01 1.429476e+01 1.343612e+01 1.360666e+01 1.311748e+01 1.422143e+01 1.430418e+01 1.271291e+01 1.002064e-01 1.917951e-01 3.157998e-01 4.844857e-01 6.426462e-01 7.560882e-01 7.405770e-01 7.703251e-01 8.372824e-01 8.786221e-01 9.035590e-01 9.014406e-01 5.329730e-05
<GCONST> 5.830137e+01
<MIXTURE> 87 1.100681e-02
<MEAN> 25
 -3.180506e+00 5.164602e+00 2.147839e+00 7.532439e+00 5.877700e+00 2.392768e+00 2.058283e+00 -1.775631e+00 -3.641812e-01 -1.958657e+00 -2.222551e-01 9.362056e-01 -1.903156e+00 -3.005796e+00 -1.579861e+00 -2.222323e+00 -3.416151e-01 -6.049399e-01 4.699641e-02 1.127974e+00 6.781126e-01 1.509256e+00 1.030956e+00 4.166427e-01 1.141859e-01
<VARIANCE> 25
 2.985297e+01 2.499914e+01 2.935823e+01 2.595603e+01 2.940749e+01 3.282660e+01 2.476060e+01 3.048201e+01 2.108690e+01 2.153573e+01 1.951954e+01 2.199757e+01 3.231439e+00 2.554306e+00 4.472707e+00 3.648965e+00 3.686102e+00 3.673709e+00 3.933114e+00 3.434347e+00 6.356774e+00 3.571151e+00 3.230944e+00 3.073308e+00 4.543667e-03
<GCONST> 9.501372e+01
<MIXTURE> 88 1.256585e-02
<MEAN> 25
 -3.207491e+00 1.346425e+00 -2.797084e+00 5.940502e+00 5.443874e+00 3.898780e+00 4.723284e+00 2.031814e+00 4.064568e+00 1.020544e+00 3.188374e+00 3.049853e+00 -1.173458e-01 3.776486e-01 2.204116e-03 4.597085e-01 9.388812e-01 6.851911e-01 2.713249e-01 -3.032384e-01 -5.291337e-01 -3.768806e-01 -3.009017e-01 7.758422e-02 -1.572082e-02
<VARIANCE> 25
 8.813920e+00 1.478441e+01 1.350914e+01 1.364149e+01 2.121822e+01 2.122838e+01 1.581832e+01 1.694241e+01 1.591042e+01 1.767521e+01 1.635432e+01 1.335504e+01 1.086818e+00 1.373710e+00 1.651949e+00 1.840968e+00 2.761092e+00 2.400689e+00 2.402972e+00 2.492386e+00 1.900894e+00 2.077559e+00 2.159117e+00 1.742596e+00 1.466699e-03
<GCONST> 8.012821e+01
<MIXTURE> 89 9.333527e-03
<MEAN> 25
 6.879150e+00 -8.986092e+00 -1.172961e+00 -4.636266e+00 -3.863608e+00 -6.290069e+00 -5.260675e+00 4.904445e+00 1.613305e+00 7.890840e-01 -5.901883e+00 -2.258441e+00 -7.201205e-01 -4.247877e-02 1.712778e+00 4.761721e-01 -1.123922e+00 -1.427608e+00 9.905417e-01 1.484488e+00 -5.371556e-01 -1.165023e+00 1.504485e-01 1.522826e+00 -1.468160e-03
<VARIANCE> 25
 8.295496e+00 2.540047e+01 3.140130e+01 2.644211e+01 3.259738e+01 2.973851e+01 4.394614e+01 3.272052e+01 3.308173e+01 4.769973e+01 2.612481e+01 2.869348e+01 3.271143e-01 7.011510e-01 1.206500e+00 1.212085e+00 2.409504e+00 1.864746e+00 1.805557e+00 1.794230e+00 1.716316e+00 1.606864e+00 1.898046e+00 1.245520e+00 2.884337e-04
<GCONST> 8.145967e+01
<MIXTURE> 90 7.114505e-03
<MEAN> 25
 2.487127e+00 -9.847205e+00 -4.461793e+00 -4.063636e+00 -3.525319e+00 -1.927994e+00 3.351258e+00 1.451366e+00 -7.443090e+00 -9.928659e+00 -3.536308e+00 -6.503706e-01 -1.601199e-01 8.912883e-01 1.136041e+00 -8.359147e-01 -1.624379e+00 -2.312214e-01 6.335132e-01 -2.227385e-01 -1.568608e-01 6.975020e-01 2.335595e-01 -5.203606e-01 -1.139178e-02
<VARIANCE> 25
 8.325406e+00 1.786412e+01 2.240509e+01 2.755076e+01 3.660583e+01 3.181372e+01 3.752539e+01 3.809170e+01 3.458636e+01 2.998488e+01 2.671393e+01 2.573973e+01 2.184392e-01 6.084229e-01 8.051460e-01 1.027384e+00 1.436473e+00 1.563510e+00 1.738453e+00 1.617499e+00 1.768461e+00 1.691517e+00 1.549491e+00 1.306500e+00 2.116346e-04
<GCONST> 7.815236e+01
<MIXTURE> 91 7.852945e-03
<MEAN> 25
 6.628270e+00 -7.799329e+00 -8.048465e+00 -6.090916e+00 3.012505e+00 -7.965066e-02 -2.202950e+00 8.003234e-01 6.816192e-01 -1.837482e+00 -5.386269e+00 -5.367242e+00 2.132389e-01 1.043911e+00 1.314106e-01 5.539582e-01 1.920104e-01 -7.748268e-01 -4.588135e-01 -2.570448e-02 -8.628366e-02 3.570274e-01 -2.357802e-01 2.919465e-01 -3.582783e-02
<VARIANCE> 25
 9.878582e+00 2.168283e+01 2.052332e+01 4.408726e+01 4.095936e+01 5.570277e+01 5.117875e+01 3.607457e+01 5.274953e+01 6.932602e+01 3.650530e+01 3.776778e+01 4.197741e-01 8.733091e-01 1.081010e+00 1.398595e+00 2.548292e+00 2.638065e+00 2.278447e+00 2.281542e+00 2.073508e+00 2.149794e+00 2.033746e+00 1.790453e+00 6.321346e-04
<GCONST> 8.719257e+01
<MIXTURE> 92 7.852945e-03
<MEAN> 25
 6.628270e+00 -7.799329e+00 -8.048465e+00 -6.090916e+00 3.012505e+00 -7.965066e-02 -2.202950e+00 8.003234e-01 6.816192e-01 -1.837482e+00 -5.386269e+00 -5.367242e+00 2.132389e-01 1.043911e+00 1.314106e-01 5.539582e-01 1.920104e-01 -7.748268e-01 -4.588135e-01 -2.570448e-02 -8.628366e-02 3.570274e-01 -2.357802e-01 2.919465e-01 -3.582783e-02
<VARIANCE> 25
 9.878582e+00 2.168283e+01 2.052332e+01 4.408726e+01 4.095936e+01 5.570277e+01 5.117875e+01 3.607457e+01 5.274953e+01 6.932602e+01 3.650530e+01 3.776778e+01 4.197741e-01 8.733091e-01 1.081010e+00 1.398595e+00 2.548292e+00 2.638065e+00 2.278447e+00 2.281542e+00 2.073508e+00 2.149794e+00 2.033746e+00 1.790453e+00 6.321346e-04
<GCONST> 8.719257e+01
<MIXTURE> 93 6.122769e-03
<MEAN> 25
 -6.825387e+00 -9.603842e-01 -2.402864e+00 5.797859e+00 5.908346e+00 3.923035e+00 6.123048e+00 3.607615e+00 4.119326e+00 2.508759e+00 1.818247e+00 3.705795e+00 -6.162133e-02 -1.543308e-01 -2.573287e-01 -3.317293e-01 -3.337854e-01 -2.844879e-01 -2.179386e-01 -1.743401e-01 -1.666055e-01 -1.507291e-01 -1.043732e-01 -3.549084e-02 -3.775613e-06
<VARIANCE> 25
 9.094607e+00 6.033241e+00 8.187864e+00 1.136839e+01 1.149143e+01 1.598135e+01 1.527666e+01 1.646097e+01 1.475782e+01 1.454402e+01 1.678588e+01 1.344743e+01 8.271863e-02 1.533858e-01 2.637286e-01 3.805365e-01 4.977293e-01 6.422796e-01 7.795658e-01 8.873297e-01 9.166736e-01 8.761303e-01 8.922741e-01 9.178238e-01 9.999994e-07
<GCONST> 5.360441e+01
<MIXTURE> 94 6.122769e-03
<MEAN> 25
 -6.825387e+00 -9.603842e-01 -2.402864e+00 5.797859e+00 5.908346e+00 3.923035e+00 6.123048e+00 3.607615e+00 4.119326e+00 2.508759e+00 1.818247e+00 3.705795e+00 -6.162133e-02 -1.543308e-01 -2.573287e-01 -3.317293e-01 -3.337854e-01 -2.844879e-01 -2.179386e-01 -1.743401e-01 -1.666055e-01 -1.507291e-01 -1.043732e-01 -3.549084e-02 -3.775613e-06
<VARIANCE> 25
 9.094607e+00 6.033241e+00 8.187864e+00 1.136839e+01 1.149143e+01 1.598135e+01 1.527666e+01 1.646097e+01 1.475782e+01 1.454402e+01 1.678588e+01 1.344743e+01 8.271863e-02 1.533858e-01 2.637286e-01 3.805365e-01 4.977293e-01 6.422796e-01 7.795658e-01 8.873297e-01 9.166736e-01 8.761303e-01 8.922741e-01 9.178238e-01 9.999994e-07
<GCONST> 5.360441e+01
<MIXTURE> 95 5.258835e-03
<MEAN> 25
 -5.748923e+00 -5.908918e-01 -2.035751e+00 4.962612e+00 4.380325e+00 2.955250e+00 4.193082e+00 1.553585e+00 2.277852e+00 7.935709e-01 1.183051e+00 2.661071e+00 1.513851e-01 1.607857e-01 8.244907e-02 -7.829534e-02 -3.590820e-01 -7.083459e-01 -1.053520e+00 -1.278881e+00 -1.263228e+00 -1.000472e+00 -6.469542e-01 -3.066323e-01 -2.122319e-04
<VARIANCE> 25
 1.036623e+01 7.466167e+00 1.224385e+01 1.292722e+01 1.503549e+01 1.926735e+01 1.795828e+01 1.713674e+01 1.526691e+01 1.560128e+01 1.961849e+01 1.439857e+01 2.092241e-01 3.001645e-01 4.578742e-01 6.227531e-01 8.108981e-01 8.988346e-01 9.020643e-01 9.096428e-01 9.825741e-01 1.063584e+00 1.140222e+00 1.103655e+00 4.358432e-05
<GCONST> 6.357149e+01
<MIXTURE> 96 7.034694e-03
<MEAN> 25
 -5.085787e+00 -4.346122e-01 -2.258668e+00 5.169440e+00 3.880929e+00 1.802369e+00 3.550303e+00 1.798931e+00 2.467413e+00 9.530599e-01 1.158865e+00 2.844638e+00 -3.048963e-02 8.867965e-02 2.132228e-01 4.066461e-01 5.409261e-01 5.010668e-01 2.451522e-01 -1.289669e-01 -4.641809e-01 -6.523520e-01 -6.050034e-01 -3.637415e-01 -1.980781e-05
<VARIANCE> 25
 1.102633e+01 9.829845e+00 1.292372e+01 1.428073e+01 1.505889e+01 1.950174e+01 1.805976e+01 1.932192e+01 1.804568e+01 1.658488e+01 1.979453e+01 1.453304e+01 1.205475e-01 2.179125e-01 3.166873e-01 3.980381e-01 4.974343e-01 6.601565e-01 8.673201e-01 9.960277e-01 9.573424e-01 8.629103e-01 8.880596e-01 9.423974e-01 1.012907e-06
<GCONST> 5.760915e+01
<MIXTURE> 97 7.034694e-03
<MEAN> 25
 -5.085787e+00 -4.346122e-01 -2.258668e+00 5.169440e+00 3.880929e+00 1.802369e+00 3.550303e+00 1.798931e+00 2.467413e+00 9.530599e-01 1.158865e+00 2.844638e+00 -3.048963e-02 8.867965e-02 2.132228e-01 4.066461e-01 5.409261e-01 5.010668e-01 2.451522e-01 -1.289669e-01 -4.641809e-01 -6.523520e-01 -6.050034e-01 -3.637415e-01 -1.980781e-05
<VARIANCE> 25
 1.102633e+01 9.829845e+00 1.292372e+01 1.428073e+01 1.505889e+01 1.950174e+01 1.805976e+01 1.932192e+01 1.804568e+01 1.658488e+01 1.979453e+01 1.453304e+01 1.205475e-01 2.179125e-01 3.166873e-01 3.980381e-01 4.974343e-01 6.601565e-01 8.673201e-01 9.960277e-01 9.573424e-01 8.629103e-01 8.880596e-01 9.423974e-01 1.012907e-06
<GCONST> 5.760915e+01
<MIXTURE> 98 9.917808e-03
<MEAN> 25
 -1.403223e+00 1.530888e+00 -7.374720e-01 4.503802e+00 3.776555e+00 2.382994e+00 2.823640e+00 1.201969e+00 2.094467e+00 5.267227e-01 8.152410e-01 1.273067e+00 -1.793493e+00 -1.236550e+00 -9.025804e-01 1.843863e-01 6.714883e-01 7.408817e-01 1.365723e+00 1.217887e+00 1.384286e+00 1.125384e+00 1.285297e+00 1.056430e+00 -3.387427e-02
<VARIANCE> 25
 1.387628e+01 1.910874e+01 3.154099e+01 3.083125e+01 4.096176e+01 3.934442e+01 3.228673e+01 3.239328e+01 2.539409e+01 2.760836e+01 2.427662e+01 2.177855e+01 1.426622e+00 1.848218e+00 2.196770e+00 2.320559e+00 2.722300e+00 3.104900e+00 2.980847e+00 3.089931e+00 3.098289e+00 2.719656e+00 2.542224e+00 2.133648e+00 2.498557e-03
<GCONST> 9.035107e+01
<MIXTURE> 99 6.696178e-03
<MEAN> 25
 -6.153003e+00 9.429837e+00 6.666559e+00 4.199800e+00 7.804537e-01 -4.813072e+00 -1.274796e+00 -4.900712e+00 -2.985461e+00 -4.187325e+00 -2.038156e+00 5.947277e-01 3.609509e-01 -7.169607e-01 2.978441e-01 -3.153967e-01 -1.074370e+00 -6.962720e-01 -4.070494e-01 -2.075521e-01 -7.357817e-02 -7.710218e-02 3.819686e-01 2.562665e-01 1.334982e-02
<VARIANCE> 25
 3.367262e+01 2.525270e+01 5.163026e+01 3.132819e+01 3.830640e+01 3.360503e+01 2.847898e+01 3.091680e+01 2.761732e+01 2.595596e+01 2.197018e+01 2.868710e+01 2.336806e+00 1.743852e+00 1.385468e+00 1.685236e+00 2.434282e+00 2.391570e+00 1.498598e+00 1.740611e+00 1.531502e+00 1.474056e+00 1.374728e+00 1.239416e+00 1.489385e-03
<GCONST> 8.685385e+01
<MIXTURE> 100 4.498084e-03
<MEAN> 25
 -1.376348e+00 6.155881e+00 1.022514e+01 -7.399664e+00 -1.059246e+01 -4.925230e+00 -5.281292e+00 -9.825706e+00 -4.552798e+00 -8.821713e-01 -2.579616e+00 -2.671258e+00 2.939648e+00 -1.363414e+00 1.291077e+00 -2.166861e+00 -3.437985e+00 -7.335842e-01 -1.252419e+00 -8.637589e-01 -1.390229e+00 4.035204e-01 -1.655309e+00 -2.754648e-01 3.971001e-03
<VARIANCE> 25
 1.467024e+01 2.160851e+01 2.189075e+01 2.583371e+01 2.369382e+01 2.371485e+01 3.174098e+01 2.166810e+01 2.736130e+01 2.203102e+01 2.240476e+01 2.067263e+01 1.798712e+00 4.146795e+00 2.856764e+00 4.165755e+00 4.069430e+00 4.464323e+00 4.004858e+00 4.348514e+00 4.261843e+00 3.880992e+00 3.802503e+00 3.131886e+00 1.734304e-03
<GCONST> 9.261691e+01
<MIXTURE> 101 6.007792e-03
<MEAN> 25
 8.097925e+00 -3.504280e+00 -6.304969e+00 -6.865175e+00 8.213950e-01 -1.268850e+00 -1.058554e+01 -2.061770e+00 1.608016e+00 2.721465e+00 -2.383694e+00 -5.151698e+00 6.741454e-01 6.475208e-01 -1.454997e+00 -1.608793e+00 1.029857e+00 2.315222e+00 1.971824e-01 -1.460290e+00 -1.063465e+00 1.038532e+00 1.371170e+00 -4.126147e-01 -4.730905e-03
<VARIANCE> 25
 9.257729e+00 1.682623e+01 2.982295e+01 4.272024e+01 3.653115e+01 3.581141e+01 3.697165e+01 3.617173e+01 3.791438e+01 4.394231e+01 5.169813e+01 2.424477e+01 2.934887e-01 6.756091e-01 1.172980e+00 1.551463e+00 1.688793e+00 2.099602e+00 2.082690e+00 1.990376e+00 2.346502e+00 2.215071e+00 1.786505e+00 1.937345e+00 3.478185e-04
<GCONST> 8.366637e+01
<MIXTURE> 102 6.007792e-03
<MEAN> 25
 8.097925e+00 -3.504280e+00 -6.304969e+00 -6.865175e+00 8.213950e-01 -1.268850e+00 -1.058554e+01 -2.061770e+00 1.608016e+00 2.721465e+00 -2.383694e+00 -5.151698e+00 6.741454e-01 6.475208e-01 -1.454997e+00 -1.608793e+00 1.029857e+00 2.315222e+00 1.971824e-01 -1.460290e+00 -1.063465e+00 1.038532e+00 1.371170e+00 -4.126147e-01 -4.730905e-03
<VARIANCE> 25
 9.257729e+00 1.682623e+01 2.982295e+01 4.272024e+01 3.653115e+01 3.581141e+01 3.697165e+01 3.617173e+01 3.791438e+01 4.394231e+01 5.169813e+01 2.424477e+01 2.934887e-01 6.756091e-01 1.172980e+00 1.551463e+00 1.688793e+00 2.099602e+00 2.082690e+00 1.990376e+00 2.346502e+00 2.215071e+00 1.786505e+00 1.937345e+00 3.478185e-04
<GCONST> 8.366637e+01
<MIXTURE> 103 5.694618e-03
<MEAN> 25
 3.382808e+00 -9.495905e+00 -6.110896e+00 -3.134225e+00 -1.378403e+00 -1.983338e+00 2.433640e+00 2.519050e+00 -4.629509e+00 -9.199464e+00 -5.061304e+00 3.293355e-01 -1.578966e-01 -1.484478e+00 -9.764223e-01 3.747289e-01 1.217376e+00 1.007026e+00 1.626199e-01 -2.657977e-01 -7.822211e-01 -9.472975e-01 -3.969334e-02 1.264451e-01 2.688642e-02
<VARIANCE> 25
 1.036898e+01 2.031193e+01 2.297065e+01 3.217799e+01 4.845481e+01 3.493349e+01 4.632283e+01 3.661180e+01 4.206200e+01 3.015856e+01 2.996676e+01 2.665812e+01 6.427354e-01 1.253515e+00 1.537919e+00 1.934730e+00 2.927200e+00 2.459609e+00 2.884675e+00 2.570941e+00 2.555688e+00 2.521469e+00 2.097180e+00 2.020899e+00 8.061064e-04
<GCONST> 8.763739e+01
<MIXTURE> 104 5.694618e-03
<MEAN> 25
 3.382808e+00 -9.495905e+00 -6.110896e+00 -3.134225e+00 -1.378403e+00 -1.983338e+00 2.433640e+00 2.519050e+00 -4.629509e+00 -9.199464e+00 -5.061304e+00 3.293355e-01 -1.578966e-01 -1.484478e+00 -9.764223e-01 3.747289e-01 1.217376e+00 1.007026e+00 1.626199e-01 -2.657977e-01 -7.822211e-01 -9.472975e-01 -3.969334e-02 1.264451e-01 2.688642e-02
<VARIANCE> 25
 1.036898e+01 2.031193e+01 2.297065e+01 3.217799e+01 4.845481e+01 3.493349e+01 4.632283e+01 3.661180e+01 4.206200e+01 3.015856e+01 2.996676e+01 2.665812e+01 6.427354e-01 1.253515e+00 1.537919e+00 1.934730e+00 2.927200e+00 2.459609e+00 2.884675e+00 2.570941e+00 2.555688e+00 2.521469e+00 2.097180e+00 2.020899e+00 8.061064e-04
<GCONST> 8.763739e+01
<MIXTURE> 105 4.710235e-03
<MEAN> 25
 2.238343e+00 -1.521836e+00 9.242537e+00 -2.705534e+00 -1.160528e+01 -5.021130e+00 -4.180983e+00 -7.739027e-01 -3.819264e+00 -3.182722e+00 1.505930e+00 -1.153443e+00 9.433823e-03 2.916059e-02 4.960219e-02 -4.578713e-02 3.987059e-03 4.846649e-02 -1.024423e-02 5.062786e-02 -3.603522e-02 2.671486e-02 2.870056e-02 -2.633879e-02 -2.170861e-03
<VARIANCE> 25
 1.336428e+01 2.883092e+01 4.084616e+01 4.480268e+01 3.768583e+01 5.362239e+01 4.119075e+01 4.345361e+01 3.968349e+01 4.208119e+01 4.192405e+01 3.071401e+01 8.414420e-02 1.878310e-01 3.420185e-01 2.908246e-01 3.754063e-01 4.299453e-01 4.707371e-01 4.908824e-01 4.936382e-01 4.414627e-01 4.238228e-01 3.993430e-01 8.989245e-05
<GCONST> 6.673423e+01
<MIXTURE> 106 4.710235e-03
<MEAN> 25
 2.238343e+00 -1.521836e+00 9.242537e+00 -2.705534e+00 -1.160528e+01 -5.021130e+00 -4.180983e+00 -7.739027e-01 -3.819264e+00 -3.182722e+00 1.505930e+00 -1.153443e+00 9.433823e-03 2.916059e-02 4.960219e-02 -4.578713e-02 3.987059e-03 4.846649e-02 -1.024423e-02 5.062786e-02 -3.603522e-02 2.671486e-02 2.870056e-02 -2.633879e-02 -2.170861e-03
<VARIANCE> 25
 1.336428e+01 2.883092e+01 4.084616e+01 4.480268e+01 3.768583e+01 5.362239e+01 4.119075e+01 4.345361e+01 3.968349e+01 4.208119e+01 4.192405e+01 3.071401e+01 8.414420e-02 1.878310e-01 3.420185e-01 2.908246e-01 3.754063e-01 4.299453e-01 4.707371e-01 4.908824e-01 4.936382e-01 4.414627e-01 4.238228e-01 3.993430e-01 8.989245e-05
<GCONST> 6.673423e+01
<MIXTURE> 107 5.452374e-03
<MEAN> 25
 8.754304e+00 -2.670018e+00 -7.497907e+00 -9.827368e+00 1.222106e+00 3.245021e+00 -8.307468e+00 -4.654426e+00 -8.694008e-01 3.670746e+00 3.843124e-01 -5.075791e+00 -5.591398e-01 -7.667453e-01 7.764171e-01 1.758760e+00 1.754713e-01 -1.885586e+00 -8.413358e-01 8.341368e-01 1.684894e+00 4.064436e-02 -1.645417e+00 -7.594644e-01 -1.774597e-03
<VARIANCE> 25
 8.719905e+00 2.083583e+01 2.904117e+01 4.265805e+01 3.910739e+01 3.759712e+01 4.886760e+01 3.642376e+01 4.270354e+01 4.067708e+01 4.984917e+01 2.807147e+01 3.836871e-01 9.749665e-01 1.417223e+00 2.441139e+00 2.533030e+00 2.949538e+00 2.612364e+00 2.657231e+00 2.228148e+00 3.004982e+00 1.911714e+00 2.118494e+00 6.739429e-04
<GCONST> 8.795669e+01
<MIXTURE> 108 5.452374e-03
<MEAN> 25
 8.754304e+00 -2.670018e+00 -7.497907e+00 -9.827368e+00 1.222106e+00 3.245021e+00 -8.307468e+00 -4.654426e+00 -8.694008e-01 3.670746e+00 3.843124e-01 -5.075791e+00 -5.591398e-01 -7.667453e-01 7.764171e-01 1.758760e+00 1.754713e-01 -1.885586e+00 -8.413358e-01 8.341368e-01 1.684894e+00 4.064436e-02 -1.645417e+00 -7.594644e-01 -1.774597e-03
<VARIANCE> 25
 8.719905e+00 2.083583e+01 2.904117e+01 4.265805e+01 3.910739e+01 3.759712e+01 4.886760e+01 3.642376e+01 4.270354e+01 4.067708e+01 4.984917e+01 2.807147e+01 3.836871e-01 9.749665e-01 1.417223e+00 2.441139e+00 2.533030e+00 2.949538e+00 2.612364e+00 2.657231e+00 2.228148e+00 3.004982e+00 1.911714e+00 2.118494e+00 6.739429e-04
<GCONST> 8.795669e+01
<MIXTURE> 109 6.661064e-03
<MEAN> 25
 4.088641e+00 -1.056668e+01 -8.255248e+00 -1.377691e+00 2.705790e+00 -6.718497e-02 -7.240251e-02 1.478308e+00 -2.577700e+00 -8.331030e+00 -5.390312e+00 6.785472e-02 -3.310207e-02 -1.309890e-01 -3.224228e-02 2.489951e-01 1.920122e-01 1.157703e-01 -1.232874e-01 -1.047628e-01 -3.830784e-02 -1.325341e-01 2.226309e-01 1.447105e-02 -3.542237e-03
<VARIANCE> 25
 9.111471e+00 1.819209e+01 2.061326e+01 3.142233e+01 4.131242e+01 3.676488e+01 4.655257e+01 3.459404e+01 4.589552e+01 3.567599e+01 2.948563e+01 2.810349e+01 1.926704e-01 4.217856e-01 5.369648e-01 6.330545e-01 1.242010e+00 9.944981e-01 1.254974e+00 1.096418e+00 1.114639e+00 9.505610e-01 8.863044e-01 8.839743e-01 1.825602e-04
<GCONST> 7.450819e+01
<MIXTURE> 110 6.661064e-03
<MEAN> 25
 4.088641e+00 -1.056668e+01 -8.255248e+00 -1.377691e+00 2.705790e+00 -6.718497e-02 -7.240251e-02 1.478308e+00 -2.577700e+00 -8.331030e+00 -5.390312e+00 6.785472e-02 -3.310207e-02 -1.309890e-01 -3.224228e-02 2.489951e-01 1.920122e-01 1.157703e-01 -1.232874e-01 -1.047628e-01 -3.830784e-02 -1.325341e-01 2.226309e-01 1.447105e-02 -3.542237e-03
<VARIANCE> 25
 9.111471e+00 1.819209e+01 2.061326e+01 3.142233e+01 4.131242e+01 3.676488e+01 4.655257e+01 3.459404e+01 4.589552e+01 3.567599e+01 2.948563e+01 2.810349e+01 1.926704e-01 4.217856e-01 5.369648e-01 6.330545e-01 1.242010e+00 9.944981e-01 1.254974e+00 1.096418e+00 1.114639e+00 9.505610e-01 8.863044e-01 8.839743e-01 1.825602e-04
<GCONST> 7.450819e+01
<MIXTURE> 111 4.337247e-03
<MEAN> 25
 -4.467194e+00 -8.826146e-01 -1.737071e+00 1.702283e+00 9.798969e-01 9.692453e-01 3.201090e-01 1.932767e-01 9.702856e-02 -5.316693e-01 -6.248240e-01 1.967651e+00 -2.099458e-02 -3.254495e-02 -7.249285e-02 -7.555308e-02 -3.761904e-02 1.015384e-02 -2.120208e-03 -6.223274e-02 -1.378094e-01 -2.032397e-01 -1.899524e-01 -1.039405e-01 -2.292164e-04
<VARIANCE> 25
 6.996929e+00 5.156694e+00 1.027308e+01 9.453775e+00 1.315077e+01 2.379534e+01 1.463695e+01 1.324932e+01 1.161473e+01 1.196315e+01 1.360025e+01 1.155873e+01 7.895692e-02 1.631215e-01 2.745599e-01 4.207299e-01 5.679264e-01 7.091631e-01 7.990044e-01 8.614521e-01 8.926178e-01 8.538572e-01 8.601295e-01 8.476622e-01 2.234900e-05
<GCONST> 5.602404e+01
<MIXTURE> 112 4.337247e-03
<MEAN> 25
 -4.467194e+00 -8.826146e-01 -1.737071e+00 1.702283e+00 9.798969e-01 9.692453e-01 3.201090e-01 1.932767e-01 9.702856e-02 -5.316693e-01 -6.248240e-01 1.967651e+00 -2.099458e-02 -3.254495e-02 -7.249285e-02 -7.555308e-02 -3.761904e-02 1.015384e-02 -2.120208e-03 -6.223274e-02 -1.378094e-01 -2.032397e-01 -1.899524e-01 -1.039405e-01 -2.292164e-04
<VARIANCE> 25
 6.996929e+00 5.156694e+00 1.027308e+01 9.453775e+00 1.315077e+01 2.379534e+01 1.463695e+01 1.324932e+01 1.161473e+01 1.196315e+01 1.360025e+01 1.155873e+01 7.895692e-02 1.631215e-01 2.745599e-01 4.207299e-01 5.679264e-01 7.091631e-01 7.990044e-01 8.614521e-01 8.926178e-01 8.538572e-01 8.601295e-01 8.476622e-01 2.234900e-05
<GCONST> 5.602404e+01
<MIXTURE> 113 5.938666e-03
<MEAN> 25
 9.978417e+00 1.753854e+00 -8.780866e+00 -1.704706e+01 -1.035054e+00 5.658935e+00 -5.281183e+00 -1.466353e+00 -5.695628e+00 -4.929019e-01 2.985919e-01 -1.979965e-01 4.841673e-03 1.383598e-02 -5.948133e-02 -1.133816e-01 1.044453e-01 1.506052e-01 5.930733e-02 3.624304e-02 -5.688929e-02 -5.116686e-02 1.795146e-01 3.528867e-02 -1.408755e-03
<VARIANCE> 25
 8.870764e+00 1.640830e+01 2.967749e+01 3.420340e+01 5.274519e+01 3.387090e+01 3.970647e+01 3.914202e+01 3.737381e+01 4.640921e+01 3.629827e+01 2.844163e+01 1.217969e-01 3.205682e-01 3.161659e-01 6.313875e-01 6.129917e-01 6.536765e-01 7.766120e-01 8.455486e-01 9.594766e-01 9.052828e-01 7.248912e-01 7.135720e-01 1.247972e-04
<GCONST> 7.110661e+01
<MIXTURE> 114 5.938666e-03
<MEAN> 25
 9.978417e+00 1.753854e+00 -8.780866e+00 -1.704706e+01 -1.035054e+00 5.658935e+00 -5.281183e+00 -1.466353e+00 -5.695628e+00 -4.929019e-01 2.985919e-01 -1.979965e-01 4.841673e-03 1.383598e-02 -5.948133e-02 -1.133816e-01 1.044453e-01 1.506052e-01 5.930733e-02 3.624304e-02 -5.688929e-02 -5.116686e-02 1.795146e-01 3.528867e-02 -1.408755e-03
<VARIANCE> 25
 8.870764e+00 1.640830e+01 2.967749e+01 3.420340e+01 5.274519e+01 3.387090e+01 3.970647e+01 3.914202e+01 3.737381e+01 4.640921e+01 3.629827e+01 2.844163e+01 1.217969e-01 3.205682e-01 3.161659e-01 6.313875e-01 6.129917e-01 6.536765e-01 7.766120e-01 8.455486e-01 9.594766e-01 9.052828e-01 7.248912e-01 7.135720e-01 1.247972e-04
<GCONST> 7.110661e+01
<MIXTURE> 115 2.935202e-03
<MEAN> 25
 -3.999096e+00 -5.328689e-01 -3.261461e+00 3.640423e+00 2.526343e+00 -2.348230e-01 2.225934e+00 1.088573e-01 1.392887e+00 -1.050818e-01 4.832348e-02 2.679882e+00 3.458632e-02 -5.808339e-02 -2.146835e-01 -4.430178e-01 -6.342156e-01 -6.654975e-01 -6.275689e-01 -5.194310e-01 -4.420243e-01 -4.724908e-01 -3.265968e-01 -1.453510e-01 1.742895e-05
<VARIANCE> 25
 9.020972e+00 1.108892e+01 1.385684e+01 1.233056e+01 1.348050e+01 1.821272e+01 1.657696e+01 2.307229e+01 1.752252e+01 1.701956e+01 1.862245e+01 1.422565e+01 1.979647e-01 3.421769e-01 4.808701e-01 5.454537e-01 6.151016e-01 7.751847e-01 1.028034e+00 1.114671e+00 1.105050e+00 9.790289e-01 1.005492e+00 1.044817e+00 9.848758e-07
<GCONST> 6.008302e+01
<MIXTURE> 116 2.935202e-03
<MEAN> 25
 -3.999096e+00 -5.328689e-01 -3.261461e+00 3.640423e+00 2.526343e+00 -2.348230e-01 2.225934e+00 1.088573e-01 1.392887e+00 -1.050818e-01 4.832348e-02 2.679882e+00 3.458632e-02 -5.808339e-02 -2.146835e-01 -4.430178e-01 -6.342156e-01 -6.654975e-01 -6.275689e-01 -5.194310e-01 -4.420243e-01 -4.724908e-01 -3.265968e-01 -1.453510e-01 1.742895e-05
<VARIANCE> 25
 9.020972e+00 1.108892e+01 1.385684e+01 1.233056e+01 1.348050e+01 1.821272e+01 1.657696e+01 2.307229e+01 1.752252e+01 1.701956e+01 1.862245e+01 1.422565e+01 1.979647e-01 3.421769e-01 4.808701e-01 5.454537e-01 6.151016e-01 7.751847e-01 1.028034e+00 1.114671e+00 1.105050e+00 9.790289e-01 1.005492e+00 1.044817e+00 9.848758e-07
<GCONST> 6.008302e+01
<MIXTURE> 117 6.506003e-03
<MEAN> 25
 -4.643225e+00 1.119929e+00 1.051323e+00 9.758481e+00 6.261794e+00 6.256122e+00 6.463340e+00 5.042651e+00 6.386614e+00 4.928736e+00 6.367991e+00 2.711998e+00 -7.508725e-02 -2.339527e-01 -3.579839e-01 -4.194652e-01 -3.668879e-01 -3.021403e-01 -2.872368e-01 -3.318223e-01 -3.922675e-01 -3.693548e-01 -2.627776e-01 -1.155286e-01 -1.027308e-05
<VARIANCE> 25
 7.188885e+00 8.760664e+00 9.830048e+00 1.430267e+01 1.561836e+01 1.534337e+01 1.771929e+01 1.796219e+01 1.639806e+01 1.636535e+01 1.673588e+01 1.475801e+01 2.165303e-01 3.074607e-01 4.262975e-01 6.174655e-01 8.543047e-01 1.055753e+00 1.177107e+00 1.232733e+00 1.224073e+00 1.194738e+00 1.167002e+00 1.113722e+00 1.003355e-06
<GCONST> 6.043436e+01
<MIXTURE> 118 6.506003e-03
<MEAN> 25
 -4.643225e+00 1.119929e+00 1.051323e+00 9.758481e+00 6.261794e+00 6.256122e+00 6.463340e+00 5.042651e+00 6.386614e+00 4.928736e+00 6.367991e+00 2.711998e+00 -7.508725e-02 -2.339527e-01 -3.579839e-01 -4.194652e-01 -3.668879e-01 -3.021403e-01 -2.872368e-01 -3.318223e-01 -3.922675e-01 -3.693548e-01 -2.627776e-01 -1.155286e-01 -1.027308e-05
<VARIANCE> 25
 7.188885e+00 8.760664e+00 9.830048e+00 1.430267e+01 1.561836e+01 1.534337e+01 1.771929e+01 1.796219e+01 1.639806e+01 1.636535e+01 1.673588e+01 1.475801e+01 2.165303e-01 3.074607e-01 4.262975e-01 6.174655e-01 8.543047e-01 1.055753e+00 1.177107e+00 1.232733e+00 1.224073e+00 1.194738e+00 1.167002e+00 1.113722e+00 1.003355e-06
<GCONST> 6.043436e+01
<MIXTURE> 119 4.297961e-03
<MEAN> 25
 -4.975534e+00 -7.634695e+00 2.231676e+00 2.016573e+00 2.239536e+00 2.076543e-01 5.275188e+00 5.939753e+00 1.166098e+00 9.677662e-01 6.613765e+00 1.570006e+00 -4.997192e-02 -7.930934e-02 3.729521e-02 -5.719963e-02 -1.261531e-01 -1.799109e-01 -6.904986e-02 -1.393955e-02 -9.187210e-02 -1.121064e-01 -5.514089e-02 -5.818327e-02 1.111491e-03
<VARIANCE> 25
 8.502364e+00 9.813794e+00 1.656439e+01 2.018326e+01 2.286733e+01 2.320619e+01 2.499703e+01 2.648555e+01 2.503741e+01 2.807408e+01 2.040465e+01 2.041001e+01 1.604231e-01 2.824863e-01 4.597506e-01 6.328221e-01 8.034858e-01 1.003839e+00 1.099940e+00 1.277782e+00 1.285849e+00 1.245815e+00 1.192421e+00 1.112438e+00 2.316209e-04
<GCONST> 6.971971e+01
<MIXTURE> 120 4.297961e-03
<MEAN> 25
 -4.975534e+00 -7.634695e+00 2.231676e+00 2.016573e+00 2.239536e+00 2.076543e-01 5.275188e+00 5.939753e+00 1.166098e+00 9.677662e-01 6.613765e+00 1.570006e+00 -4.997192e-02 -7.930934e-02 3.729521e-02 -5.719963e-02 -1.261531e-01 -1.799109e-01 -6.904986e-02 -1.393955e-02 -9.187210e-02 -1.121064e-01 -5.514089e-02 -5.818327e-02 1.111491e-03
<VARIANCE> 25
 8.502364e+00 9.813794e+00 1.656439e+01 2.018326e+01 2.286733e+01 2.320619e+01 2.499703e+01 2.648555e+01 2.503741e+01 2.807408e+01 2.040465e+01 2.041001e+01 1.604231e-01 2.824863e-01 4.597506e-01 6.328221e-01 8.034858e-01 1.003839e+00 1.099940e+00 1.277782e+00 1.285849e+00 1.245815e+00 1.192421e+00 1.112438e+00 2.316209e-04
<GCONST> 6.971971e+01
<MIXTURE> 121 4.567511e-03
<MEAN> 25
 2.233817e-01 -2.549425e+00 5.148982e+00 -1.290366e+01 -1.264325e+01 -1.668198e+00 9.922566e-01 -5.089788e+00 -4.203186e+00 -4.759107e-01 -5.505336e+00 -4.315115e+00 2.348711e-02 1.307431e-01 -4.085754e-02 7.984577e-02 1.619370e-01 7.330122e-02 -7.657941e-02 -1.826817e-01 -2.692298e-01 -2.592278e-01 -1.161901e-01 4.653105e-03 -7.399159e-03
<VARIANCE> 25
 7.816295e+00 1.583097e+01 1.729903e+01 2.037856e+01 2.438834e+01 2.922050e+01 2.961128e+01 2.473536e+01 3.529125e+01 2.835750e+01 1.971149e+01 2.120294e+01 1.548769e-01 6.441455e-01 6.216824e-01 7.033568e-01 7.817715e-01 1.166384e+00 1.118837e+00 1.118504e+00 1.216635e+00 1.194254e+00 9.439792e-01 8.762360e-01 2.111747e-04
<GCONST> 7.146032e+01
<MIXTURE> 122 4.567511e-03
<MEAN> 25
 2.233817e-01 -2.549425e+00 5.148982e+00 -1.290366e+01 -1.264325e+01 -1.668198e+00 9.922566e-01 -5.089788e+00 -4.203186e+00 -4.759107e-01 -5.505336e+00 -4.315115e+00 2.348711e-02 1.307431e-01 -4.085754e-02 7.984577e-02 1.619370e-01 7.330122e-02 -7.657941e-02 -1.826817e-01 -2.692298e-01 -2.592278e-01 -1.161901e-01 4.653105e-03 -7.399159e-03
<VARIANCE> 25
 7.816295e+00 1.583097e+01 1.729903e+01 2.037856e+01 2.438834e+01 2.922050e+01 2.961128e+01 2.473536e+01 3.529125e+01 2.835750e+01 1.971149e+01 2.120294e+01 1.548769e-01 6.441455e-01 6.216824e-01 7.033568e-01 7.817715e-01 1.166384e+00 1.118837e+00 1.118504e+00 1.216635e+00 1.194254e+00 9.439792e-01 8.762360e-01 2.111747e-04
<GCONST> 7.146032e+01
<MIXTURE> 123 4.393044e-03
<MEAN> 25
 -3.713858e+00 2.082191e+00 -1.327617e+00 6.191941e+00 6.167234e+00 4.554122e+00 3.349301e+00 -1.053982e+00 3.248104e-01 -1.625700e+00 2.172525e-01 1.021076e+00 -4.104407e-01 -6.725184e-01 -8.301895e-01 -6.832467e-01 -4.023271e-01 1.295846e-01 4.628811e-01 7.154799e-01 8.374726e-01 8.344474e-01 7.768394e-01 5.002412e-01 -3.507070e-03
<VARIANCE> 25
 9.494658e+00 1.222214e+01 1.925024e+01 1.436940e+01 2.111562e+01 2.577258e+01 1.866319e+01 2.564173e+01 1.843220e+01 2.197834e+01 1.825017e+01 1.639604e+01 3.175248e-01 3.258038e-01 4.204952e-01 5.975810e-01 8.767016e-01 1.033939e+00 1.103022e+00 1.229309e+00 9.561363e-01 1.012715e+00 1.013920e+00 1.014519e+00 1.091967e-04
<GCONST> 6.792911e+01
<MIXTURE> 124 4.069876e-03
<MEAN> 25
 -6.457038e+00 -1.044842e+00 -3.002790e+00 5.119141e+00 5.023533e+00 3.444617e+00 5.381143e+00 2.443757e+00 3.189659e+00 1.262526e+00 1.138483e+00 3.000763e+00 -2.021995e-01 -3.195421e-01 -3.633858e-01 -2.269148e-01 1.126800e-01 5.298660e-01 8.094031e-01 8.656141e-01 6.617827e-01 3.404452e-01 8.926564e-02 -6.662289e-03 1.283300e-04
<VARIANCE> 25
 1.130508e+01 8.073903e+00 1.122909e+01 1.219691e+01 1.198906e+01 1.969171e+01 1.531517e+01 1.758266e+01 1.525874e+01 1.602573e+01 1.881143e+01 1.431601e+01 1.036829e-01 1.657172e-01 2.660543e-01 4.145555e-01 5.955073e-01 7.004304e-01 7.457323e-01 8.574880e-01 8.937408e-01 9.880604e-01 1.014374e+00 9.869892e-01 1.899935e-05
<GCONST> 5.895132e+01
<MIXTURE> 125 4.069876e-03
<MEAN> 25
 -6.457038e+00 -1.044842e+00 -3.002790e+00 5.119141e+00 5.023533e+00 3.444617e+00 5.381143e+00 2.443757e+00 3.189659e+00 1.262526e+00 1.138483e+00 3.000763e+00 -2.021995e-01 -3.195421e-01 -3.633858e-01 -2.269148e-01 1.126800e-01 5.298660e-01 8.094031e-01 8.656141e-01 6.617827e-01 3.404452e-01 8.926564e-02 -6.662289e-03 1.283300e-04
<VARIANCE> 25
 1.130508e+01 8.073903e+00 1.122909e+01 1.219691e+01 1.198906e+01 1.969171e+01 1.531517e+01 1.758266e+01 1.525874e+01 1.602573e+01 1.881143e+01 1.431601e+01 1.036829e-01 1.657172e-01 2.660543e-01 4.145555e-01 5.955073e-01 7.004304e-01 7.457323e-01 8.574880e-01 8.937408e-01 9.880604e-01 1.014374e+00 9.869892e-01 1.899935e-05
<GCONST> 5.895132e+01
<MIXTURE> 126 2.402244e-03
<MEAN> 25
 -3.789195e+00 -6.931924e+00 -5.285551e+00 2.321907e+00 4.280299e+00 -3.237097e+00 7.068646e-02 3.548699e+00 3.338708e+00 -2.699133e+00 -1.427289e+00 3.057132e+00 -2.088156e-03 -6.473381e-03 -3.587054e-02 -1.582855e-01 -3.186975e-01 -3.891617e-01 -2.734391e-01 -1.571847e-01 -1.128495e-01 -1.153601e-01 -9.794912e-02 -3.048744e-02 -1.473000e-03
<VARIANCE> 25
 7.425272e+00 1.269400e+01 1.384287e+01 1.512427e+01 2.468156e+01 2.372306e+01 2.273250e+01 2.844318e+01 3.128065e+01 2.623977e+01 2.175954e+01 1.918078e+01 1.706118e-01 3.517451e-01 4.831004e-01 5.669374e-01 7.533224e-01 9.955901e-01 1.122372e+00 1.263559e+00 1.328747e+00 1.310248e+00 1.213223e+00 1.146734e+00 2.108404e-04
<GCONST> 6.979916e+01
<MIXTURE> 127 2.402244e-03
<MEAN> 25
 -3.789195e+00 -6.931924e+00 -5.285551e+00 2.321907e+00 4.280299e+00 -3.237097e+00 7.068646e-02 3.548699e+00 3.338708e+00 -2.699133e+00 -1.427289e+00 3.057132e+00 -2.088156e-03 -6.473381e-03 -3.587054e-02 -1.582855e-01 -3.186975e-01 -3.891617e-01 -2.734391e-01 -1.571847e-01 -1.128495e-01 -1.153601e-01 -9.794912e-02 -3.048744e-02 -1.473000e-03
<VARIANCE> 25
 7.425272e+00 1.269400e+01 1.384287e+01 1.512427e+01 2.468156e+01 2.372306e+01 2.273250e+01 2.844318e+01 3.128065e+01 2.623977e+01 2.175954e+01 1.918078e+01 1.706118e-01 3.517451e-01 4.831004e-01 5.669374e-01 7.533224e-01 9.955901e-01 1.122372e+00 1.263559e+00 1.328747e+00 1.310248e+00 1.213223e+00 1.146734e+00 2.108404e-04
<GCONST> 6.979916e+01
<MIXTURE> 128 3.790457e-03
<MEAN> 25
 -3.920676e+00 1.557114e+00 -3.655449e-01 6.567840e+00 3.633729e+00 1.869936e+00 3.592627e+00 2.377410e+00 3.977612e+00 3.692509e+00 3.763870e+00 3.523537e+00 -3.969953e-01 -1.941004e-01 9.588860e-02 7.287688e-01 1.188769e+00 1.135780e+00 7.179537e-01 1.287574e-01 -4.378747e-01 -7.853855e-01 -6.974369e-01 -3.892793e-01 -3.451096e-05
<VARIANCE> 25
 1.022121e+01 1.171782e+01 1.512010e+01 1.926424e+01 2.002368e+01 2.113560e+01 2.427429e+01 2.459835e+01 2.637242e+01 2.380360e+01 2.672557e+01 1.814893e+01 8.895717e-01 1.145273e+00 1.363173e+00 1.498368e+00 1.579404e+00 1.855937e+00 2.241080e+00 2.318601e+00 2.141003e+00 1.853004e+00 1.744636e+00 1.747449e+00 1.000767e-06
<GCONST> 7.360738e+01
<TRANSP> 3
 0.000000e+00 1.000000e+00 0.000000e+00
 0.000000e+00 9.999990e-01 9.999998e-07
 0.000000e+00 0.000000e+00 0.000000e+00
<ENDHMM>
