~o
<STREAMINFO> 1 25
<VECSIZE> 25<NULLD><MFCC_E_D_N><DIAGC>
~h "jmodel"
<BEGINHMM>
<NUMSTATES> 3
<STATE> 2
<NUMMIXES> 128
<MIXTURE> 1 5.748963e-03
<MEAN> 25
 -2.568923e+00 3.240691e+00 2.249097e+00 8.770406e+00 4.390692e+00 3.396818e+00 3.980010e+00 3.885195e+00 5.833772e+00 5.215099e+00 5.855645e+00 3.083460e+00 -2.004394e+00 -1.620927e+00 -8.726166e-01 1.068372e+00 1.564614e+00 2.229350e+00 2.131350e+00 2.049837e+00 1.682350e+00 1.255128e+00 1.554453e+00 6.128269e-01 -4.707019e-02
<VARIANCE> 25
 1.002631e+01 1.200323e+01 1.533319e+01 1.858418e+01 2.315704e+01 2.226892e+01 2.238527e+01 2.208715e+01 2.089456e+01 2.247680e+01 2.095327e+01 1.704289e+01 1.784885e+00 2.118231e+00 3.015561e+00 3.198737e+00 3.719709e+00 3.327027e+00 3.381483e+00 3.497871e+00 3.522424e+00 3.716753e+00 3.510890e+00 2.829625e+00 3.134159e-03
<GCONST> 8.855382e+01
<MIXTURE> 2 4.549242e-03
<MEAN> 25
 -4.875671e+00 1.311720e+00 9.943511e-01 9.899809e+00 6.692275e+00 7.424650e+00 7.847087e+00 6.958091e+00 8.373269e+00 6.373019e+00 7.624402e+00 3.074697e+00 -6.200235e-02 4.161923e-02 1.425301e-01 2.258583e-01 2.652900e-01 2.813653e-01 2.954302e-01 3.195550e-01 3.497573e-01 3.089160e-01 1.971766e-01 8.006547e-02 1.228299e-06
<VARIANCE> 25
 6.952293e+00 8.901894e+00 1.065126e+01 1.591096e+01 1.723581e+01 1.556308e+01 1.689898e+01 1.848562e+01 1.658668e+01 1.738619e+01 1.811029e+01 1.434002e+01 1.252503e-01 2.266278e-01 3.364712e-01 4.671271e-01 6.492781e-01 8.148874e-01 9.298787e-01 1.003176e+00 1.051662e+00 1.077774e+00 1.075658e+00 1.013934e+00 1.000000e-06
<GCONST> 5.804302e+01
<MIXTURE> 3 4.549242e-03
<MEAN> 25
 -4.875671e+00 1.311720e+00 9.943511e-01 9.899809e+00 6.692275e+00 7.424650e+00 7.847087e+00 6.958091e+00 8.373269e+00 6.373019e+00 7.624402e+00 3.074697e+00 -6.200235e-02 4.161923e-02 1.425301e-01 2.258583e-01 2.652900e-01 2.813653e-01 2.954302e-01 3.195550e-01 3.497573e-01 3.089160e-01 1.971766e-01 8.006547e-02 1.228299e-06
<VARIANCE> 25
 6.952293e+00 8.901894e+00 1.065126e+01 1.591096e+01 1.723581e+01 1.556308e+01 1.689898e+01 1.848562e+01 1.658668e+01 1.738619e+01 1.811029e+01 1.434002e+01 1.252503e-01 2.266278e-01 3.364712e-01 4.671271e-01 6.492781e-01 8.148874e-01 9.298787e-01 1.003176e+00 1.051662e+00 1.077774e+00 1.075658e+00 1.013934e+00 1.000000e-06
<GCONST> 5.804302e+01
<MIXTURE> 4 1.671429e-02
<MEAN> 25
 3.308279e+00 2.740964e+00 -3.763121e+00 1.048848e+00 4.314089e+00 -6.600562e-01 4.520794e-02 -6.020555e-02 1.654665e+00 1.254311e+00 -2.018307e+00 2.460703e-01 -2.694570e+00 1.300124e+00 1.654218e+00 3.082600e+00 9.232680e-01 5.501954e-01 1.481769e+00 9.730430e-01 1.039502e+00 3.854219e-01 1.243547e+00 9.290715e-01 -1.039857e-01
<VARIANCE> 25
 2.084252e+01 2.985015e+01 2.829453e+01 3.880383e+01 4.408361e+01 7.151909e+01 6.290915e+01 5.182384e+01 5.394022e+01 5.980482e+01 4.844636e+01 3.524368e+01 2.405449e+00 5.144706e+00 3.932453e+00 4.787440e+00 4.834827e+00 5.993914e+00 5.935060e+00 5.490077e+00 5.900077e+00 6.233325e+00 5.888718e+00 4.342023e+00 5.908681e-03
<GCONST> 1.050649e+02
<MIXTURE> 5 3.206198e-03
<MEAN> 25
 -3.417117e+00 2.181323e+00 6.104316e-01 9.428810e+00 6.697083e+00 6.316033e+00 7.112406e+00 4.723385e+00 5.496024e+00 3.848129e+00 4.658621e+00 2.606647e+00 -3.246659e-01 7.528883e-01 1.224834e+00 1.032667e+00 3.076806e-01 -1.001637e-01 -8.377682e-02 3.354496e-02 4.580096e-01 6.837420e-01 4.038856e-01 8.803070e-02 -2.773132e-05
<VARIANCE> 25
 1.025054e+01 1.394305e+01 2.348687e+01 2.561695e+01 2.022118e+01 1.942562e+01 2.011452e+01 2.035968e+01 2.141928e+01 2.128339e+01 2.409775e+01 1.636029e+01 1.210137e+00 1.244395e+00 1.357141e+00 1.673512e+00 2.284817e+00 2.376357e+00 2.301554e+00 2.275343e+00 2.315563e+00 2.238201e+00 2.085579e+00 1.873944e+00 1.000034e-06
<GCONST> 7.516666e+01
<MIXTURE> 6 5.475854e-03
<MEAN> 25
 9.702319e+00 -4.182339e-01 -6.691222e+00 -1.104372e+01 -2.116986e+00 6.735433e+00 -5.899756e+00 -5.297340e+00 -3.657125e+00 1.828784e+00 4.644146e+00 -1.251879e+00 4.850980e-01 8.961874e-01 -3.509819e-01 -1.468837e+00 -6.386231e-01 1.314570e+00 1.536486e+00 2.477263e-01 -1.218728e+00 -1.218152e+00 3.231925e-01 1.228801e+00 -8.161481e-03
<VARIANCE> 25
 8.962135e+00 1.707933e+01 2.395897e+01 3.916438e+01 3.677998e+01 3.064526e+01 4.407314e+01 3.807148e+01 4.075317e+01 3.947701e+01 4.210285e+01 2.841737e+01 3.115749e-01 8.572912e-01 9.455929e-01 1.977866e+00 1.606294e+00 2.017444e+00 1.919889e+00 2.051837e+00 2.398706e+00 1.963743e+00 2.245903e+00 1.437962e+00 5.860309e-04
<GCONST> 8.387775e+01
<MIXTURE> 7 5.475854e-03
<MEAN> 25
 9.702319e+00 -4.182339e-01 -6.691222e+00 -1.104372e+01 -2.116986e+00 6.735433e+00 -5.899756e+00 -5.297340e+00 -3.657125e+00 1.828784e+00 4.644146e+00 -1.251879e+00 4.850980e-01 8.961874e-01 -3.509819e-01 -1.468837e+00 -6.386231e-01 1.314570e+00 1.536486e+00 2.477263e-01 -1.218728e+00 -1.218152e+00 3.231925e-01 1.228801e+00 -8.161481e-03
<VARIANCE> 25
 8.962135e+00 1.707933e+01 2.395897e+01 3.916438e+01 3.677998e+01 3.064526e+01 4.407314e+01 3.807148e+01 4.075317e+01 3.947701e+01 4.210285e+01 2.841737e+01 3.115749e-01 8.572912e-01 9.455929e-01 1.977866e+00 1.606294e+00 2.017444e+00 1.919889e+00 2.051837e+00 2.398706e+00 1.963743e+00 2.245903e+00 1.437962e+00 5.860309e-04
<GCONST> 8.387775e+01
<MIXTURE> 8 1.165917e-02
<MEAN> 25
 -4.725171e+00 1.396038e+00 1.283694e+00 9.569452e+00 6.593856e+00 6.246897e+00 6.448421e+00 5.655271e+00 6.647013e+00 5.620005e+00 6.582122e+00 3.157375e+00 -6.352242e-01 -1.429046e+00 -1.070052e+00 -1.737636e+00 -2.279660e-01 -9.416656e-01 -1.760070e-01 -2.927699e-01 -2.546439e-01 -1.705126e-01 -2.139272e-01 8.734552e-02 9.861641e-02
<VARIANCE> 25
 9.319494e+00 1.016170e+01 1.160761e+01 1.604158e+01 1.668794e+01 1.567790e+01 1.838037e+01 1.780122e+01 1.703804e+01 1.737438e+01 1.884168e+01 1.396306e+01 2.758144e+00 2.810920e+00 3.896315e+00 3.765004e+00 3.450209e+00 3.314075e+00 3.120341e+00 3.074980e+00 2.864369e+00 2.652696e+00 2.427146e+00 1.907774e+00 6.687535e-03
<GCONST> 8.632970e+01
<MIXTURE> 9 1.199672e-02
<MEAN> 25
 9.260236e+00 3.268275e+00 -6.201624e+00 -1.062652e+01 -2.177714e+00 4.977809e+00 -2.141057e+00 -2.274415e+00 -5.320640e+00 -1.235107e+00 4.950365e-01 -5.053743e-02 1.446581e+00 -1.220399e-01 -4.581765e-01 -2.686210e+00 -1.661605e+00 8.402964e-01 -9.974239e-01 -2.156178e-01 -1.517878e-01 -5.758629e-01 6.097833e-01 -1.549283e-01 7.316666e-02
<VARIANCE> 25
 1.226796e+01 2.301072e+01 3.331253e+01 5.367709e+01 4.983620e+01 3.205289e+01 4.332458e+01 5.182506e+01 4.224890e+01 4.126639e+01 3.642936e+01 2.685973e+01 2.074001e+00 2.438605e+00 4.643254e+00 4.866899e+00 4.990469e+00 4.086277e+00 4.290376e+00 6.003447e+00 5.080947e+00 4.040432e+00 3.985297e+00 2.781491e+00 2.196674e-03
<GCONST> 9.883044e+01
<MIXTURE> 10 6.596976e-03
<MEAN> 25
 8.056703e-01 7.876385e+00 4.884480e+00 7.252207e+00 1.888415e+00 -2.469659e+00 -5.021410e-01 -1.477396e+00 1.117084e+00 6.915113e-01 7.289178e-01 9.636973e-01 -1.805825e+00 -4.516294e-01 -6.225981e-01 2.880517e+00 2.356543e+00 2.728062e+00 2.082559e+00 2.001808e+00 1.884482e+00 1.373497e+00 2.193814e+00 5.268388e-01 -1.364801e-01
<VARIANCE> 25
 1.781391e+01 1.964061e+01 2.376016e+01 2.749024e+01 3.670213e+01 3.438111e+01 3.225960e+01 3.224867e+01 2.698919e+01 2.727648e+01 2.905340e+01 2.473217e+01 2.155007e+00 3.613567e+00 5.329632e+00 4.936587e+00 5.360172e+00 4.075580e+00 5.100487e+00 5.177773e+00 4.198431e+00 4.847701e+00 4.635222e+00 2.984997e+00 2.491459e-03
<GCONST> 9.687845e+01
<MIXTURE> 11 1.633820e-02
<MEAN> 25
 7.368179e+00 3.718864e+00 3.340303e+00 5.238946e+00 -2.986331e+00 -1.030011e+00 -2.719319e+00 -6.201642e+00 -2.690409e+00 1.254684e-01 -2.269660e+00 -2.249260e+00 -2.270313e-01 5.552650e-01 1.914897e-01 4.862567e-01 3.236763e-01 -3.078952e-01 1.402220e-01 -2.307398e-01 -2.690733e-01 -1.609165e-01 5.495215e-03 2.732735e-01 -1.699056e-02
<VARIANCE> 25
 1.083723e+01 2.608532e+01 1.800246e+01 2.908218e+01 3.584273e+01 4.208005e+01 4.404660e+01 3.963569e+01 4.139674e+01 3.274173e+01 3.332233e+01 2.569945e+01 8.348843e-01 1.213115e+00 1.523850e+00 2.875859e+00 2.238407e+00 2.220095e+00 1.969130e+00 2.781704e+00 1.901342e+00 1.923578e+00 1.774819e+00 1.490568e+00 9.608794e-04
<GCONST> 8.671638e+01
<MIXTURE> 12 5.904134e-03
<MEAN> 25
 1.076387e+01 3.738523e+00 -4.501105e+00 -1.599179e+01 -8.696679e+00 8.642826e+00 -8.941783e-01 -1.920448e+00 -1.722381e+00 -4.884007e+00 1.771246e+00 7.150764e-01 6.777136e-02 2.935512e-01 7.913554e-02 -3.680886e-01 -3.096391e-01 2.986433e-02 3.055715e-01 4.476494e-01 1.409824e-01 -3.847078e-01 -3.858916e-01 5.353761e-02 -6.303206e-03
<VARIANCE> 25
 8.888145e+00 2.107055e+01 2.335582e+01 3.503052e+01 4.204874e+01 3.094828e+01 4.180538e+01 4.897268e+01 4.404961e+01 3.739567e+01 3.801952e+01 2.892628e+01 2.467369e-01 6.883146e-01 6.866181e-01 1.169681e+00 1.187369e+00 1.053949e+00 1.170912e+00 1.385859e+00 1.240223e+00 1.221828e+00 1.221808e+00 9.565637e-01 5.784476e-04
<GCONST> 7.892434e+01
<MIXTURE> 13 5.904134e-03
<MEAN> 25
 1.076387e+01 3.738523e+00 -4.501105e+00 -1.599179e+01 -8.696679e+00 8.642826e+00 -8.941783e-01 -1.920448e+00 -1.722381e+00 -4.884007e+00 1.771246e+00 7.150764e-01 6.777136e-02 2.935512e-01 7.913554e-02 -3.680886e-01 -3.096391e-01 2.986433e-02 3.055715e-01 4.476494e-01 1.409824e-01 -3.847078e-01 -3.858916e-01 5.353761e-02 -6.303206e-03
<VARIANCE> 25
 8.888145e+00 2.107055e+01 2.335582e+01 3.503052e+01 4.204874e+01 3.094828e+01 4.180538e+01 4.897268e+01 4.404961e+01 3.739567e+01 3.801952e+01 2.892628e+01 2.467369e-01 6.883146e-01 6.866181e-01 1.169681e+00 1.187369e+00 1.053949e+00 1.170912e+00 1.385859e+00 1.240223e+00 1.221828e+00 1.221808e+00 9.565637e-01 5.784476e-04
<GCONST> 7.892434e+01
<MIXTURE> 14 6.488954e-03
<MEAN> 25
 -4.315131e+00 -3.293228e-01 -3.389574e-01 8.910762e+00 7.530780e+00 7.364326e+00 7.795582e+00 7.291238e+00 7.289397e+00 5.209175e+00 6.855216e+00 4.093130e+00 -2.729841e-01 1.909374e-01 3.655947e-01 3.174759e-01 1.056597e-02 6.665414e-02 9.849904e-02 1.735347e-01 2.936644e-01 5.410380e-01 5.112845e-01 7.460827e-02 -9.278898e-03
<VARIANCE> 25
 9.251648e+00 1.444060e+01 1.876476e+01 1.776015e+01 2.098422e+01 1.956984e+01 2.172098e+01 2.087130e+01 2.031743e+01 2.389538e+01 2.134791e+01 1.594118e+01 9.588099e-01 1.637255e+00 1.766873e+00 1.939943e+00 2.239995e+00 2.260008e+00 2.247813e+00 2.235051e+00 2.277117e+00 2.499252e+00 2.196783e+00 1.805833e+00 1.027988e-03
<GCONST> 8.195580e+01
<MIXTURE> 15 2.475190e-03
<MEAN> 25
 -5.424104e+00 -6.444228e-01 -2.011948e-01 7.368020e+00 5.719728e+00 5.701523e+00 6.060597e+00 4.979655e+00 5.164851e+00 4.154551e+00 5.502402e+00 2.539962e+00 -1.212346e-01 -2.916862e-02 7.500418e-02 2.436760e-01 4.894040e-01 7.865168e-01 1.072446e+00 1.182141e+00 1.059321e+00 7.561350e-01 4.197349e-01 1.534032e-01 -8.263445e-05
<VARIANCE> 25
 6.984151e+00 5.606074e+00 9.032881e+00 1.281365e+01 1.407832e+01 1.429724e+01 1.492043e+01 1.489847e+01 1.410044e+01 1.418376e+01 1.510192e+01 1.250873e+01 1.247606e-01 2.061875e-01 3.197811e-01 5.030959e-01 6.995990e-01 7.936963e-01 7.631562e-01 7.916138e-01 9.090421e-01 1.023956e+00 1.071348e+00 1.041232e+00 2.795582e-05
<GCONST> 5.858709e+01
<MIXTURE> 16 2.475190e-03
<MEAN> 25
 -5.424104e+00 -6.444228e-01 -2.011948e-01 7.368020e+00 5.719728e+00 5.701523e+00 6.060597e+00 4.979655e+00 5.164851e+00 4.154551e+00 5.502402e+00 2.539962e+00 -1.212346e-01 -2.916862e-02 7.500418e-02 2.436760e-01 4.894040e-01 7.865168e-01 1.072446e+00 1.182141e+00 1.059321e+00 7.561350e-01 4.197349e-01 1.534032e-01 -8.263445e-05
<VARIANCE> 25
 6.984151e+00 5.606074e+00 9.032881e+00 1.281365e+01 1.407832e+01 1.429724e+01 1.492043e+01 1.489847e+01 1.410044e+01 1.418376e+01 1.510192e+01 1.250873e+01 1.247606e-01 2.061875e-01 3.197811e-01 5.030959e-01 6.995990e-01 7.936963e-01 7.631562e-01 7.916138e-01 9.090421e-01 1.023956e+00 1.071348e+00 1.041232e+00 2.795582e-05
<GCONST> 5.858709e+01
<MIXTURE> 17 9.518312e-03
<MEAN> 25
 3.748010e+00 -5.320205e-01 6.004117e+00 2.513529e+00 -6.830955e+00 -5.531662e+00 -1.675379e+00 4.504839e-01 -1.752848e+00 -2.566320e+00 1.047199e+00 2.135125e+00 -4.040723e-01 -1.877186e+00 1.679359e+00 -2.543361e+00 -2.891186e+00 -5.186244e-01 8.606058e-01 1.506358e+00 -5.987192e-01 2.496530e-01 8.160771e-01 5.390022e-01 7.873039e-02
<VARIANCE> 25
 1.272399e+01 3.538646e+01 2.258451e+01 3.689436e+01 5.986369e+01 4.325817e+01 3.819148e+01 3.096683e+01 2.856300e+01 1.804042e+01 1.907903e+01 2.281424e+01 1.576224e+00 2.925177e+00 3.071879e+00 3.287279e+00 3.652297e+00 4.605513e+00 3.622388e+00 3.503437e+00 3.121189e+00 2.685579e+00 2.627601e+00 1.930466e+00 1.788213e-03
<GCONST> 9.266520e+01
<MIXTURE> 18 1.221018e-02
<MEAN> 25
 2.243774e+00 5.124776e+00 6.186103e+00 5.823606e+00 -2.855989e+00 -7.319827e+00 -7.048351e-01 -2.557344e-01 -2.770556e+00 -1.872443e+00 1.160690e+00 1.212082e+00 -5.389147e-01 2.270681e+00 -1.013884e+00 2.048617e+00 2.644928e+00 1.713821e+00 7.305808e-01 -4.402100e-01 1.144939e+00 -2.837951e-02 -4.027590e-01 -2.319061e-01 -1.142101e-01
<VARIANCE> 25
 1.412855e+01 2.121819e+01 3.181065e+01 2.448159e+01 3.270225e+01 3.479126e+01 3.084784e+01 2.634039e+01 4.277626e+01 2.809156e+01 5.237706e+01 2.236789e+01 1.750568e+00 2.365426e+00 4.355796e+00 2.796865e+00 3.634024e+00 3.592794e+00 3.885963e+00 3.520337e+00 5.064653e+00 3.446338e+00 4.037286e+00 2.954499e+00 2.804096e-03
<GCONST> 9.477016e+01
<MIXTURE> 19 9.912824e-03
<MEAN> 25
 -9.338744e+00 3.552149e+00 -1.053134e+00 2.141719e+00 6.137873e+00 2.444158e+00 2.691562e+00 -6.202649e-02 2.413517e+00 1.079953e+00 2.394549e+00 2.016512e+00 2.046977e+00 1.633487e+00 2.398609e+00 1.113359e+00 -1.159886e+00 -9.612474e-01 -1.013503e+00 -1.530112e+00 -2.000524e+00 -1.385858e+00 -7.019514e-01 -8.502628e-01 1.815894e-02
<VARIANCE> 25
 4.710769e+01 3.558633e+01 4.421581e+01 5.828043e+01 3.801003e+01 2.944527e+01 2.954401e+01 2.810002e+01 2.401569e+01 2.420737e+01 3.199014e+01 2.130562e+01 2.010812e+00 1.863408e+00 2.563703e+00 2.548166e+00 2.290825e+00 2.129832e+00 2.153386e+00 2.255200e+00 2.520580e+00 1.750589e+00 1.900575e+00 1.406090e+00 2.709278e-03
<GCONST> 9.077682e+01
<MIXTURE> 20 6.308331e-03
<MEAN> 25
 -1.415009e+01 7.413547e+00 7.592055e-01 6.179595e+00 4.893782e+00 1.646149e+00 5.205285e+00 8.390988e-01 9.589924e-01 7.735571e-01 2.556873e+00 -2.904111e-01 -3.286925e+00 -8.463813e-01 -1.550140e+00 3.212905e-01 1.549084e+00 2.051467e+00 1.990107e+00 2.044953e+00 2.120158e+00 2.018495e+00 1.678800e+00 9.303167e-01 4.773527e-02
<VARIANCE> 25
 1.984342e+01 2.358760e+01 3.133227e+01 3.693591e+01 3.089173e+01 2.762327e+01 3.006438e+01 3.126022e+01 2.785536e+01 2.805835e+01 2.496082e+01 2.085771e+01 2.101397e+00 2.208233e+00 1.911785e+00 2.535888e+00 2.693470e+00 2.308123e+00 2.335935e+00 2.322668e+00 2.282136e+00 2.688076e+00 2.223159e+00 1.875328e+00 1.907089e-03
<GCONST> 8.927177e+01
<MIXTURE> 21 7.928653e-03
<MEAN> 25
 3.877092e+00 -4.186617e+00 6.025858e+00 -1.303478e+00 -1.021710e+01 -8.940351e+00 -2.868251e+00 4.169036e+00 -2.206033e+00 -3.352553e+00 5.253892e-01 5.628343e-01 -6.852940e-01 1.248202e+00 2.604984e+00 4.639209e-02 -1.611827e+00 3.974195e-01 6.891429e-01 -1.411788e+00 -2.019985e+00 4.040191e-01 1.427691e+00 2.035237e-01 -1.301322e-02
<VARIANCE> 25
 8.921968e+00 2.102332e+01 2.992441e+01 2.890521e+01 3.102807e+01 3.321260e+01 4.284243e+01 3.785639e+01 4.170203e+01 3.040269e+01 3.434231e+01 2.351054e+01 3.875881e-01 1.113801e+00 1.825082e+00 1.435010e+00 2.221171e+00 2.189256e+00 3.777542e+00 2.572042e+00 2.174364e+00 2.681400e+00 2.190451e+00 2.239732e+00 4.129969e-04
<GCONST> 8.565142e+01
<MIXTURE> 22 8.827789e-03
<MEAN> 25
 -1.797578e+01 7.272009e+00 -4.230304e+00 7.328375e+00 4.921864e+00 2.763809e+00 8.404198e+00 1.698538e+00 5.379157e+00 3.237725e+00 5.687429e+00 1.265045e+00 -3.229820e-01 -1.694735e-01 -1.334123e-01 -1.849639e-01 4.171624e-02 1.078063e-01 1.405314e-01 1.450360e-01 2.517152e-01 2.111602e-01 1.673465e-01 1.784171e-01 9.576976e-03
<VARIANCE> 25
 8.096542e+00 1.717273e+01 1.744745e+01 2.484154e+01 2.692758e+01 2.038669e+01 1.911025e+01 1.869278e+01 1.776311e+01 2.062467e+01 1.898167e+01 1.377229e+01 1.112529e+00 1.408177e+00 1.339972e+00 1.595794e+00 1.520050e+00 1.544417e+00 1.573204e+00 1.557138e+00 1.607447e+00 1.555556e+00 1.365692e+00 1.169170e+00 1.741172e-03
<GCONST> 7.859908e+01
<MIXTURE> 23 6.455497e-03
<MEAN> 25
 7.800788e+00 2.360181e+00 2.929305e+00 2.377379e+00 -4.547927e+00 -3.036393e+00 -4.312448e+00 -6.258636e+00 -3.274843e+00 -1.064396e+00 -3.859662e+00 -2.060553e+00 2.144841e-02 1.694363e-01 -1.221638e-02 1.323623e-01 -1.050345e-03 -6.928432e-03 1.977400e-02 -3.608604e-02 -3.052008e-02 2.129285e-02 1.222530e-02 4.478583e-02 -4.747831e-03
<VARIANCE> 25
 1.049985e+01 2.236599e+01 2.368315e+01 3.986900e+01 3.833125e+01 5.181989e+01 5.623514e+01 5.409878e+01 4.621263e+01 4.480463e+01 4.729106e+01 3.854877e+01 1.158074e-01 2.801349e-01 3.671684e-01 5.788073e-01 5.773596e-01 7.377045e-01 7.367409e-01 8.361469e-01 8.702858e-01 8.547877e-01 7.998462e-01 7.388996e-01 8.589578e-05
<GCONST> 7.251527e+01
<MIXTURE> 24 6.455497e-03
<MEAN> 25
 7.800788e+00 2.360181e+00 2.929305e+00 2.377379e+00 -4.547927e+00 -3.036393e+00 -4.312448e+00 -6.258636e+00 -3.274843e+00 -1.064396e+00 -3.859662e+00 -2.060553e+00 2.144841e-02 1.694363e-01 -1.221638e-02 1.323623e-01 -1.050345e-03 -6.928432e-03 1.977400e-02 -3.608604e-02 -3.052008e-02 2.129285e-02 1.222530e-02 4.478583e-02 -4.747831e-03
<VARIANCE> 25
 1.049985e+01 2.236599e+01 2.368315e+01 3.986900e+01 3.833125e+01 5.181989e+01 5.623514e+01 5.409878e+01 4.621263e+01 4.480463e+01 4.729106e+01 3.854877e+01 1.158074e-01 2.801349e-01 3.671684e-01 5.788073e-01 5.773596e-01 7.377045e-01 7.367409e-01 8.361469e-01 8.702858e-01 8.547877e-01 7.998462e-01 7.388996e-01 8.589578e-05
<GCONST> 7.251527e+01
<MIXTURE> 25 1.118642e-02
<MEAN> 25
 4.994169e-02 3.311466e+00 1.686865e+01 -9.682535e-01 -1.065273e+01 -1.549517e+00 -4.741724e+00 -3.155954e+00 -6.825214e+00 -5.155571e+00 4.118710e+00 -1.350860e+00 -3.446409e-02 2.916329e-01 7.705935e-02 2.598974e-01 1.308647e-01 1.495502e-01 2.206886e-01 -4.274177e-02 -1.782188e-01 6.691471e-02 -3.184047e-02 -6.506663e-02 -1.373731e-02
<VARIANCE> 25
 8.881149e+00 2.131419e+01 2.107176e+01 2.673141e+01 3.517219e+01 3.892793e+01 2.631385e+01 3.047110e+01 2.694550e+01 3.487302e+01 1.952435e+01 2.679759e+01 6.728399e-01 1.677297e+00 1.409983e+00 1.429122e+00 2.221526e+00 1.940294e+00 1.685439e+00 1.750243e+00 1.475054e+00 1.558486e+00 1.269173e+00 1.260739e+00 1.211093e-03
<GCONST> 8.248898e+01
<MIXTURE> 26 7.727677e-03
<MEAN> 25
 1.269704e+00 -8.128980e+00 -1.132341e+01 -1.371800e+00 7.907065e+00 8.360452e+00 5.176002e+00 -1.111453e+00 9.525025e-01 -2.875673e-01 -2.542730e+00 -2.111551e+00 -7.109282e-01 4.893211e-01 -4.988864e-02 6.293641e-01 2.101594e-01 2.784204e-01 4.479441e-01 -2.157560e-02 1.381944e-01 1.468184e-02 2.626182e-01 5.474401e-01 -4.415029e-02
<VARIANCE> 25
 2.379261e+01 3.562241e+01 2.383887e+01 4.735923e+01 2.838269e+01 4.358118e+01 3.732146e+01 4.068725e+01 3.378019e+01 4.243221e+01 3.096690e+01 4.151670e+01 1.629476e+00 1.979944e+00 2.039919e+00 2.336764e+00 2.246093e+00 2.166894e+00 1.969054e+00 3.241347e+00 2.448938e+00 2.518605e+00 2.415143e+00 1.937142e+00 2.654482e-03
<GCONST> 9.219091e+01
<MIXTURE> 27 7.727677e-03
<MEAN> 25
 1.269704e+00 -8.128980e+00 -1.132341e+01 -1.371800e+00 7.907065e+00 8.360452e+00 5.176002e+00 -1.111453e+00 9.525025e-01 -2.875673e-01 -2.542730e+00 -2.111551e+00 -7.109282e-01 4.893211e-01 -4.988864e-02 6.293641e-01 2.101594e-01 2.784204e-01 4.479441e-01 -2.157560e-02 1.381944e-01 1.468184e-02 2.626182e-01 5.474401e-01 -4.415029e-02
<VARIANCE> 25
 2.379261e+01 3.562241e+01 2.383887e+01 4.735923e+01 2.838269e+01 4.358118e+01 3.732146e+01 4.068725e+01 3.378019e+01 4.243221e+01 3.096690e+01 4.151670e+01 1.629476e+00 1.979944e+00 2.039919e+00 2.336764e+00 2.246093e+00 2.166894e+00 1.969054e+00 3.241347e+00 2.448938e+00 2.518605e+00 2.415143e+00 1.937142e+00 2.654482e-03
<GCONST> 9.219091e+01
<MIXTURE> 28 5.036674e-03
<MEAN> 25
 -5.451643e+00 1.172903e-02 -1.569330e+00 6.616287e+00 5.232500e+00 3.518181e+00 5.416431e+00 3.130172e+00 3.922906e+00 2.394200e+00 2.638351e+00 3.220446e+00 -1.152358e-01 2.232223e-01 5.287618e-01 7.848936e-01 8.221655e-01 7.029542e-01 5.231987e-01 3.920046e-01 4.448535e-01 4.824229e-01 3.710276e-01 1.896353e-01 -1.242595e-05
<VARIANCE> 25
 1.043377e+01 8.352378e+00 1.216023e+01 1.484366e+01 1.471105e+01 1.773206e+01 1.804039e+01 1.901551e+01 1.718463e+01 1.673153e+01 2.060886e+01 1.500367e+01 2.565389e-01 3.365524e-01 4.068339e-01 4.641571e-01 6.216307e-01 8.470523e-01 1.056479e+00 1.144800e+00 1.102591e+00 1.029909e+00 1.036744e+00 1.066795e+00 1.000000e-06
<GCONST> 6.025220e+01
<MIXTURE> 29 5.036674e-03
<MEAN> 25
 -5.451643e+00 1.172903e-02 -1.569330e+00 6.616287e+00 5.232500e+00 3.518181e+00 5.416431e+00 3.130172e+00 3.922906e+00 2.394200e+00 2.638351e+00 3.220446e+00 -1.152358e-01 2.232223e-01 5.287618e-01 7.848936e-01 8.221655e-01 7.029542e-01 5.231987e-01 3.920046e-01 4.448535e-01 4.824229e-01 3.710276e-01 1.896353e-01 -1.242595e-05
<VARIANCE> 25
 1.043377e+01 8.352378e+00 1.216023e+01 1.484366e+01 1.471105e+01 1.773206e+01 1.804039e+01 1.901551e+01 1.718463e+01 1.673153e+01 2.060886e+01 1.500367e+01 2.565389e-01 3.365524e-01 4.068339e-01 4.641571e-01 6.216307e-01 8.470523e-01 1.056479e+00 1.144800e+00 1.102591e+00 1.029909e+00 1.036744e+00 1.066795e+00 1.000000e-06
<GCONST> 6.025220e+01
<MIXTURE> 30 8.917812e-03
<MEAN> 25
 -4.494576e+00 -1.927583e-01 6.531326e-01 9.089385e+00 7.777280e+00 7.510071e+00 7.582687e+00 6.879347e+00 6.536244e+00 4.896172e+00 7.012536e+00 3.502346e+00 -2.375017e-02 3.025095e-02 5.657243e-02 8.923383e-02 8.174162e-02 4.470452e-02 1.359100e-02 -3.186099e-03 1.718972e-02 5.173528e-02 6.188899e-02 3.484281e-02 -5.534383e-04
<VARIANCE> 25
 6.936883e+00 9.897507e+00 1.040959e+01 1.373903e+01 1.575282e+01 1.641800e+01 1.913748e+01 1.819340e+01 1.630194e+01 1.836697e+01 2.123791e+01 1.436155e+01 9.737207e-02 1.996098e-01 3.249691e-01 4.823095e-01 6.194434e-01 7.246694e-01 7.723197e-01 8.124099e-01 8.760452e-01 9.372126e-01 9.210774e-01 8.624184e-01 5.097943e-05
<GCONST> 6.059693e+01
<MIXTURE> 31 4.136493e-03
<MEAN> 25
 -3.294600e+00 -5.582889e+00 3.156598e-01 4.777728e+00 3.051337e+00 1.532847e+00 5.039155e+00 6.499429e+00 2.864517e+00 1.178127e+00 6.620230e+00 3.219265e+00 2.407525e-01 5.298820e-01 -2.312704e-01 3.827592e-01 1.673187e-01 4.248398e-01 2.247406e-01 1.242272e-02 3.611832e-01 2.930649e-01 5.561798e-02 5.768745e-02 -2.041407e-02
<VARIANCE> 25
 6.819720e+00 1.487458e+01 1.797231e+01 1.785526e+01 3.156903e+01 2.359454e+01 2.333097e+01 2.459458e+01 2.527848e+01 2.706851e+01 1.994322e+01 1.864061e+01 1.860871e-01 5.328549e-01 5.821407e-01 8.687607e-01 9.660026e-01 1.085389e+00 1.208679e+00 1.331438e+00 1.292322e+00 1.402771e+00 1.298937e+00 1.141784e+00 3.183600e-04
<GCONST> 7.221662e+01
<MIXTURE> 32 4.136493e-03
<MEAN> 25
 -3.294600e+00 -5.582889e+00 3.156598e-01 4.777728e+00 3.051337e+00 1.532847e+00 5.039155e+00 6.499429e+00 2.864517e+00 1.178127e+00 6.620230e+00 3.219265e+00 2.407525e-01 5.298820e-01 -2.312704e-01 3.827592e-01 1.673187e-01 4.248398e-01 2.247406e-01 1.242272e-02 3.611832e-01 2.930649e-01 5.561798e-02 5.768745e-02 -2.041407e-02
<VARIANCE> 25
 6.819720e+00 1.487458e+01 1.797231e+01 1.785526e+01 3.156903e+01 2.359454e+01 2.333097e+01 2.459458e+01 2.527848e+01 2.706851e+01 1.994322e+01 1.864061e+01 1.860871e-01 5.328549e-01 5.821407e-01 8.687607e-01 9.660026e-01 1.085389e+00 1.208679e+00 1.331438e+00 1.292322e+00 1.402771e+00 1.298937e+00 1.141784e+00 3.183600e-04
<GCONST> 7.221662e+01
<MIXTURE> 33 1.508826e-02
<MEAN> 25
 5.754638e+00 -3.823251e+00 -8.749610e-01 -3.880766e+00 -2.785771e+00 -3.623731e+00 -6.931913e+00 2.736104e+00 1.110900e+00 1.550777e+00 -2.880106e+00 -4.024876e+00 6.316026e-01 -1.661220e+00 -2.263783e+00 -2.415394e+00 1.537287e+00 1.680652e+00 2.451737e-01 7.742800e-01 1.164424e+00 4.472889e-01 -8.423587e-01 -9.345509e-01 4.913458e-02
<VARIANCE> 25
 7.825876e+00 1.624700e+01 2.275962e+01 3.197998e+01 3.000373e+01 3.622835e+01 3.180371e+01 3.303059e+01 3.159198e+01 3.816394e+01 3.101103e+01 2.024236e+01 7.956159e-01 1.690518e+00 1.590999e+00 2.061166e+00 3.038975e+00 2.579360e+00 4.219391e+00 4.219385e+00 2.795194e+00 3.126113e+00 2.945504e+00 2.047470e+00 1.153802e-03
<GCONST> 8.848981e+01
<MIXTURE> 34 1.588179e-02
<MEAN> 25
 8.293716e+00 -6.152346e-01 5.088862e-01 1.193105e+00 -3.072623e+00 -4.317921e-01 -5.529928e+00 -4.052015e+00 -5.970989e-01 5.369289e-01 -2.477149e+00 -3.710363e+00 -6.320266e-02 1.432101e+00 1.426322e+00 2.725116e+00 1.927370e-02 -3.102264e-01 6.061202e-01 -1.832690e+00 -9.731086e-01 6.908261e-02 -2.595659e-01 4.313835e-01 -6.137260e-02
<VARIANCE> 25
 7.942758e+00 2.932345e+01 2.587071e+01 4.712148e+01 3.651124e+01 4.854836e+01 4.974317e+01 5.055849e+01 5.172704e+01 3.691147e+01 4.108511e+01 2.644625e+01 1.057728e+00 1.722149e+00 3.638436e+00 3.838372e+00 4.755124e+00 5.017223e+00 4.788874e+00 5.339560e+00 4.609583e+00 4.457397e+00 4.557226e+00 3.383801e+00 9.800103e-04
<GCONST> 9.683917e+01
<MIXTURE> 35 1.467755e-02
<MEAN> 25
 -2.142609e+00 -5.848399e+00 -1.033947e+01 -1.486547e-01 9.443319e+00 1.776652e+00 2.415479e+00 2.225668e+00 1.266080e+00 4.602882e+00 -4.066009e-01 1.624484e+00 7.045115e-01 -9.504269e-01 -1.082539e+00 -1.327311e+00 2.454126e-01 -9.546095e-01 -7.475944e-01 4.119614e-02 -1.157259e-01 1.367732e-01 -8.297094e-01 -5.405203e-01 1.005604e-01
<VARIANCE> 25
 1.843778e+01 3.139820e+01 4.205518e+01 5.855493e+01 3.933640e+01 6.293468e+01 5.378542e+01 4.095516e+01 4.675735e+01 3.552800e+01 3.617708e+01 2.918622e+01 3.477508e+00 3.604486e+00 7.392674e+00 5.140841e+00 5.071335e+00 5.395813e+00 4.715691e+00 4.651787e+00 4.703232e+00 4.202542e+00 4.179844e+00 3.575291e+00 5.415227e-03
<GCONST> 1.030395e+02
<MIXTURE> 36 1.093293e-02
<MEAN> 25
 3.838546e+00 -3.455042e+00 7.045215e+00 1.329883e+00 -1.085502e+01 -7.699547e+00 -6.140269e+00 4.207296e+00 -3.243039e+00 -2.531107e+00 2.969235e+00 -1.335298e+00 3.745817e-01 3.089343e-01 -8.739262e-01 6.280587e-02 8.991240e-01 1.137678e-01 -7.003974e-01 -1.375995e-01 4.404552e-01 7.270301e-01 -3.677888e-01 -5.808184e-01 -1.637800e-02
<VARIANCE> 25
 1.072398e+01 1.807845e+01 1.699665e+01 2.960905e+01 2.996388e+01 2.793248e+01 4.509335e+01 3.017363e+01 3.619244e+01 3.303115e+01 2.272713e+01 2.983144e+01 4.217975e-01 7.404805e-01 1.224495e+00 1.497906e+00 1.353449e+00 1.807768e+00 2.050245e+00 2.086743e+00 1.703838e+00 1.810819e+00 1.161927e+00 1.369534e+00 7.430054e-04
<GCONST> 8.116376e+01
<MIXTURE> 37 1.246826e-02
<MEAN> 25
 2.758399e-01 7.161015e+00 1.243701e+01 -4.696986e+00 -7.331604e+00 -6.150579e-01 -4.570641e+00 -7.863724e+00 -3.949200e+00 -1.308940e+00 -2.710173e+00 -8.560926e-01 2.547626e-01 7.495058e-01 -1.624910e+00 3.419495e+00 1.896822e+00 -1.899539e-01 1.030981e+00 5.495998e-01 7.323409e-01 -4.871086e-01 4.361846e-01 -6.181408e-02 -9.495255e-02
<VARIANCE> 25
 1.501959e+01 2.691939e+01 3.091927e+01 5.257875e+01 3.479034e+01 3.096024e+01 4.210569e+01 3.357987e+01 3.575581e+01 3.419329e+01 4.219699e+01 2.951052e+01 2.712782e+00 3.220091e+00 3.396347e+00 3.921271e+00 4.277368e+00 3.503433e+00 3.909322e+00 3.626257e+00 3.503376e+00 3.516001e+00 3.600703e+00 2.564273e+00 3.561382e-03
<GCONST> 9.702621e+01
<MIXTURE> 38 1.154525e-02
<MEAN> 25
 -4.571280e+00 9.283188e+00 4.012157e+00 3.309605e+00 1.240826e+00 -5.445920e+00 -8.435488e-01 -3.030080e+00 -2.460947e+00 -2.878216e+00 -1.698134e+00 -3.795484e-01 -4.371933e+00 1.213160e+00 -2.836209e-01 1.470644e+00 2.518892e+00 1.339351e+00 2.085449e+00 8.704054e-01 7.130333e-01 5.341859e-01 9.461344e-01 3.427108e-01 4.737745e-02
<VARIANCE> 25
 3.007302e+01 3.088574e+01 4.218244e+01 3.225266e+01 4.834196e+01 3.695235e+01 3.556587e+01 4.145147e+01 3.595795e+01 3.161137e+01 2.485808e+01 2.830525e+01 2.655357e+00 3.769173e+00 3.694299e+00 4.896863e+00 4.043060e+00 4.808557e+00 4.607515e+00 4.552043e+00 4.266739e+00 4.807022e+00 4.196961e+00 3.206450e+00 2.023079e-03
<GCONST> 9.899920e+01
<MIXTURE> 39 9.501865e-03
<MEAN> 25
 1.336749e+00 2.595086e+00 1.021255e+01 -9.216367e+00 -1.129378e+01 -9.972022e-01 -2.965898e+00 -6.560328e+00 -4.524530e+00 8.739707e-01 -3.673223e+00 -2.291647e+00 -7.285095e-01 1.521780e+00 1.623526e+00 -1.388401e+00 7.948040e-02 1.222803e+00 -1.201164e+00 -1.250500e+00 4.288853e-01 4.468471e-01 -5.050673e-01 1.215682e-01 1.310031e-03
<VARIANCE> 25
 8.913213e+00 3.023541e+01 3.164049e+01 3.822228e+01 3.722417e+01 4.273078e+01 4.440434e+01 3.368861e+01 3.942883e+01 3.318598e+01 3.624980e+01 2.950390e+01 6.912164e-01 1.547482e+00 1.517246e+00 2.928127e+00 2.415660e+00 2.821317e+00 3.051153e+00 2.752817e+00 2.433892e+00 2.617892e+00 2.119359e+00 2.071899e+00 1.184746e-03
<GCONST> 8.967440e+01
<MIXTURE> 40 1.030800e-02
<MEAN> 25
 -8.947536e+00 2.941651e+00 -1.610529e+00 8.180423e+00 4.426444e+00 5.347341e+00 4.737059e+00 3.746412e+00 5.285938e+00 3.984957e+00 5.479351e+00 1.736104e+00 -9.112938e-02 -2.563481e-01 -3.804102e-03 -1.029613e-01 -3.438510e-02 1.163279e-02 1.020897e-01 3.188415e-02 1.684152e-03 9.568253e-02 2.032577e-01 2.038720e-02 4.220007e-03
<VARIANCE> 25
 4.114800e+01 2.643372e+01 3.038576e+01 2.532966e+01 2.900721e+01 1.795933e+01 2.140410e+01 2.015373e+01 2.286901e+01 1.800942e+01 1.826021e+01 1.361524e+01 6.937771e-01 6.962371e-01 8.262132e-01 1.291121e+00 1.108377e+00 1.351784e+00 1.256919e+00 1.240455e+00 1.180743e+00 1.242592e+00 1.320857e+00 1.002317e+00 7.989185e-04
<GCONST> 7.716098e+01
<MIXTURE> 41 6.713375e-03
<MEAN> 25
 1.296080e+00 1.627760e+00 1.038806e+01 -6.657635e+00 -1.031123e+01 -3.928197e+00 -2.382926e+00 -4.909337e+00 -4.675150e+00 2.544043e+00 -1.528436e+00 -6.502386e-01 1.077538e-01 -8.488118e-01 1.682484e+00 -3.502510e+00 -2.515973e+00 -1.902117e-01 -4.464644e-01 -2.952337e-01 -8.075917e-01 1.098806e+00 -9.901300e-01 1.625440e-01 8.657786e-02
<VARIANCE> 25
 1.165135e+01 2.938932e+01 3.239748e+01 4.042437e+01 3.913798e+01 3.992959e+01 3.632886e+01 3.007231e+01 3.245260e+01 2.809957e+01 3.166799e+01 2.859664e+01 3.111377e+00 3.370519e+00 3.751580e+00 3.797980e+00 4.906221e+00 5.940162e+00 4.651747e+00 4.485616e+00 3.883636e+00 4.078415e+00 3.752171e+00 3.310673e+00 2.855977e-03
<GCONST> 9.777582e+01
<MIXTURE> 42 1.106211e-02
<MEAN> 25
 -1.874063e+00 5.260844e+00 4.270772e+00 3.062708e+00 1.180568e+00 -7.084303e+00 -2.005717e+00 -2.053325e+00 -1.452195e+00 -1.647098e+00 -1.836426e+00 1.521629e+00 3.877458e+00 -4.646244e-01 1.669761e+00 9.267304e-02 -2.868836e+00 -1.126941e+00 -2.120379e+00 -5.040709e-01 -9.232811e-01 -7.078463e-01 6.681580e-01 -8.334171e-01 1.246636e-02
<VARIANCE> 25
 3.244199e+01 2.181346e+01 4.820560e+01 2.490669e+01 4.017118e+01 4.389888e+01 3.914738e+01 2.617761e+01 2.704381e+01 2.529474e+01 2.080511e+01 1.638088e+01 3.682306e+00 4.385236e+00 5.874871e+00 4.333237e+00 4.265174e+00 5.477109e+00 4.656223e+00 5.647698e+00 4.585404e+00 4.298200e+00 4.589963e+00 3.246700e+00 4.002963e-03
<GCONST> 9.896734e+01
<MIXTURE> 43 7.108249e-03
<MEAN> 25
 3.355336e+00 -6.453203e+00 -2.271026e+00 -5.471214e+00 -7.108948e+00 -2.844566e+00 3.898719e+00 1.619247e+00 -4.627643e+00 -6.749595e+00 -4.186442e+00 -1.683314e+00 2.318523e-01 2.151505e+00 1.922714e+00 -6.551586e-02 -1.367144e+00 -8.469658e-01 -1.083082e+00 -7.626260e-01 8.159463e-01 1.438268e+00 4.284968e-01 6.581765e-02 -4.507991e-02
<VARIANCE> 25
 9.783663e+00 1.910541e+01 2.621704e+01 3.511179e+01 3.829060e+01 4.030776e+01 3.287575e+01 3.959398e+01 4.113537e+01 3.881520e+01 2.607470e+01 3.148239e+01 6.757753e-01 1.212355e+00 1.544742e+00 2.519753e+00 2.411512e+00 2.382372e+00 2.758136e+00 2.906621e+00 2.548523e+00 2.486682e+00 2.352174e+00 1.881999e+00 9.623161e-04
<GCONST> 8.797935e+01
<MIXTURE> 44 7.328289e-03
<MEAN> 25
 -1.507105e+01 1.702970e+00 3.459288e+00 -3.155014e+00 3.372406e+00 1.995874e+00 -1.005390e-01 2.271910e+00 1.625161e+00 -7.153692e-01 1.844813e+00 2.070384e+00 -1.697312e-01 9.955321e-04 1.450967e-01 3.200542e-01 -8.508676e-02 2.146456e-01 4.740657e-01 1.173858e-01 2.577106e-01 1.530089e-01 8.224098e-02 8.641190e-02 3.888269e-03
<VARIANCE> 25
 4.379271e+01 3.013826e+01 3.614605e+01 3.068432e+01 3.096341e+01 3.062499e+01 2.483574e+01 3.246419e+01 2.759031e+01 2.753349e+01 2.689510e+01 1.971888e+01 1.196716e+00 1.526721e+00 1.380927e+00 1.399981e+00 2.133947e+00 1.666331e+00 1.485651e+00 1.637107e+00 1.542786e+00 1.527745e+00 1.389769e+00 1.215786e+00 1.289348e-03
<GCONST> 8.474452e+01
<MIXTURE> 45 1.364932e-02
<MEAN> 25
 -1.230256e+01 4.752022e+00 -2.904415e+00 4.445834e+00 7.151578e+00 5.690385e-01 4.816088e+00 2.200811e+00 3.889022e+00 1.404823e+00 2.393178e+00 2.604979e+00 -3.133716e+00 7.158119e-01 -4.007533e-01 -6.757583e-01 8.342757e-01 2.203474e-01 1.090185e+00 1.719760e-01 -1.336033e-01 -1.004535e-01 4.369590e-01 -8.154148e-02 1.107127e-01
<VARIANCE> 25
 3.437592e+01 3.340017e+01 2.812216e+01 3.496881e+01 3.143979e+01 2.201566e+01 3.376684e+01 2.123713e+01 2.027140e+01 1.948093e+01 2.158119e+01 1.565819e+01 2.135469e+00 2.714480e+00 2.159088e+00 2.627292e+00 2.921098e+00 2.190605e+00 3.552973e+00 1.937419e+00 1.818840e+00 1.889144e+00 1.540085e+00 1.511794e+00 3.407606e-03
<GCONST> 8.847629e+01
<MIXTURE> 46 9.336259e-03
<MEAN> 25
 -9.182555e+00 2.551962e+00 1.023434e+00 7.574573e+00 5.955835e+00 3.193558e+00 6.753885e+00 4.292298e+00 5.807885e+00 4.553317e+00 4.961457e+00 2.945258e+00 1.002258e+00 -2.310190e-01 5.394652e-03 1.011472e+00 6.278253e-01 9.715417e-01 3.540197e-01 6.167996e-01 4.716206e-01 4.977247e-01 6.541592e-01 5.139107e-01 -1.034212e-01
<VARIANCE> 25
 3.522371e+01 4.471088e+01 3.878612e+01 4.899306e+01 5.092541e+01 4.071505e+01 3.836559e+01 3.535620e+01 3.337832e+01 3.062583e+01 2.779790e+01 1.990827e+01 3.875643e+00 4.021143e+00 3.830188e+00 4.074003e+00 4.092138e+00 3.609818e+00 3.333012e+00 3.183995e+00 2.917401e+00 2.808645e+00 2.276473e+00 1.769590e+00 7.907962e-03
<GCONST> 9.815947e+01
<MIXTURE> 47 7.116147e-03
<MEAN> 25
 7.118496e+00 -7.967751e+00 -6.883977e+00 -7.472620e+00 1.100674e+00 1.654458e+00 -1.802202e+00 2.175667e+00 2.773008e+00 5.953109e-01 -4.294285e+00 -6.575072e+00 -9.637845e-02 -1.371154e+00 -9.021949e-01 -3.763020e-01 9.298556e-01 9.008245e-01 1.087017e+00 3.566937e-01 8.150844e-02 -7.855504e-01 -6.748327e-01 -5.374910e-01 2.995679e-02
<VARIANCE> 25
 8.998774e+00 1.940215e+01 2.079847e+01 3.169960e+01 3.721928e+01 4.803490e+01 3.988922e+01 3.894133e+01 3.661291e+01 4.062927e+01 4.400208e+01 2.829844e+01 4.704354e-01 9.278784e-01 1.105699e+00 1.669452e+00 2.093816e+00 2.099856e+00 2.308752e+00 2.134824e+00 1.870374e+00 1.850237e+00 2.019093e+00 1.690425e+00 5.552903e-04
<GCONST> 8.470247e+01
<MIXTURE> 48 7.116147e-03
<MEAN> 25
 7.118496e+00 -7.967751e+00 -6.883977e+00 -7.472620e+00 1.100674e+00 1.654458e+00 -1.802202e+00 2.175667e+00 2.773008e+00 5.953109e-01 -4.294285e+00 -6.575072e+00 -9.637845e-02 -1.371154e+00 -9.021949e-01 -3.763020e-01 9.298556e-01 9.008245e-01 1.087017e+00 3.566937e-01 8.150844e-02 -7.855504e-01 -6.748327e-01 -5.374910e-01 2.995679e-02
<VARIANCE> 25
 8.998774e+00 1.940215e+01 2.079847e+01 3.169960e+01 3.721928e+01 4.803490e+01 3.988922e+01 3.894133e+01 3.661291e+01 4.062927e+01 4.400208e+01 2.829844e+01 4.704354e-01 9.278784e-01 1.105699e+00 1.669452e+00 2.093816e+00 2.099856e+00 2.308752e+00 2.134824e+00 1.870374e+00 1.850237e+00 2.019093e+00 1.690425e+00 5.552903e-04
<GCONST> 8.470247e+01
<MIXTURE> 49 5.548473e-03
<MEAN> 25
 -5.087485e+00 3.547415e-01 1.706981e-01 8.453926e+00 6.148538e+00 5.620632e+00 6.068976e+00 4.488417e+00 5.026273e+00 3.723449e+00 4.934968e+00 2.862850e+00 3.660426e-01 6.559807e-01 7.026452e-01 3.534243e-01 -1.966139e-01 -6.695331e-01 -1.009067e+00 -1.121606e+00 -9.561820e-01 -6.807481e-01 -4.928881e-01 -2.715284e-01 -2.008005e-05
<VARIANCE> 25
 9.597992e+00 1.003649e+01 1.425577e+01 1.587317e+01 1.589453e+01 1.713665e+01 1.943544e+01 1.942959e+01 1.823021e+01 1.794926e+01 2.063239e+01 1.428914e+01 2.803990e-01 2.632295e-01 3.594671e-01 6.115493e-01 8.694316e-01 9.741457e-01 9.924999e-01 1.052719e+00 1.135285e+00 1.219569e+00 1.280768e+00 1.208620e+00 1.434273e-05
<GCONST> 6.432121e+01
<MIXTURE> 50 6.234641e-03
<MEAN> 25
 -4.667297e+00 9.274097e-02 -1.451486e+00 6.200746e+00 4.220960e+00 2.276392e+00 3.705180e+00 1.987271e+00 2.779905e+00 1.404947e+00 2.157530e+00 2.846884e+00 5.631480e-02 1.759396e-01 9.540368e-02 -1.772728e-01 -5.118390e-01 -6.152570e-01 -4.266462e-01 -5.125352e-02 4.410728e-01 7.741106e-01 7.390668e-01 4.451569e-01 -1.301583e-05
<VARIANCE> 25
 1.053794e+01 1.115888e+01 1.434672e+01 1.541858e+01 1.534401e+01 1.857921e+01 1.856904e+01 1.948717e+01 1.854696e+01 1.749004e+01 2.164972e+01 1.520352e+01 1.447876e-01 2.394428e-01 3.785429e-01 5.173824e-01 5.987353e-01 7.348699e-01 9.568260e-01 1.118142e+00 1.060243e+00 9.096958e-01 9.182222e-01 9.894410e-01 1.000000e-06
<GCONST> 5.954232e+01
<MIXTURE> 51 6.234641e-03
<MEAN> 25
 -4.667297e+00 9.274097e-02 -1.451486e+00 6.200746e+00 4.220960e+00 2.276392e+00 3.705180e+00 1.987271e+00 2.779905e+00 1.404947e+00 2.157530e+00 2.846884e+00 5.631480e-02 1.759396e-01 9.540368e-02 -1.772728e-01 -5.118390e-01 -6.152570e-01 -4.266462e-01 -5.125352e-02 4.410728e-01 7.741106e-01 7.390668e-01 4.451569e-01 -1.301583e-05
<VARIANCE> 25
 1.053794e+01 1.115888e+01 1.434672e+01 1.541858e+01 1.534401e+01 1.857921e+01 1.856904e+01 1.948717e+01 1.854696e+01 1.749004e+01 2.164972e+01 1.520352e+01 1.447876e-01 2.394428e-01 3.785429e-01 5.173824e-01 5.987353e-01 7.348699e-01 9.568260e-01 1.118142e+00 1.060243e+00 9.096958e-01 9.182222e-01 9.894410e-01 1.000000e-06
<GCONST> 5.954232e+01
<MIXTURE> 52 6.367945e-03
<MEAN> 25
 1.012233e+01 2.045905e+00 -6.196356e+00 -1.428408e+01 -4.222168e+00 8.536725e+00 -2.751915e+00 -3.058278e+00 -4.405882e+00 -2.131641e+00 3.352012e+00 7.437989e-01 -3.854096e-01 -4.796697e-01 -6.948388e-02 1.140584e+00 1.339556e+00 -4.736543e-01 -6.034080e-01 -6.591532e-01 4.308163e-02 1.246018e+00 3.875823e-01 -5.454692e-01 -1.382884e-02
<VARIANCE> 25
 9.291233e+00 2.052094e+01 2.533841e+01 3.859284e+01 4.572303e+01 3.071384e+01 4.654375e+01 4.895021e+01 4.306577e+01 4.603139e+01 3.995708e+01 3.002217e+01 4.495730e-01 1.481682e+00 1.310928e+00 2.758466e+00 2.328284e+00 2.199871e+00 2.986679e+00 2.798929e+00 3.005373e+00 2.666653e+00 2.520853e+00 2.277432e+00 1.545953e-03
<GCONST> 8.973597e+01
<MIXTURE> 53 6.367945e-03
<MEAN> 25
 1.012233e+01 2.045905e+00 -6.196356e+00 -1.428408e+01 -4.222168e+00 8.536725e+00 -2.751915e+00 -3.058278e+00 -4.405882e+00 -2.131641e+00 3.352012e+00 7.437989e-01 -3.854096e-01 -4.796697e-01 -6.948388e-02 1.140584e+00 1.339556e+00 -4.736543e-01 -6.034080e-01 -6.591532e-01 4.308163e-02 1.246018e+00 3.875823e-01 -5.454692e-01 -1.382884e-02
<VARIANCE> 25
 9.291233e+00 2.052094e+01 2.533841e+01 3.859284e+01 4.572303e+01 3.071384e+01 4.654375e+01 4.895021e+01 4.306577e+01 4.603139e+01 3.995708e+01 3.002217e+01 4.495730e-01 1.481682e+00 1.310928e+00 2.758466e+00 2.328284e+00 2.199871e+00 2.986679e+00 2.798929e+00 3.005373e+00 2.666653e+00 2.520853e+00 2.277432e+00 1.545953e-03
<GCONST> 8.973597e+01
<MIXTURE> 54 7.368620e-03
<MEAN> 25
 -3.633801e+00 4.931954e-02 -6.831419e-01 8.036570e+00 6.484003e+00 4.625407e+00 4.675332e+00 4.601055e+00 4.053099e+00 3.593801e+00 4.457477e+00 2.326298e+00 -2.133210e-03 2.653849e-02 3.415401e-02 4.748240e-02 5.136495e-02 4.707923e-02 3.888674e-02 2.892036e-02 3.080963e-02 2.506088e-02 1.452187e-02 1.778039e-03 -1.219590e-05
<VARIANCE> 25
 9.137465e+00 1.036359e+01 9.295803e+00 1.818508e+01 1.332127e+01 1.353345e+01 1.197145e+01 1.128198e+01 1.134292e+01 1.354989e+01 1.780268e+01 1.253449e+01 4.087522e-02 8.734614e-02 1.540843e-01 2.265825e-01 3.079380e-01 3.969485e-01 4.608482e-01 5.215847e-01 5.420835e-01 5.211474e-01 5.144392e-01 5.164422e-01 1.000000e-06
<GCONST> 4.724841e+01
<MIXTURE> 55 7.368620e-03
<MEAN> 25
 -3.633801e+00 4.931954e-02 -6.831419e-01 8.036570e+00 6.484003e+00 4.625407e+00 4.675332e+00 4.601055e+00 4.053099e+00 3.593801e+00 4.457477e+00 2.326298e+00 -2.133210e-03 2.653849e-02 3.415401e-02 4.748240e-02 5.136495e-02 4.707923e-02 3.888674e-02 2.892036e-02 3.080963e-02 2.506088e-02 1.452187e-02 1.778039e-03 -1.219590e-05
<VARIANCE> 25
 9.137465e+00 1.036359e+01 9.295803e+00 1.818508e+01 1.332127e+01 1.353345e+01 1.197145e+01 1.128198e+01 1.134292e+01 1.354989e+01 1.780268e+01 1.253449e+01 4.087522e-02 8.734614e-02 1.540843e-01 2.265825e-01 3.079380e-01 3.969485e-01 4.608482e-01 5.215847e-01 5.420835e-01 5.211474e-01 5.144392e-01 5.164422e-01 1.000000e-06
<GCONST> 4.724841e+01
<MIXTURE> 56 6.132464e-03
<MEAN> 25
 7.163760e+00 -7.655868e+00 -7.723697e+00 -8.922185e+00 2.034106e+00 4.880220e+00 2.704442e-01 -1.887374e-01 1.294869e+00 6.549038e-01 -3.964066e+00 -7.013309e+00 3.169199e-03 4.641716e-02 -1.990269e-01 6.074455e-02 3.846084e-01 3.011706e-02 1.666415e-01 -5.841395e-02 -6.842253e-02 -9.457903e-02 -2.684657e-02 -1.784103e-01 -7.354925e-03
<VARIANCE> 25
 7.596258e+00 1.977532e+01 2.110643e+01 3.243178e+01 3.998006e+01 4.378056e+01 6.432481e+01 3.512477e+01 3.112395e+01 2.925526e+01 3.624102e+01 2.487599e+01 1.744180e-01 3.464259e-01 4.411223e-01 6.939419e-01 7.249987e-01 9.047498e-01 1.025136e+00 9.206852e-01 7.691974e-01 8.616602e-01 9.268899e-01 7.117031e-01 1.963567e-04
<GCONST> 7.246373e+01
<MIXTURE> 57 6.132464e-03
<MEAN> 25
 7.163760e+00 -7.655868e+00 -7.723697e+00 -8.922185e+00 2.034106e+00 4.880220e+00 2.704442e-01 -1.887374e-01 1.294869e+00 6.549038e-01 -3.964066e+00 -7.013309e+00 3.169199e-03 4.641716e-02 -1.990269e-01 6.074455e-02 3.846084e-01 3.011706e-02 1.666415e-01 -5.841395e-02 -6.842253e-02 -9.457903e-02 -2.684657e-02 -1.784103e-01 -7.354925e-03
<VARIANCE> 25
 7.596258e+00 1.977532e+01 2.110643e+01 3.243178e+01 3.998006e+01 4.378056e+01 6.432481e+01 3.512477e+01 3.112395e+01 2.925526e+01 3.624102e+01 2.487599e+01 1.744180e-01 3.464259e-01 4.411223e-01 6.939419e-01 7.249987e-01 9.047498e-01 1.025136e+00 9.206852e-01 7.691974e-01 8.616602e-01 9.268899e-01 7.117031e-01 1.963567e-04
<GCONST> 7.246373e+01
<MIXTURE> 58 6.172147e-03
<MEAN> 25
 1.864840e+00 -5.005346e+00 7.835330e+00 -5.886850e+00 -1.318701e+01 -5.067003e+00 1.964094e+00 2.028601e+00 -2.113750e+00 1.808499e+00 1.311483e+00 1.693643e+00 -1.873465e-01 -1.649440e-01 -2.705626e-01 -3.130350e-01 1.339425e-02 3.607262e-01 1.752381e-01 2.437740e-01 3.540852e-02 1.161977e-01 -2.151927e-01 -4.201058e-01 -4.256697e-03
<VARIANCE> 25
 8.451528e+00 1.388118e+01 1.683543e+01 1.938507e+01 1.884685e+01 3.840830e+01 2.913301e+01 2.431354e+01 2.497699e+01 2.534018e+01 1.800443e+01 2.558141e+01 2.462530e-01 9.367378e-01 7.227318e-01 1.341560e+00 8.907071e-01 1.630819e+00 1.441002e+00 1.204984e+00 8.609279e-01 9.412966e-01 7.803784e-01 7.733182e-01 9.116436e-04
<GCONST> 7.394213e+01
<MIXTURE> 59 6.172147e-03
<MEAN> 25
 1.864840e+00 -5.005346e+00 7.835330e+00 -5.886850e+00 -1.318701e+01 -5.067003e+00 1.964094e+00 2.028601e+00 -2.113750e+00 1.808499e+00 1.311483e+00 1.693643e+00 -1.873465e-01 -1.649440e-01 -2.705626e-01 -3.130350e-01 1.339425e-02 3.607262e-01 1.752381e-01 2.437740e-01 3.540852e-02 1.161977e-01 -2.151927e-01 -4.201058e-01 -4.256697e-03
<VARIANCE> 25
 8.451528e+00 1.388118e+01 1.683543e+01 1.938507e+01 1.884685e+01 3.840830e+01 2.913301e+01 2.431354e+01 2.497699e+01 2.534018e+01 1.800443e+01 2.558141e+01 2.462530e-01 9.367378e-01 7.227318e-01 1.341560e+00 8.907071e-01 1.630819e+00 1.441002e+00 1.204984e+00 8.609279e-01 9.412966e-01 7.803784e-01 7.733182e-01 9.116436e-04
<GCONST> 7.394213e+01
<MIXTURE> 60 4.479129e-03
<MEAN> 25
 -4.263095e+00 -6.646119e-01 -1.084043e+00 3.697153e+00 1.731571e+00 2.118546e+00 1.636607e+00 1.530699e+00 2.158117e+00 1.264040e+00 2.385959e+00 1.915574e+00 -2.852673e-02 5.650036e-02 1.010445e-01 1.304176e-01 1.294229e-01 1.291506e-01 1.787664e-01 3.225337e-01 5.450206e-01 6.644037e-01 5.562414e-01 3.033282e-01 -3.923513e-04
<VARIANCE> 25
 6.945546e+00 4.524320e+00 1.027608e+01 1.130521e+01 1.357557e+01 1.699952e+01 1.400236e+01 1.185802e+01 1.272404e+01 1.319725e+01 1.593800e+01 1.229313e+01 8.692852e-02 1.682990e-01 2.793729e-01 4.322283e-01 5.864583e-01 7.281129e-01 8.281920e-01 8.988422e-01 9.027671e-01 8.358328e-01 8.390305e-01 8.625147e-01 2.297235e-05
<GCONST> 5.633347e+01
<MIXTURE> 61 4.479129e-03
<MEAN> 25
 -4.263095e+00 -6.646119e-01 -1.084043e+00 3.697153e+00 1.731571e+00 2.118546e+00 1.636607e+00 1.530699e+00 2.158117e+00 1.264040e+00 2.385959e+00 1.915574e+00 -2.852673e-02 5.650036e-02 1.010445e-01 1.304176e-01 1.294229e-01 1.291506e-01 1.787664e-01 3.225337e-01 5.450206e-01 6.644037e-01 5.562414e-01 3.033282e-01 -3.923513e-04
<VARIANCE> 25
 6.945546e+00 4.524320e+00 1.027608e+01 1.130521e+01 1.357557e+01 1.699952e+01 1.400236e+01 1.185802e+01 1.272404e+01 1.319725e+01 1.593800e+01 1.229313e+01 8.692852e-02 1.682990e-01 2.793729e-01 4.322283e-01 5.864583e-01 7.281129e-01 8.281920e-01 8.988422e-01 9.027671e-01 8.358328e-01 8.390305e-01 8.625147e-01 2.297235e-05
<GCONST> 5.633347e+01
<MIXTURE> 62 3.278034e-03
<MEAN> 25
 -5.079270e+00 1.297548e+00 9.778464e-01 8.820877e+00 6.153687e+00 5.038926e+00 5.445517e+00 3.994071e+00 4.996486e+00 3.887764e+00 4.949073e+00 2.956859e+00 -9.995739e-01 -1.162608e+00 -9.501923e-01 -2.814083e-01 4.263887e-01 9.982467e-01 1.383734e+00 1.558235e+00 1.481929e+00 1.249377e+00 1.066438e+00 7.228655e-01 -1.264882e-03
<VARIANCE> 25
 9.855369e+00 1.055568e+01 1.352832e+01 1.668806e+01 1.743876e+01 1.748648e+01 2.019953e+01 1.935681e+01 1.879572e+01 1.883292e+01 2.152039e+01 1.473071e+01 4.027341e-01 4.333510e-01 5.538713e-01 7.805427e-01 1.030396e+00 1.196949e+00 1.247208e+00 1.284653e+00 1.326062e+00 1.364441e+00 1.393977e+00 1.367558e+00 1.642766e-05
<GCONST> 6.764655e+01
<MIXTURE> 63 4.351215e-03
<MEAN> 25
 -4.191179e+00 -1.873042e+00 -4.878788e+00 2.946505e+00 3.685666e+00 -1.587002e-01 2.621472e+00 1.258054e+00 2.570300e+00 -7.818719e-01 -1.062981e+00 2.547537e+00 -1.068776e-01 3.172855e-01 4.031624e-01 4.942242e-01 4.018866e-01 4.379717e-01 4.133638e-01 1.545027e-01 1.706313e-01 3.002828e-01 2.874069e-01 1.379220e-01 -4.168134e-03
<VARIANCE> 25
 8.539088e+00 2.247948e+01 1.637053e+01 1.624534e+01 1.951170e+01 2.634018e+01 2.333363e+01 2.497934e+01 2.575224e+01 2.172104e+01 1.947145e+01 1.615242e+01 2.636569e-01 4.493944e-01 6.132787e-01 7.217113e-01 8.831570e-01 1.131494e+00 1.251689e+00 1.357909e+00 1.358414e+00 1.431653e+00 1.398338e+00 1.200041e+00 1.781558e-04
<GCONST> 7.160699e+01
<MIXTURE> 64 4.351215e-03
<MEAN> 25
 -4.191179e+00 -1.873042e+00 -4.878788e+00 2.946505e+00 3.685666e+00 -1.587002e-01 2.621472e+00 1.258054e+00 2.570300e+00 -7.818719e-01 -1.062981e+00 2.547537e+00 -1.068776e-01 3.172855e-01 4.031624e-01 4.942242e-01 4.018866e-01 4.379717e-01 4.133638e-01 1.545027e-01 1.706313e-01 3.002828e-01 2.874069e-01 1.379220e-01 -4.168134e-03
<VARIANCE> 25
 8.539088e+00 2.247948e+01 1.637053e+01 1.624534e+01 1.951170e+01 2.634018e+01 2.333363e+01 2.497934e+01 2.575224e+01 2.172104e+01 1.947145e+01 1.615242e+01 2.636569e-01 4.493944e-01 6.132787e-01 7.217113e-01 8.831570e-01 1.131494e+00 1.251689e+00 1.357909e+00 1.358414e+00 1.431653e+00 1.398338e+00 1.200041e+00 1.781558e-04
<GCONST> 7.160699e+01
<MIXTURE> 65 1.721197e-02
<MEAN> 25
 7.874486e+00 1.828760e+00 1.952663e+00 9.492311e-01 -5.226144e+00 -3.948298e+00 -5.793308e+00 -6.652022e+00 -3.673447e+00 -2.279468e+00 -5.209756e+00 -1.820819e+00 1.848061e-01 1.206731e-01 3.328499e-02 1.188560e-01 -2.562746e-01 1.420147e-01 -1.347879e-01 -1.298416e-01 1.453765e-01 -2.290066e-02 -1.836975e-02 -1.213762e-01 -3.917499e-03
<VARIANCE> 25
 9.970483e+00 2.012584e+01 2.456114e+01 3.807732e+01 3.718698e+01 6.084653e+01 5.586753e+01 5.832646e+01 5.372026e+01 5.596816e+01 5.634900e+01 4.933331e+01 5.333805e-01 9.346444e-01 1.552158e+00 1.898875e+00 2.156039e+00 2.385949e+00 2.235529e+00 2.988406e+00 2.362594e+00 2.416100e+00 2.358113e+00 2.116878e+00 4.362252e-04
<GCONST> 8.937568e+01
<MIXTURE> 66 1.191532e-02
<MEAN> 25
 6.597084e+00 -4.735342e+00 -4.749867e+00 -5.421533e+00 5.277095e-01 -2.549706e+00 -5.957715e+00 1.869624e+00 1.836324e+00 -6.908215e-01 -5.399580e+00 -3.994118e+00 -6.927384e-02 1.773352e+00 2.080887e+00 2.573619e+00 -1.091103e+00 -1.176096e+00 -3.697758e-01 -8.818461e-01 1.017406e-01 8.492031e-02 1.612255e-01 1.038335e+00 -6.149613e-02
<VARIANCE> 25
 6.780847e+00 1.940401e+01 2.405953e+01 2.871308e+01 3.249121e+01 6.166057e+01 4.688827e+01 3.730027e+01 4.713929e+01 5.524858e+01 3.251402e+01 3.018072e+01 1.005780e+00 2.028531e+00 2.188213e+00 2.231863e+00 3.628372e+00 3.569897e+00 3.966181e+00 4.006989e+00 3.739159e+00 4.209076e+00 3.301692e+00 2.539946e+00 1.311665e-03
<GCONST> 9.305997e+01
<MIXTURE> 67 1.559142e-02
<MEAN> 25
 8.944626e+00 1.944646e+00 -5.928595e+00 -8.242841e+00 9.070948e-01 3.082289e+00 -3.314203e+00 -2.176654e+00 -3.706165e+00 8.061718e-01 -8.448445e-02 -1.786473e+00 -1.069126e+00 1.840591e+00 1.053394e+00 3.075814e+00 1.388466e+00 -5.117050e-01 1.281004e+00 9.207873e-02 1.574969e-01 2.491437e-01 -2.682072e-01 6.302062e-01 -1.292826e-01
<VARIANCE> 25
 1.148262e+01 3.941561e+01 3.089838e+01 5.552851e+01 4.880088e+01 5.435926e+01 6.169764e+01 5.268966e+01 6.454256e+01 5.658162e+01 5.540910e+01 4.719495e+01 2.160183e+00 3.448547e+00 3.288483e+00 4.471486e+00 4.490505e+00 4.534103e+00 4.726730e+00 5.088961e+00 5.442860e+00 4.754059e+00 5.090009e+00 3.716410e+00 3.051762e-03
<GCONST> 1.028431e+02
<MIXTURE> 68 1.485092e-02
<MEAN> 25
 -1.619152e+00 -2.725203e+00 -4.820536e+00 8.701608e-01 5.379094e+00 2.981128e-01 2.688732e+00 1.364807e+00 1.644119e+00 1.832467e+00 -4.267477e-01 1.457118e+00 2.778459e+00 5.997622e-01 3.737072e-01 -2.342700e+00 -2.387210e+00 -1.665181e+00 -2.401183e+00 -1.420147e+00 -1.384708e+00 -1.446923e+00 -1.929317e+00 -1.089371e+00 9.792110e-02
<VARIANCE> 25
 2.489456e+01 3.830477e+01 5.643005e+01 5.368670e+01 4.223217e+01 5.598018e+01 4.484341e+01 3.892015e+01 3.682484e+01 3.942298e+01 4.069821e+01 2.391762e+01 1.650028e+00 3.322802e+00 6.036169e+00 5.686801e+00 4.173435e+00 5.009364e+00 5.444345e+00 5.348908e+00 5.481086e+00 4.693647e+00 4.575716e+00 3.039696e+00 5.665776e-03
<GCONST> 1.025733e+02
<MIXTURE> 69 1.204884e-02
<MEAN> 25
 4.711330e+00 -4.227352e+00 -3.330451e+00 -3.671989e+00 -3.604849e+00 -7.554405e+00 -1.129263e+00 2.295500e+00 -3.166360e-01 -4.448416e+00 -5.505311e+00 7.796792e-01 1.617704e+00 -2.223655e+00 -1.308720e+00 -2.315341e+00 -4.877985e-01 -2.883743e-01 -3.814198e-01 6.819371e-01 -6.119297e-01 -1.376155e+00 -2.210043e+00 -1.950827e-01 6.295402e-02
<VARIANCE> 25
 8.554994e+00 2.119391e+01 2.718758e+01 2.524495e+01 4.275982e+01 3.667053e+01 4.780752e+01 3.053885e+01 3.827897e+01 3.815724e+01 3.075296e+01 2.481882e+01 3.494814e+00 2.846210e+00 3.294242e+00 3.687857e+00 5.651924e+00 4.912150e+00 7.129858e+00 5.924190e+00 5.772872e+00 5.791166e+00 4.252323e+00 3.563133e+00 2.350009e-03
<GCONST> 9.828230e+01
<MIXTURE> 70 1.329190e-02
<MEAN> 25
 7.308837e+00 -2.746451e+00 -3.963503e+00 -4.029671e+00 -3.603931e-01 -8.288155e-02 -6.672794e+00 -3.455044e+00 7.382904e-01 2.805268e+00 -6.806980e-01 -4.930044e+00 1.921520e+00 -1.018781e+00 -5.404878e-01 -2.101991e+00 -1.610892e+00 1.082088e+00 -1.488759e+00 1.677275e-02 5.770820e-01 -5.093688e-02 6.300651e-01 -1.345077e+00 5.839268e-02
<VARIANCE> 25
 9.495434e+00 2.610144e+01 2.667102e+01 4.504315e+01 3.280077e+01 4.412885e+01 5.629648e+01 4.314865e+01 4.352890e+01 3.052069e+01 4.486746e+01 2.493602e+01 3.212210e+00 3.213912e+00 5.340167e+00 4.751297e+00 5.120341e+00 6.068839e+00 6.943317e+00 6.975842e+00 6.177679e+00 4.912340e+00 5.455908e+00 4.035594e+00 2.310243e-03
<GCONST> 1.011545e+02
<MIXTURE> 71 1.406903e-02
<MEAN> 25
 6.343801e+00 5.195009e+00 4.222945e+00 3.148139e+00 -3.393860e+00 -3.388697e+00 -3.475361e+00 -6.581185e+00 -4.599317e+00 -2.510088e+00 -5.094397e+00 -3.196333e+00 -1.547883e+00 -7.133529e-01 -2.496820e-01 -1.788797e+00 1.096023e+00 -1.522191e-01 6.289510e-02 1.537887e+00 3.034203e-01 -1.604778e-01 6.654312e-01 1.827753e-01 4.103463e-02
<VARIANCE> 25
 1.889115e+01 2.616197e+01 2.393977e+01 4.479093e+01 4.109911e+01 4.069571e+01 4.226962e+01 4.159877e+01 3.906955e+01 4.370901e+01 3.734465e+01 3.425799e+01 1.777250e+00 3.039111e+00 5.255970e+00 4.852470e+00 4.808625e+00 4.705511e+00 4.824056e+00 5.343892e+00 4.253960e+00 4.068483e+00 3.627672e+00 3.252064e+00 1.419591e-03
<GCONST> 9.867456e+01
<MIXTURE> 72 8.134747e-03
<MEAN> 25
 3.780698e+00 -3.729537e+00 5.444131e+00 -2.524334e+00 -1.041094e+01 -9.566339e+00 -2.438859e+00 1.970402e+00 -4.961531e+00 -2.155154e+00 -1.888903e+00 6.177790e-01 9.225227e-01 -7.750941e-01 -2.561699e+00 4.668030e-01 2.123587e+00 -6.447525e-01 -1.309747e+00 1.510114e+00 1.792975e+00 -5.820178e-01 -1.285267e+00 3.785494e-01 -6.246233e-03
<VARIANCE> 25
 1.079540e+01 1.955015e+01 3.267681e+01 3.841257e+01 3.251494e+01 3.374662e+01 4.089242e+01 3.613532e+01 4.351860e+01 4.119168e+01 3.861970e+01 2.837488e+01 4.378322e-01 1.031673e+00 2.025358e+00 1.471906e+00 2.185632e+00 2.380096e+00 3.051770e+00 2.742945e+00 2.624536e+00 2.971320e+00 2.021254e+00 2.162374e+00 5.400071e-04
<GCONST> 8.729986e+01
<MIXTURE> 73 1.213625e-02
<MEAN> 25
 -5.716348e+00 -8.335790e-01 -1.234420e+00 4.543905e+00 4.353444e+00 2.249057e+00 5.348256e+00 3.419083e+00 4.080588e+00 3.294229e+00 4.310986e+00 3.107709e+00 7.578828e-01 -1.063711e+00 -7.975617e-01 -2.624907e+00 -1.332057e+00 -1.783035e+00 -8.088990e-01 -4.788120e-01 -9.631914e-01 -6.299562e-01 -1.063478e+00 -2.557535e-01 1.535858e-01
<VARIANCE> 25
 1.298393e+01 1.294983e+01 1.494768e+01 2.487000e+01 2.274650e+01 2.427114e+01 2.059653e+01 1.964530e+01 1.973473e+01 1.861439e+01 2.203941e+01 1.500649e+01 3.946966e+00 3.223578e+00 6.238509e+00 4.529390e+00 6.093151e+00 4.530555e+00 4.302323e+00 4.112810e+00 3.770065e+00 4.322521e+00 3.425628e+00 2.940376e+00 4.147857e-03
<GCONST> 9.270586e+01
<MIXTURE> 74 1.756491e-02
<MEAN> 25
 2.920131e+00 -2.194461e+00 5.278021e+00 -1.398843e+00 -8.383217e+00 -6.939203e+00 -2.793492e+00 3.235487e+00 -4.760609e+00 -5.978618e-01 -2.148871e-01 -5.597296e-01 1.132432e-01 2.172670e+00 -2.299679e-01 2.113483e+00 1.360497e+00 1.200812e-01 -2.995791e-01 -1.319662e+00 4.350134e-01 1.018876e-01 -1.891342e-01 -3.253967e-01 -7.367940e-02
<VARIANCE> 25
 1.295480e+01 1.893510e+01 2.663219e+01 3.111133e+01 4.022922e+01 3.805359e+01 3.911418e+01 4.435009e+01 3.884363e+01 3.338497e+01 4.390595e+01 3.008761e+01 1.455150e+00 1.844051e+00 2.696425e+00 1.898229e+00 2.831270e+00 3.601426e+00 4.864440e+00 3.292099e+00 3.297333e+00 3.184734e+00 2.691129e+00 2.559064e+00 1.154471e-03
<GCONST> 9.254754e+01
<MIXTURE> 75 9.711651e-03
<MEAN> 25
 2.223380e+00 -1.089221e+00 1.113561e+01 1.392282e+00 -1.085235e+01 -7.223456e+00 -4.186502e+00 -6.466675e-01 -4.711331e+00 -3.949537e+00 3.681684e+00 1.343753e+00 1.574384e+00 -1.839660e+00 5.935723e-01 -2.923024e-01 -2.524800e+00 -4.633699e-01 -1.088635e+00 9.089478e-01 -2.592186e-01 -1.453512e-01 1.078248e+00 -3.515941e-01 3.952351e-02
<VARIANCE> 25
 1.104895e+01 1.842328e+01 3.081604e+01 2.488090e+01 3.078037e+01 3.889112e+01 3.060778e+01 3.003145e+01 3.235802e+01 3.016159e+01 1.772162e+01 2.695903e+01 2.264616e+00 1.659660e+00 4.486252e+00 2.619658e+00 3.457786e+00 4.019975e+00 4.272746e+00 2.987039e+00 3.898153e+00 3.104092e+00 2.919295e+00 2.568937e+00 1.477659e-03
<GCONST> 9.182597e+01
<MIXTURE> 76 1.052359e-02
<MEAN> 25
 -6.233862e+00 -6.335961e-01 -2.904362e+00 4.550429e+00 4.473311e+00 1.838155e+00 3.405544e+00 1.042180e+00 2.381440e+00 -1.178408e-01 1.772833e+00 2.445591e+00 -8.517915e-02 -4.586988e-01 -3.823248e-01 -8.609832e-01 -5.273016e-01 -8.645562e-01 -6.545269e-01 -3.156234e-01 -3.758465e-01 -3.358726e-01 -2.713819e-01 -1.101790e-01 1.855145e-02
<VARIANCE> 25
 3.847322e+01 3.570501e+01 2.853530e+01 2.832430e+01 3.015846e+01 3.046190e+01 2.925284e+01 3.362053e+01 2.247110e+01 2.605792e+01 2.554394e+01 1.764575e+01 9.937645e-01 1.158992e+00 1.405529e+00 1.136197e+00 1.600774e+00 1.622362e+00 1.660260e+00 1.714830e+00 1.559749e+00 1.567480e+00 1.399283e+00 1.257743e+00 1.181698e-03
<GCONST> 8.339308e+01
<MIXTURE> 77 1.244626e-02
<MEAN> 25
 -4.971997e-01 8.582069e+00 1.241865e+01 -1.152658e+01 -6.931380e+00 9.044927e-01 -9.245062e+00 -7.255828e+00 -3.363853e+00 -2.050674e-01 -4.638414e+00 -1.471235e+00 6.700092e-02 1.360396e-01 6.961351e-02 2.588650e-01 -2.106159e-02 7.945657e-02 -5.937355e-02 -5.946081e-02 8.243368e-02 -4.611047e-02 2.480383e-02 1.241065e-01 -9.789431e-03
<VARIANCE> 25
 1.046886e+01 2.012582e+01 2.858361e+01 4.227383e+01 3.366752e+01 3.427720e+01 3.661969e+01 3.161810e+01 3.506944e+01 3.298828e+01 3.761311e+01 3.473454e+01 3.095891e-01 7.969430e-01 6.460138e-01 1.089549e+00 1.237682e+00 9.798383e-01 1.218243e+00 1.083536e+00 1.038332e+00 1.058409e+00 9.658894e-01 9.200068e-01 5.418257e-04
<GCONST> 7.790382e+01
<MIXTURE> 78 9.702551e-03
<MEAN> 25
 -1.105517e+01 1.291125e+00 -1.574661e+00 2.369587e+00 4.139139e+00 -2.469555e+00 3.579624e+00 2.482012e+00 2.723785e+00 7.872397e-01 -4.082697e-01 3.233866e+00 2.243100e+00 -2.254243e-01 1.102328e-01 6.486130e-01 1.798349e-02 1.153933e-01 -3.324319e-01 -9.522054e-02 2.425363e-01 1.165659e-01 -3.100784e-01 -4.555296e-01 -6.254794e-02
<VARIANCE> 25
 4.430329e+01 3.393589e+01 3.289831e+01 3.285367e+01 4.156202e+01 3.681206e+01 3.516885e+01 3.244473e+01 2.737308e+01 2.707146e+01 2.647597e+01 2.012812e+01 5.074144e+00 2.553275e+00 2.812131e+00 3.068698e+00 2.783052e+00 3.535496e+00 3.195729e+00 2.780617e+00 2.261024e+00 2.320097e+00 2.298063e+00 2.054483e+00 4.562734e-03
<GCONST> 9.451437e+01
<MIXTURE> 79 1.156824e-02
<MEAN> 25
 2.286074e+00 1.514176e+00 9.326716e+00 -6.402908e+00 -1.184982e+01 -1.746265e+00 -1.865214e+00 -6.343000e+00 -6.494439e+00 2.864374e-01 -3.304432e+00 -3.115905e+00 1.205667e+00 -5.011044e-01 -1.443198e+00 2.350548e+00 3.722304e-01 -1.410677e+00 5.203651e-01 8.917737e-01 -3.894632e-01 -5.591354e-01 3.559194e-01 2.736759e-01 -3.683617e-02
<VARIANCE> 25
 1.454230e+01 2.379642e+01 3.866929e+01 4.987959e+01 3.474821e+01 4.310738e+01 4.186167e+01 3.740324e+01 3.859114e+01 3.901323e+01 4.427951e+01 3.134844e+01 9.333819e-01 2.279853e+00 1.916657e+00 2.037550e+00 2.430753e+00 2.891479e+00 3.149961e+00 3.482466e+00 2.548339e+00 2.702546e+00 2.269824e+00 2.003613e+00 1.230007e-03
<GCONST> 9.178490e+01
<MIXTURE> 80 7.550998e-03
<MEAN> 25
 -1.512407e+01 4.736527e+00 -2.476444e-01 2.903417e+00 3.961754e+00 1.262821e+00 6.373049e+00 2.210136e+00 3.340654e+00 2.448427e+00 4.844621e+00 7.820336e-01 4.273527e+00 -2.606418e-02 1.525629e+00 -1.023995e+00 -2.942456e+00 -2.947998e+00 -2.513108e+00 -2.067116e+00 -1.871847e+00 -1.654153e+00 -1.733815e+00 -7.009801e-01 -4.174950e-02
<VARIANCE> 25
 2.153432e+01 2.295741e+01 3.886752e+01 3.147342e+01 4.736816e+01 2.678842e+01 2.596201e+01 2.672427e+01 2.794242e+01 2.675420e+01 2.457335e+01 1.783692e+01 2.142600e+00 2.418069e+00 2.536236e+00 3.845060e+00 3.105987e+00 2.706147e+00 3.058653e+00 2.928042e+00 2.583781e+00 2.456766e+00 2.591863e+00 2.029582e+00 1.424105e-03
<GCONST> 9.084515e+01
<MIXTURE> 81 8.025434e-03
<MEAN> 25
 -1.119944e+00 4.068338e+00 1.017699e+01 -1.479730e+01 -9.075832e+00 -1.426489e+00 -6.766366e+00 -8.425045e+00 -4.150163e+00 -4.157210e-01 -7.572737e+00 -2.245359e+00 1.336519e-01 -5.868035e-01 -2.837434e-03 -5.556319e-01 -4.636574e-01 3.352044e-01 3.198664e-01 1.369077e-01 -1.403558e-01 1.066478e-01 -4.694299e-01 -1.249753e-01 1.151311e-02
<VARIANCE> 25
 1.015341e+01 3.283467e+01 2.650365e+01 2.933785e+01 3.375944e+01 3.055509e+01 4.543197e+01 2.826768e+01 3.798794e+01 3.187412e+01 2.531592e+01 3.104649e+01 7.726774e-01 2.277922e+00 1.545724e+00 2.873396e+00 2.662831e+00 2.125356e+00 3.279316e+00 2.287756e+00 2.354376e+00 2.538268e+00 2.297551e+00 2.078247e+00 1.183084e-03
<GCONST> 8.869147e+01
<MIXTURE> 82 8.213053e-03
<MEAN> 25
 -1.001489e+01 -3.638316e+00 1.429563e+00 -3.408335e+00 3.792201e+00 7.783816e-01 2.162117e+00 1.341946e+00 2.851066e+00 1.579151e+00 2.119530e+00 3.292669e+00 -1.336325e+00 -2.033140e-01 4.960001e-01 -2.711109e+00 -1.089510e+00 -1.200476e+00 -6.743011e-01 -6.783332e-01 -4.409689e-01 -5.224310e-01 -3.234281e-01 -3.423069e-01 1.712467e-01
<VARIANCE> 25
 1.607052e+01 2.271131e+01 2.955696e+01 2.872898e+01 3.222864e+01 2.901934e+01 2.875145e+01 3.061155e+01 2.766381e+01 2.232593e+01 2.887773e+01 1.573069e+01 3.426065e+00 3.022126e+00 3.572496e+00 3.279121e+00 3.229297e+00 2.968975e+00 3.484923e+00 3.111179e+00 2.640755e+00 2.257253e+00 2.204048e+00 2.147941e+00 3.375462e-03
<GCONST> 9.184737e+01
<MIXTURE> 83 1.167529e-02
<MEAN> 25
 -2.013518e+01 5.849110e+00 -2.325971e+00 -1.478506e-01 8.710056e+00 -9.381946e-01 5.530415e+00 2.522380e+00 1.430115e+00 2.150491e+00 1.159231e+00 3.014125e+00 6.176732e-03 -3.696784e-01 -4.092526e-03 -4.508002e-01 -3.953693e-01 -2.603838e-01 -3.246349e-01 -2.376478e-01 -9.356568e-02 -1.137693e-01 -1.295999e-01 -1.318256e-01 5.485878e-03
<VARIANCE> 25
 8.295095e+00 1.670818e+01 2.993299e+01 2.167239e+01 2.908257e+01 2.341217e+01 2.051031e+01 2.497483e+01 1.964713e+01 2.064779e+01 2.381092e+01 1.366149e+01 9.978689e-01 9.472532e-01 1.152930e+00 1.076776e+00 1.387743e+00 1.416862e+00 1.627520e+00 1.518794e+00 1.285285e+00 1.284069e+00 1.251600e+00 1.108680e+00 8.426564e-04
<GCONST> 7.739664e+01
<MIXTURE> 84 1.066614e-02
<MEAN> 25
 3.944305e-01 9.305822e+00 5.474087e+00 8.689079e+00 3.592490e+00 6.630311e-02 -1.179533e+00 -3.974658e+00 -2.679062e+00 -3.950780e+00 -1.226505e+00 -7.632191e-01 -1.389379e+00 -4.997200e-01 -1.671647e+00 1.165520e+00 2.414025e+00 1.442200e+00 6.806208e-01 3.563705e-01 1.086582e+00 1.345663e-01 2.843414e-01 4.467832e-01 -7.359326e-02
<VARIANCE> 25
 1.845163e+01 1.438449e+01 2.481892e+01 2.144697e+01 2.495118e+01 2.633715e+01 2.311833e+01 2.554130e+01 2.594860e+01 2.675360e+01 2.306420e+01 1.999926e+01 1.956168e+00 2.856332e+00 3.294847e+00 2.687131e+00 2.612465e+00 2.798891e+00 3.569885e+00 4.904680e+00 3.211976e+00 2.664923e+00 2.915946e+00 2.423598e+00 2.884598e-03
<GCONST> 9.035875e+01
<MIXTURE> 85 7.591393e-03
<MEAN> 25
 -3.615045e+00 9.368300e+00 4.294169e+00 2.753288e+00 -4.460431e-01 -5.304623e+00 -3.228211e+00 -6.696934e+00 -3.046224e+00 -4.119514e+00 -5.489907e-01 -1.501794e+00 3.908749e+00 3.481095e-01 2.045747e+00 -1.579737e+00 -3.520083e+00 -2.616707e+00 -2.645194e+00 -2.114929e+00 -2.239220e+00 -1.192639e+00 -2.332128e+00 -5.912821e-01 1.831354e-02
<VARIANCE> 25
 4.053492e+01 2.379020e+01 5.380097e+01 4.328080e+01 5.417667e+01 4.064470e+01 2.454145e+01 2.187173e+01 2.457017e+01 2.332681e+01 2.496441e+01 1.602418e+01 2.307943e+00 3.284852e+00 4.511804e+00 4.828484e+00 3.516579e+00 3.715486e+00 3.771110e+00 3.410853e+00 3.258831e+00 3.203624e+00 3.417721e+00 2.650671e+00 5.022234e-03
<GCONST> 9.638353e+01
<MIXTURE> 86 1.273941e-02
<MEAN> 25
 -4.974936e+00 -1.208747e+00 -7.959383e-01 6.335973e+00 5.017876e+00 4.674099e+00 5.318519e+00 4.572323e+00 4.661070e+00 3.916060e+00 5.338300e+00 2.701050e+00 -6.748181e-03 -8.715359e-03 -3.815717e-02 -6.558795e-02 -1.177694e-01 -1.849838e-01 -2.672631e-01 -3.320562e-01 -3.533338e-01 -3.193785e-01 -2.302618e-01 -1.064953e-01 -5.503353e-04
<VARIANCE> 25
 7.886103e+00 5.633397e+00 9.979794e+00 1.230384e+01 1.587444e+01 1.433563e+01 1.353752e+01 1.305209e+01 1.319271e+01 1.424065e+01 1.433135e+01 1.277741e+01 9.991908e-02 1.929719e-01 3.185045e-01 4.834659e-01 6.362151e-01 7.345999e-01 7.434273e-01 7.641512e-01 8.305575e-01 8.844275e-01 9.115648e-01 9.031903e-01 5.341491e-05
<GCONST> 5.811304e+01
<MIXTURE> 87 1.100681e-02
<MEAN> 25
 -2.645000e+00 6.217740e+00 2.099528e+00 8.040872e+00 6.776118e+00 1.305703e+00 5.840450e-01 -2.527104e+00 -6.685714e-01 -1.410473e+00 9.625396e-01 1.310940e+00 -1.841171e+00 -3.002909e+00 -1.280112e+00 -2.625849e+00 -6.027893e-01 -4.992905e-01 8.551830e-01 1.245817e+00 7.925538e-01 1.177217e+00 6.240696e-01 1.094271e+00 9.871946e-02
<VARIANCE> 25
 3.509659e+01 2.953613e+01 2.916409e+01 2.950470e+01 2.656176e+01 2.542975e+01 2.387203e+01 2.481916e+01 2.583391e+01 2.001788e+01 2.450225e+01 2.161808e+01 3.333313e+00 2.392606e+00 4.364441e+00 3.873709e+00 5.862867e+00 4.510280e+00 3.374419e+00 3.949254e+00 3.720261e+00 3.033904e+00 2.597304e+00 2.096943e+00 4.154653e-03
<GCONST> 9.447234e+01
<MIXTURE> 88 1.256585e-02
<MEAN> 25
 -4.271656e+00 -9.005545e-01 -1.171038e+00 5.425014e+00 3.978042e+00 3.263212e+00 4.481585e+00 3.269704e+00 3.663394e+00 2.136930e+00 3.296128e+00 2.851180e+00 1.671876e-02 2.654203e-01 1.910280e-01 4.451526e-01 3.293222e-01 1.656621e-01 1.151657e-02 -2.223926e-01 -2.797984e-01 -2.940232e-01 -1.703012e-01 -7.163404e-02 -9.518656e-03
<VARIANCE> 25
 8.925063e+00 1.008346e+01 1.607161e+01 1.530317e+01 2.771201e+01 2.092599e+01 1.907736e+01 1.808657e+01 1.749200e+01 1.833769e+01 2.284578e+01 1.485519e+01 1.264291e+00 1.740464e+00 2.073504e+00 2.231036e+00 2.578556e+00 2.572367e+00 2.627343e+00 2.436375e+00 2.327444e+00 2.493042e+00 2.353509e+00 1.956038e+00 1.579874e-03
<GCONST> 8.265976e+01
<MIXTURE> 89 9.333527e-03
<MEAN> 25
 6.076090e+00 -6.874708e+00 -3.571692e+00 -3.218099e+00 -1.646644e+00 -5.197840e+00 -6.038205e+00 4.102865e+00 3.575077e+00 -2.704232e+00 -6.020797e+00 -3.322986e+00 -5.471086e-01 1.686317e-01 2.002443e+00 9.415616e-01 -1.888283e+00 -1.606462e+00 8.109767e-01 1.219843e+00 -7.198000e-01 -1.290091e+00 4.377406e-01 1.507396e+00 -4.641618e-03
<VARIANCE> 25
 8.766534e+00 2.623483e+01 3.049378e+01 3.051139e+01 3.526374e+01 4.652772e+01 5.844152e+01 4.166871e+01 3.874440e+01 4.183761e+01 3.507260e+01 3.174520e+01 3.670360e-01 8.278086e-01 1.457342e+00 1.379145e+00 1.890863e+00 2.168655e+00 2.717210e+00 2.078982e+00 2.417857e+00 2.108366e+00 2.317419e+00 1.470974e+00 3.630934e-04
<GCONST> 8.541096e+01
<MIXTURE> 90 7.114505e-03
<MEAN> 25
 2.450675e+00 -9.723952e+00 -4.752594e+00 -3.981426e+00 -3.385270e+00 -1.806502e+00 3.368202e+00 1.183795e+00 -7.528706e+00 -1.020793e+01 -3.432531e+00 -7.434278e-01 -1.634264e-01 9.084786e-01 1.167433e+00 -8.532966e-01 -1.611143e+00 -2.121733e-01 6.433021e-01 -2.091208e-01 -1.685599e-01 7.361501e-01 1.832594e-01 -5.504228e-01 -1.114714e-02
<VARIANCE> 25
 8.494522e+00 1.776840e+01 1.981415e+01 2.803182e+01 3.682512e+01 3.225099e+01 3.852833e+01 3.639695e+01 3.521046e+01 2.776136e+01 2.699586e+01 2.615711e+01 2.237035e-01 6.125998e-01 7.882907e-01 1.043181e+00 1.473619e+00 1.591421e+00 1.783130e+00 1.654570e+00 1.809385e+00 1.678366e+00 1.495587e+00 1.308361e+00 2.149118e-04
<GCONST> 7.814189e+01
<MIXTURE> 91 7.852945e-03
<MEAN> 25
 6.462717e+00 -7.830425e+00 -7.826018e+00 -5.841563e+00 3.264838e+00 7.194685e-01 -1.410731e+00 1.842490e+00 9.882200e-01 -1.925815e+00 -5.000942e+00 -5.813960e+00 2.638159e-01 1.044993e+00 2.107671e-01 7.052102e-01 -6.286226e-02 -5.888842e-01 -6.824299e-01 -2.427715e-01 1.873239e-01 5.578321e-01 2.180599e-01 1.996016e-01 -3.691928e-02
<VARIANCE> 25
 8.212879e+00 1.979699e+01 1.856941e+01 3.776503e+01 3.233898e+01 5.394899e+01 4.735048e+01 3.658447e+01 4.412793e+01 5.841940e+01 3.197833e+01 3.669353e+01 3.746251e-01 7.902270e-01 1.153328e+00 1.963403e+00 2.052975e+00 2.108660e+00 2.737626e+00 2.257633e+00 2.226285e+00 2.047259e+00 2.260619e+00 1.606160e+00 5.785521e-04
<GCONST> 8.567313e+01
<MIXTURE> 92 7.852945e-03
<MEAN> 25
 6.462717e+00 -7.830425e+00 -7.826018e+00 -5.841563e+00 3.264838e+00 7.194685e-01 -1.410731e+00 1.842490e+00 9.882200e-01 -1.925815e+00 -5.000942e+00 -5.813960e+00 2.638159e-01 1.044993e+00 2.107671e-01 7.052102e-01 -6.286226e-02 -5.888842e-01 -6.824299e-01 -2.427715e-01 1.873239e-01 5.578321e-01 2.180599e-01 1.996016e-01 -3.691928e-02
<VARIANCE> 25
 8.212879e+00 1.979699e+01 1.856941e+01 3.776503e+01 3.233898e+01 5.394899e+01 4.735048e+01 3.658447e+01 4.412793e+01 5.841940e+01 3.197833e+01 3.669353e+01 3.746251e-01 7.902270e-01 1.153328e+00 1.963403e+00 2.052975e+00 2.108660e+00 2.737626e+00 2.257633e+00 2.226285e+00 2.047259e+00 2.260619e+00 1.606160e+00 5.785521e-04
<GCONST> 8.567313e+01
<MIXTURE> 93 6.122769e-03
<MEAN> 25
 -6.825819e+00 -9.612056e-01 -2.402231e+00 5.798120e+00 5.908294e+00 3.922797e+00 6.123493e+00 3.609040e+00 4.119614e+00 2.509350e+00 1.818382e+00 3.705910e+00 -6.164000e-02 -1.543872e-01 -2.573870e-01 -3.317066e-01 -3.337587e-01 -2.844732e-01 -2.177871e-01 -1.742780e-01 -1.667204e-01 -1.506447e-01 -1.044153e-01 -3.554936e-02 -3.837683e-06
<VARIANCE> 25
 9.093901e+00 6.027777e+00 8.185111e+00 1.136881e+01 1.149258e+01 1.598249e+01 1.527640e+01 1.644382e+01 1.475774e+01 1.454170e+01 1.678724e+01 1.344866e+01 8.272374e-02 1.533694e-01 2.637162e-01 3.805642e-01 4.977629e-01 6.423341e-01 7.793725e-01 8.873125e-01 9.166239e-01 8.761251e-01 8.923470e-01 9.178919e-01 1.000000e-06
<GCONST> 5.360219e+01
<MIXTURE> 94 6.122769e-03
<MEAN> 25
 -6.825819e+00 -9.612056e-01 -2.402231e+00 5.798120e+00 5.908294e+00 3.922797e+00 6.123493e+00 3.609040e+00 4.119614e+00 2.509350e+00 1.818382e+00 3.705910e+00 -6.164000e-02 -1.543872e-01 -2.573870e-01 -3.317066e-01 -3.337587e-01 -2.844732e-01 -2.177871e-01 -1.742780e-01 -1.667204e-01 -1.506447e-01 -1.044153e-01 -3.554936e-02 -3.837683e-06
<VARIANCE> 25
 9.093901e+00 6.027777e+00 8.185111e+00 1.136881e+01 1.149258e+01 1.598249e+01 1.527640e+01 1.644382e+01 1.475774e+01 1.454170e+01 1.678724e+01 1.344866e+01 8.272374e-02 1.533694e-01 2.637162e-01 3.805642e-01 4.977629e-01 6.423341e-01 7.793725e-01 8.873125e-01 9.166239e-01 8.761251e-01 8.923470e-01 9.178919e-01 1.000000e-06
<GCONST> 5.360219e+01
<MIXTURE> 95 5.258835e-03
<MEAN> 25
 -5.827729e+00 -7.379145e-01 -1.989481e+00 4.897054e+00 4.223766e+00 2.809149e+00 4.172715e+00 1.661937e+00 2.226331e+00 8.717697e-01 1.197327e+00 2.594001e+00 1.454607e-01 1.467595e-01 8.518623e-02 -8.319092e-02 -3.783664e-01 -7.176006e-01 -1.055834e+00 -1.281769e+00 -1.263959e+00 -9.920703e-01 -6.497285e-01 -3.076254e-01 -1.431531e-04
<VARIANCE> 25
 1.023637e+01 6.489087e+00 1.223098e+01 1.278182e+01 1.397553e+01 1.831797e+01 1.790953e+01 1.689815e+01 1.541759e+01 1.542966e+01 1.997749e+01 1.435061e+01 2.094494e-01 2.930418e-01 4.540014e-01 6.296311e-01 8.003312e-01 8.964549e-01 9.120803e-01 9.241143e-01 9.706832e-01 1.076136e+00 1.159852e+00 1.114704e+00 4.196297e-05
<GCONST> 6.325873e+01
<MIXTURE> 96 7.034694e-03
<MEAN> 25
 -5.096676e+00 -4.548352e-01 -2.243811e+00 5.163478e+00 3.866032e+00 1.791501e+00 3.541566e+00 1.804465e+00 2.453365e+00 9.499912e-01 1.147341e+00 2.837089e+00 -2.968468e-02 8.781838e-02 2.134370e-01 4.057707e-01 5.389143e-01 4.999281e-01 2.461946e-01 -1.265887e-01 -4.634765e-01 -6.517613e-01 -6.085039e-01 -3.674167e-01 -1.581863e-05
<VARIANCE> 25
 1.101202e+01 9.725837e+00 1.288803e+01 1.428365e+01 1.502163e+01 1.952112e+01 1.807648e+01 1.930171e+01 1.800599e+01 1.660915e+01 1.976787e+01 1.453510e+01 1.204457e-01 2.181627e-01 3.166818e-01 3.977631e-01 4.946318e-01 6.606247e-01 8.674675e-01 9.963827e-01 9.568194e-01 8.641353e-01 8.866712e-01 9.406826e-01 1.000000e-06
<GCONST> 5.757094e+01
<MIXTURE> 97 7.034694e-03
<MEAN> 25
 -5.096676e+00 -4.548352e-01 -2.243811e+00 5.163478e+00 3.866032e+00 1.791501e+00 3.541566e+00 1.804465e+00 2.453365e+00 9.499912e-01 1.147341e+00 2.837089e+00 -2.968468e-02 8.781838e-02 2.134370e-01 4.057707e-01 5.389143e-01 4.999281e-01 2.461946e-01 -1.265887e-01 -4.634765e-01 -6.517613e-01 -6.085039e-01 -3.674167e-01 -1.581863e-05
<VARIANCE> 25
 1.101202e+01 9.725837e+00 1.288803e+01 1.428365e+01 1.502163e+01 1.952112e+01 1.807648e+01 1.930171e+01 1.800599e+01 1.660915e+01 1.976787e+01 1.453510e+01 1.204457e-01 2.181627e-01 3.166818e-01 3.977631e-01 4.946318e-01 6.606247e-01 8.674675e-01 9.963827e-01 9.568194e-01 8.641353e-01 8.866712e-01 9.406826e-01 1.000000e-06
<GCONST> 5.757094e+01
<MIXTURE> 98 9.917808e-03
<MEAN> 25
 -1.373357e+00 2.744439e+00 -1.494400e+00 5.297387e+00 4.243893e+00 1.925642e+00 1.495594e+00 7.823535e-01 2.590916e+00 6.436797e-01 8.096104e-01 1.557399e+00 -1.643239e+00 -1.281304e+00 -1.046146e+00 1.678147e-01 6.572532e-01 8.983164e-01 9.187708e-01 1.269374e+00 1.576567e+00 1.150966e+00 1.293795e+00 8.128958e-01 -3.947037e-02
<VARIANCE> 25
 1.235276e+01 2.726255e+01 3.175628e+01 2.863882e+01 3.853427e+01 3.399152e+01 3.481567e+01 2.779840e+01 2.578330e+01 2.620127e+01 2.243036e+01 2.085288e+01 1.368285e+00 1.363612e+00 1.974580e+00 2.238670e+00 2.382234e+00 2.690596e+00 3.165978e+00 3.001070e+00 2.276227e+00 2.598831e+00 2.309452e+00 1.855309e+00 2.569380e-03
<GCONST> 8.878304e+01
<MIXTURE> 99 6.696178e-03
<MEAN> 25
 -5.380807e+00 1.140871e+01 1.682159e+00 4.395219e+00 4.313350e+00 -6.659254e+00 -3.468891e+00 -7.029638e+00 -1.190453e+00 -3.412625e+00 -3.231264e+00 9.001942e-01 4.291182e-01 -3.762326e-01 2.985431e-01 -1.419459e-01 -2.748427e-01 -1.961531e-01 -5.406783e-01 4.335944e-02 -5.811182e-02 6.631070e-02 3.547098e-01 3.698176e-01 5.703325e-03
<VARIANCE> 25
 1.924600e+01 1.674955e+01 4.233479e+01 2.664902e+01 2.623728e+01 4.524546e+01 1.787681e+01 2.483631e+01 1.764488e+01 1.723976e+01 2.121029e+01 1.657027e+01 1.638289e+00 1.891207e+00 1.401416e+00 2.087522e+00 2.431165e+00 1.540579e+00 1.551432e+00 2.560487e+00 1.035835e+00 1.247998e+00 1.418074e+00 7.673666e-01 9.980521e-04
<GCONST> 8.184161e+01
<MIXTURE> 100 4.498084e-03
<MEAN> 25
 -1.618401e+00 6.329125e+00 1.036444e+01 -7.405721e+00 -1.070298e+01 -4.982715e+00 -4.942045e+00 -9.943445e+00 -4.788265e+00 -8.931519e-01 -2.655616e+00 -2.673137e+00 2.912404e+00 -1.271584e+00 1.326377e+00 -2.158035e+00 -3.419002e+00 -7.712615e-01 -1.213917e+00 -8.133340e-01 -1.473348e+00 3.470162e-01 -1.641349e+00 -2.703203e-01 2.379623e-03
<VARIANCE> 25
 1.355130e+01 2.090594e+01 2.313710e+01 2.656298e+01 2.352327e+01 2.448901e+01 2.885780e+01 2.159040e+01 2.779941e+01 2.261809e+01 2.289845e+01 2.129478e+01 1.786844e+00 3.933609e+00 2.975381e+00 4.336904e+00 4.148015e+00 4.516585e+00 3.983228e+00 4.307538e+00 4.132211e+00 3.862202e+00 3.899224e+00 3.225557e+00 1.675245e-03
<GCONST> 9.262907e+01
<MIXTURE> 101 6.007792e-03
<MEAN> 25
 8.095642e+00 -3.488502e+00 -6.311554e+00 -6.867076e+00 8.459889e-01 -1.258590e+00 -1.058854e+01 -2.058460e+00 1.621956e+00 2.714358e+00 -2.387510e+00 -5.143209e+00 6.734998e-01 6.509512e-01 -1.457064e+00 -1.610642e+00 1.032469e+00 2.318576e+00 1.969543e-01 -1.460482e+00 -1.064369e+00 1.036814e+00 1.373191e+00 -4.156664e-01 -4.807099e-03
<VARIANCE> 25
 9.272369e+00 1.671634e+01 2.985240e+01 4.279312e+01 3.623767e+01 3.582015e+01 3.703971e+01 3.622955e+01 3.786441e+01 4.398621e+01 5.177793e+01 2.422877e+01 2.936791e-01 6.693857e-01 1.172305e+00 1.551502e+00 1.687479e+00 2.096362e+00 2.086308e+00 1.992348e+00 2.349413e+00 2.216458e+00 1.786065e+00 1.935213e+00 3.449858e-04
<GCONST> 8.364385e+01
<MIXTURE> 102 6.007792e-03
<MEAN> 25
 8.095642e+00 -3.488502e+00 -6.311554e+00 -6.867076e+00 8.459889e-01 -1.258590e+00 -1.058854e+01 -2.058460e+00 1.621956e+00 2.714358e+00 -2.387510e+00 -5.143209e+00 6.734998e-01 6.509512e-01 -1.457064e+00 -1.610642e+00 1.032469e+00 2.318576e+00 1.969543e-01 -1.460482e+00 -1.064369e+00 1.036814e+00 1.373191e+00 -4.156664e-01 -4.807099e-03
<VARIANCE> 25
 9.272369e+00 1.671634e+01 2.985240e+01 4.279312e+01 3.623767e+01 3.582015e+01 3.703971e+01 3.622955e+01 3.786441e+01 4.398621e+01 5.177793e+01 2.422877e+01 2.936791e-01 6.693857e-01 1.172305e+00 1.551502e+00 1.687479e+00 2.096362e+00 2.086308e+00 1.992348e+00 2.349413e+00 2.216458e+00 1.786065e+00 1.935213e+00 3.449858e-04
<GCONST> 8.364385e+01
<MIXTURE> 103 5.694618e-03
<MEAN> 25
 3.380942e+00 -9.495855e+00 -6.092429e+00 -3.152523e+00 -1.384357e+00 -1.883704e+00 2.460746e+00 2.522547e+00 -4.575850e+00 -9.151265e+00 -5.072502e+00 3.330810e-01 -1.558162e-01 -1.482314e+00 -9.870788e-01 3.726184e-01 1.218186e+00 1.022206e+00 1.633409e-01 -2.652524e-01 -7.731858e-01 -9.395522e-01 -4.855358e-02 1.120467e-01 2.671087e-02
<VARIANCE> 25
 1.034733e+01 2.019324e+01 2.314208e+01 3.188787e+01 4.842479e+01 3.564021e+01 4.610069e+01 3.646846e+01 4.194273e+01 3.034908e+01 2.989326e+01 2.633251e+01 6.404430e-01 1.249772e+00 1.529270e+00 1.935808e+00 2.912147e+00 2.395481e+00 2.874593e+00 2.556610e+00 2.550091e+00 2.507923e+00 2.112875e+00 2.016708e+00 8.093162e-04
<GCONST> 8.757668e+01
<MIXTURE> 104 5.694618e-03
<MEAN> 25
 3.380942e+00 -9.495855e+00 -6.092429e+00 -3.152523e+00 -1.384357e+00 -1.883704e+00 2.460746e+00 2.522547e+00 -4.575850e+00 -9.151265e+00 -5.072502e+00 3.330810e-01 -1.558162e-01 -1.482314e+00 -9.870788e-01 3.726184e-01 1.218186e+00 1.022206e+00 1.633409e-01 -2.652524e-01 -7.731858e-01 -9.395522e-01 -4.855358e-02 1.120467e-01 2.671087e-02
<VARIANCE> 25
 1.034733e+01 2.019324e+01 2.314208e+01 3.188787e+01 4.842479e+01 3.564021e+01 4.610069e+01 3.646846e+01 4.194273e+01 3.034908e+01 2.989326e+01 2.633251e+01 6.404430e-01 1.249772e+00 1.529270e+00 1.935808e+00 2.912147e+00 2.395481e+00 2.874593e+00 2.556610e+00 2.550091e+00 2.507923e+00 2.112875e+00 2.016708e+00 8.093162e-04
<GCONST> 8.757668e+01
<MIXTURE> 105 4.710235e-03
<MEAN> 25
 2.281859e+00 -1.611466e+00 9.099785e+00 -2.820764e+00 -1.143827e+01 -5.047688e+00 -4.177837e+00 -6.743162e-01 -3.792977e+00 -3.072804e+00 1.431280e+00 -1.061016e+00 1.102812e-02 3.000790e-02 3.693634e-02 -3.185073e-02 1.502300e-02 2.578237e-02 -5.874043e-03 5.516851e-02 -6.013187e-02 3.348015e-02 3.140651e-03 -5.316372e-02 -2.321262e-03
<VARIANCE> 25
 1.317571e+01 2.864608e+01 4.104755e+01 4.467150e+01 3.826725e+01 5.296563e+01 4.059791e+01 4.292627e+01 3.892817e+01 4.186615e+01 4.142252e+01 3.068607e+01 8.247135e-02 1.823137e-01 3.417116e-01 2.955948e-01 3.706618e-01 4.427074e-01 4.627563e-01 4.826418e-01 5.070059e-01 4.355547e-01 4.466350e-01 4.192081e-01 8.816861e-05
<GCONST> 6.669739e+01
<MIXTURE> 106 4.710235e-03
<MEAN> 25
 2.281859e+00 -1.611466e+00 9.099785e+00 -2.820764e+00 -1.143827e+01 -5.047688e+00 -4.177837e+00 -6.743162e-01 -3.792977e+00 -3.072804e+00 1.431280e+00 -1.061016e+00 1.102812e-02 3.000790e-02 3.693634e-02 -3.185073e-02 1.502300e-02 2.578237e-02 -5.874043e-03 5.516851e-02 -6.013187e-02 3.348015e-02 3.140651e-03 -5.316372e-02 -2.321262e-03
<VARIANCE> 25
 1.317571e+01 2.864608e+01 4.104755e+01 4.467150e+01 3.826725e+01 5.296563e+01 4.059791e+01 4.292627e+01 3.892817e+01 4.186615e+01 4.142252e+01 3.068607e+01 8.247135e-02 1.823137e-01 3.417116e-01 2.955948e-01 3.706618e-01 4.427074e-01 4.627563e-01 4.826418e-01 5.070059e-01 4.355547e-01 4.466350e-01 4.192081e-01 8.816861e-05
<GCONST> 6.669739e+01
<MIXTURE> 107 5.452374e-03
<MEAN> 25
 8.639114e+00 -2.315720e+00 -8.035254e+00 -9.560011e+00 1.961384e+00 2.956972e+00 -8.637916e+00 -4.545382e+00 -8.819841e-01 3.388817e+00 8.485247e-01 -5.071617e+00 -6.092790e-01 -7.671505e-01 8.362532e-01 1.774000e+00 2.245335e-01 -2.011798e+00 -9.217205e-01 8.470283e-01 1.766794e+00 4.695325e-02 -1.656497e+00 -8.201945e-01 -1.802338e-03
<VARIANCE> 25
 9.244200e+00 2.048693e+01 2.837019e+01 4.278440e+01 3.576116e+01 3.852826e+01 5.114989e+01 3.632925e+01 4.581485e+01 4.170384e+01 5.137827e+01 3.037032e+01 3.559937e-01 9.697042e-01 1.463265e+00 2.412918e+00 2.289027e+00 2.824587e+00 2.613966e+00 2.542637e+00 2.298087e+00 3.028494e+00 1.949671e+00 2.206158e+00 7.027489e-04
<GCONST> 8.805274e+01
<MIXTURE> 108 5.452374e-03
<MEAN> 25
 8.639114e+00 -2.315720e+00 -8.035254e+00 -9.560011e+00 1.961384e+00 2.956972e+00 -8.637916e+00 -4.545382e+00 -8.819841e-01 3.388817e+00 8.485247e-01 -5.071617e+00 -6.092790e-01 -7.671505e-01 8.362532e-01 1.774000e+00 2.245335e-01 -2.011798e+00 -9.217205e-01 8.470283e-01 1.766794e+00 4.695325e-02 -1.656497e+00 -8.201945e-01 -1.802338e-03
<VARIANCE> 25
 9.244200e+00 2.048693e+01 2.837019e+01 4.278440e+01 3.576116e+01 3.852826e+01 5.114989e+01 3.632925e+01 4.581485e+01 4.170384e+01 5.137827e+01 3.037032e+01 3.559937e-01 9.697042e-01 1.463265e+00 2.412918e+00 2.289027e+00 2.824587e+00 2.613966e+00 2.542637e+00 2.298087e+00 3.028494e+00 1.949671e+00 2.206158e+00 7.027489e-04
<GCONST> 8.805274e+01
<MIXTURE> 109 6.661064e-03
<MEAN> 25
 4.207434e+00 -1.053269e+01 -7.808065e+00 -2.102558e+00 1.949030e+00 8.313114e-01 8.192581e-01 1.675855e+00 -2.449820e+00 -7.533356e+00 -5.691620e+00 -6.015659e-01 -2.687083e-02 -1.015975e-01 -8.385162e-02 2.177901e-01 2.597032e-01 1.120812e-01 -1.449843e-01 -3.949459e-02 -2.971011e-02 -1.680631e-01 2.365190e-01 -7.627082e-02 -4.057688e-03
<VARIANCE> 25
 8.504844e+00 1.647095e+01 2.050692e+01 3.313083e+01 4.317329e+01 4.028431e+01 4.933421e+01 3.204882e+01 4.185836e+01 3.776764e+01 2.771370e+01 2.979622e+01 1.815423e-01 3.935557e-01 5.230327e-01 6.113377e-01 1.157888e+00 9.117501e-01 1.351388e+00 1.078800e+00 1.049939e+00 8.919726e-01 8.606870e-01 8.719150e-01 1.700935e-04
<GCONST> 7.393985e+01
<MIXTURE> 110 6.661064e-03
<MEAN> 25
 4.207434e+00 -1.053269e+01 -7.808065e+00 -2.102558e+00 1.949030e+00 8.313114e-01 8.192581e-01 1.675855e+00 -2.449820e+00 -7.533356e+00 -5.691620e+00 -6.015659e-01 -2.687083e-02 -1.015975e-01 -8.385162e-02 2.177901e-01 2.597032e-01 1.120812e-01 -1.449843e-01 -3.949459e-02 -2.971011e-02 -1.680631e-01 2.365190e-01 -7.627082e-02 -4.057688e-03
<VARIANCE> 25
 8.504844e+00 1.647095e+01 2.050692e+01 3.313083e+01 4.317329e+01 4.028431e+01 4.933421e+01 3.204882e+01 4.185836e+01 3.776764e+01 2.771370e+01 2.979622e+01 1.815423e-01 3.935557e-01 5.230327e-01 6.113377e-01 1.157888e+00 9.117501e-01 1.351388e+00 1.078800e+00 1.049939e+00 8.919726e-01 8.606870e-01 8.719150e-01 1.700935e-04
<GCONST> 7.393985e+01
<MIXTURE> 111 4.337247e-03
<MEAN> 25
 -4.467549e+00 -9.048676e-01 -1.719140e+00 1.688952e+00 9.652345e-01 9.637567e-01 3.108567e-01 2.096841e-01 8.925271e-02 -5.425538e-01 -6.284302e-01 1.962214e+00 -2.123815e-02 -3.244577e-02 -7.249999e-02 -7.238452e-02 -3.743239e-02 5.708661e-03 -1.100093e-03 -5.914801e-02 -1.408503e-01 -2.032692e-01 -1.897499e-01 -1.061344e-01 -2.221600e-04
<VARIANCE> 25
 7.060495e+00 4.977231e+00 1.021206e+01 9.402579e+00 1.310120e+01 2.382802e+01 1.467600e+01 1.316117e+01 1.159383e+01 1.190662e+01 1.362424e+01 1.158998e+01 7.917085e-02 1.634685e-01 2.751358e-01 4.223909e-01 5.691370e-01 7.057242e-01 8.000905e-01 8.577439e-01 8.924896e-01 8.555566e-01 8.618314e-01 8.474776e-01 2.239118e-05
<GCONST> 5.598846e+01
<MIXTURE> 112 4.337247e-03
<MEAN> 25
 -4.467549e+00 -9.048676e-01 -1.719140e+00 1.688952e+00 9.652345e-01 9.637567e-01 3.108567e-01 2.096841e-01 8.925271e-02 -5.425538e-01 -6.284302e-01 1.962214e+00 -2.123815e-02 -3.244577e-02 -7.249999e-02 -7.238452e-02 -3.743239e-02 5.708661e-03 -1.100093e-03 -5.914801e-02 -1.408503e-01 -2.032692e-01 -1.897499e-01 -1.061344e-01 -2.221600e-04
<VARIANCE> 25
 7.060495e+00 4.977231e+00 1.021206e+01 9.402579e+00 1.310120e+01 2.382802e+01 1.467600e+01 1.316117e+01 1.159383e+01 1.190662e+01 1.362424e+01 1.158998e+01 7.917085e-02 1.634685e-01 2.751358e-01 4.223909e-01 5.691370e-01 7.057242e-01 8.000905e-01 8.577439e-01 8.924896e-01 8.555566e-01 8.618314e-01 8.474776e-01 2.239118e-05
<GCONST> 5.598846e+01
<MIXTURE> 113 5.938666e-03
<MEAN> 25
 9.976216e+00 1.749704e+00 -8.778050e+00 -1.704371e+01 -1.035846e+00 5.659574e+00 -5.275170e+00 -1.464007e+00 -5.693714e+00 -4.932704e-01 2.954398e-01 -1.997811e-01 4.777439e-03 1.389745e-02 -5.970195e-02 -1.132297e-01 1.046028e-01 1.503736e-01 5.938637e-02 3.630926e-02 -5.722040e-02 -5.142184e-02 1.796459e-01 3.478802e-02 -1.413972e-03
<VARIANCE> 25
 8.876385e+00 1.644804e+01 2.968759e+01 3.422107e+01 5.272432e+01 3.387029e+01 3.977791e+01 3.913556e+01 3.736749e+01 4.638394e+01 3.631241e+01 2.844649e+01 1.217588e-01 3.204523e-01 3.161201e-01 6.313708e-01 6.128181e-01 6.535485e-01 7.765831e-01 8.451200e-01 9.591978e-01 9.050292e-01 7.244037e-01 7.136924e-01 1.247541e-04
<GCONST> 7.110830e+01
<MIXTURE> 114 5.938666e-03
<MEAN> 25
 9.976216e+00 1.749704e+00 -8.778050e+00 -1.704371e+01 -1.035846e+00 5.659574e+00 -5.275170e+00 -1.464007e+00 -5.693714e+00 -4.932704e-01 2.954398e-01 -1.997811e-01 4.777439e-03 1.389745e-02 -5.970195e-02 -1.132297e-01 1.046028e-01 1.503736e-01 5.938637e-02 3.630926e-02 -5.722040e-02 -5.142184e-02 1.796459e-01 3.478802e-02 -1.413972e-03
<VARIANCE> 25
 8.876385e+00 1.644804e+01 2.968759e+01 3.422107e+01 5.272432e+01 3.387029e+01 3.977791e+01 3.913556e+01 3.736749e+01 4.638394e+01 3.631241e+01 2.844649e+01 1.217588e-01 3.204523e-01 3.161201e-01 6.313708e-01 6.128181e-01 6.535485e-01 7.765831e-01 8.451200e-01 9.591978e-01 9.050292e-01 7.244037e-01 7.136924e-01 1.247541e-04
<GCONST> 7.110830e+01
<MIXTURE> 115 2.935202e-03
<MEAN> 25
 -4.031508e+00 -7.523134e-01 -3.108292e+00 3.656949e+00 2.413549e+00 -4.277790e-01 2.235019e+00 4.127970e-01 1.388240e+00 -1.980280e-02 4.044602e-02 2.687725e+00 3.161651e-02 -7.211528e-02 -2.307798e-01 -4.386980e-01 -6.334474e-01 -6.703678e-01 -5.921516e-01 -5.095131e-01 -4.866898e-01 -4.566612e-01 -3.437370e-01 -1.649531e-01 -3.168033e-06
<VARIANCE> 25
 9.267219e+00 9.883682e+00 1.353192e+01 1.270435e+01 1.348816e+01 1.756121e+01 1.708409e+01 2.080719e+01 1.793073e+01 1.721353e+01 1.919555e+01 1.466582e+01 2.037629e-01 3.456421e-01 4.855044e-01 5.616056e-01 6.341601e-01 7.979911e-01 1.008026e+00 1.130844e+00 1.075163e+00 9.943575e-01 1.025555e+00 1.064796e+00 1.000000e-06
<GCONST> 6.016114e+01
<MIXTURE> 116 2.935202e-03
<MEAN> 25
 -4.031508e+00 -7.523134e-01 -3.108292e+00 3.656949e+00 2.413549e+00 -4.277790e-01 2.235019e+00 4.127970e-01 1.388240e+00 -1.980280e-02 4.044602e-02 2.687725e+00 3.161651e-02 -7.211528e-02 -2.307798e-01 -4.386980e-01 -6.334474e-01 -6.703678e-01 -5.921516e-01 -5.095131e-01 -4.866898e-01 -4.566612e-01 -3.437370e-01 -1.649531e-01 -3.168033e-06
<VARIANCE> 25
 9.267219e+00 9.883682e+00 1.353192e+01 1.270435e+01 1.348816e+01 1.756121e+01 1.708409e+01 2.080719e+01 1.793073e+01 1.721353e+01 1.919555e+01 1.466582e+01 2.037629e-01 3.456421e-01 4.855044e-01 5.616056e-01 6.341601e-01 7.979911e-01 1.008026e+00 1.130844e+00 1.075163e+00 9.943575e-01 1.025555e+00 1.064796e+00 1.000000e-06
<GCONST> 6.016114e+01
<MIXTURE> 117 6.506003e-03
<MEAN> 25
 -4.644592e+00 1.117793e+00 1.054499e+00 9.758447e+00 6.260121e+00 6.256477e+00 6.463082e+00 5.044496e+00 6.385674e+00 4.929173e+00 6.367208e+00 2.709929e+00 -7.503008e-02 -2.341336e-01 -3.583474e-01 -4.199596e-01 -3.675186e-01 -3.027199e-01 -2.873273e-01 -3.314594e-01 -3.917833e-01 -3.689738e-01 -2.631080e-01 -1.159785e-01 -9.052962e-06
<VARIANCE> 25
 7.187259e+00 8.753097e+00 9.809425e+00 1.430823e+01 1.561781e+01 1.534934e+01 1.772638e+01 1.796108e+01 1.640261e+01 1.637152e+01 1.674076e+01 1.475332e+01 2.166086e-01 3.075042e-01 4.261350e-01 6.171185e-01 8.536685e-01 1.055364e+00 1.177562e+00 1.232911e+00 1.223976e+00 1.194855e+00 1.167213e+00 1.113683e+00 1.000000e-06
<GCONST> 6.042865e+01
<MIXTURE> 118 6.506003e-03
<MEAN> 25
 -4.644592e+00 1.117793e+00 1.054499e+00 9.758447e+00 6.260121e+00 6.256477e+00 6.463082e+00 5.044496e+00 6.385674e+00 4.929173e+00 6.367208e+00 2.709929e+00 -7.503008e-02 -2.341336e-01 -3.583474e-01 -4.199596e-01 -3.675186e-01 -3.027199e-01 -2.873273e-01 -3.314594e-01 -3.917833e-01 -3.689738e-01 -2.631080e-01 -1.159785e-01 -9.052962e-06
<VARIANCE> 25
 7.187259e+00 8.753097e+00 9.809425e+00 1.430823e+01 1.561781e+01 1.534934e+01 1.772638e+01 1.796108e+01 1.640261e+01 1.637152e+01 1.674076e+01 1.475332e+01 2.166086e-01 3.075042e-01 4.261350e-01 6.171185e-01 8.536685e-01 1.055364e+00 1.177562e+00 1.232911e+00 1.223976e+00 1.194855e+00 1.167213e+00 1.113683e+00 1.000000e-06
<GCONST> 6.042865e+01
<MIXTURE> 119 4.297961e-03
<MEAN> 25
 -4.975007e+00 -7.634437e+00 2.232423e+00 2.015485e+00 2.238219e+00 2.065285e-01 5.274267e+00 5.939179e+00 1.166098e+00 9.684302e-01 6.613544e+00 1.571023e+00 -5.002501e-02 -7.923236e-02 3.720247e-02 -5.709038e-02 -1.261119e-01 -1.797598e-01 -6.906395e-02 -1.378069e-02 -9.181152e-02 -1.121029e-01 -5.518794e-02 -5.834778e-02 1.107508e-03
<VARIANCE> 25
 8.504409e+00 9.814931e+00 1.656718e+01 2.019160e+01 2.287695e+01 2.321167e+01 2.500142e+01 2.648348e+01 2.503411e+01 2.807360e+01 2.040158e+01 2.041853e+01 1.604276e-01 2.825630e-01 4.597744e-01 6.333365e-01 8.034166e-01 1.003999e+00 1.099903e+00 1.277791e+00 1.285766e+00 1.245699e+00 1.192293e+00 1.112452e+00 2.318075e-04
<GCONST> 6.972328e+01
<MIXTURE> 120 4.297961e-03
<MEAN> 25
 -4.975007e+00 -7.634437e+00 2.232423e+00 2.015485e+00 2.238219e+00 2.065285e-01 5.274267e+00 5.939179e+00 1.166098e+00 9.684302e-01 6.613544e+00 1.571023e+00 -5.002501e-02 -7.923236e-02 3.720247e-02 -5.709038e-02 -1.261119e-01 -1.797598e-01 -6.906395e-02 -1.378069e-02 -9.181152e-02 -1.121029e-01 -5.518794e-02 -5.834778e-02 1.107508e-03
<VARIANCE> 25
 8.504409e+00 9.814931e+00 1.656718e+01 2.019160e+01 2.287695e+01 2.321167e+01 2.500142e+01 2.648348e+01 2.503411e+01 2.807360e+01 2.040158e+01 2.041853e+01 1.604276e-01 2.825630e-01 4.597744e-01 6.333365e-01 8.034166e-01 1.003999e+00 1.099903e+00 1.277791e+00 1.285766e+00 1.245699e+00 1.192293e+00 1.112452e+00 2.318075e-04
<GCONST> 6.972328e+01
<MIXTURE> 121 4.567511e-03
<MEAN> 25
 3.487687e-01 -2.722782e+00 5.052426e+00 -1.283147e+01 -1.259381e+01 -1.472124e+00 1.082724e+00 -4.897204e+00 -4.101599e+00 -3.975249e-01 -5.526480e+00 -4.240164e+00 2.840678e-02 1.155813e-01 -7.884421e-02 8.280843e-02 1.958352e-01 1.040326e-01 -6.929684e-02 -1.826486e-01 -2.622615e-01 -2.550067e-01 -1.582613e-01 -3.020359e-02 -7.349152e-03
<VARIANCE> 25
 8.276885e+00 1.667537e+01 1.727857e+01 2.002904e+01 2.423878e+01 3.066491e+01 2.940441e+01 2.556909e+01 3.484716e+01 2.792609e+01 1.946424e+01 2.099528e+01 1.524856e-01 6.422129e-01 6.626318e-01 6.965201e-01 8.080382e-01 1.173067e+00 1.102179e+00 1.096020e+00 1.193214e+00 1.166364e+00 9.968878e-01 8.860266e-01 2.075509e-04
<GCONST> 7.161301e+01
<MIXTURE> 122 4.567511e-03
<MEAN> 25
 3.487687e-01 -2.722782e+00 5.052426e+00 -1.283147e+01 -1.259381e+01 -1.472124e+00 1.082724e+00 -4.897204e+00 -4.101599e+00 -3.975249e-01 -5.526480e+00 -4.240164e+00 2.840678e-02 1.155813e-01 -7.884421e-02 8.280843e-02 1.958352e-01 1.040326e-01 -6.929684e-02 -1.826486e-01 -2.622615e-01 -2.550067e-01 -1.582613e-01 -3.020359e-02 -7.349152e-03
<VARIANCE> 25
 8.276885e+00 1.667537e+01 1.727857e+01 2.002904e+01 2.423878e+01 3.066491e+01 2.940441e+01 2.556909e+01 3.484716e+01 2.792609e+01 1.946424e+01 2.099528e+01 1.524856e-01 6.422129e-01 6.626318e-01 6.965201e-01 8.080382e-01 1.173067e+00 1.102179e+00 1.096020e+00 1.193214e+00 1.166364e+00 9.968878e-01 8.860266e-01 2.075509e-04
<GCONST> 7.161301e+01
<MIXTURE> 123 4.393044e-03
<MEAN> 25
 -4.059674e+00 2.389971e+00 -9.299849e-01 6.531929e+00 5.890354e+00 3.316302e+00 2.241304e+00 -2.373927e-01 9.639186e-01 -8.861505e-01 1.504452e-01 1.198623e+00 -4.435955e-01 -7.005634e-01 -8.199696e-01 -6.717973e-01 -1.726032e-01 -5.933317e-03 4.462046e-01 8.208003e-01 9.302833e-01 9.399432e-01 7.133306e-01 4.722734e-01 -2.608986e-03
<VARIANCE> 25
 9.516489e+00 2.154885e+01 2.071606e+01 1.696116e+01 2.161243e+01 2.462638e+01 2.608216e+01 2.050939e+01 2.026401e+01 1.734921e+01 1.985960e+01 1.816739e+01 3.390908e-01 3.671591e-01 5.223053e-01 6.711004e-01 9.157642e-01 1.066465e+00 1.190649e+00 1.484304e+00 1.210967e+00 1.273743e+00 1.138184e+00 1.096748e+00 9.371797e-05
<GCONST> 7.023598e+01
<MIXTURE> 124 4.069876e-03
<MEAN> 25
 -6.564494e+00 -1.208833e+00 -2.924104e+00 5.106477e+00 4.973110e+00 3.390007e+00 5.388873e+00 2.565141e+00 3.193517e+00 1.279265e+00 1.127621e+00 3.043981e+00 -2.048642e-01 -3.230432e-01 -3.621195e-01 -2.168188e-01 1.280213e-01 5.195089e-01 8.105963e-01 8.603254e-01 6.551393e-01 3.277592e-01 7.244904e-02 -2.499872e-02 4.324763e-05
<VARIANCE> 25
 1.100916e+01 7.011935e+00 1.114740e+01 1.243075e+01 1.210952e+01 1.981773e+01 1.553123e+01 1.706967e+01 1.544017e+01 1.606880e+01 1.920191e+01 1.443884e+01 1.048096e-01 1.680857e-01 2.702696e-01 4.177610e-01 5.929130e-01 7.066010e-01 7.480168e-01 8.141903e-01 9.087983e-01 9.815666e-01 1.008278e+00 9.925881e-01 1.798662e-05
<GCONST> 5.879888e+01
<MIXTURE> 125 4.069876e-03
<MEAN> 25
 -6.564494e+00 -1.208833e+00 -2.924104e+00 5.106477e+00 4.973110e+00 3.390007e+00 5.388873e+00 2.565141e+00 3.193517e+00 1.279265e+00 1.127621e+00 3.043981e+00 -2.048642e-01 -3.230432e-01 -3.621195e-01 -2.168188e-01 1.280213e-01 5.195089e-01 8.105963e-01 8.603254e-01 6.551393e-01 3.277592e-01 7.244904e-02 -2.499872e-02 4.324763e-05
<VARIANCE> 25
 1.100916e+01 7.011935e+00 1.114740e+01 1.243075e+01 1.210952e+01 1.981773e+01 1.553123e+01 1.706967e+01 1.544017e+01 1.606880e+01 1.920191e+01 1.443884e+01 1.048096e-01 1.680857e-01 2.702696e-01 4.177610e-01 5.929130e-01 7.066010e-01 7.480168e-01 8.141903e-01 9.087983e-01 9.815666e-01 1.008278e+00 9.925881e-01 1.798662e-05
<GCONST> 5.879888e+01
<MIXTURE> 126 2.402244e-03
<MEAN> 25
 -3.789696e+00 -6.938444e+00 -5.283268e+00 2.320031e+00 4.276593e+00 -3.241242e+00 6.930697e-02 3.552616e+00 3.339336e+00 -2.697696e+00 -1.428549e+00 3.055843e+00 -2.241302e-03 -6.494249e-03 -3.596802e-02 -1.583569e-01 -3.186135e-01 -3.892550e-01 -2.737913e-01 -1.576624e-01 -1.130832e-01 -1.153896e-01 -9.793252e-02 -3.056670e-02 -1.474974e-03
<VARIANCE> 25
 7.428716e+00 1.262698e+01 1.383972e+01 1.512719e+01 2.466709e+01 2.370092e+01 2.273813e+01 2.842087e+01 3.128592e+01 2.623732e+01 2.176293e+01 1.918465e+01 1.706335e-01 3.519350e-01 4.832999e-01 5.671322e-01 7.535933e-01 9.955263e-01 1.122229e+00 1.262308e+00 1.329061e+00 1.310597e+00 1.213803e+00 1.147265e+00 2.108185e-04
<GCONST> 6.979459e+01
<MIXTURE> 127 2.402244e-03
<MEAN> 25
 -3.789696e+00 -6.938444e+00 -5.283268e+00 2.320031e+00 4.276593e+00 -3.241242e+00 6.930697e-02 3.552616e+00 3.339336e+00 -2.697696e+00 -1.428549e+00 3.055843e+00 -2.241302e-03 -6.494249e-03 -3.596802e-02 -1.583569e-01 -3.186135e-01 -3.892550e-01 -2.737913e-01 -1.576624e-01 -1.130832e-01 -1.153896e-01 -9.793252e-02 -3.056670e-02 -1.474974e-03
<VARIANCE> 25
 7.428716e+00 1.262698e+01 1.383972e+01 1.512719e+01 2.466709e+01 2.370092e+01 2.273813e+01 2.842087e+01 3.128592e+01 2.623732e+01 2.176293e+01 1.918465e+01 1.706335e-01 3.519350e-01 4.832999e-01 5.671322e-01 7.535933e-01 9.955263e-01 1.122229e+00 1.262308e+00 1.329061e+00 1.310597e+00 1.213803e+00 1.147265e+00 2.108185e-04
<GCONST> 6.979459e+01
<MIXTURE> 128 3.790457e-03
<MEAN> 25
 -3.854335e+00 1.818629e+00 -6.597415e-01 6.659515e+00 3.685987e+00 1.617889e+00 3.130722e+00 2.095974e+00 4.252093e+00 3.657302e+00 3.562569e+00 3.751657e+00 -5.307810e-01 -2.408541e-01 6.989844e-02 7.216077e-01 1.211627e+00 1.175150e+00 7.725447e-01 1.053085e-01 -4.514079e-01 -7.892768e-01 -6.584684e-01 -4.212171e-01 -1.556651e-04
<VARIANCE> 25
 9.884659e+00 1.275887e+01 1.643742e+01 1.860953e+01 1.924523e+01 2.143557e+01 2.735968e+01 2.514425e+01 2.696704e+01 2.285482e+01 2.650962e+01 1.845089e+01 1.227976e+00 1.135132e+00 1.322388e+00 1.436720e+00 1.525432e+00 1.812509e+00 2.211042e+00 2.236184e+00 2.055817e+00 1.775218e+00 1.706956e+00 1.686578e+00 1.249564e-06
<GCONST> 7.402824e+01
<TRANSP> 3
 0.000000e+00 1.000000e+00 0.000000e+00
 0.000000e+00 9.999990e-01 9.999998e-07
 0.000000e+00 0.000000e+00 0.000000e+00
<ENDHMM>
