~o
<STREAMINFO> 1 25
<VECSIZE> 25<NULLD><MFCC_E_D_N><DIAGC>
~h "jmodel"
<BEGINHMM>
<NUMSTATES> 3
<STATE> 2
<NUMMIXES> 128
<MIXTURE> 1 5.748963e-03
<MEAN> 25
 -2.555999e+00 3.173605e+00 2.269072e+00 8.707624e+00 4.360042e+00 3.386174e+00 4.077029e+00 3.918035e+00 5.844182e+00 5.029851e+00 5.861777e+00 2.998113e+00 -1.999816e+00 -1.602399e+00 -8.827955e-01 1.060051e+00 1.582015e+00 2.207217e+00 2.131005e+00 2.075985e+00 1.663993e+00 1.277772e+00 1.530535e+00 6.184578e-01 -4.661718e-02
<VARIANCE> 25
 9.972478e+00 1.160144e+01 1.491394e+01 1.854814e+01 2.298807e+01 2.205263e+01 2.166452e+01 2.171926e+01 2.067759e+01 2.508229e+01 2.066510e+01 1.729654e+01 1.767732e+00 2.139068e+00 3.012205e+00 3.173218e+00 3.734017e+00 3.346970e+00 3.309187e+00 3.337197e+00 3.552824e+00 3.690830e+00 3.548881e+00 2.796894e+00 3.098146e-03
<GCONST> 8.843964e+01
<MIXTURE> 2 4.549242e-03
<MEAN> 25
 -4.874426e+00 1.313089e+00 9.919234e-01 9.898739e+00 6.693202e+00 7.422476e+00 7.847502e+00 6.957304e+00 8.372782e+00 6.370880e+00 7.624239e+00 3.075433e+00 -6.193968e-02 4.165967e-02 1.427015e-01 2.259552e-01 2.651842e-01 2.812012e-01 2.952321e-01 3.196258e-01 3.493800e-01 3.089938e-01 1.972936e-01 7.981351e-02 9.604546e-07
<VARIANCE> 25
 6.956738e+00 8.907397e+00 1.067200e+01 1.591178e+01 1.723493e+01 1.557808e+01 1.689546e+01 1.848398e+01 1.658345e+01 1.740002e+01 1.810751e+01 1.434080e+01 1.252356e-01 2.265809e-01 3.365876e-01 4.670639e-01 6.491660e-01 8.148283e-01 9.301822e-01 1.002968e+00 1.051982e+00 1.077566e+00 1.075563e+00 1.013994e+00 1.000812e-06
<GCONST> 5.804803e+01
<MIXTURE> 3 4.549242e-03
<MEAN> 25
 -4.874426e+00 1.313089e+00 9.919234e-01 9.898739e+00 6.693202e+00 7.422476e+00 7.847502e+00 6.957304e+00 8.372782e+00 6.370880e+00 7.624239e+00 3.075433e+00 -6.193968e-02 4.165967e-02 1.427015e-01 2.259552e-01 2.651842e-01 2.812012e-01 2.952321e-01 3.196258e-01 3.493800e-01 3.089938e-01 1.972936e-01 7.981351e-02 9.604546e-07
<VARIANCE> 25
 6.956738e+00 8.907397e+00 1.067200e+01 1.591178e+01 1.723493e+01 1.557808e+01 1.689546e+01 1.848398e+01 1.658345e+01 1.740002e+01 1.810751e+01 1.434080e+01 1.252356e-01 2.265809e-01 3.365876e-01 4.670639e-01 6.491660e-01 8.148283e-01 9.301822e-01 1.002968e+00 1.051982e+00 1.077566e+00 1.075563e+00 1.013994e+00 1.000812e-06
<GCONST> 5.804803e+01
<MIXTURE> 4 1.671429e-02
<MEAN> 25
 3.442035e+00 2.842032e+00 -2.965176e+00 -1.042901e-01 4.634074e+00 6.794724e-01 -4.672234e-01 -7.882519e-01 2.055238e+00 1.447140e+00 -1.214380e+00 1.694760e-01 -2.619711e+00 1.339388e+00 1.339230e+00 2.930122e+00 1.118703e+00 1.481408e-01 1.432103e+00 1.073105e+00 9.248691e-01 3.564509e-02 1.051326e+00 7.989424e-01 -9.779852e-02
<VARIANCE> 25
 1.863968e+01 2.575615e+01 2.685863e+01 4.002826e+01 3.850978e+01 6.256694e+01 5.950334e+01 5.531848e+01 4.748591e+01 6.297714e+01 4.413521e+01 3.204150e+01 2.316059e+00 4.311444e+00 3.801350e+00 4.195412e+00 4.496704e+00 5.841531e+00 5.227338e+00 4.745702e+00 5.033005e+00 6.151455e+00 5.593918e+00 3.835552e+00 5.384283e-03
<GCONST> 1.030692e+02
<MIXTURE> 5 3.206198e-03
<MEAN> 25
 -3.407633e+00 2.193864e+00 5.862476e-01 9.418638e+00 6.706336e+00 6.295610e+00 7.118254e+00 4.722242e+00 5.498236e+00 3.832536e+00 4.667080e+00 2.618176e+00 -3.232702e-01 7.513632e-01 1.224297e+00 1.031816e+00 3.063041e-01 -1.012761e-01 -8.602005e-02 3.495511e-02 4.535985e-01 6.838783e-01 4.052135e-01 8.491878e-02 -3.213162e-05
<VARIANCE> 25
 1.025807e+01 1.396749e+01 2.364828e+01 2.558992e+01 2.020113e+01 1.953403e+01 2.007413e+01 2.030852e+01 2.136580e+01 2.132047e+01 2.406684e+01 1.637511e+01 1.207646e+00 1.242037e+00 1.353925e+00 1.669462e+00 2.279568e+00 2.370673e+00 2.298277e+00 2.270291e+00 2.317015e+00 2.232514e+00 2.081096e+00 1.872907e+00 1.006541e-06
<GCONST> 7.515861e+01
<MIXTURE> 6 5.475854e-03
<MEAN> 25
 9.424930e+00 -4.852464e-01 -5.859822e+00 -1.124006e+01 -2.801913e+00 6.972877e+00 -5.847764e+00 -5.106288e+00 -4.077902e+00 2.630512e+00 4.014822e+00 -8.360975e-01 4.521773e-01 9.569343e-01 -2.688789e-01 -1.375147e+00 -6.793431e-01 1.302592e+00 1.494054e+00 3.743844e-01 -1.012573e+00 -1.313944e+00 3.612926e-01 1.262830e+00 -8.363762e-03
<VARIANCE> 25
 8.626925e+00 1.548137e+01 2.623367e+01 3.687429e+01 3.629960e+01 2.826373e+01 3.922821e+01 3.456014e+01 3.788300e+01 4.186442e+01 4.019983e+01 2.761833e+01 2.884926e-01 9.792624e-01 8.935243e-01 1.835266e+00 1.605057e+00 1.828370e+00 1.755311e+00 2.271312e+00 2.482720e+00 1.922298e+00 2.209661e+00 1.286249e+00 6.639711e-04
<GCONST> 8.322311e+01
<MIXTURE> 7 5.475854e-03
<MEAN> 25
 9.424930e+00 -4.852464e-01 -5.859822e+00 -1.124006e+01 -2.801913e+00 6.972877e+00 -5.847764e+00 -5.106288e+00 -4.077902e+00 2.630512e+00 4.014822e+00 -8.360975e-01 4.521773e-01 9.569343e-01 -2.688789e-01 -1.375147e+00 -6.793431e-01 1.302592e+00 1.494054e+00 3.743844e-01 -1.012573e+00 -1.313944e+00 3.612926e-01 1.262830e+00 -8.363762e-03
<VARIANCE> 25
 8.626925e+00 1.548137e+01 2.623367e+01 3.687429e+01 3.629960e+01 2.826373e+01 3.922821e+01 3.456014e+01 3.788300e+01 4.186442e+01 4.019983e+01 2.761833e+01 2.884926e-01 9.792624e-01 8.935243e-01 1.835266e+00 1.605057e+00 1.828370e+00 1.755311e+00 2.271312e+00 2.482720e+00 1.922298e+00 2.209661e+00 1.286249e+00 6.639711e-04
<GCONST> 8.322311e+01
<MIXTURE> 8 1.165917e-02
<MEAN> 25
 -4.656539e+00 1.390177e+00 1.211743e+00 9.530911e+00 6.686642e+00 6.182451e+00 6.484414e+00 5.630929e+00 6.622903e+00 5.431109e+00 6.466152e+00 3.023354e+00 -6.878724e-01 -1.385491e+00 -1.032759e+00 -1.701040e+00 -2.110319e-01 -9.138749e-01 -1.838206e-01 -2.717804e-01 -2.924994e-01 -9.343205e-02 -2.473352e-01 1.039133e-01 9.810211e-02
<VARIANCE> 25
 9.452405e+00 9.703918e+00 1.170669e+01 1.584748e+01 1.683214e+01 1.558465e+01 1.774694e+01 1.728247e+01 1.681039e+01 1.870355e+01 1.895472e+01 1.447687e+01 2.834435e+00 2.837569e+00 3.917937e+00 3.714980e+00 3.423238e+00 3.285273e+00 3.062204e+00 3.025116e+00 2.874579e+00 2.871703e+00 2.432041e+00 1.882749e+00 6.561139e-03
<GCONST> 8.636423e+01
<MIXTURE> 9 1.199672e-02
<MEAN> 25
 8.473628e+00 2.851516e+00 -4.950985e+00 -1.098203e+01 -3.761149e+00 5.452387e+00 -2.048471e+00 -2.027541e+00 -8.466992e+00 1.436330e+00 1.460919e+00 -9.171553e-01 1.381852e+00 2.115448e-01 3.413289e-01 -2.714053e+00 -2.563377e+00 1.481283e+00 -1.141827e+00 -1.878157e-01 -1.063796e+00 1.056927e-01 8.590655e-01 2.664244e-01 7.574160e-02
<VARIANCE> 25
 1.000741e+01 1.752573e+01 2.849383e+01 4.275610e+01 4.773806e+01 3.073571e+01 3.625418e+01 4.977866e+01 6.932280e+01 4.921685e+01 3.408360e+01 2.603645e+01 1.975517e+00 2.320768e+00 6.428517e+00 3.547892e+00 5.869399e+00 3.684453e+00 3.634427e+00 4.760624e+00 6.580650e+00 3.925423e+00 4.296522e+00 2.383353e+00 1.683710e-03
<GCONST> 9.769743e+01
<MIXTURE> 10 6.596976e-03
<MEAN> 25
 8.554336e-01 7.588033e+00 5.315369e+00 7.076878e+00 1.618375e+00 -2.069874e+00 -5.575618e-01 -1.744896e+00 9.343972e-01 7.497447e-01 8.541360e-01 6.738580e-01 -1.912632e+00 -6.513099e-01 -4.806121e-01 3.000069e+00 2.443937e+00 2.662468e+00 2.362475e+00 2.276851e+00 1.855527e+00 1.515260e+00 2.310383e+00 5.228963e-01 -1.373130e-01
<VARIANCE> 25
 1.936462e+01 2.054290e+01 2.245140e+01 2.919913e+01 3.799937e+01 3.463194e+01 3.521777e+01 3.402874e+01 2.756390e+01 2.940574e+01 2.663149e+01 2.507307e+01 2.214048e+00 3.413285e+00 5.511267e+00 5.166574e+00 5.499204e+00 4.560699e+00 4.650702e+00 4.795675e+00 4.355935e+00 5.019106e+00 4.424699e+00 3.149635e+00 2.707124e-03
<GCONST> 9.739680e+01
<MIXTURE> 11 1.633820e-02
<MEAN> 25
 7.599555e+00 4.504685e+00 3.323009e+00 4.832911e+00 -2.655397e+00 -1.659454e+00 -2.679011e+00 -6.680856e+00 -2.783263e+00 -1.936394e-01 -2.290555e+00 -2.143299e+00 -3.524040e-01 5.368803e-01 4.406971e-02 3.240713e-01 4.784298e-01 -1.865854e-01 4.296533e-01 -9.047559e-03 -1.361841e-01 -1.123082e-01 -1.265820e-01 1.835925e-01 -2.196929e-02
<VARIANCE> 25
 1.097155e+01 2.324397e+01 1.985555e+01 3.246315e+01 4.220110e+01 3.939296e+01 4.740281e+01 4.129323e+01 4.813203e+01 3.494288e+01 3.481717e+01 3.003213e+01 9.538450e-01 1.212338e+00 1.801994e+00 2.217536e+00 2.091931e+00 2.254615e+00 2.314065e+00 2.972226e+00 2.057700e+00 1.984205e+00 1.843141e+00 1.516964e+00 1.166418e-03
<GCONST> 8.802347e+01
<MIXTURE> 12 5.904134e-03
<MEAN> 25
 1.034469e+01 3.485497e+00 -4.040414e+00 -1.596119e+01 -9.009474e+00 8.793743e+00 -1.117677e+00 -1.737046e+00 -2.679883e+00 -3.706839e+00 1.794928e+00 9.495178e-01 4.296393e-02 2.767001e-01 1.055082e-01 -3.894756e-01 -3.598728e-01 8.678419e-02 2.663130e-01 4.082601e-01 2.197935e-01 -4.589572e-01 -3.574320e-01 1.601541e-01 -5.036105e-03
<VARIANCE> 25
 9.549307e+00 1.962804e+01 2.335826e+01 3.200807e+01 3.954895e+01 2.846013e+01 3.828423e+01 4.502126e+01 5.591249e+01 4.615229e+01 3.570846e+01 2.971861e+01 2.338328e-01 6.508731e-01 6.392570e-01 1.077193e+00 1.142481e+00 9.874180e-01 1.176970e+00 1.503485e+00 1.214924e+00 1.420398e+00 1.130799e+00 9.961344e-01 5.681789e-04
<GCONST> 7.872558e+01
<MIXTURE> 13 5.904134e-03
<MEAN> 25
 1.034469e+01 3.485497e+00 -4.040414e+00 -1.596119e+01 -9.009474e+00 8.793743e+00 -1.117677e+00 -1.737046e+00 -2.679883e+00 -3.706839e+00 1.794928e+00 9.495178e-01 4.296393e-02 2.767001e-01 1.055082e-01 -3.894756e-01 -3.598728e-01 8.678419e-02 2.663130e-01 4.082601e-01 2.197935e-01 -4.589572e-01 -3.574320e-01 1.601541e-01 -5.036105e-03
<VARIANCE> 25
 9.549307e+00 1.962804e+01 2.335826e+01 3.200807e+01 3.954895e+01 2.846013e+01 3.828423e+01 4.502126e+01 5.591249e+01 4.615229e+01 3.570846e+01 2.971861e+01 2.338328e-01 6.508731e-01 6.392570e-01 1.077193e+00 1.142481e+00 9.874180e-01 1.176970e+00 1.503485e+00 1.214924e+00 1.420398e+00 1.130799e+00 9.961344e-01 5.681789e-04
<GCONST> 7.872558e+01
<MIXTURE> 14 6.488954e-03
<MEAN> 25
 -4.274437e+00 -3.270527e-01 -4.261340e-01 8.886540e+00 7.558309e+00 7.277165e+00 7.840849e+00 7.270745e+00 7.238139e+00 5.106794e+00 6.825737e+00 4.087156e+00 -2.781103e-01 1.972847e-01 3.658617e-01 2.986506e-01 -1.583103e-03 5.326013e-02 9.892948e-02 1.842046e-01 2.857513e-01 5.491061e-01 5.094831e-01 8.301929e-02 -9.015418e-03
<VARIANCE> 25
 9.318506e+00 1.389592e+01 1.959523e+01 1.769529e+01 2.082533e+01 2.016969e+01 2.129852e+01 2.063376e+01 1.986013e+01 2.470901e+01 2.128366e+01 1.593802e+01 9.738157e-01 1.634164e+00 1.763172e+00 1.926427e+00 2.259785e+00 2.246578e+00 2.243441e+00 2.220914e+00 2.272600e+00 2.502554e+00 2.206779e+00 1.807871e+00 1.035240e-03
<GCONST> 8.197435e+01
<MIXTURE> 15 2.475190e-03
<MEAN> 25
 -5.419580e+00 -6.404988e-01 -2.094699e-01 7.368714e+00 5.725234e+00 5.695854e+00 6.062850e+00 4.974570e+00 5.165833e+00 4.148334e+00 5.498019e+00 2.536630e+00 -1.209490e-01 -2.875277e-02 7.426333e-02 2.435792e-01 4.891734e-01 7.861114e-01 1.073846e+00 1.182144e+00 1.058027e+00 7.551491e-01 4.187949e-01 1.534159e-01 -8.085217e-05
<VARIANCE> 25
 6.998524e+00 5.616729e+00 9.093929e+00 1.280279e+01 1.409757e+01 1.431735e+01 1.491772e+01 1.491088e+01 1.408963e+01 1.421128e+01 1.510989e+01 1.250981e+01 1.247413e-01 2.062735e-01 3.200992e-01 5.027111e-01 6.991769e-01 7.932072e-01 7.650717e-01 7.909616e-01 9.100686e-01 1.024350e+00 1.071470e+00 1.040563e+00 2.794966e-05
<GCONST> 5.860387e+01
<MIXTURE> 16 2.475190e-03
<MEAN> 25
 -5.419580e+00 -6.404988e-01 -2.094699e-01 7.368714e+00 5.725234e+00 5.695854e+00 6.062850e+00 4.974570e+00 5.165833e+00 4.148334e+00 5.498019e+00 2.536630e+00 -1.209490e-01 -2.875277e-02 7.426333e-02 2.435792e-01 4.891734e-01 7.861114e-01 1.073846e+00 1.182144e+00 1.058027e+00 7.551491e-01 4.187949e-01 1.534159e-01 -8.085217e-05
<VARIANCE> 25
 6.998524e+00 5.616729e+00 9.093929e+00 1.280279e+01 1.409757e+01 1.431735e+01 1.491772e+01 1.491088e+01 1.408963e+01 1.421128e+01 1.510989e+01 1.250981e+01 1.247413e-01 2.062735e-01 3.200992e-01 5.027111e-01 6.991769e-01 7.932072e-01 7.650717e-01 7.909616e-01 9.100686e-01 1.024350e+00 1.071470e+00 1.040563e+00 2.794966e-05
<GCONST> 5.860387e+01
<MIXTURE> 17 9.518312e-03
<MEAN> 25
 3.776573e+00 -8.162422e-01 6.434898e+00 2.357152e+00 -6.063112e+00 -6.409465e+00 -3.161178e+00 -1.203489e-01 -2.689581e+00 -3.204956e+00 4.146088e-02 -9.330487e-02 -7.634277e-01 -1.214341e+00 1.329698e+00 -2.105121e+00 -2.382746e+00 -1.732468e-01 1.909284e-01 7.803265e-01 -3.113582e-01 -2.000719e-01 1.045992e+00 3.968524e-01 8.205431e-02
<VARIANCE> 25
 1.646982e+01 3.175598e+01 3.028020e+01 3.973931e+01 4.563622e+01 4.868220e+01 4.226495e+01 3.420941e+01 3.552981e+01 2.770210e+01 2.803508e+01 2.865453e+01 1.830502e+00 2.700567e+00 4.043013e+00 3.207600e+00 4.116404e+00 5.520451e+00 4.975532e+00 4.735518e+00 4.165529e+00 4.098408e+00 3.066610e+00 2.725073e+00 2.135988e-03
<GCONST> 9.711780e+01
<MIXTURE> 18 1.221018e-02
<MEAN> 25
 3.256268e+00 3.471430e+00 8.532776e+00 5.550323e+00 -5.872239e+00 -7.713795e+00 -8.047614e-01 -3.666998e-01 -3.210154e+00 -3.052040e+00 -7.878072e-01 8.084823e-01 -8.392935e-01 2.158144e+00 -5.791532e-01 1.942028e+00 3.543233e+00 1.335968e+00 1.318211e+00 -6.727717e-02 9.437001e-01 1.947351e-01 -3.257445e-01 2.686110e-01 -1.131473e-01
<VARIANCE> 25
 1.395338e+01 2.297064e+01 3.831279e+01 2.261046e+01 4.305066e+01 2.677593e+01 3.475391e+01 3.049865e+01 3.600306e+01 2.794719e+01 2.707230e+01 3.000543e+01 2.526483e+00 2.350276e+00 4.316256e+00 3.214544e+00 3.785522e+00 3.922725e+00 4.272437e+00 3.434667e+00 3.578395e+00 4.206640e+00 3.457206e+00 3.514169e+00 3.783288e-03
<GCONST> 9.553790e+01
<MIXTURE> 19 9.912824e-03
<MEAN> 25
 -1.072206e+01 1.265212e+00 5.726457e-01 1.334609e+00 3.263371e+00 1.291035e+00 3.812863e+00 1.398878e+00 2.395809e+00 1.620525e+00 1.391512e+00 3.178460e+00 2.222391e+00 1.544645e+00 2.096612e+00 6.934940e-01 -1.200010e+00 -1.101588e+00 -1.161074e+00 -1.512649e+00 -1.361090e+00 -1.156111e+00 -8.973972e-01 -9.158905e-01 6.040811e-03
<VARIANCE> 25
 5.109888e+01 3.012665e+01 4.501486e+01 4.962914e+01 3.749857e+01 3.066301e+01 3.081490e+01 2.776423e+01 2.738252e+01 3.004301e+01 2.958644e+01 3.294232e+01 2.410531e+00 2.387051e+00 2.144566e+00 2.204661e+00 2.551853e+00 2.164572e+00 2.450091e+00 2.262403e+00 2.076677e+00 1.877480e+00 2.078518e+00 1.776911e+00 2.404571e-03
<GCONST> 9.175325e+01
<MIXTURE> 20 6.308331e-03
<MEAN> 25
 -1.417090e+01 7.397470e+00 8.638752e-01 6.158358e+00 4.837303e+00 1.628933e+00 5.199161e+00 8.628044e-01 9.229929e-01 7.956418e-01 2.554958e+00 -2.855855e-01 -3.283911e+00 -8.669437e-01 -1.560867e+00 3.341563e-01 1.538014e+00 2.059270e+00 1.976310e+00 2.050182e+00 2.139159e+00 2.036956e+00 1.678226e+00 9.433237e-01 4.725847e-02
<VARIANCE> 25
 1.969394e+01 2.350660e+01 3.108353e+01 3.728512e+01 3.096741e+01 2.785512e+01 2.990786e+01 3.143237e+01 2.792811e+01 2.819168e+01 2.520239e+01 2.101885e+01 2.088395e+00 2.177951e+00 1.912425e+00 2.536000e+00 2.713246e+00 2.314312e+00 2.307245e+00 2.327795e+00 2.241282e+00 2.649804e+00 2.254596e+00 1.871983e+00 1.884930e-03
<GCONST> 8.924633e+01
<MIXTURE> 21 7.928653e-03
<MEAN> 25
 3.922654e+00 -5.162710e+00 7.331422e+00 -1.458903e+00 -1.235878e+01 -9.157591e+00 -3.137615e+00 4.068039e+00 -3.534175e+00 -2.721322e+00 2.510699e-01 -1.187147e+00 -7.440141e-01 1.168989e+00 2.605978e+00 2.497528e-01 -1.542759e+00 3.216493e-01 5.509983e-01 -1.268158e+00 -2.096998e+00 -3.749697e-01 1.393102e+00 4.986804e-01 -9.801340e-03
<VARIANCE> 25
 7.517885e+00 1.734556e+01 3.542076e+01 2.387504e+01 3.705859e+01 2.888937e+01 3.773119e+01 3.288326e+01 4.505477e+01 3.084432e+01 2.833870e+01 3.045860e+01 3.178705e-01 9.352080e-01 1.562027e+00 1.470400e+00 2.041410e+00 1.997217e+00 3.115041e+00 2.501824e+00 2.179126e+00 4.234754e+00 1.738555e+00 2.190975e+00 4.076860e-04
<GCONST> 8.448626e+01
<MIXTURE> 22 8.827789e-03
<MEAN> 25
 -1.791621e+01 7.134027e+00 -4.106012e+00 7.376960e+00 4.614845e+00 2.761869e+00 8.384593e+00 1.747804e+00 5.371194e+00 3.311667e+00 5.698841e+00 1.185766e+00 -3.107862e-01 -2.099600e-01 -1.277810e-01 -1.484774e-01 -8.099297e-03 1.349499e-01 1.817174e-01 1.757142e-01 2.493153e-01 2.087957e-01 1.694931e-01 1.894967e-01 8.850305e-03
<VARIANCE> 25
 8.106528e+00 1.693269e+01 1.758179e+01 2.520697e+01 2.300534e+01 2.079826e+01 1.952094e+01 1.866481e+01 1.812587e+01 2.089351e+01 1.930173e+01 1.377075e+01 1.090594e+00 1.355719e+00 1.365944e+00 1.568687e+00 1.406654e+00 1.526988e+00 1.506026e+00 1.531115e+00 1.610227e+00 1.543715e+00 1.357653e+00 1.171240e+00 1.742455e-03
<GCONST> 7.832611e+01
<MIXTURE> 23 6.455497e-03
<MEAN> 25
 7.961775e+00 2.456533e+00 3.039645e+00 2.414217e+00 -4.889650e+00 -3.150094e+00 -4.277651e+00 -6.513800e+00 -3.458662e+00 -1.024557e+00 -4.128340e+00 -2.129173e+00 3.392455e-02 1.767630e-01 9.144396e-03 5.500175e-02 2.229755e-03 4.812679e-02 1.995694e-02 -4.754288e-02 9.690734e-03 4.935248e-02 2.621268e-03 4.033398e-02 -4.364870e-03
<VARIANCE> 25
 1.037166e+01 2.229009e+01 2.461124e+01 4.112020e+01 3.812468e+01 5.409039e+01 5.914673e+01 5.500034e+01 4.825056e+01 4.708562e+01 4.842474e+01 4.038328e+01 1.182340e-01 2.945070e-01 3.795397e-01 4.899270e-01 5.982979e-01 7.117892e-01 7.746822e-01 8.781922e-01 8.811827e-01 8.796631e-01 8.196217e-01 7.588351e-01 8.789048e-05
<GCONST> 7.298785e+01
<MIXTURE> 24 6.455497e-03
<MEAN> 25
 7.961775e+00 2.456533e+00 3.039645e+00 2.414217e+00 -4.889650e+00 -3.150094e+00 -4.277651e+00 -6.513800e+00 -3.458662e+00 -1.024557e+00 -4.128340e+00 -2.129173e+00 3.392455e-02 1.767630e-01 9.144396e-03 5.500175e-02 2.229755e-03 4.812679e-02 1.995694e-02 -4.754288e-02 9.690734e-03 4.935248e-02 2.621268e-03 4.033398e-02 -4.364870e-03
<VARIANCE> 25
 1.037166e+01 2.229009e+01 2.461124e+01 4.112020e+01 3.812468e+01 5.409039e+01 5.914673e+01 5.500034e+01 4.825056e+01 4.708562e+01 4.842474e+01 4.038328e+01 1.182340e-01 2.945070e-01 3.795397e-01 4.899270e-01 5.982979e-01 7.117892e-01 7.746822e-01 8.781922e-01 8.811827e-01 8.796631e-01 8.196217e-01 7.588351e-01 8.789048e-05
<GCONST> 7.298785e+01
<MIXTURE> 25 1.118642e-02
<MEAN> 25
 5.285096e-01 1.899189e+00 1.739638e+01 -5.080259e-01 -1.303467e+01 -2.663499e+00 -5.391053e+00 -2.212084e+00 -8.008342e+00 -5.465083e+00 3.780812e+00 -2.068053e+00 -2.217925e-01 6.506006e-01 2.958814e-01 4.146805e-01 4.761916e-01 2.846579e-01 3.864756e-01 -3.068021e-01 3.305402e-02 -5.544487e-02 7.240544e-03 1.274265e-01 -1.604427e-02
<VARIANCE> 25
 7.643949e+00 2.944406e+01 1.930665e+01 2.525837e+01 3.930792e+01 3.921255e+01 2.407898e+01 2.812009e+01 2.999989e+01 3.091481e+01 1.804342e+01 2.390116e+01 5.343696e-01 1.439186e+00 1.430529e+00 1.475805e+00 2.343889e+00 1.844672e+00 1.792054e+00 1.538132e+00 1.681814e+00 1.582893e+00 1.198479e+00 1.338388e+00 1.162446e-03
<GCONST> 8.196745e+01
<MIXTURE> 26 7.727677e-03
<MEAN> 25
 2.171671e+00 -6.001845e+00 -1.012394e+01 -7.186285e-01 7.988990e+00 5.374365e+00 3.974669e+00 -3.103905e-01 2.382918e+00 -1.020138e+00 -2.668238e+00 -9.155863e-01 -6.872881e-01 6.213076e-01 3.227310e-01 7.014580e-01 1.951979e-01 1.892303e-01 3.219486e-01 3.636559e-01 2.867795e-01 5.616166e-02 3.761652e-01 4.246385e-01 -5.226383e-02
<VARIANCE> 25
 2.433162e+01 3.745883e+01 2.764326e+01 6.146842e+01 3.780116e+01 4.179713e+01 4.587109e+01 4.337858e+01 3.817667e+01 5.460881e+01 3.991853e+01 4.552580e+01 1.656796e+00 1.965809e+00 1.969581e+00 1.996354e+00 2.380364e+00 2.393244e+00 2.514994e+00 2.688959e+00 2.269749e+00 2.328351e+00 2.131454e+00 1.952626e+00 3.290528e-03
<GCONST> 9.388373e+01
<MIXTURE> 27 7.727677e-03
<MEAN> 25
 2.171671e+00 -6.001845e+00 -1.012394e+01 -7.186285e-01 7.988990e+00 5.374365e+00 3.974669e+00 -3.103905e-01 2.382918e+00 -1.020138e+00 -2.668238e+00 -9.155863e-01 -6.872881e-01 6.213076e-01 3.227310e-01 7.014580e-01 1.951979e-01 1.892303e-01 3.219486e-01 3.636559e-01 2.867795e-01 5.616166e-02 3.761652e-01 4.246385e-01 -5.226383e-02
<VARIANCE> 25
 2.433162e+01 3.745883e+01 2.764326e+01 6.146842e+01 3.780116e+01 4.179713e+01 4.587109e+01 4.337858e+01 3.817667e+01 5.460881e+01 3.991853e+01 4.552580e+01 1.656796e+00 1.965809e+00 1.969581e+00 1.996354e+00 2.380364e+00 2.393244e+00 2.514994e+00 2.688959e+00 2.269749e+00 2.328351e+00 2.131454e+00 1.952626e+00 3.290528e-03
<GCONST> 9.388373e+01
<MIXTURE> 28 5.036674e-03
<MEAN> 25
 -5.411911e+00 5.336445e-02 -1.625108e+00 6.612708e+00 5.273460e+00 3.482651e+00 5.439259e+00 3.123827e+00 3.937733e+00 2.358223e+00 2.653450e+00 3.221028e+00 -1.132295e-01 2.229625e-01 5.273145e-01 7.824149e-01 8.159841e-01 6.971123e-01 5.214472e-01 3.931169e-01 4.349455e-01 4.812391e-01 3.697126e-01 1.834861e-01 -1.089057e-05
<VARIANCE> 25
 1.056010e+01 8.537690e+00 1.247046e+01 1.474961e+01 1.483025e+01 1.776922e+01 1.801685e+01 1.891782e+01 1.710305e+01 1.677548e+01 2.057773e+01 1.501363e+01 2.551684e-01 3.344725e-01 4.094321e-01 4.623655e-01 6.228331e-01 8.469983e-01 1.072513e+00 1.138998e+00 1.108132e+00 1.025249e+00 1.034000e+00 1.066288e+00 1.028695e-06
<GCONST> 6.033418e+01
<MIXTURE> 29 5.036674e-03
<MEAN> 25
 -5.411911e+00 5.336445e-02 -1.625108e+00 6.612708e+00 5.273460e+00 3.482651e+00 5.439259e+00 3.123827e+00 3.937733e+00 2.358223e+00 2.653450e+00 3.221028e+00 -1.132295e-01 2.229625e-01 5.273145e-01 7.824149e-01 8.159841e-01 6.971123e-01 5.214472e-01 3.931169e-01 4.349455e-01 4.812391e-01 3.697126e-01 1.834861e-01 -1.089057e-05
<VARIANCE> 25
 1.056010e+01 8.537690e+00 1.247046e+01 1.474961e+01 1.483025e+01 1.776922e+01 1.801685e+01 1.891782e+01 1.710305e+01 1.677548e+01 2.057773e+01 1.501363e+01 2.551684e-01 3.344725e-01 4.094321e-01 4.623655e-01 6.228331e-01 8.469983e-01 1.072513e+00 1.138998e+00 1.108132e+00 1.025249e+00 1.034000e+00 1.066288e+00 1.028695e-06
<GCONST> 6.033418e+01
<MIXTURE> 30 8.917812e-03
<MEAN> 25
 -4.469281e+00 -1.568956e-01 5.934417e-01 9.073398e+00 7.797302e+00 7.452683e+00 7.588592e+00 6.847608e+00 6.527494e+00 4.846664e+00 6.999196e+00 3.494351e+00 -2.440282e-02 2.933633e-02 5.744310e-02 8.847463e-02 8.066360e-02 4.349426e-02 1.576577e-02 3.759921e-04 1.327146e-02 5.345449e-02 5.830726e-02 2.781184e-02 -5.935029e-04
<VARIANCE> 25
 6.991326e+00 1.003361e+01 1.089438e+01 1.371432e+01 1.571950e+01 1.682091e+01 1.905344e+01 1.825383e+01 1.619795e+01 1.863121e+01 2.121036e+01 1.434343e+01 9.743600e-02 1.995614e-01 3.251039e-01 4.803606e-01 6.161880e-01 7.211564e-01 7.746477e-01 8.106678e-01 8.749364e-01 9.328815e-01 9.230389e-01 8.721713e-01 5.128036e-05
<GCONST> 6.068936e+01
<MIXTURE> 31 4.136493e-03
<MEAN> 25
 -3.290154e+00 -5.632703e+00 -2.512448e-03 4.886891e+00 3.728781e+00 1.665312e+00 5.257226e+00 6.625765e+00 2.759934e+00 1.204361e+00 6.518926e+00 3.160837e+00 2.512287e-01 4.719688e-01 -2.121600e-01 3.081456e-01 1.211229e-01 4.217214e-01 1.959292e-01 1.936175e-02 3.765727e-01 3.811986e-01 1.046448e-01 1.115644e-01 -1.832495e-02
<VARIANCE> 25
 7.148851e+00 1.578455e+01 1.796663e+01 1.791543e+01 2.542609e+01 2.381192e+01 2.359804e+01 2.532376e+01 2.592158e+01 2.802958e+01 2.028707e+01 1.865749e+01 1.916024e-01 4.947036e-01 6.022624e-01 7.672694e-01 9.674857e-01 1.089137e+00 1.224351e+00 1.392529e+00 1.340358e+00 1.314679e+00 1.248453e+00 1.137769e+00 2.569773e-04
<GCONST> 7.187925e+01
<MIXTURE> 32 4.136493e-03
<MEAN> 25
 -3.290154e+00 -5.632703e+00 -2.512448e-03 4.886891e+00 3.728781e+00 1.665312e+00 5.257226e+00 6.625765e+00 2.759934e+00 1.204361e+00 6.518926e+00 3.160837e+00 2.512287e-01 4.719688e-01 -2.121600e-01 3.081456e-01 1.211229e-01 4.217214e-01 1.959292e-01 1.936175e-02 3.765727e-01 3.811986e-01 1.046448e-01 1.115644e-01 -1.832495e-02
<VARIANCE> 25
 7.148851e+00 1.578455e+01 1.796663e+01 1.791543e+01 2.542609e+01 2.381192e+01 2.359804e+01 2.532376e+01 2.592158e+01 2.802958e+01 2.028707e+01 1.865749e+01 1.916024e-01 4.947036e-01 6.022624e-01 7.672694e-01 9.674857e-01 1.089137e+00 1.224351e+00 1.392529e+00 1.340358e+00 1.314679e+00 1.248453e+00 1.137769e+00 2.569773e-04
<GCONST> 7.187925e+01
<MIXTURE> 33 1.508826e-02
<MEAN> 25
 6.595179e+00 -4.683741e+00 -1.815601e+00 -2.349524e+00 -2.736858e+00 -5.377052e+00 -7.369226e+00 1.647206e+00 2.389960e+00 -9.186186e-02 -4.463366e+00 -3.246248e+00 8.194497e-01 -1.127008e+00 -2.376864e+00 -2.012882e+00 1.376705e+00 1.420541e+00 -9.988611e-01 5.096560e-01 5.482357e-01 6.409757e-01 -1.962768e-01 -1.280776e+00 3.395840e-02
<VARIANCE> 25
 9.029881e+00 2.274407e+01 2.717086e+01 3.368724e+01 4.225797e+01 3.974806e+01 4.009108e+01 4.596473e+01 3.577094e+01 4.097200e+01 3.188430e+01 2.587217e+01 1.425710e+00 1.756320e+00 2.047834e+00 2.080133e+00 3.994740e+00 3.071813e+00 4.351689e+00 5.157326e+00 4.929169e+00 3.965437e+00 3.351491e+00 2.399717e+00 1.386920e-03
<GCONST> 9.350392e+01
<MIXTURE> 34 1.588179e-02
<MEAN> 25
 8.357519e+00 -1.875857e-01 1.921843e-01 -4.257520e-01 -2.701706e+00 -6.897523e-01 -6.773355e+00 -5.573140e+00 -1.304292e+00 6.518098e-01 -2.503882e+00 -3.420328e+00 -4.423693e-02 1.495443e+00 1.157756e+00 2.295602e+00 4.898899e-01 -1.491950e-01 9.256477e-01 -1.477534e+00 -4.104188e-01 -2.471244e-01 -8.719060e-02 3.722669e-01 -6.692292e-02
<VARIANCE> 25
 8.082574e+00 2.909068e+01 2.436887e+01 5.368915e+01 4.021294e+01 4.894835e+01 5.256646e+01 5.176878e+01 5.157551e+01 4.241312e+01 4.958821e+01 2.713273e+01 1.114570e+00 1.862572e+00 3.864930e+00 3.498219e+00 6.089681e+00 5.191206e+00 4.708396e+00 5.749155e+00 5.831573e+00 5.182610e+00 5.331627e+00 3.371321e+00 1.171023e-03
<GCONST> 9.860666e+01
<MIXTURE> 35 1.467755e-02
<MEAN> 25
 -1.821214e+00 -3.525705e+00 -1.157108e+01 7.389137e-01 1.032646e+01 1.170791e+00 3.624699e+00 3.494019e+00 7.274392e-01 2.933074e+00 -2.064228e-01 1.232975e+00 3.105216e-01 -1.431258e+00 -1.152528e+00 -1.521181e+00 5.524729e-02 -4.602247e-01 -5.679299e-01 2.465777e-01 -6.796442e-01 9.788961e-01 -7.916412e-01 -6.433473e-01 1.046535e-01
<VARIANCE> 25
 1.480472e+01 2.934842e+01 4.090683e+01 4.940207e+01 3.225174e+01 4.326595e+01 4.857259e+01 3.894350e+01 4.898167e+01 3.827417e+01 3.267820e+01 3.016976e+01 3.084228e+00 3.232490e+00 9.220617e+00 4.237830e+00 4.700698e+00 4.703953e+00 4.326149e+00 4.607583e+00 4.430131e+00 4.874600e+00 3.802135e+00 3.045712e+00 3.972523e-03
<GCONST> 1.008952e+02
<MIXTURE> 36 1.093293e-02
<MEAN> 25
 4.320698e+00 -5.095449e+00 8.923768e+00 3.908729e+00 -1.369869e+01 -9.516471e+00 -8.484863e+00 5.015828e+00 -2.946590e+00 -6.690143e+00 1.037081e+00 -1.386946e+00 3.863171e-01 2.691941e-01 -6.769864e-01 1.542985e-01 6.403075e-01 1.043560e-01 -3.849700e-01 -1.929204e-01 6.151411e-01 7.333513e-01 -4.959537e-01 1.231984e-01 -1.473910e-02
<VARIANCE> 25
 8.050625e+00 1.653078e+01 2.191307e+01 2.352150e+01 4.493883e+01 2.384604e+01 4.240850e+01 3.305273e+01 3.222453e+01 3.220099e+01 2.622839e+01 2.362573e+01 3.378709e-01 5.751115e-01 1.200707e+00 1.061058e+00 1.446776e+00 1.843664e+00 2.291765e+00 1.988498e+00 1.555166e+00 1.335851e+00 1.068077e+00 1.697232e+00 5.521206e-04
<GCONST> 7.960512e+01
<MIXTURE> 37 1.246826e-02
<MEAN> 25
 6.779763e-01 7.391722e+00 1.184229e+01 -5.407576e+00 -7.818800e+00 -1.049840e+00 -5.177899e+00 -8.326559e+00 -3.397485e+00 -9.026443e-01 -3.457478e+00 -1.293464e+00 1.522846e-01 7.139667e-01 -1.325323e+00 3.518674e+00 2.041559e+00 -2.808851e-01 1.160822e+00 4.406743e-01 5.631647e-01 -3.946183e-01 5.725016e-01 -4.595124e-02 -9.471945e-02
<VARIANCE> 25
 1.566963e+01 2.837484e+01 3.437179e+01 5.070947e+01 3.712929e+01 3.214352e+01 4.306018e+01 3.456094e+01 4.007470e+01 3.532488e+01 3.792299e+01 3.040670e+01 2.856018e+00 3.360574e+00 2.902791e+00 3.989795e+00 4.585312e+00 3.642780e+00 4.143632e+00 3.767530e+00 3.358428e+00 3.679017e+00 3.846723e+00 2.742682e+00 3.764916e-03
<GCONST> 9.776579e+01
<MIXTURE> 38 1.154525e-02
<MEAN> 25
 -4.625726e+00 8.030163e+00 5.820373e+00 4.600458e+00 -2.381963e-01 -5.335418e+00 -1.837438e-01 -1.971283e+00 -2.072181e+00 -2.961740e+00 -2.194106e+00 1.070350e+00 -4.376088e+00 1.173625e+00 -2.660971e-01 1.598184e+00 2.583125e+00 1.293884e+00 1.980732e+00 1.040885e+00 7.319214e-01 5.875934e-01 7.580147e-01 4.430958e-01 4.238009e-02
<VARIANCE> 25
 2.841321e+01 3.078083e+01 4.315328e+01 4.152118e+01 5.097429e+01 3.144685e+01 3.332383e+01 3.966939e+01 3.389470e+01 2.856749e+01 2.417724e+01 4.022203e+01 2.185274e+00 3.526565e+00 3.417430e+00 4.705044e+00 3.745728e+00 4.481007e+00 4.201020e+00 4.148240e+00 3.959645e+00 4.322854e+00 4.168171e+00 3.217304e+00 2.004903e-03
<GCONST> 9.825545e+01
<MIXTURE> 39 9.501865e-03
<MEAN> 25
 1.513980e+00 1.962551e+00 9.649354e+00 -9.273446e+00 -1.126519e+01 -1.021946e+00 -3.626699e+00 -6.504800e+00 -4.259219e+00 1.183328e+00 -4.100248e+00 -2.488247e+00 -6.953236e-01 1.480934e+00 1.523689e+00 -1.425494e+00 2.062547e-01 1.139141e+00 -1.185836e+00 -1.203566e+00 3.853298e-01 4.109852e-01 -6.048615e-01 1.908802e-01 4.696361e-04
<VARIANCE> 25
 8.781482e+00 3.420822e+01 3.441834e+01 3.615893e+01 3.514628e+01 4.081069e+01 4.799124e+01 3.173266e+01 3.940140e+01 3.270916e+01 3.762743e+01 2.829035e+01 6.648607e-01 1.495509e+00 1.571604e+00 2.810161e+00 2.539399e+00 2.755778e+00 2.878746e+00 2.646007e+00 2.415766e+00 2.479539e+00 2.215518e+00 2.015382e+00 1.132628e-03
<GCONST> 8.946593e+01
<MIXTURE> 40 1.030800e-02
<MEAN> 25
 -8.764596e+00 2.323083e+00 -1.622508e+00 7.962031e+00 4.626002e+00 4.686036e+00 5.415480e+00 3.824775e+00 4.592756e+00 3.498252e+00 5.455979e+00 1.807836e+00 -1.312878e-01 -2.625034e-01 -6.086402e-02 -2.110152e-01 -1.309027e-01 -1.366251e-01 1.472947e-01 1.168748e-01 -2.533289e-02 6.541523e-02 -3.608808e-03 -1.221378e-01 2.766911e-03
<VARIANCE> 25
 4.491250e+01 1.892706e+01 3.366385e+01 2.517044e+01 2.900630e+01 2.100644e+01 1.878435e+01 1.756388e+01 1.566869e+01 2.253754e+01 1.868205e+01 1.355346e+01 6.970269e-01 7.026905e-01 8.875433e-01 1.000223e+00 1.080210e+00 1.181096e+00 1.271214e+00 1.237545e+00 1.139301e+00 1.171345e+00 1.226967e+00 1.278800e+00 7.943356e-04
<GCONST> 7.651147e+01
<MIXTURE> 41 6.713375e-03
<MEAN> 25
 1.382599e+00 1.685589e+00 1.027074e+01 -7.073991e+00 -1.031289e+01 -3.693001e+00 -2.552960e+00 -5.136859e+00 -4.628334e+00 2.818309e+00 -1.736758e+00 -9.653504e-01 1.302545e-01 -7.213441e-01 1.674046e+00 -3.538907e+00 -2.489351e+00 -6.107922e-02 -5.769438e-01 -3.743751e-01 -8.596079e-01 1.120177e+00 -1.044867e+00 8.733999e-02 8.660104e-02
<VARIANCE> 25
 1.176077e+01 2.967239e+01 3.376412e+01 3.993962e+01 3.927226e+01 4.078112e+01 3.684972e+01 2.973668e+01 3.307386e+01 2.946886e+01 3.143368e+01 2.688536e+01 3.274744e+00 3.390931e+00 3.818520e+00 3.882876e+00 4.852383e+00 6.008453e+00 4.928786e+00 4.608088e+00 3.957537e+00 4.220723e+00 3.767158e+00 3.177617e+00 2.899386e-03
<GCONST> 9.806235e+01
<MIXTURE> 42 1.106211e-02
<MEAN> 25
 -2.872696e+00 2.766485e+00 5.085465e+00 3.406276e+00 -4.321874e-01 -6.163405e+00 -8.145058e-01 -2.097368e+00 -6.582952e-01 -1.362039e+00 -3.710738e+00 5.294151e-01 4.556250e+00 -6.813647e-01 1.176803e+00 -4.016413e-01 -3.084847e+00 -9.065157e-01 -2.695808e+00 -9.211928e-01 -6.871161e-01 -7.748426e-01 4.987119e-01 -1.655958e+00 1.699552e-02
<VARIANCE> 25
 3.348510e+01 2.250860e+01 4.148716e+01 2.597465e+01 5.600503e+01 3.207459e+01 3.565330e+01 2.197302e+01 2.961087e+01 2.743214e+01 2.017942e+01 2.203779e+01 2.976622e+00 4.045028e+00 6.173616e+00 4.686237e+00 4.005088e+00 5.074797e+00 4.820636e+00 5.397394e+00 4.330522e+00 6.257866e+00 4.018144e+00 3.980653e+00 3.458975e-03
<GCONST> 9.903774e+01
<MIXTURE> 43 7.108249e-03
<MEAN> 25
 3.166840e+00 -6.309213e+00 -2.251087e+00 -5.190131e+00 -7.400279e+00 -3.404150e+00 4.140166e+00 1.310001e+00 -5.064784e+00 -7.095201e+00 -4.324992e+00 -1.249793e+00 2.377370e-01 2.165395e+00 1.914113e+00 -1.335181e-01 -1.430135e+00 -7.947854e-01 -9.698767e-01 -7.794451e-01 8.216911e-01 1.468523e+00 3.426840e-01 2.091687e-02 -4.510891e-02
<VARIANCE> 25
 9.601934e+00 1.968720e+01 2.734479e+01 3.520649e+01 3.840779e+01 3.664131e+01 3.330693e+01 3.981337e+01 3.965269e+01 3.864397e+01 2.654063e+01 2.955499e+01 6.906298e-01 1.248977e+00 1.570274e+00 2.491032e+00 2.376323e+00 2.383102e+00 2.653555e+00 3.026732e+00 2.606850e+00 2.577999e+00 2.331850e+00 1.919581e+00 9.431815e-04
<GCONST> 8.796864e+01
<MIXTURE> 44 7.328289e-03
<MEAN> 25
 -1.503096e+01 1.375498e+00 3.821391e+00 -2.277474e+00 3.918256e+00 1.816235e+00 1.511072e-03 2.654695e+00 1.602289e+00 -1.051710e-01 1.428088e+00 2.161077e+00 -4.399318e-01 -1.837089e-01 8.163969e-02 3.655081e-01 -5.726229e-02 2.350428e-01 5.172092e-01 3.545500e-02 3.053369e-01 1.748473e-01 -1.308114e-01 -2.427462e-03 6.663168e-03
<VARIANCE> 25
 3.833647e+01 2.405567e+01 3.244120e+01 3.643064e+01 3.756601e+01 2.659729e+01 2.415070e+01 2.874093e+01 2.493089e+01 2.899522e+01 2.490206e+01 1.853672e+01 1.581401e+00 1.475249e+00 1.318427e+00 1.198065e+00 1.994179e+00 1.599037e+00 1.356161e+00 1.473349e+00 1.376883e+00 1.396078e+00 1.411861e+00 1.264628e+00 1.193460e-03
<GCONST> 8.367441e+01
<MIXTURE> 45 1.364932e-02
<MEAN> 25
 -1.064733e+01 3.373553e+00 -2.017585e-01 2.442694e+00 6.847243e+00 6.833844e-01 4.188455e+00 3.316015e+00 2.287650e+00 2.664402e+00 1.463976e+00 2.338861e+00 -3.113075e+00 1.442235e-01 9.499866e-02 -1.456031e-01 -1.752038e-01 -3.688415e-01 2.446487e-01 3.165603e-02 -3.497963e-01 1.234138e-01 3.144920e-03 3.739210e-01 9.936366e-02
<VARIANCE> 25
 3.247658e+01 2.132997e+01 3.027608e+01 3.227325e+01 3.167785e+01 2.453026e+01 2.321750e+01 1.895746e+01 2.015561e+01 2.211826e+01 2.168030e+01 1.208186e+01 1.936492e+00 2.641866e+00 2.579258e+00 2.445043e+00 3.611476e+00 2.346440e+00 1.969298e+00 1.665825e+00 2.099997e+00 2.153192e+00 1.645788e+00 1.609044e+00 3.918387e-03
<GCONST> 8.752241e+01
<MIXTURE> 46 9.336259e-03
<MEAN> 25
 -9.359664e+00 2.297818e+00 1.229051e+00 7.582939e+00 5.866158e+00 3.250591e+00 6.999155e+00 4.528906e+00 5.678679e+00 4.556652e+00 4.889149e+00 3.008107e+00 9.940960e-01 -2.505767e-01 4.891100e-02 9.847912e-01 6.080625e-01 9.347449e-01 3.987670e-01 6.736573e-01 4.601819e-01 5.128096e-01 6.097071e-01 5.015026e-01 -1.026981e-01
<VARIANCE> 25
 3.451870e+01 4.294000e+01 4.050200e+01 5.085521e+01 5.168612e+01 4.058835e+01 3.686326e+01 3.493592e+01 3.246878e+01 3.167743e+01 2.909822e+01 2.039180e+01 4.037032e+00 4.110717e+00 3.893203e+00 4.094234e+00 4.153855e+00 3.667674e+00 3.366112e+00 3.057974e+00 2.929044e+00 2.830166e+00 2.338298e+00 1.796988e+00 8.168701e-03
<GCONST> 9.838579e+01
<MIXTURE> 47 7.116147e-03
<MEAN> 25
 7.308618e+00 -7.404692e+00 -7.679986e+00 -6.458929e+00 1.354778e+00 8.451819e-01 -2.510982e+00 1.131468e+00 3.018881e+00 2.184090e-01 -4.284921e+00 -6.740298e+00 -1.829464e-01 -1.243643e+00 -6.892130e-01 -4.464455e-01 6.223849e-01 8.149036e-01 8.542808e-01 3.045847e-01 1.077477e-01 -8.742740e-01 -4.861992e-01 -4.467364e-01 2.997309e-02
<VARIANCE> 25
 1.064099e+01 2.088566e+01 2.096016e+01 3.285418e+01 3.811658e+01 5.225963e+01 4.626609e+01 4.124423e+01 4.297478e+01 4.704289e+01 4.822559e+01 3.327699e+01 5.143880e-01 7.830924e-01 1.114937e+00 1.718603e+00 1.959506e+00 2.181956e+00 2.347939e+00 2.458576e+00 2.181168e+00 2.137231e+00 2.196752e+00 2.002551e+00 5.466036e-04
<GCONST> 8.648467e+01
<MIXTURE> 48 7.116147e-03
<MEAN> 25
 7.308618e+00 -7.404692e+00 -7.679986e+00 -6.458929e+00 1.354778e+00 8.451819e-01 -2.510982e+00 1.131468e+00 3.018881e+00 2.184090e-01 -4.284921e+00 -6.740298e+00 -1.829464e-01 -1.243643e+00 -6.892130e-01 -4.464455e-01 6.223849e-01 8.149036e-01 8.542808e-01 3.045847e-01 1.077477e-01 -8.742740e-01 -4.861992e-01 -4.467364e-01 2.997309e-02
<VARIANCE> 25
 1.064099e+01 2.088566e+01 2.096016e+01 3.285418e+01 3.811658e+01 5.225963e+01 4.626609e+01 4.124423e+01 4.297478e+01 4.704289e+01 4.822559e+01 3.327699e+01 5.143880e-01 7.830924e-01 1.114937e+00 1.718603e+00 1.959506e+00 2.181956e+00 2.347939e+00 2.458576e+00 2.181168e+00 2.137231e+00 2.196752e+00 2.002551e+00 5.466036e-04
<GCONST> 8.648467e+01
<MIXTURE> 49 5.548473e-03
<MEAN> 25
 -4.810047e+00 7.678084e-01 -2.954498e-01 8.179233e+00 6.302600e+00 5.130633e+00 6.218986e+00 4.509140e+00 4.955742e+00 3.247494e+00 4.957261e+00 2.866123e+00 3.506824e-01 6.536245e-01 6.819735e-01 3.240744e-01 -2.035884e-01 -6.670328e-01 -1.080852e+00 -1.169771e+00 -9.411625e-01 -6.285862e-01 -4.260845e-01 -2.663573e-01 1.785944e-04
<VARIANCE> 25
 1.007573e+01 1.182567e+01 1.649522e+01 1.598856e+01 1.531705e+01 1.942093e+01 1.856955e+01 1.831996e+01 1.731009e+01 2.002227e+01 1.947487e+01 1.369933e+01 2.664624e-01 2.512332e-01 3.503366e-01 5.971950e-01 8.221978e-01 9.154717e-01 1.036348e+00 1.133566e+00 1.073528e+00 1.188129e+00 1.277163e+00 1.148818e+00 1.434685e-05
<GCONST> 6.434515e+01
<MIXTURE> 50 6.234641e-03
<MEAN> 25
 -4.367517e+00 5.000888e-01 -1.992105e+00 6.128313e+00 4.569563e+00 1.863130e+00 3.930712e+00 1.927033e+00 3.067213e+00 1.136182e+00 2.388017e+00 3.002812e+00 5.374654e-02 1.652840e-01 1.141019e-01 -1.541112e-01 -4.945427e-01 -6.018394e-01 -4.794474e-01 -9.533955e-02 3.736390e-01 7.445710e-01 7.096043e-01 3.706099e-01 -2.733344e-05
<VARIANCE> 25
 1.081982e+01 1.240949e+01 1.663801e+01 1.441942e+01 1.605831e+01 1.942033e+01 1.819649e+01 1.868836e+01 1.860318e+01 1.740608e+01 2.142007e+01 1.494034e+01 1.363597e-01 2.274425e-01 3.825599e-01 5.086163e-01 5.745705e-01 6.915891e-01 9.453321e-01 1.157046e+00 1.070392e+00 8.769248e-01 8.803217e-01 1.013482e+00 1.221385e-06
<GCONST> 5.971085e+01
<MIXTURE> 51 6.234641e-03
<MEAN> 25
 -4.367517e+00 5.000888e-01 -1.992105e+00 6.128313e+00 4.569563e+00 1.863130e+00 3.930712e+00 1.927033e+00 3.067213e+00 1.136182e+00 2.388017e+00 3.002812e+00 5.374654e-02 1.652840e-01 1.141019e-01 -1.541112e-01 -4.945427e-01 -6.018394e-01 -4.794474e-01 -9.533955e-02 3.736390e-01 7.445710e-01 7.096043e-01 3.706099e-01 -2.733344e-05
<VARIANCE> 25
 1.081982e+01 1.240949e+01 1.663801e+01 1.441942e+01 1.605831e+01 1.942033e+01 1.819649e+01 1.868836e+01 1.860318e+01 1.740608e+01 2.142007e+01 1.494034e+01 1.363597e-01 2.274425e-01 3.825599e-01 5.086163e-01 5.745705e-01 6.915891e-01 9.453321e-01 1.157046e+00 1.070392e+00 8.769248e-01 8.803217e-01 1.013482e+00 1.221385e-06
<GCONST> 5.971085e+01
<MIXTURE> 52 6.367945e-03
<MEAN> 25
 9.064569e+00 1.394969e+00 -4.114583e+00 -1.428124e+01 -5.421470e+00 9.286139e+00 -2.966165e+00 -2.510489e+00 -5.783063e+00 5.634310e-01 3.223325e+00 1.005325e+00 -3.158062e-01 -4.962354e-01 6.278218e-02 1.101438e+00 1.663554e+00 -3.648127e-01 -4.465447e-01 -6.727533e-01 5.780984e-01 1.163451e+00 3.714015e-01 -6.359917e-01 -1.627978e-02
<VARIANCE> 25
 1.010101e+01 1.741949e+01 3.240474e+01 3.058403e+01 4.502364e+01 2.570103e+01 3.747252e+01 3.925578e+01 4.954630e+01 5.474673e+01 3.261477e+01 2.874761e+01 4.094074e-01 1.319960e+00 1.175867e+00 2.285958e+00 2.590048e+00 1.947062e+00 2.710652e+00 2.566850e+00 3.960758e+00 2.196229e+00 2.086196e+00 1.992229e+00 1.352630e-03
<GCONST> 8.802559e+01
<MIXTURE> 53 6.367945e-03
<MEAN> 25
 9.064569e+00 1.394969e+00 -4.114583e+00 -1.428124e+01 -5.421470e+00 9.286139e+00 -2.966165e+00 -2.510489e+00 -5.783063e+00 5.634310e-01 3.223325e+00 1.005325e+00 -3.158062e-01 -4.962354e-01 6.278218e-02 1.101438e+00 1.663554e+00 -3.648127e-01 -4.465447e-01 -6.727533e-01 5.780984e-01 1.163451e+00 3.714015e-01 -6.359917e-01 -1.627978e-02
<VARIANCE> 25
 1.010101e+01 1.741949e+01 3.240474e+01 3.058403e+01 4.502364e+01 2.570103e+01 3.747252e+01 3.925578e+01 4.954630e+01 5.474673e+01 3.261477e+01 2.874761e+01 4.094074e-01 1.319960e+00 1.175867e+00 2.285958e+00 2.590048e+00 1.947062e+00 2.710652e+00 2.566850e+00 3.960758e+00 2.196229e+00 2.086196e+00 1.992229e+00 1.352630e-03
<GCONST> 8.802559e+01
<MIXTURE> 54 7.368620e-03
<MEAN> 25
 -3.487037e+00 3.843401e-01 -1.135484e+00 7.854734e+00 6.749526e+00 4.373487e+00 4.948280e+00 4.493578e+00 4.123944e+00 3.259386e+00 4.299862e+00 2.242563e+00 -2.904629e-03 2.238001e-02 4.478143e-02 5.138395e-02 5.517376e-02 5.728268e-02 3.685206e-02 1.627134e-02 -1.049959e-02 2.669859e-02 -2.726168e-02 -6.871090e-04 8.735272e-05
<VARIANCE> 25
 9.007961e+00 1.175449e+01 1.221491e+01 1.784026e+01 1.383115e+01 1.392597e+01 1.275245e+01 1.094517e+01 1.107298e+01 1.476059e+01 1.748066e+01 1.212831e+01 3.892953e-02 8.811777e-02 1.565326e-01 2.208266e-01 2.931780e-01 3.963206e-01 4.858457e-01 5.022441e-01 5.450977e-01 5.031323e-01 5.266880e-01 4.967025e-01 1.214811e-06
<GCONST> 4.778729e+01
<MIXTURE> 55 7.368620e-03
<MEAN> 25
 -3.487037e+00 3.843401e-01 -1.135484e+00 7.854734e+00 6.749526e+00 4.373487e+00 4.948280e+00 4.493578e+00 4.123944e+00 3.259386e+00 4.299862e+00 2.242563e+00 -2.904629e-03 2.238001e-02 4.478143e-02 5.138395e-02 5.517376e-02 5.728268e-02 3.685206e-02 1.627134e-02 -1.049959e-02 2.669859e-02 -2.726168e-02 -6.871090e-04 8.735272e-05
<VARIANCE> 25
 9.007961e+00 1.175449e+01 1.221491e+01 1.784026e+01 1.383115e+01 1.392597e+01 1.275245e+01 1.094517e+01 1.107298e+01 1.476059e+01 1.748066e+01 1.212831e+01 3.892953e-02 8.811777e-02 1.565326e-01 2.208266e-01 2.931780e-01 3.963206e-01 4.858457e-01 5.022441e-01 5.450977e-01 5.031323e-01 5.266880e-01 4.967025e-01 1.214811e-06
<GCONST> 4.778729e+01
<MIXTURE> 56 6.132464e-03
<MEAN> 25
 7.552096e+00 -6.782114e+00 -9.135303e+00 -8.662551e+00 3.924503e+00 3.921783e+00 -2.208089e+00 -1.493225e+00 1.958387e+00 6.705891e-01 -2.502002e+00 -7.146519e+00 -1.074750e-02 2.725546e-02 -8.596212e-02 1.595191e-02 2.616709e-01 6.643430e-02 1.120945e-01 -1.374504e-01 -4.663027e-02 -3.639364e-02 -8.643944e-02 2.097974e-02 -7.049348e-03
<VARIANCE> 25
 9.329072e+00 2.323266e+01 2.017768e+01 4.117288e+01 3.370636e+01 5.093713e+01 6.220700e+01 3.683052e+01 3.885562e+01 3.768937e+01 4.030429e+01 3.108828e+01 2.056512e-01 4.329452e-01 4.520870e-01 7.857492e-01 8.030636e-01 1.110641e+00 9.114375e-01 9.076720e-01 9.090945e-01 9.245424e-01 1.041271e+00 7.859357e-01 2.397423e-04
<GCONST> 7.518771e+01
<MIXTURE> 57 6.132464e-03
<MEAN> 25
 7.552096e+00 -6.782114e+00 -9.135303e+00 -8.662551e+00 3.924503e+00 3.921783e+00 -2.208089e+00 -1.493225e+00 1.958387e+00 6.705891e-01 -2.502002e+00 -7.146519e+00 -1.074750e-02 2.725546e-02 -8.596212e-02 1.595191e-02 2.616709e-01 6.643430e-02 1.120945e-01 -1.374504e-01 -4.663027e-02 -3.639364e-02 -8.643944e-02 2.097974e-02 -7.049348e-03
<VARIANCE> 25
 9.329072e+00 2.323266e+01 2.017768e+01 4.117288e+01 3.370636e+01 5.093713e+01 6.220700e+01 3.683052e+01 3.885562e+01 3.768937e+01 4.030429e+01 3.108828e+01 2.056512e-01 4.329452e-01 4.520870e-01 7.857492e-01 8.030636e-01 1.110641e+00 9.114375e-01 9.076720e-01 9.090945e-01 9.245424e-01 1.041271e+00 7.859357e-01 2.397423e-04
<GCONST> 7.518771e+01
<MIXTURE> 58 6.172147e-03
<MEAN> 25
 2.595975e+00 -3.110245e+00 7.345128e+00 -5.308867e+00 -1.348386e+01 -5.569260e+00 1.619912e+00 8.268569e-01 -2.437937e+00 1.869828e+00 5.346572e-01 -8.598647e-01 -3.067408e-02 -1.372453e-01 -7.047931e-02 -1.679751e-01 -1.728068e-02 2.349646e-01 3.696042e-01 2.216465e-01 1.934776e-02 1.920483e-02 -8.179977e-02 -1.381126e-01 -2.811439e-03
<VARIANCE> 25
 7.382951e+00 1.517734e+01 2.038226e+01 2.717743e+01 2.308799e+01 4.688777e+01 3.319703e+01 3.476298e+01 3.291446e+01 3.138869e+01 2.289295e+01 2.031931e+01 3.064789e-01 8.018862e-01 7.504999e-01 1.030290e+00 8.883390e-01 1.207302e+00 1.160065e+00 1.298406e+00 1.079826e+00 1.061481e+00 9.193024e-01 8.773309e-01 7.236853e-04
<GCONST> 7.561311e+01
<MIXTURE> 59 6.172147e-03
<MEAN> 25
 2.595975e+00 -3.110245e+00 7.345128e+00 -5.308867e+00 -1.348386e+01 -5.569260e+00 1.619912e+00 8.268569e-01 -2.437937e+00 1.869828e+00 5.346572e-01 -8.598647e-01 -3.067408e-02 -1.372453e-01 -7.047931e-02 -1.679751e-01 -1.728068e-02 2.349646e-01 3.696042e-01 2.216465e-01 1.934776e-02 1.920483e-02 -8.179977e-02 -1.381126e-01 -2.811439e-03
<VARIANCE> 25
 7.382951e+00 1.517734e+01 2.038226e+01 2.717743e+01 2.308799e+01 4.688777e+01 3.319703e+01 3.476298e+01 3.291446e+01 3.138869e+01 2.289295e+01 2.031931e+01 3.064789e-01 8.018862e-01 7.504999e-01 1.030290e+00 8.883390e-01 1.207302e+00 1.160065e+00 1.298406e+00 1.079826e+00 1.061481e+00 9.193024e-01 8.773309e-01 7.236853e-04
<GCONST> 7.561311e+01
<MIXTURE> 60 4.479129e-03
<MEAN> 25
 -4.240405e+00 -6.216457e-01 -1.190726e+00 3.697911e+00 1.799212e+00 2.051250e+00 1.672312e+00 1.488577e+00 2.162256e+00 1.198013e+00 2.375249e+00 1.900360e+00 -2.928580e-02 5.587440e-02 1.013632e-01 1.311228e-01 1.253618e-01 1.319119e-01 1.879873e-01 3.250603e-01 5.341738e-01 6.636478e-01 5.536174e-01 3.026897e-01 -3.733260e-04
<VARIANCE> 25
 6.893200e+00 4.618870e+00 1.103367e+01 1.122717e+01 1.397508e+01 1.721348e+01 1.396681e+01 1.188472e+01 1.265943e+01 1.339313e+01 1.580276e+01 1.217386e+01 8.616805e-02 1.667549e-01 2.783680e-01 4.277830e-01 5.833858e-01 7.210991e-01 8.289542e-01 8.902228e-01 9.052227e-01 8.273956e-01 8.308184e-01 8.555261e-01 2.280247e-05
<GCONST> 5.635496e+01
<MIXTURE> 61 4.479129e-03
<MEAN> 25
 -4.240405e+00 -6.216457e-01 -1.190726e+00 3.697911e+00 1.799212e+00 2.051250e+00 1.672312e+00 1.488577e+00 2.162256e+00 1.198013e+00 2.375249e+00 1.900360e+00 -2.928580e-02 5.587440e-02 1.013632e-01 1.311228e-01 1.253618e-01 1.319119e-01 1.879873e-01 3.250603e-01 5.341738e-01 6.636478e-01 5.536174e-01 3.026897e-01 -3.733260e-04
<VARIANCE> 25
 6.893200e+00 4.618870e+00 1.103367e+01 1.122717e+01 1.397508e+01 1.721348e+01 1.396681e+01 1.188472e+01 1.265943e+01 1.339313e+01 1.580276e+01 1.217386e+01 8.616805e-02 1.667549e-01 2.783680e-01 4.277830e-01 5.833858e-01 7.210991e-01 8.289542e-01 8.902228e-01 9.052227e-01 8.273956e-01 8.308184e-01 8.555261e-01 2.280247e-05
<GCONST> 5.635496e+01
<MIXTURE> 62 3.278034e-03
<MEAN> 25
 -5.090885e+00 1.241377e+00 1.025366e+00 8.818285e+00 6.131352e+00 5.049913e+00 5.499485e+00 4.033584e+00 4.986217e+00 3.916701e+00 4.965765e+00 2.950714e+00 -1.003272e+00 -1.166548e+00 -9.532454e-01 -2.766808e-01 4.277278e-01 1.005141e+00 1.384716e+00 1.552134e+00 1.478460e+00 1.243362e+00 1.066819e+00 7.259816e-01 -1.264635e-03
<VARIANCE> 25
 9.876261e+00 9.957924e+00 1.312700e+01 1.673420e+01 1.741876e+01 1.752682e+01 1.970261e+01 1.911192e+01 1.885763e+01 1.873840e+01 2.156314e+01 1.479645e+01 4.018229e-01 4.321891e-01 5.540840e-01 7.793022e-01 1.035313e+00 1.192136e+00 1.252306e+00 1.279013e+00 1.330075e+00 1.364036e+00 1.400494e+00 1.371390e+00 1.633094e-05
<GCONST> 6.752974e+01
<MIXTURE> 63 4.351215e-03
<MEAN> 25
 -3.209231e+00 -3.223391e-01 -6.718449e+00 3.622329e+00 5.875344e+00 -9.539182e-01 4.046757e+00 1.131387e+00 3.727736e+00 -2.160228e+00 -7.740826e-02 2.486179e+00 -5.816476e-02 1.981258e-01 2.513406e-01 4.166672e-01 3.714461e-01 3.246190e-01 4.530509e-01 2.661891e-01 6.844599e-02 2.163371e-01 2.066133e-01 8.806164e-02 -2.918013e-03
<VARIANCE> 25
 7.034867e+00 1.510542e+01 1.551418e+01 1.203363e+01 2.040736e+01 1.949070e+01 2.176996e+01 1.824696e+01 2.197184e+01 1.768796e+01 1.591455e+01 1.305255e+01 2.699861e-01 4.467368e-01 5.843642e-01 5.979697e-01 1.019557e+00 9.184198e-01 1.180907e+00 1.129456e+00 1.177517e+00 1.164909e+00 1.360829e+00 1.113482e+00 1.664640e-04
<GCONST> 6.819813e+01
<MIXTURE> 64 4.351215e-03
<MEAN> 25
 -3.209231e+00 -3.223391e-01 -6.718449e+00 3.622329e+00 5.875344e+00 -9.539182e-01 4.046757e+00 1.131387e+00 3.727736e+00 -2.160228e+00 -7.740826e-02 2.486179e+00 -5.816476e-02 1.981258e-01 2.513406e-01 4.166672e-01 3.714461e-01 3.246190e-01 4.530509e-01 2.661891e-01 6.844599e-02 2.163371e-01 2.066133e-01 8.806164e-02 -2.918013e-03
<VARIANCE> 25
 7.034867e+00 1.510542e+01 1.551418e+01 1.203363e+01 2.040736e+01 1.949070e+01 2.176996e+01 1.824696e+01 2.197184e+01 1.768796e+01 1.591455e+01 1.305255e+01 2.699861e-01 4.467368e-01 5.843642e-01 5.979697e-01 1.019557e+00 9.184198e-01 1.180907e+00 1.129456e+00 1.177517e+00 1.164909e+00 1.360829e+00 1.113482e+00 1.664640e-04
<GCONST> 6.819813e+01
<MIXTURE> 65 1.721197e-02
<MEAN> 25
 7.905904e+00 1.752037e+00 1.908427e+00 2.303912e-01 -5.652263e+00 -4.167964e+00 -6.166899e+00 -6.783109e+00 -3.740357e+00 -1.983729e+00 -5.663316e+00 -2.057493e+00 1.651009e-01 1.401728e-01 9.823441e-03 6.235261e-02 -1.040827e-01 2.565125e-01 -1.409872e-01 -1.861652e-01 1.880080e-01 1.589830e-02 -9.434276e-02 -1.056022e-01 -4.639732e-03
<VARIANCE> 25
 1.004153e+01 2.198609e+01 2.497745e+01 3.944513e+01 3.840823e+01 5.782298e+01 5.881956e+01 5.749143e+01 5.636749e+01 5.927818e+01 5.609766e+01 5.039713e+01 5.405724e-01 9.512541e-01 1.564204e+00 1.933659e+00 2.142547e+00 2.149706e+00 2.263235e+00 2.928593e+00 2.435852e+00 2.414368e+00 2.456998e+00 2.126798e+00 4.253272e-04
<GCONST> 8.965285e+01
<MIXTURE> 66 1.191532e-02
<MEAN> 25
 6.578841e+00 -4.117845e+00 -5.178554e+00 -5.086971e+00 9.643788e-01 -4.876158e+00 -7.280411e+00 5.489478e-01 8.681676e-01 -1.599637e+00 -6.231093e+00 -3.514716e+00 -4.716394e-02 1.640100e+00 2.154495e+00 2.317846e+00 -1.131729e+00 -1.235917e+00 1.198790e-01 -5.068910e-01 -1.444685e-01 -3.169108e-01 -6.452569e-02 1.014044e+00 -6.317855e-02
<VARIANCE> 25
 8.615195e+00 2.164035e+01 2.884868e+01 3.271626e+01 3.941434e+01 5.187339e+01 5.563632e+01 4.994907e+01 5.195442e+01 6.852361e+01 3.623839e+01 3.504222e+01 1.219238e+00 2.453863e+00 2.466714e+00 2.361127e+00 5.031385e+00 4.319473e+00 4.217970e+00 5.071496e+00 4.327562e+00 5.026055e+00 4.046304e+00 3.222027e+00 1.593534e-03
<GCONST> 9.710732e+01
<MIXTURE> 67 1.559142e-02
<MEAN> 25
 8.035003e+00 2.265493e+00 -2.890584e+00 -7.479037e+00 1.209821e+00 4.995910e+00 -4.263958e+00 -4.586101e+00 -1.773231e+00 1.739303e+00 2.073699e+00 -1.503055e+00 -8.694938e-01 1.960032e+00 4.753396e-01 2.768934e+00 2.190605e+00 -8.425429e-01 1.237209e+00 2.128889e-01 1.205814e+00 -1.049001e+00 1.944837e-01 3.775915e-01 -1.145900e-01
<VARIANCE> 25
 8.555676e+00 2.825928e+01 2.527838e+01 4.259396e+01 3.691895e+01 4.677851e+01 4.430492e+01 4.304696e+01 5.271939e+01 5.132203e+01 4.358675e+01 2.969132e+01 1.593790e+00 2.212351e+00 2.213893e+00 2.770469e+00 3.905164e+00 3.366416e+00 3.265095e+00 3.672647e+00 5.314434e+00 4.690984e+00 3.977389e+00 2.577837e+00 2.038598e-03
<GCONST> 9.597528e+01
<MIXTURE> 68 1.485092e-02
<MEAN> 25
 -2.135688e+00 -2.933001e+00 -5.165486e+00 3.268881e-01 6.068422e+00 -1.189843e+00 2.149879e+00 1.618220e+00 1.161604e+00 2.593572e+00 -1.798054e-01 3.067623e-01 2.792709e+00 4.627471e-01 5.310213e-01 -2.773777e+00 -2.705513e+00 -1.032561e+00 -2.618353e+00 -2.109993e+00 -1.876064e+00 -7.513258e-01 -1.457811e+00 -9.956551e-01 9.991954e-02
<VARIANCE> 25
 2.697896e+01 2.888612e+01 8.512434e+01 4.610737e+01 4.506571e+01 4.572034e+01 4.086824e+01 4.073511e+01 3.978817e+01 3.947300e+01 3.346632e+01 3.124466e+01 1.922540e+00 3.330739e+00 6.147177e+00 5.167308e+00 4.233215e+00 5.789871e+00 5.295135e+00 4.555174e+00 4.888571e+00 6.508916e+00 5.116063e+00 2.803284e+00 6.131860e-03
<GCONST> 1.029664e+02
<MIXTURE> 69 1.204884e-02
<MEAN> 25
 4.692108e+00 -4.394706e+00 -3.222257e+00 -3.327752e+00 -3.729941e+00 -7.747032e+00 -1.044100e+00 2.256667e+00 -3.852573e-02 -4.483922e+00 -5.682128e+00 8.034054e-01 1.791643e+00 -2.239031e+00 -1.391689e+00 -2.306098e+00 -5.118819e-01 -3.488166e-01 -6.159409e-01 5.855767e-01 -7.019975e-01 -1.372060e+00 -1.990810e+00 -2.521104e-01 5.991455e-02
<VARIANCE> 25
 8.548632e+00 2.163457e+01 2.852072e+01 2.704169e+01 4.229396e+01 3.458961e+01 4.733799e+01 3.052125e+01 4.039613e+01 3.792016e+01 2.991749e+01 2.415384e+01 3.728530e+00 2.811249e+00 3.268431e+00 3.642276e+00 5.559190e+00 4.827546e+00 7.309299e+00 5.866693e+00 5.762609e+00 5.812274e+00 5.235401e+00 3.706559e+00 2.504353e-03
<GCONST> 9.865803e+01
<MIXTURE> 70 1.329190e-02
<MEAN> 25
 6.829025e+00 -3.012847e+00 -2.090967e+00 -4.884192e+00 -2.323271e+00 -4.976251e-01 -7.667199e+00 -5.420067e+00 1.691706e+00 4.512974e+00 -1.726451e+00 -5.060846e+00 2.351801e+00 -1.156480e+00 -2.980697e-01 -2.079152e+00 -2.461184e+00 1.079788e+00 -1.713071e+00 -3.965638e-01 -2.502521e-01 7.207450e-01 3.772520e-01 -1.519162e+00 5.773758e-02
<VARIANCE> 25
 7.340784e+00 2.179320e+01 2.437846e+01 4.723243e+01 3.718960e+01 3.555807e+01 3.823033e+01 3.646020e+01 3.955747e+01 3.405161e+01 3.391572e+01 1.960913e+01 3.725185e+00 2.739281e+00 5.346155e+00 4.739982e+00 5.710704e+00 5.562142e+00 6.014607e+00 6.774813e+00 4.983001e+00 4.526004e+00 4.809770e+00 4.115193e+00 2.008371e-03
<GCONST> 9.881503e+01
<MIXTURE> 71 1.406903e-02
<MEAN> 25
 6.392344e+00 5.175935e+00 4.251983e+00 3.094218e+00 -3.457243e+00 -3.418080e+00 -3.440517e+00 -6.651740e+00 -4.643173e+00 -2.495265e+00 -5.230917e+00 -3.249827e+00 -1.575259e+00 -7.012168e-01 -2.531404e-01 -1.770152e+00 1.121399e+00 -1.509059e-01 5.499770e-02 1.543088e+00 2.998483e-01 -1.762331e-01 6.834677e-01 1.798964e-01 4.083218e-02
<VARIANCE> 25
 1.882479e+01 2.586599e+01 2.426962e+01 4.521639e+01 4.089091e+01 4.062930e+01 4.263844e+01 4.146241e+01 3.922038e+01 4.457003e+01 3.659534e+01 3.450329e+01 1.749749e+00 3.042165e+00 5.322043e+00 4.910393e+00 4.751707e+00 4.752993e+00 4.871323e+00 5.383617e+00 4.321287e+00 4.102412e+00 3.626602e+00 3.297723e+00 1.429839e-03
<GCONST> 9.876160e+01
<MIXTURE> 72 8.134747e-03
<MEAN> 25
 3.790248e+00 -3.693285e+00 5.466080e+00 -2.461952e+00 -1.042051e+01 -9.623713e+00 -2.466774e+00 1.931567e+00 -4.946412e+00 -2.208916e+00 -1.891266e+00 6.073343e-01 9.319178e-01 -7.849662e-01 -2.573797e+00 4.620720e-01 2.134540e+00 -6.551101e-01 -1.318344e+00 1.525078e+00 1.812550e+00 -5.953209e-01 -1.289111e+00 4.028855e-01 -6.119809e-03
<VARIANCE> 25
 1.077678e+01 1.950632e+01 3.290899e+01 3.848045e+01 3.242999e+01 3.336525e+01 4.117634e+01 3.627605e+01 4.367315e+01 4.146267e+01 3.879112e+01 2.854782e+01 4.322791e-01 1.027605e+00 2.027682e+00 1.470775e+00 2.190447e+00 2.353343e+00 3.059578e+00 2.734496e+00 2.606297e+00 2.959224e+00 2.023318e+00 2.128095e+00 5.407888e-04
<GCONST> 8.727161e+01
<MIXTURE> 73 1.213625e-02
<MEAN> 25
 -5.450274e+00 -1.239675e+00 -1.620450e+00 4.444960e+00 4.593089e+00 1.920366e+00 6.543184e+00 3.556594e+00 4.410624e+00 2.470007e+00 3.902966e+00 2.963228e+00 4.279554e-01 -1.326408e+00 2.460211e-02 -2.564331e+00 -1.529768e+00 -1.447705e+00 -1.097814e+00 -7.229482e-01 -1.174460e+00 -4.959705e-02 -1.015304e+00 -3.231544e-01 1.515311e-01
<VARIANCE> 25
 1.197577e+01 1.866836e+01 1.840647e+01 2.002738e+01 2.022302e+01 2.140466e+01 2.113862e+01 1.737456e+01 1.604751e+01 2.276333e+01 2.023072e+01 1.288323e+01 4.196269e+00 2.990988e+00 8.136791e+00 4.436906e+00 5.370880e+00 4.116161e+00 3.884361e+00 4.411579e+00 3.861264e+00 5.062187e+00 2.932778e+00 2.298447e+00 3.700185e-03
<GCONST> 9.204168e+01
<MIXTURE> 74 1.756491e-02
<MEAN> 25
 4.310771e+00 -2.394335e+00 6.814183e+00 -2.509445e-01 -1.027396e+01 -7.441417e+00 -3.820625e+00 3.155779e-01 -3.722022e+00 -2.938483e+00 -2.006975e+00 -1.115229e-02 9.631727e-02 2.091458e+00 -9.122740e-02 1.559473e+00 1.731822e+00 4.733744e-01 7.847694e-01 -1.349358e+00 5.561545e-01 3.462589e-01 -1.126836e-01 4.107097e-01 -7.298125e-02
<VARIANCE> 25
 9.808416e+00 2.082294e+01 4.520632e+01 4.210580e+01 4.730823e+01 3.596146e+01 4.882219e+01 4.418333e+01 4.246085e+01 4.008065e+01 3.692236e+01 2.898355e+01 1.930775e+00 1.678591e+00 3.181147e+00 2.323996e+00 3.911760e+00 3.223674e+00 6.007554e+00 3.635108e+00 3.781784e+00 4.285970e+00 3.247089e+00 3.484985e+00 1.632194e-03
<GCONST> 9.593684e+01
<MIXTURE> 75 9.711651e-03
<MEAN> 25
 2.338407e+00 -2.761928e+00 1.160942e+01 2.479212e+00 -1.350003e+01 -7.493386e+00 -5.169764e+00 9.222487e-01 -4.806764e+00 -6.306569e+00 2.158218e+00 -7.183732e-01 1.851381e+00 -1.851162e+00 2.735125e-01 -3.590127e-01 -2.488925e+00 -6.916255e-01 -1.908338e+00 1.508958e+00 -4.058973e-01 -6.087583e-01 1.075007e+00 -8.585705e-01 4.018192e-02
<VARIANCE> 25
 9.692720e+00 2.318246e+01 2.623276e+01 2.553746e+01 3.251286e+01 2.695778e+01 2.964821e+01 3.639877e+01 3.072544e+01 4.380875e+01 2.073078e+01 2.143141e+01 2.395670e+00 1.663905e+00 3.791919e+00 2.252237e+00 3.552168e+00 3.638039e+00 4.290432e+00 3.971910e+00 3.502423e+00 3.623367e+00 2.745169e+00 2.489842e+00 1.349489e-03
<GCONST> 9.170724e+01
<MIXTURE> 76 1.052359e-02
<MEAN> 25
 -6.720341e+00 -6.056494e-01 -2.916216e+00 4.139528e+00 4.683880e+00 9.067302e-01 4.942926e+00 2.156692e+00 2.753031e+00 -7.000837e-01 1.140312e+00 2.904022e+00 -1.111041e-01 -5.022171e-01 -2.516038e-01 -7.099150e-01 -6.944054e-01 -7.818011e-01 -3.982049e-01 -3.012814e-01 -2.574663e-01 -3.613593e-01 -2.969823e-01 -8.589324e-02 1.921383e-02
<VARIANCE> 25
 4.155202e+01 2.461360e+01 4.517680e+01 2.654543e+01 3.536763e+01 2.552258e+01 2.379620e+01 2.203745e+01 1.901403e+01 2.575844e+01 2.899189e+01 1.701364e+01 9.669462e-01 1.020309e+00 1.438333e+00 1.079720e+00 1.375031e+00 1.451468e+00 1.595035e+00 1.454652e+00 1.351295e+00 1.649452e+00 1.719215e+00 1.577397e+00 1.338178e-03
<GCONST> 8.257131e+01
<MIXTURE> 77 1.244626e-02
<MEAN> 25
 -4.588542e-01 8.569671e+00 1.244793e+01 -1.162471e+01 -7.011369e+00 9.611891e-01 -9.285389e+00 -7.236125e+00 -3.375339e+00 -1.890356e-01 -4.663300e+00 -1.485296e+00 6.774381e-02 1.382745e-01 7.389460e-02 2.497735e-01 -1.864853e-02 7.787837e-02 -6.482822e-02 -6.324523e-02 8.368288e-02 -4.451497e-02 2.564191e-02 1.192420e-01 -9.932754e-03
<VARIANCE> 25
 1.046960e+01 2.029570e+01 2.766405e+01 4.152593e+01 3.315795e+01 3.382436e+01 3.670607e+01 3.175102e+01 3.524031e+01 3.323413e+01 3.759714e+01 3.495551e+01 2.985601e-01 7.789163e-01 6.449867e-01 1.086639e+00 1.246772e+00 9.844987e-01 1.222224e+00 1.074701e+00 1.044313e+00 1.065694e+00 9.708839e-01 9.238777e-01 5.397305e-04
<GCONST> 7.781976e+01
<MIXTURE> 78 9.702551e-03
<MEAN> 25
 -1.178887e+01 2.761480e-01 1.024106e-01 3.430838e+00 3.745407e+00 -2.152607e+00 3.559253e+00 2.936787e+00 3.034986e+00 1.424722e+00 -2.087984e+00 3.109696e+00 2.445167e+00 -3.701819e-01 -2.150794e-01 9.660026e-04 -1.431061e-01 -2.681789e-01 -6.331085e-01 -4.884542e-01 3.564821e-01 1.764726e-01 -4.693369e-01 -9.261546e-01 -4.713381e-02
<VARIANCE> 25
 3.235909e+01 2.655318e+01 4.349128e+01 4.333429e+01 4.964677e+01 2.869850e+01 3.278591e+01 2.713003e+01 2.297038e+01 3.406004e+01 3.582851e+01 2.456004e+01 4.812552e+00 2.097568e+00 2.637384e+00 3.327643e+00 2.562494e+00 3.383743e+00 4.004714e+00 2.678362e+00 1.813854e+00 2.152148e+00 1.819015e+00 2.242333e+00 4.255681e-03
<GCONST> 9.406400e+01
<MIXTURE> 79 1.156824e-02
<MEAN> 25
 2.430843e+00 1.556486e+00 9.192737e+00 -6.620196e+00 -1.206035e+01 -1.788386e+00 -1.937244e+00 -6.465594e+00 -6.558403e+00 3.490908e-01 -3.503370e+00 -3.282290e+00 1.214662e+00 -5.193480e-01 -1.426728e+00 2.351586e+00 3.966485e-01 -1.468730e+00 5.426644e-01 8.825830e-01 -4.254944e-01 -5.411659e-01 3.620232e-01 2.773414e-01 -3.642496e-02
<VARIANCE> 25
 1.419697e+01 2.417246e+01 3.804136e+01 4.981894e+01 3.349524e+01 4.387241e+01 4.295334e+01 3.671780e+01 3.896723e+01 3.987837e+01 4.398800e+01 3.071305e+01 9.495026e-01 2.271752e+00 1.897878e+00 2.080753e+00 2.525892e+00 2.812305e+00 3.199506e+00 3.534443e+00 2.532768e+00 2.729818e+00 2.312982e+00 2.036296e+00 1.230453e-03
<GCONST> 9.185668e+01
<MIXTURE> 80 7.550998e-03
<MEAN> 25
 -1.463850e+01 3.486714e+00 6.134648e-01 2.796587e+00 2.616369e+00 1.147211e+00 6.136105e+00 2.476900e+00 2.885773e+00 2.870419e+00 4.726055e+00 1.530349e+00 4.284892e+00 -3.270714e-03 1.579122e+00 -1.124766e+00 -2.843118e+00 -2.715667e+00 -2.326821e+00 -2.051547e+00 -1.836671e+00 -1.669446e+00 -1.614277e+00 -6.778181e-01 -4.078386e-02
<VARIANCE> 25
 1.985491e+01 2.204206e+01 3.308329e+01 3.327263e+01 3.486166e+01 2.866762e+01 3.099564e+01 2.689778e+01 2.573878e+01 3.126870e+01 2.637272e+01 2.690178e+01 2.289487e+00 2.525773e+00 2.707992e+00 4.024446e+00 3.293151e+00 2.651765e+00 2.885315e+00 3.034838e+00 2.864689e+00 2.543785e+00 2.645622e+00 2.119502e+00 1.704901e-03
<GCONST> 9.173657e+01
<MIXTURE> 81 8.025434e-03
<MEAN> 25
 -9.387664e-01 3.645319e+00 9.866193e+00 -1.462587e+01 -9.141305e+00 -1.431711e+00 -7.011854e+00 -8.344342e+00 -3.970339e+00 -1.999634e-01 -7.685000e+00 -2.372261e+00 1.225846e-01 -5.388612e-01 -5.665191e-03 -6.134776e-01 -3.837610e-01 3.194284e-01 2.730951e-01 1.257149e-01 -1.572659e-01 1.000131e-01 -5.321194e-01 -8.155429e-02 1.081948e-02
<VARIANCE> 25
 1.069168e+01 3.656454e+01 2.823742e+01 2.922943e+01 3.274831e+01 2.963317e+01 4.554070e+01 2.755983e+01 3.763761e+01 3.211050e+01 2.497238e+01 3.055722e+01 7.496074e-01 2.271835e+00 1.495987e+00 2.883994e+00 2.783297e+00 2.066931e+00 3.234159e+00 2.232774e+00 2.304365e+00 2.456052e+00 2.360883e+00 2.065466e+00 1.164720e-03
<GCONST> 8.866211e+01
<MIXTURE> 82 8.213053e-03
<MEAN> 25
 -1.000667e+01 -4.125751e+00 2.221447e+00 -1.805670e+00 3.343233e+00 6.153474e-01 2.470943e+00 1.264658e+00 2.586158e+00 1.765236e+00 1.670745e+00 3.056956e+00 -1.537694e+00 -2.193720e-01 7.202181e-01 -2.283776e+00 -1.459363e+00 -1.286794e+00 -9.620096e-01 -7.161795e-01 -3.065380e-01 -3.026941e-01 -5.488009e-01 2.395373e-02 1.705823e-01
<VARIANCE> 25
 1.626666e+01 2.442918e+01 3.026975e+01 3.178160e+01 3.024379e+01 2.792299e+01 2.855136e+01 2.808870e+01 2.695000e+01 2.199229e+01 2.806527e+01 1.530575e+01 3.696998e+00 2.664439e+00 3.919493e+00 3.201946e+00 3.579134e+00 2.778987e+00 2.592886e+00 2.795274e+00 2.579168e+00 2.468963e+00 2.389316e+00 1.833130e+00 3.198353e-03
<GCONST> 9.135243e+01
<MIXTURE> 83 1.167529e-02
<MEAN> 25
 -1.938565e+01 4.501927e+00 -8.191354e-01 -1.739701e-01 8.208274e+00 -7.979622e-01 5.100416e+00 2.968539e+00 1.385191e+00 3.054339e+00 3.193498e-01 2.438741e+00 -7.488849e-02 -5.521307e-01 -2.185210e-01 -3.314570e-01 -4.069406e-01 -3.219703e-01 -1.190100e-01 -1.723202e-01 5.052134e-02 1.180913e-01 -1.285961e-01 -2.135247e-01 2.882804e-03
<VARIANCE> 25
 9.334212e+00 1.792641e+01 2.865180e+01 1.987875e+01 2.328432e+01 2.248271e+01 2.091094e+01 2.009727e+01 1.770816e+01 2.343923e+01 2.058139e+01 1.422219e+01 1.063102e+00 8.308779e-01 1.450107e+00 9.513509e-01 1.275801e+00 1.464080e+00 1.182466e+00 1.209536e+00 1.169940e+00 1.304755e+00 1.105048e+00 1.181826e+00 8.668417e-04
<GCONST> 7.624035e+01
<MIXTURE> 84 1.066614e-02
<MEAN> 25
 1.499038e+00 8.028284e+00 6.706770e+00 7.635310e+00 3.008358e+00 -8.287422e-01 -6.768341e-01 -3.795675e+00 -3.050074e+00 -4.163730e+00 -1.632490e+00 -1.703201e+00 -1.644167e+00 -9.044099e-01 -1.563210e+00 1.048736e+00 2.189907e+00 1.264424e+00 1.265633e+00 1.144412e+00 1.408244e+00 1.187152e-01 3.563859e-01 2.703571e-01 -7.844876e-02
<VARIANCE> 25
 2.058556e+01 1.773656e+01 2.926930e+01 2.251166e+01 2.511306e+01 2.342397e+01 2.636845e+01 2.407467e+01 2.682266e+01 2.650415e+01 2.109248e+01 2.351515e+01 1.856492e+00 2.239048e+00 3.725033e+00 2.956661e+00 2.834103e+00 3.388720e+00 2.882537e+00 2.975802e+00 3.321414e+00 3.048971e+00 3.000407e+00 2.361803e+00 3.125031e-03
<GCONST> 9.068162e+01
<MIXTURE> 85 7.591393e-03
<MEAN> 25
 -3.349508e+00 7.402624e+00 5.949262e+00 1.585066e+00 -3.652217e+00 -5.304679e+00 -2.751366e+00 -6.116605e+00 -3.537642e+00 -3.325571e+00 -8.531628e-01 -1.919556e+00 4.023620e+00 2.165184e-01 1.793509e+00 -1.985697e+00 -3.486421e+00 -2.510324e+00 -2.960720e+00 -2.171740e+00 -2.216632e+00 -1.473832e+00 -2.244632e+00 -8.041611e-01 1.224309e-02
<VARIANCE> 25
 4.197252e+01 2.571836e+01 3.629807e+01 3.817191e+01 4.239569e+01 3.978342e+01 3.235635e+01 2.627697e+01 2.544076e+01 2.562561e+01 2.719822e+01 1.983850e+01 2.655330e+00 4.279350e+00 3.859425e+00 5.124683e+00 4.241035e+00 3.827953e+00 3.792042e+00 4.388848e+00 3.707432e+00 4.623909e+00 3.775345e+00 3.948878e+00 5.277049e-03
<GCONST> 9.842493e+01
<MIXTURE> 86 1.273941e-02
<MEAN> 25
 -4.848110e+00 -1.037479e+00 -1.016369e+00 6.350252e+00 5.188455e+00 4.473245e+00 5.323065e+00 4.493474e+00 4.667384e+00 3.738860e+00 5.260870e+00 2.604982e+00 -1.339921e-02 -1.563240e-02 -4.685922e-02 -8.012538e-02 -1.085038e-01 -1.774427e-01 -2.526550e-01 -3.195228e-01 -3.417057e-01 -3.155505e-01 -2.600417e-01 -1.315724e-01 -8.179097e-04
<VARIANCE> 25
 8.163883e+00 6.408364e+00 1.127780e+01 1.202145e+01 1.633809e+01 1.519710e+01 1.347269e+01 1.291461e+01 1.285117e+01 1.489312e+01 1.422170e+01 1.278385e+01 9.967722e-02 1.909069e-01 3.152109e-01 4.816113e-01 6.224566e-01 7.254888e-01 7.487067e-01 7.558333e-01 8.147066e-01 8.664854e-01 9.307211e-01 9.269274e-01 5.554130e-05
<GCONST> 5.843914e+01
<MIXTURE> 87 1.100681e-02
<MEAN> 25
 -4.182388e+00 4.183855e+00 3.106172e+00 6.858773e+00 5.206585e+00 9.227861e-01 2.092121e+00 -7.611318e-01 -7.651068e-01 -1.123902e+00 -6.575203e-01 3.876578e-01 -2.132494e+00 -2.702874e+00 -1.873842e+00 -2.008550e+00 -3.186967e-01 -2.078642e-01 7.081938e-01 1.126810e+00 1.289900e+00 1.072777e+00 9.744272e-01 1.194534e+00 1.018083e-01
<VARIANCE> 25
 4.497091e+01 2.777835e+01 2.975753e+01 3.072882e+01 3.023165e+01 2.907287e+01 2.719241e+01 2.500596e+01 2.479522e+01 2.319496e+01 2.298541e+01 2.253588e+01 3.508331e+00 2.515687e+00 4.357276e+00 3.669911e+00 5.430759e+00 4.030220e+00 3.811635e+00 4.006967e+00 3.570221e+00 3.167516e+00 3.363137e+00 3.198642e+00 4.622899e-03
<GCONST> 9.598692e+01
<MIXTURE> 88 1.256585e-02
<MEAN> 25
 -3.854615e+00 -1.923504e-01 -2.053246e+00 5.542180e+00 5.283695e+00 3.006203e+00 4.884214e+00 3.163239e+00 3.863350e+00 1.365221e+00 3.116581e+00 2.373960e+00 -1.618846e-01 1.666240e-01 1.417938e-01 3.209053e-01 4.120046e-01 2.590739e-01 9.808780e-02 9.863928e-03 -4.076768e-01 -1.004682e-01 -2.012429e-01 4.737861e-02 -3.825482e-03
<VARIANCE> 25
 9.296147e+00 1.131061e+01 1.800227e+01 1.475135e+01 2.074589e+01 1.958853e+01 1.774336e+01 1.671428e+01 1.614017e+01 2.202275e+01 1.880365e+01 1.480122e+01 1.601468e+00 1.501521e+00 2.038624e+00 2.040589e+00 2.746608e+00 2.518110e+00 2.661454e+00 2.516914e+00 2.286152e+00 2.973459e+00 2.222137e+00 1.879967e+00 1.440897e-03
<GCONST> 8.232835e+01
<MIXTURE> 89 9.333527e-03
<MEAN> 25
 5.936941e+00 -6.904058e+00 -1.570117e+00 -3.507510e+00 -3.600738e+00 -6.083263e+00 -6.457482e+00 3.658213e+00 2.647447e+00 -1.010818e+00 -5.866925e+00 -4.344943e+00 -5.806388e-01 3.689704e-02 2.170060e+00 1.187460e+00 -2.248712e+00 -1.973280e+00 9.279556e-01 1.624616e+00 -1.272887e+00 -1.627774e+00 6.136357e-01 1.169469e+00 -1.125449e-03
<VARIANCE> 25
 7.751811e+00 2.271723e+01 4.611668e+01 2.757156e+01 5.150778e+01 3.696789e+01 5.149798e+01 3.912184e+01 3.857278e+01 5.155676e+01 3.112159e+01 3.278765e+01 3.018643e-01 7.872309e-01 1.404119e+00 1.509677e+00 2.416973e+00 2.427488e+00 2.248980e+00 2.456037e+00 3.004409e+00 2.380013e+00 2.244397e+00 2.027586e+00 3.802993e-04
<GCONST> 8.634974e+01
<MIXTURE> 90 7.114505e-03
<MEAN> 25
 2.448303e+00 -9.724026e+00 -4.755224e+00 -3.978203e+00 -3.383531e+00 -1.813609e+00 3.366459e+00 1.181472e+00 -7.532735e+00 -1.021719e+01 -3.429786e+00 -7.391614e-01 -1.636494e-01 9.090760e-01 1.168847e+00 -8.539605e-01 -1.613071e+00 -2.119475e-01 6.448127e-01 -2.099730e-01 -1.688371e-01 7.371334e-01 1.830017e-01 -5.501263e-01 -1.114909e-02
<VARIANCE> 25
 8.492670e+00 1.778497e+01 1.981329e+01 2.802240e+01 3.684357e+01 3.217603e+01 3.852304e+01 3.640568e+01 3.521756e+01 2.769225e+01 2.700363e+01 2.613737e+01 2.237495e-01 6.127543e-01 7.866797e-01 1.042858e+00 1.470068e+00 1.591660e+00 1.780406e+00 1.654585e+00 1.810353e+00 1.678379e+00 1.495432e+00 1.308613e+00 2.149854e-04
<GCONST> 7.813303e+01
<MIXTURE> 91 7.852945e-03
<MEAN> 25
 6.365069e+00 -7.634550e+00 -8.462367e+00 -5.247718e+00 3.806013e+00 -1.377016e-01 -2.365149e+00 6.206051e-01 7.880197e-01 -2.835360e+00 -5.032994e+00 -5.172697e+00 2.542799e-01 1.008618e+00 1.880571e-01 4.325860e-01 -2.950042e-02 -5.568388e-01 -3.843274e-01 -1.190638e-01 -8.689848e-02 4.460893e-01 -1.166856e-01 2.293920e-01 -3.495382e-02
<VARIANCE> 25
 1.003726e+01 2.243268e+01 2.070655e+01 4.052738e+01 3.676057e+01 5.480125e+01 5.600419e+01 4.002850e+01 5.128350e+01 6.432334e+01 3.863648e+01 4.096846e+01 4.424038e-01 8.786693e-01 1.115224e+00 1.397667e+00 2.295955e+00 2.350091e+00 2.346490e+00 2.386891e+00 2.243120e+00 2.198406e+00 2.005280e+00 1.821376e+00 5.798120e-04
<GCONST> 8.723330e+01
<MIXTURE> 92 7.852945e-03
<MEAN> 25
 6.365069e+00 -7.634550e+00 -8.462367e+00 -5.247718e+00 3.806013e+00 -1.377016e-01 -2.365149e+00 6.206051e-01 7.880197e-01 -2.835360e+00 -5.032994e+00 -5.172697e+00 2.542799e-01 1.008618e+00 1.880571e-01 4.325860e-01 -2.950042e-02 -5.568388e-01 -3.843274e-01 -1.190638e-01 -8.689848e-02 4.460893e-01 -1.166856e-01 2.293920e-01 -3.495382e-02
<VARIANCE> 25
 1.003726e+01 2.243268e+01 2.070655e+01 4.052738e+01 3.676057e+01 5.480125e+01 5.600419e+01 4.002850e+01 5.128350e+01 6.432334e+01 3.863648e+01 4.096846e+01 4.424038e-01 8.786693e-01 1.115224e+00 1.397667e+00 2.295955e+00 2.350091e+00 2.346490e+00 2.386891e+00 2.243120e+00 2.198406e+00 2.005280e+00 1.821376e+00 5.798120e-04
<GCONST> 8.723330e+01
<MIXTURE> 93 6.122769e-03
<MEAN> 25
 -6.628255e+00 -7.732841e-01 -2.587429e+00 5.818451e+00 6.091104e+00 3.732888e+00 6.171781e+00 3.561464e+00 4.076265e+00 2.369731e+00 1.735717e+00 3.548580e+00 -5.998946e-02 -1.708252e-01 -2.640022e-01 -3.242043e-01 -3.138029e-01 -3.096038e-01 -2.461039e-01 -1.784861e-01 -1.670875e-01 -1.743036e-01 -1.140443e-01 -1.568198e-02 1.377240e-05
<VARIANCE> 25
 9.796358e+00 6.755179e+00 8.825887e+00 1.099426e+01 1.201486e+01 1.640318e+01 1.491935e+01 1.597850e+01 1.438913e+01 1.483940e+01 1.653562e+01 1.370650e+01 7.997593e-02 1.576739e-01 2.575507e-01 3.705182e-01 4.938243e-01 6.432847e-01 7.792217e-01 8.657600e-01 8.897783e-01 8.688700e-01 8.647090e-01 9.049461e-01 1.088258e-06
<GCONST> 5.376246e+01
<MIXTURE> 94 6.122769e-03
<MEAN> 25
 -6.628255e+00 -7.732841e-01 -2.587429e+00 5.818451e+00 6.091104e+00 3.732888e+00 6.171781e+00 3.561464e+00 4.076265e+00 2.369731e+00 1.735717e+00 3.548580e+00 -5.998946e-02 -1.708252e-01 -2.640022e-01 -3.242043e-01 -3.138029e-01 -3.096038e-01 -2.461039e-01 -1.784861e-01 -1.670875e-01 -1.743036e-01 -1.140443e-01 -1.568198e-02 1.377240e-05
<VARIANCE> 25
 9.796358e+00 6.755179e+00 8.825887e+00 1.099426e+01 1.201486e+01 1.640318e+01 1.491935e+01 1.597850e+01 1.438913e+01 1.483940e+01 1.653562e+01 1.370650e+01 7.997593e-02 1.576739e-01 2.575507e-01 3.705182e-01 4.938243e-01 6.432847e-01 7.792217e-01 8.657600e-01 8.897783e-01 8.688700e-01 8.647090e-01 9.049461e-01 1.088258e-06
<GCONST> 5.376246e+01
<MIXTURE> 95 5.258835e-03
<MEAN> 25
 -5.511184e+00 -2.966975e-01 -2.346940e+00 4.856926e+00 4.532564e+00 2.475844e+00 4.383195e+00 1.809069e+00 2.315890e+00 5.364455e-01 1.359164e+00 2.521225e+00 1.385150e-01 1.607403e-01 7.760948e-02 -9.735703e-02 -3.659832e-01 -7.153108e-01 -1.119206e+00 -1.325112e+00 -1.204251e+00 -9.475660e-01 -5.933942e-01 -2.767872e-01 -2.544278e-06
<VARIANCE> 25
 1.092062e+01 8.845994e+00 1.332507e+01 1.208738e+01 1.455278e+01 1.868817e+01 1.749717e+01 1.638675e+01 1.465605e+01 1.606798e+01 1.929947e+01 1.367714e+01 1.975132e-01 2.947071e-01 4.397606e-01 5.959461e-01 7.607538e-01 8.461792e-01 9.457000e-01 9.576774e-01 9.711413e-01 1.057015e+00 1.139236e+00 1.075300e+00 4.042455e-05
<GCONST> 6.329166e+01
<MIXTURE> 96 7.034694e-03
<MEAN> 25
 -4.567556e+00 9.725961e-02 -3.118126e+00 5.203437e+00 4.716589e+00 1.469885e+00 3.957181e+00 1.809960e+00 2.572991e+00 4.602824e-01 1.118503e+00 2.614880e+00 -2.705976e-02 7.748356e-02 1.974603e-01 3.770447e-01 5.011817e-01 4.856707e-01 2.488541e-01 -1.383916e-01 -4.599606e-01 -5.962373e-01 -5.950878e-01 -3.761093e-01 5.146776e-05
<VARIANCE> 25
 1.189103e+01 1.095853e+01 1.732627e+01 1.298156e+01 1.938810e+01 1.840746e+01 1.769050e+01 1.770153e+01 1.654117e+01 1.678945e+01 1.825466e+01 1.362981e+01 1.083597e-01 2.006617e-01 3.224784e-01 3.830485e-01 4.660639e-01 6.128057e-01 1.010225e+00 9.255339e-01 8.621686e-01 8.086302e-01 8.091695e-01 8.662884e-01 1.180846e-06
<GCONST> 5.739457e+01
<MIXTURE> 97 7.034694e-03
<MEAN> 25
 -4.567556e+00 9.725961e-02 -3.118126e+00 5.203437e+00 4.716589e+00 1.469885e+00 3.957181e+00 1.809960e+00 2.572991e+00 4.602824e-01 1.118503e+00 2.614880e+00 -2.705976e-02 7.748356e-02 1.974603e-01 3.770447e-01 5.011817e-01 4.856707e-01 2.488541e-01 -1.383916e-01 -4.599606e-01 -5.962373e-01 -5.950878e-01 -3.761093e-01 5.146776e-05
<VARIANCE> 25
 1.189103e+01 1.095853e+01 1.732627e+01 1.298156e+01 1.938810e+01 1.840746e+01 1.769050e+01 1.770153e+01 1.654117e+01 1.678945e+01 1.825466e+01 1.362981e+01 1.083597e-01 2.006617e-01 3.224784e-01 3.830485e-01 4.660639e-01 6.128057e-01 1.010225e+00 9.255339e-01 8.621686e-01 8.086302e-01 8.091695e-01 8.662884e-01 1.180846e-06
<GCONST> 5.739457e+01
<MIXTURE> 98 9.917808e-03
<MEAN> 25
 -4.685553e-01 2.360767e+00 -9.003888e-01 4.463975e+00 4.236854e+00 1.134192e+00 2.549915e+00 7.601010e-01 3.085777e+00 -2.315516e+00 1.716549e+00 3.948989e-01 -1.616491e+00 -1.038353e+00 -1.540263e+00 1.267270e-01 8.763103e-01 4.976020e-01 1.326376e+00 1.535034e+00 1.199810e+00 8.944731e-01 8.508270e-01 6.929917e-01 -4.081486e-02
<VARIANCE> 25
 1.194872e+01 1.556109e+01 2.961958e+01 2.504504e+01 3.222197e+01 2.687364e+01 2.535005e+01 2.410203e+01 2.008100e+01 2.971646e+01 1.973458e+01 2.076703e+01 9.730018e-01 1.352642e+00 2.373080e+00 1.748987e+00 2.581915e+00 2.546575e+00 2.245103e+00 2.113809e+00 2.933145e+00 2.801459e+00 2.206958e+00 1.630555e+00 2.255580e-03
<GCONST> 8.579838e+01
<MIXTURE> 99 6.696178e-03
<MEAN> 25
 -6.495597e+00 9.934689e+00 6.865885e+00 3.597303e+00 9.064044e-01 -5.281550e+00 -1.664553e+00 -4.090681e+00 -3.393814e+00 -3.744197e+00 -1.644697e+00 4.764238e-01 5.389584e-01 -7.262982e-01 3.026629e-01 -3.787640e-01 -1.126637e+00 -5.070100e-01 -3.079517e-01 -2.471283e-01 -1.063048e-01 -5.297102e-02 2.268968e-01 1.619107e-01 1.034064e-02
<VARIANCE> 25
 3.594134e+01 2.571868e+01 4.721755e+01 3.338243e+01 3.663428e+01 3.511642e+01 2.780463e+01 2.997520e+01 2.733393e+01 2.781263e+01 2.119960e+01 2.977990e+01 2.277295e+00 1.869304e+00 1.456614e+00 1.761320e+00 2.707588e+00 2.124000e+00 1.625382e+00 1.650201e+00 1.547872e+00 1.573857e+00 1.327927e+00 1.298516e+00 1.570892e-03
<GCONST> 8.721138e+01
<MIXTURE> 100 4.498084e-03
<MEAN> 25
 -1.597796e+00 6.341760e+00 1.027592e+01 -7.459982e+00 -1.078208e+01 -5.075785e+00 -4.941178e+00 -9.968091e+00 -4.717028e+00 -8.551993e-01 -2.733972e+00 -2.708863e+00 2.918475e+00 -1.260553e+00 1.299572e+00 -2.185693e+00 -3.419830e+00 -7.838635e-01 -1.219851e+00 -8.196068e-01 -1.475587e+00 3.461854e-01 -1.655353e+00 -2.874771e-01 2.035137e-03
<VARIANCE> 25
 1.362934e+01 2.108419e+01 2.247054e+01 2.646268e+01 2.302075e+01 2.371962e+01 2.911057e+01 2.170237e+01 2.748431e+01 2.265640e+01 2.240669e+01 2.133640e+01 1.799898e+00 3.952890e+00 2.920515e+00 4.285748e+00 4.183960e+00 4.537329e+00 4.018623e+00 4.342350e+00 4.166947e+00 3.902014e+00 3.909397e+00 3.230071e+00 1.675740e-03
<GCONST> 9.257591e+01
<MIXTURE> 101 6.007792e-03
<MEAN> 25
 8.143064e+00 -3.931096e+00 -5.750986e+00 -6.591371e+00 1.425415e-01 -1.314329e+00 -1.048992e+01 -2.085981e+00 1.130660e+00 3.093785e+00 -2.549988e+00 -5.160422e+00 6.588022e-01 7.978215e-01 -1.421813e+00 -1.648683e+00 1.035721e+00 2.348113e+00 1.436708e-01 -1.576224e+00 -1.262489e+00 9.384325e-01 1.370180e+00 -3.205255e-01 -7.143659e-03
<VARIANCE> 25
 8.718345e+00 1.655676e+01 2.907584e+01 3.975707e+01 3.652908e+01 3.226072e+01 3.389763e+01 3.363306e+01 3.622480e+01 4.046525e+01 4.799001e+01 2.176677e+01 2.854416e-01 8.339932e-01 1.102547e+00 1.440874e+00 1.583635e+00 2.111249e+00 2.049936e+00 1.963984e+00 2.761722e+00 2.083058e+00 1.736260e+00 1.834765e+00 3.674022e-04
<GCONST> 8.295094e+01
<MIXTURE> 102 6.007792e-03
<MEAN> 25
 8.143064e+00 -3.931096e+00 -5.750986e+00 -6.591371e+00 1.425415e-01 -1.314329e+00 -1.048992e+01 -2.085981e+00 1.130660e+00 3.093785e+00 -2.549988e+00 -5.160422e+00 6.588022e-01 7.978215e-01 -1.421813e+00 -1.648683e+00 1.035721e+00 2.348113e+00 1.436708e-01 -1.576224e+00 -1.262489e+00 9.384325e-01 1.370180e+00 -3.205255e-01 -7.143659e-03
<VARIANCE> 25
 8.718345e+00 1.655676e+01 2.907584e+01 3.975707e+01 3.652908e+01 3.226072e+01 3.389763e+01 3.363306e+01 3.622480e+01 4.046525e+01 4.799001e+01 2.176677e+01 2.854416e-01 8.339932e-01 1.102547e+00 1.440874e+00 1.583635e+00 2.111249e+00 2.049936e+00 1.963984e+00 2.761722e+00 2.083058e+00 1.736260e+00 1.834765e+00 3.674022e-04
<GCONST> 8.295094e+01
<MIXTURE> 103 5.694618e-03
<MEAN> 25
 3.366023e+00 -9.472342e+00 -6.135482e+00 -3.086491e+00 -1.326927e+00 -1.972638e+00 2.440220e+00 2.515002e+00 -4.607968e+00 -9.258858e+00 -5.057576e+00 3.617772e-01 -1.583853e-01 -1.489011e+00 -9.819092e-01 3.748530e-01 1.214098e+00 1.020905e+00 1.595687e-01 -2.659966e-01 -7.818083e-01 -9.447709e-01 -3.552035e-02 1.197644e-01 2.693415e-02
<VARIANCE> 25
 1.033613e+01 2.042837e+01 2.289857e+01 3.169123e+01 4.808304e+01 3.499718e+01 4.639788e+01 3.667631e+01 4.214100e+01 2.930177e+01 3.009602e+01 2.639881e+01 6.442333e-01 1.251381e+00 1.540479e+00 1.939882e+00 2.925601e+00 2.409836e+00 2.890339e+00 2.578897e+00 2.562958e+00 2.529588e+00 2.096417e+00 2.016114e+00 8.070960e-04
<GCONST> 8.758018e+01
<MIXTURE> 104 5.694618e-03
<MEAN> 25
 3.366023e+00 -9.472342e+00 -6.135482e+00 -3.086491e+00 -1.326927e+00 -1.972638e+00 2.440220e+00 2.515002e+00 -4.607968e+00 -9.258858e+00 -5.057576e+00 3.617772e-01 -1.583853e-01 -1.489011e+00 -9.819092e-01 3.748530e-01 1.214098e+00 1.020905e+00 1.595687e-01 -2.659966e-01 -7.818083e-01 -9.447709e-01 -3.552035e-02 1.197644e-01 2.693415e-02
<VARIANCE> 25
 1.033613e+01 2.042837e+01 2.289857e+01 3.169123e+01 4.808304e+01 3.499718e+01 4.639788e+01 3.667631e+01 4.214100e+01 2.930177e+01 3.009602e+01 2.639881e+01 6.442333e-01 1.251381e+00 1.540479e+00 1.939882e+00 2.925601e+00 2.409836e+00 2.890339e+00 2.578897e+00 2.562958e+00 2.529588e+00 2.096417e+00 2.016114e+00 8.070960e-04
<GCONST> 8.758018e+01
<MIXTURE> 105 4.710235e-03
<MEAN> 25
 2.260765e+00 -1.499592e+00 9.211321e+00 -2.786788e+00 -1.164212e+01 -4.905194e+00 -4.196423e+00 -7.414881e-01 -3.832139e+00 -3.181005e+00 1.490468e+00 -1.094848e+00 7.927374e-03 2.838385e-02 5.349381e-02 -4.167514e-02 5.908336e-03 4.978680e-02 -1.484089e-02 5.150450e-02 -3.720997e-02 3.393142e-02 2.625860e-02 -2.468927e-02 -2.226543e-03
<VARIANCE> 25
 1.332018e+01 2.855890e+01 4.082783e+01 4.636028e+01 3.768417e+01 5.563101e+01 4.101324e+01 4.320857e+01 3.942184e+01 4.214238e+01 4.157706e+01 3.126373e+01 8.440275e-02 1.860674e-01 3.425805e-01 2.924557e-01 3.711554e-01 4.334940e-01 4.711639e-01 4.882678e-01 4.941952e-01 4.470696e-01 4.189254e-01 4.047544e-01 8.871433e-05
<GCONST> 6.678183e+01
<MIXTURE> 106 4.710235e-03
<MEAN> 25
 2.260765e+00 -1.499592e+00 9.211321e+00 -2.786788e+00 -1.164212e+01 -4.905194e+00 -4.196423e+00 -7.414881e-01 -3.832139e+00 -3.181005e+00 1.490468e+00 -1.094848e+00 7.927374e-03 2.838385e-02 5.349381e-02 -4.167514e-02 5.908336e-03 4.978680e-02 -1.484089e-02 5.150450e-02 -3.720997e-02 3.393142e-02 2.625860e-02 -2.468927e-02 -2.226543e-03
<VARIANCE> 25
 1.332018e+01 2.855890e+01 4.082783e+01 4.636028e+01 3.768417e+01 5.563101e+01 4.101324e+01 4.320857e+01 3.942184e+01 4.214238e+01 4.157706e+01 3.126373e+01 8.440275e-02 1.860674e-01 3.425805e-01 2.924557e-01 3.711554e-01 4.334940e-01 4.711639e-01 4.882678e-01 4.941952e-01 4.470696e-01 4.189254e-01 4.047544e-01 8.871433e-05
<GCONST> 6.678183e+01
<MIXTURE> 107 5.452374e-03
<MEAN> 25
 8.615642e+00 -2.340372e+00 -7.938574e+00 -9.576420e+00 1.879092e+00 2.976409e+00 -8.658973e+00 -4.591441e+00 -8.706077e-01 3.495161e+00 7.915614e-01 -5.080371e+00 -6.080191e-01 -7.766232e-01 8.528038e-01 1.777967e+00 1.934085e-01 -2.016781e+00 -9.182838e-01 8.657948e-01 1.735567e+00 5.135780e-02 -1.643816e+00 -8.257524e-01 -1.425746e-03
<VARIANCE> 25
 9.235844e+00 2.041813e+01 2.922944e+01 4.245490e+01 3.633664e+01 3.822459e+01 5.082844e+01 3.619617e+01 4.573592e+01 4.262783e+01 5.151814e+01 3.015048e+01 3.535674e-01 9.730387e-01 1.491891e+00 2.405181e+00 2.446337e+00 2.815103e+00 2.594712e+00 2.574797e+00 2.428332e+00 3.006278e+00 1.951400e+00 2.193235e+00 7.195177e-04
<GCONST> 8.823170e+01
<MIXTURE> 108 5.452374e-03
<MEAN> 25
 8.615642e+00 -2.340372e+00 -7.938574e+00 -9.576420e+00 1.879092e+00 2.976409e+00 -8.658973e+00 -4.591441e+00 -8.706077e-01 3.495161e+00 7.915614e-01 -5.080371e+00 -6.080191e-01 -7.766232e-01 8.528038e-01 1.777967e+00 1.934085e-01 -2.016781e+00 -9.182838e-01 8.657948e-01 1.735567e+00 5.135780e-02 -1.643816e+00 -8.257524e-01 -1.425746e-03
<VARIANCE> 25
 9.235844e+00 2.041813e+01 2.922944e+01 4.245490e+01 3.633664e+01 3.822459e+01 5.082844e+01 3.619617e+01 4.573592e+01 4.262783e+01 5.151814e+01 3.015048e+01 3.535674e-01 9.730387e-01 1.491891e+00 2.405181e+00 2.446337e+00 2.815103e+00 2.594712e+00 2.574797e+00 2.428332e+00 3.006278e+00 1.951400e+00 2.193235e+00 7.195177e-04
<GCONST> 8.823170e+01
<MIXTURE> 109 6.661064e-03
<MEAN> 25
 4.059400e+00 -1.049349e+01 -8.321136e+00 -1.333110e+00 2.792422e+00 -4.743462e-02 -3.058641e-02 1.459062e+00 -2.548167e+00 -8.377226e+00 -5.362560e+00 7.143661e-02 -3.520431e-02 -1.355644e-01 -3.270040e-02 2.499004e-01 1.964011e-01 1.193021e-01 -1.247122e-01 -1.059664e-01 -4.013775e-02 -1.311453e-01 2.171250e-01 1.139970e-02 -3.508591e-03
<VARIANCE> 25
 9.162376e+00 1.893899e+01 1.996250e+01 3.145128e+01 4.098484e+01 3.664538e+01 4.688137e+01 3.424125e+01 4.600366e+01 3.512514e+01 2.960664e+01 2.807458e+01 1.935662e-01 4.250441e-01 5.405019e-01 6.325980e-01 1.229202e+00 9.908239e-01 1.256751e+00 1.089767e+00 1.113865e+00 9.507925e-01 8.757012e-01 8.837433e-01 1.815017e-04
<GCONST> 7.447918e+01
<MIXTURE> 110 6.661064e-03
<MEAN> 25
 4.059400e+00 -1.049349e+01 -8.321136e+00 -1.333110e+00 2.792422e+00 -4.743462e-02 -3.058641e-02 1.459062e+00 -2.548167e+00 -8.377226e+00 -5.362560e+00 7.143661e-02 -3.520431e-02 -1.355644e-01 -3.270040e-02 2.499004e-01 1.964011e-01 1.193021e-01 -1.247122e-01 -1.059664e-01 -4.013775e-02 -1.311453e-01 2.171250e-01 1.139970e-02 -3.508591e-03
<VARIANCE> 25
 9.162376e+00 1.893899e+01 1.996250e+01 3.145128e+01 4.098484e+01 3.664538e+01 4.688137e+01 3.424125e+01 4.600366e+01 3.512514e+01 2.960664e+01 2.807458e+01 1.935662e-01 4.250441e-01 5.405019e-01 6.325980e-01 1.229202e+00 9.908239e-01 1.256751e+00 1.089767e+00 1.113865e+00 9.507925e-01 8.757012e-01 8.837433e-01 1.815017e-04
<GCONST> 7.447918e+01
<MIXTURE> 111 4.337247e-03
<MEAN> 25
 -4.420543e+00 -8.102807e-01 -1.912342e+00 1.719825e+00 1.082227e+00 8.368433e-01 4.057527e-01 1.381129e-01 1.280603e-01 -6.230340e-01 -5.610100e-01 1.943794e+00 -2.384309e-02 -3.307736e-02 -6.688952e-02 -7.146749e-02 -4.290193e-02 1.565333e-02 1.711337e-02 -4.848643e-02 -1.492814e-01 -1.898450e-01 -1.787987e-01 -9.740043e-02 -1.720932e-04
<VARIANCE> 25
 6.948818e+00 5.224207e+00 1.142077e+01 9.259942e+00 1.348202e+01 2.391973e+01 1.469418e+01 1.319631e+01 1.145559e+01 1.190143e+01 1.349934e+01 1.134529e+01 7.780472e-02 1.606345e-01 2.743424e-01 4.124181e-01 5.596287e-01 6.950201e-01 8.008047e-01 8.449716e-01 8.765507e-01 8.489175e-01 8.479728e-01 8.336594e-01 2.197847e-05
<GCONST> 5.592596e+01
<MIXTURE> 112 4.337247e-03
<MEAN> 25
 -4.420543e+00 -8.102807e-01 -1.912342e+00 1.719825e+00 1.082227e+00 8.368433e-01 4.057527e-01 1.381129e-01 1.280603e-01 -6.230340e-01 -5.610100e-01 1.943794e+00 -2.384309e-02 -3.307736e-02 -6.688952e-02 -7.146749e-02 -4.290193e-02 1.565333e-02 1.711337e-02 -4.848643e-02 -1.492814e-01 -1.898450e-01 -1.787987e-01 -9.740043e-02 -1.720932e-04
<VARIANCE> 25
 6.948818e+00 5.224207e+00 1.142077e+01 9.259942e+00 1.348202e+01 2.391973e+01 1.469418e+01 1.319631e+01 1.145559e+01 1.190143e+01 1.349934e+01 1.134529e+01 7.780472e-02 1.606345e-01 2.743424e-01 4.124181e-01 5.596287e-01 6.950201e-01 8.008047e-01 8.449716e-01 8.765507e-01 8.489175e-01 8.479728e-01 8.336594e-01 2.197847e-05
<GCONST> 5.592596e+01
<MIXTURE> 113 5.938666e-03
<MEAN> 25
 9.405280e+00 1.770555e+00 -7.529785e+00 -1.688733e+01 -2.856367e+00 6.465333e+00 -4.934835e+00 -1.362920e+00 -6.682398e+00 3.863672e-01 6.315812e-01 3.096948e-01 -4.170967e-02 -4.211822e-02 2.820724e-02 -1.200480e-01 8.729217e-02 2.301531e-01 -3.036658e-02 -4.137919e-02 6.832124e-02 3.263894e-04 1.012264e-01 1.020316e-01 -6.489776e-04
<VARIANCE> 25
 9.338332e+00 1.410499e+01 3.443183e+01 2.988230e+01 6.298716e+01 3.265659e+01 3.467366e+01 3.383110e+01 4.884124e+01 4.513443e+01 3.325858e+01 3.006976e+01 1.171846e-01 3.020972e-01 3.254229e-01 5.683458e-01 5.732512e-01 6.011283e-01 7.731062e-01 8.429407e-01 1.082412e+00 9.006712e-01 7.020417e-01 6.847675e-01 1.277033e-04
<GCONST> 7.082031e+01
<MIXTURE> 114 5.938666e-03
<MEAN> 25
 9.405280e+00 1.770555e+00 -7.529785e+00 -1.688733e+01 -2.856367e+00 6.465333e+00 -4.934835e+00 -1.362920e+00 -6.682398e+00 3.863672e-01 6.315812e-01 3.096948e-01 -4.170967e-02 -4.211822e-02 2.820724e-02 -1.200480e-01 8.729217e-02 2.301531e-01 -3.036658e-02 -4.137919e-02 6.832124e-02 3.263894e-04 1.012264e-01 1.020316e-01 -6.489776e-04
<VARIANCE> 25
 9.338332e+00 1.410499e+01 3.443183e+01 2.988230e+01 6.298716e+01 3.265659e+01 3.467366e+01 3.383110e+01 4.884124e+01 4.513443e+01 3.325858e+01 3.006976e+01 1.171846e-01 3.020972e-01 3.254229e-01 5.683458e-01 5.732512e-01 6.011283e-01 7.731062e-01 8.429407e-01 1.082412e+00 9.006712e-01 7.020417e-01 6.847675e-01 1.277033e-04
<GCONST> 7.082031e+01
<MIXTURE> 115 2.935202e-03
<MEAN> 25
 -3.813550e+00 -4.300741e-01 -3.531280e+00 3.846601e+00 3.010699e+00 -6.543294e-01 2.401381e+00 3.348325e-01 1.620575e+00 -3.658780e-01 1.290819e-01 2.615179e+00 1.807180e-02 -8.614846e-02 -2.389727e-01 -4.413984e-01 -6.217843e-01 -6.721680e-01 -6.097567e-01 -5.366036e-01 -4.586953e-01 -4.448493e-01 -3.241741e-01 -1.235314e-01 -7.658129e-05
<VARIANCE> 25
 9.137662e+00 1.044984e+01 1.465505e+01 1.227808e+01 1.702797e+01 1.712649e+01 1.641801e+01 1.978904e+01 1.762802e+01 1.795901e+01 1.827953e+01 1.422464e+01 1.928174e-01 3.280809e-01 4.580795e-01 5.347919e-01 6.442457e-01 7.589243e-01 9.625407e-01 1.082702e+00 1.021656e+00 9.765933e-01 9.590867e-01 1.038910e+00 1.249964e-06
<GCONST> 6.003626e+01
<MIXTURE> 116 2.935202e-03
<MEAN> 25
 -3.813550e+00 -4.300741e-01 -3.531280e+00 3.846601e+00 3.010699e+00 -6.543294e-01 2.401381e+00 3.348325e-01 1.620575e+00 -3.658780e-01 1.290819e-01 2.615179e+00 1.807180e-02 -8.614846e-02 -2.389727e-01 -4.413984e-01 -6.217843e-01 -6.721680e-01 -6.097567e-01 -5.366036e-01 -4.586953e-01 -4.448493e-01 -3.241741e-01 -1.235314e-01 -7.658129e-05
<VARIANCE> 25
 9.137662e+00 1.044984e+01 1.465505e+01 1.227808e+01 1.702797e+01 1.712649e+01 1.641801e+01 1.978904e+01 1.762802e+01 1.795901e+01 1.827953e+01 1.422464e+01 1.928174e-01 3.280809e-01 4.580795e-01 5.347919e-01 6.442457e-01 7.589243e-01 9.625407e-01 1.082702e+00 1.021656e+00 9.765933e-01 9.590867e-01 1.038910e+00 1.249964e-06
<GCONST> 6.003626e+01
<MIXTURE> 117 6.506003e-03
<MEAN> 25
 -4.642022e+00 1.120366e+00 1.048299e+00 9.756047e+00 6.263383e+00 6.251141e+00 6.464056e+00 5.042580e+00 6.383653e+00 4.924767e+00 6.363111e+00 2.708123e+00 -7.495558e-02 -2.343000e-01 -3.582738e-01 -4.196320e-01 -3.671171e-01 -3.031217e-01 -2.877481e-01 -3.313291e-01 -3.917321e-01 -3.691479e-01 -2.630953e-01 -1.156874e-01 -8.611129e-06
<VARIANCE> 25
 7.191605e+00 8.756918e+00 9.856781e+00 1.430666e+01 1.562281e+01 1.537922e+01 1.771696e+01 1.795469e+01 1.640022e+01 1.639159e+01 1.676078e+01 1.475362e+01 2.164670e-01 3.074573e-01 4.260598e-01 6.168987e-01 8.533183e-01 1.055021e+00 1.177620e+00 1.232390e+00 1.223287e+00 1.194369e+00 1.166533e+00 1.113359e+00 1.001820e-06
<GCONST> 6.043561e+01
<MIXTURE> 118 6.506003e-03
<MEAN> 25
 -4.642022e+00 1.120366e+00 1.048299e+00 9.756047e+00 6.263383e+00 6.251141e+00 6.464056e+00 5.042580e+00 6.383653e+00 4.924767e+00 6.363111e+00 2.708123e+00 -7.495558e-02 -2.343000e-01 -3.582738e-01 -4.196320e-01 -3.671171e-01 -3.031217e-01 -2.877481e-01 -3.313291e-01 -3.917321e-01 -3.691479e-01 -2.630953e-01 -1.156874e-01 -8.611129e-06
<VARIANCE> 25
 7.191605e+00 8.756918e+00 9.856781e+00 1.430666e+01 1.562281e+01 1.537922e+01 1.771696e+01 1.795469e+01 1.640022e+01 1.639159e+01 1.676078e+01 1.475362e+01 2.164670e-01 3.074573e-01 4.260598e-01 6.168987e-01 8.533183e-01 1.055021e+00 1.177620e+00 1.232390e+00 1.223287e+00 1.194369e+00 1.166533e+00 1.113359e+00 1.001820e-06
<GCONST> 6.043561e+01
<MIXTURE> 119 4.297961e-03
<MEAN> 25
 -4.975516e+00 -7.634414e+00 2.231440e+00 2.016691e+00 2.239743e+00 2.076678e-01 5.275270e+00 5.939657e+00 1.166200e+00 9.676703e-01 6.613850e+00 1.570057e+00 -4.997335e-02 -7.931820e-02 3.729060e-02 -5.720276e-02 -1.261347e-01 -1.798935e-01 -6.901902e-02 -1.390695e-02 -9.188582e-02 -1.121169e-01 -5.517124e-02 -5.820917e-02 1.111529e-03
<VARIANCE> 25
 8.502060e+00 9.816247e+00 1.656636e+01 2.018283e+01 2.286715e+01 2.320569e+01 2.499719e+01 2.648532e+01 2.503715e+01 2.807435e+01 2.040309e+01 2.041032e+01 1.604232e-01 2.824853e-01 4.597486e-01 6.328180e-01 8.034533e-01 1.003837e+00 1.100001e+00 1.277821e+00 1.285845e+00 1.245841e+00 1.192392e+00 1.112460e+00 2.316177e-04
<GCONST> 6.971996e+01
<MIXTURE> 120 4.297961e-03
<MEAN> 25
 -4.975516e+00 -7.634414e+00 2.231440e+00 2.016691e+00 2.239743e+00 2.076678e-01 5.275270e+00 5.939657e+00 1.166200e+00 9.676703e-01 6.613850e+00 1.570057e+00 -4.997335e-02 -7.931820e-02 3.729060e-02 -5.720276e-02 -1.261347e-01 -1.798935e-01 -6.901902e-02 -1.390695e-02 -9.188582e-02 -1.121169e-01 -5.517124e-02 -5.820917e-02 1.111529e-03
<VARIANCE> 25
 8.502060e+00 9.816247e+00 1.656636e+01 2.018283e+01 2.286715e+01 2.320569e+01 2.499719e+01 2.648532e+01 2.503715e+01 2.807435e+01 2.040309e+01 2.041032e+01 1.604232e-01 2.824853e-01 4.597486e-01 6.328180e-01 8.034533e-01 1.003837e+00 1.100001e+00 1.277821e+00 1.285845e+00 1.245841e+00 1.192392e+00 1.112460e+00 2.316177e-04
<GCONST> 6.971996e+01
<MIXTURE> 121 4.567511e-03
<MEAN> 25
 2.643948e-01 -2.591189e+00 5.092277e+00 -1.286991e+01 -1.261579e+01 -1.659599e+00 7.917365e-01 -5.112020e+00 -4.146282e+00 -3.986248e-01 -5.581508e+00 -4.320436e+00 2.083297e-02 1.433561e-01 -4.079100e-02 5.244778e-02 1.878331e-01 7.504793e-02 -9.115535e-02 -1.884662e-01 -2.669737e-01 -2.554983e-01 -1.404098e-01 1.846352e-02 -7.530659e-03
<VARIANCE> 25
 7.841699e+00 1.577524e+01 1.728328e+01 2.018409e+01 2.417308e+01 2.902969e+01 3.210482e+01 2.428509e+01 3.534887e+01 2.851614e+01 2.011670e+01 2.095450e+01 1.536115e-01 6.474193e-01 6.151583e-01 7.555599e-01 8.275510e-01 1.136528e+00 1.114902e+00 1.113182e+00 1.221594e+00 1.177476e+00 9.970800e-01 8.834736e-01 2.107295e-04
<GCONST> 7.164372e+01
<MIXTURE> 122 4.567511e-03
<MEAN> 25
 2.643948e-01 -2.591189e+00 5.092277e+00 -1.286991e+01 -1.261579e+01 -1.659599e+00 7.917365e-01 -5.112020e+00 -4.146282e+00 -3.986248e-01 -5.581508e+00 -4.320436e+00 2.083297e-02 1.433561e-01 -4.079100e-02 5.244778e-02 1.878331e-01 7.504793e-02 -9.115535e-02 -1.884662e-01 -2.669737e-01 -2.554983e-01 -1.404098e-01 1.846352e-02 -7.530659e-03
<VARIANCE> 25
 7.841699e+00 1.577524e+01 1.728328e+01 2.018409e+01 2.417308e+01 2.902969e+01 3.210482e+01 2.428509e+01 3.534887e+01 2.851614e+01 2.011670e+01 2.095450e+01 1.536115e-01 6.474193e-01 6.151583e-01 7.555599e-01 8.275510e-01 1.136528e+00 1.114902e+00 1.113182e+00 1.221594e+00 1.177476e+00 9.970800e-01 8.834736e-01 2.107295e-04
<GCONST> 7.164372e+01
<MIXTURE> 123 4.393044e-03
<MEAN> 25
 -3.667522e+00 1.496741e+00 -1.258246e+00 5.925001e+00 6.107730e+00 2.797431e+00 3.412771e+00 4.409403e-01 1.099732e+00 -1.484918e+00 3.238328e-01 1.075807e+00 -4.910367e-01 -7.247826e-01 -9.024204e-01 -5.168539e-01 -1.665112e-01 3.091395e-02 4.148598e-01 6.806629e-01 7.370479e-01 7.049121e-01 5.793174e-01 4.141807e-01 -5.099244e-03
<VARIANCE> 25
 1.059053e+01 1.011703e+01 2.201863e+01 1.571982e+01 2.248791e+01 2.571775e+01 2.034937e+01 1.679921e+01 1.924902e+01 2.022754e+01 2.121245e+01 1.756525e+01 3.389086e-01 3.342021e-01 5.364309e-01 6.961591e-01 9.190780e-01 9.903629e-01 1.117941e+00 1.147199e+00 1.035225e+00 1.093458e+00 1.214236e+00 1.217368e+00 1.232249e-04
<GCONST> 6.905246e+01
<MIXTURE> 124 4.069876e-03
<MEAN> 25
 -5.689660e+00 -4.422834e-01 -4.186890e+00 5.151210e+00 6.083803e+00 2.647559e+00 5.863690e+00 2.327074e+00 3.477167e+00 2.746228e-01 1.108100e+00 2.732821e+00 -1.681090e-01 -3.052139e-01 -4.053969e-01 -1.837793e-01 1.681927e-01 5.250196e-01 9.270959e-01 8.476190e-01 4.969533e-01 2.183576e-01 -2.069154e-02 -6.545717e-03 6.967854e-05
<VARIANCE> 25
 1.222671e+01 8.280202e+00 1.574035e+01 1.127970e+01 1.583337e+01 1.978423e+01 1.804509e+01 1.690670e+01 1.389470e+01 1.850794e+01 1.743257e+01 1.419308e+01 9.959409e-02 1.752802e-01 2.477089e-01 3.999414e-01 5.372947e-01 6.209813e-01 8.501378e-01 7.762377e-01 9.191827e-01 1.063902e+00 9.332159e-01 9.088348e-01 1.846765e-05
<GCONST> 5.931224e+01
<MIXTURE> 125 4.069876e-03
<MEAN> 25
 -5.689660e+00 -4.422834e-01 -4.186890e+00 5.151210e+00 6.083803e+00 2.647559e+00 5.863690e+00 2.327074e+00 3.477167e+00 2.746228e-01 1.108100e+00 2.732821e+00 -1.681090e-01 -3.052139e-01 -4.053969e-01 -1.837793e-01 1.681927e-01 5.250196e-01 9.270959e-01 8.476190e-01 4.969533e-01 2.183576e-01 -2.069154e-02 -6.545717e-03 6.967854e-05
<VARIANCE> 25
 1.222671e+01 8.280202e+00 1.574035e+01 1.127970e+01 1.583337e+01 1.978423e+01 1.804509e+01 1.690670e+01 1.389470e+01 1.850794e+01 1.743257e+01 1.419308e+01 9.959409e-02 1.752802e-01 2.477089e-01 3.999414e-01 5.372947e-01 6.209813e-01 8.501378e-01 7.762377e-01 9.191827e-01 1.063902e+00 9.332159e-01 9.088348e-01 1.846765e-05
<GCONST> 5.931224e+01
<MIXTURE> 126 2.402244e-03
<MEAN> 25
 -3.671014e+00 -6.437069e+00 -5.569099e+00 2.406348e+00 4.614342e+00 -3.218771e+00 3.061258e-01 3.429938e+00 3.406965e+00 -2.822259e+00 -1.338717e+00 3.006121e+00 -1.292984e-02 -1.806740e-02 -4.633079e-02 -1.734130e-01 -3.413501e-01 -3.872128e-01 -2.877268e-01 -1.615449e-01 -9.423497e-02 -1.218641e-01 -8.057570e-02 -2.158920e-02 -1.658925e-03
<VARIANCE> 25
 7.361631e+00 1.678085e+01 1.478117e+01 1.466507e+01 2.578143e+01 2.268840e+01 2.299822e+01 2.784679e+01 2.996466e+01 2.537153e+01 2.094857e+01 1.847351e+01 1.692537e-01 3.434268e-01 4.904044e-01 5.538383e-01 7.781928e-01 9.583870e-01 1.096919e+00 1.213570e+00 1.286023e+00 1.284393e+00 1.182468e+00 1.122460e+00 2.035458e-04
<GCONST> 6.969756e+01
<MIXTURE> 127 2.402244e-03
<MEAN> 25
 -3.671014e+00 -6.437069e+00 -5.569099e+00 2.406348e+00 4.614342e+00 -3.218771e+00 3.061258e-01 3.429938e+00 3.406965e+00 -2.822259e+00 -1.338717e+00 3.006121e+00 -1.292984e-02 -1.806740e-02 -4.633079e-02 -1.734130e-01 -3.413501e-01 -3.872128e-01 -2.877268e-01 -1.615449e-01 -9.423497e-02 -1.218641e-01 -8.057570e-02 -2.158920e-02 -1.658925e-03
<VARIANCE> 25
 7.361631e+00 1.678085e+01 1.478117e+01 1.466507e+01 2.578143e+01 2.268840e+01 2.299822e+01 2.784679e+01 2.996466e+01 2.537153e+01 2.094857e+01 1.847351e+01 1.692537e-01 3.434268e-01 4.904044e-01 5.538383e-01 7.781928e-01 9.583870e-01 1.096919e+00 1.213570e+00 1.286023e+00 1.284393e+00 1.182468e+00 1.122460e+00 2.035458e-04
<GCONST> 6.969756e+01
<MIXTURE> 128 3.790457e-03
<MEAN> 25
 -3.928850e+00 1.544695e+00 -3.475946e-01 6.575182e+00 3.627503e+00 1.856137e+00 3.582596e+00 2.370192e+00 3.965039e+00 3.695085e+00 3.769983e+00 3.523356e+00 -3.954698e-01 -1.967307e-01 9.819214e-02 7.262524e-01 1.183803e+00 1.134707e+00 7.185268e-01 1.316359e-01 -4.392747e-01 -7.874750e-01 -7.020250e-01 -3.936060e-01 -3.510903e-05
<VARIANCE> 25
 1.021419e+01 1.169731e+01 1.504102e+01 1.930053e+01 2.007649e+01 2.116640e+01 2.431135e+01 2.465428e+01 2.639513e+01 2.388417e+01 2.678482e+01 1.820406e+01 8.919937e-01 1.145786e+00 1.365352e+00 1.501645e+00 1.580042e+00 1.862318e+00 2.250600e+00 2.324157e+00 2.146007e+00 1.856558e+00 1.743251e+00 1.747250e+00 1.004733e-06
<GCONST> 7.364364e+01
<TRANSP> 3
 0.000000e+00 1.000000e+00 0.000000e+00
 0.000000e+00 9.999990e-01 9.999998e-07
 0.000000e+00 0.000000e+00 0.000000e+00
<ENDHMM>
