~o
<STREAMINFO> 1 25
<VECSIZE> 25<NULLD><MFCC_E_D_N><DIAGC>
~h "jmodel"
<BEGINHMM>
<NUMSTATES> 3
<STATE> 2
<NUMMIXES> 128
<MIXTURE> 1 5.748963e-03
<MEAN> 25
 -2.571808e+00 3.215664e+00 2.192790e+00 8.677618e+00 4.383121e+00 3.419182e+00 4.091866e+00 3.880898e+00 5.845441e+00 5.209096e+00 5.865007e+00 3.174406e+00 -1.989198e+00 -1.620862e+00 -8.626116e-01 1.087409e+00 1.580775e+00 2.230799e+00 2.153488e+00 2.079750e+00 1.681297e+00 1.261819e+00 1.542624e+00 6.170001e-01 -4.644436e-02
<VARIANCE> 25
 9.982647e+00 1.179414e+01 1.671828e+01 1.905128e+01 2.299657e+01 2.201476e+01 2.175879e+01 2.201588e+01 2.081791e+01 2.249434e+01 2.082542e+01 1.808588e+01 1.792284e+00 2.110389e+00 2.994199e+00 3.190084e+00 3.734090e+00 3.331521e+00 3.293611e+00 3.347982e+00 3.494272e+00 3.698778e+00 3.536533e+00 2.805316e+00 3.114604e-03
<GCONST> 8.854875e+01
<MIXTURE> 2 4.549242e-03
<MEAN> 25
 -4.875877e+00 1.312023e+00 9.936018e-01 9.899280e+00 6.692922e+00 7.424548e+00 7.847581e+00 6.957152e+00 8.373261e+00 6.372639e+00 7.623211e+00 3.074902e+00 -6.197271e-02 4.163208e-02 1.425646e-01 2.259016e-01 2.652324e-01 2.811986e-01 2.953220e-01 3.195730e-01 3.497766e-01 3.089063e-01 1.973006e-01 8.008464e-02 1.446401e-06
<VARIANCE> 25
 6.952659e+00 8.901850e+00 1.066265e+01 1.591477e+01 1.723860e+01 1.556577e+01 1.690068e+01 1.849166e+01 1.658568e+01 1.738885e+01 1.812105e+01 1.433882e+01 1.252708e-01 2.266135e-01 3.364517e-01 4.671141e-01 6.492877e-01 8.150709e-01 9.299539e-01 1.003071e+00 1.051601e+00 1.077682e+00 1.075771e+00 1.013958e+00 1.000848e-06
<GCONST> 5.804679e+01
<MIXTURE> 3 4.549242e-03
<MEAN> 25
 -4.875877e+00 1.312023e+00 9.936018e-01 9.899280e+00 6.692922e+00 7.424548e+00 7.847581e+00 6.957152e+00 8.373261e+00 6.372639e+00 7.623211e+00 3.074902e+00 -6.197271e-02 4.163208e-02 1.425646e-01 2.259016e-01 2.652324e-01 2.811986e-01 2.953220e-01 3.195730e-01 3.497766e-01 3.089063e-01 1.973006e-01 8.008464e-02 1.446401e-06
<VARIANCE> 25
 6.952659e+00 8.901850e+00 1.066265e+01 1.591477e+01 1.723860e+01 1.556577e+01 1.690068e+01 1.849166e+01 1.658568e+01 1.738885e+01 1.812105e+01 1.433882e+01 1.252708e-01 2.266135e-01 3.364517e-01 4.671141e-01 6.492877e-01 8.150709e-01 9.299539e-01 1.003071e+00 1.051601e+00 1.077682e+00 1.075771e+00 1.013958e+00 1.000848e-06
<GCONST> 5.804679e+01
<MIXTURE> 4 1.671429e-02
<MEAN> 25
 2.827868e+00 2.263641e+00 -4.702434e+00 8.929345e-01 3.903384e+00 -6.958272e-01 -3.916182e-01 -1.003893e-01 2.466923e+00 1.035339e+00 -1.576990e+00 6.257613e-01 -2.626704e+00 1.151280e+00 1.696874e+00 2.942865e+00 1.200762e+00 2.413587e-01 1.562474e+00 9.090590e-01 8.562871e-01 4.937910e-01 1.037562e+00 9.834477e-01 -9.871472e-02
<VARIANCE> 25
 2.080994e+01 3.433686e+01 3.055768e+01 3.613284e+01 4.253681e+01 6.523071e+01 5.835703e+01 5.360320e+01 5.195615e+01 6.011854e+01 4.393182e+01 3.397382e+01 2.138637e+00 4.384961e+00 4.784640e+00 4.930503e+00 4.973475e+00 5.869672e+00 5.315962e+00 4.917760e+00 5.153986e+00 5.590013e+00 6.173113e+00 3.856021e+00 5.521080e-03
<GCONST> 1.042249e+02
<MIXTURE> 5 3.206198e-03
<MEAN> 25
 -3.395509e+00 2.399873e+00 -1.718224e-01 9.513645e+00 7.215647e+00 6.391994e+00 7.377030e+00 4.498622e+00 5.749887e+00 3.374145e+00 4.274507e+00 2.771373e+00 -2.798656e-01 7.177162e-01 1.157025e+00 9.955928e-01 2.322105e-01 -1.287906e-01 -9.226999e-02 6.553791e-02 4.030783e-01 6.105516e-01 4.818180e-01 1.318530e-01 -1.164532e-04
<VARIANCE> 25
 9.595958e+00 1.367121e+01 3.024631e+01 2.443157e+01 2.251367e+01 1.831108e+01 1.977490e+01 1.974738e+01 2.103707e+01 2.299169e+01 2.463928e+01 1.598261e+01 1.211615e+00 1.199683e+00 1.332535e+00 1.592872e+00 2.261229e+00 2.365465e+00 2.311564e+00 2.166127e+00 2.211211e+00 2.166454e+00 2.297688e+00 1.972744e+00 1.074925e-06
<GCONST> 7.532423e+01
<MIXTURE> 6 5.475854e-03
<MEAN> 25
 9.261026e+00 -4.818800e-01 -5.770108e+00 -1.184606e+01 -3.500337e+00 6.746434e+00 -6.545118e+00 -5.657862e+00 -4.276583e+00 2.041140e+00 4.311022e+00 -1.176153e+00 4.473010e-01 8.815264e-01 -3.564354e-01 -1.575756e+00 -6.389175e-01 1.354126e+00 1.350898e+00 3.155574e-01 -1.216504e+00 -1.229704e+00 3.407243e-01 1.060831e+00 -7.612142e-03
<VARIANCE> 25
 8.870695e+00 1.628546e+01 2.494130e+01 3.830479e+01 4.324900e+01 2.716828e+01 4.969600e+01 3.501388e+01 4.414490e+01 3.471249e+01 3.747075e+01 2.987854e+01 3.245225e-01 7.741618e-01 8.798757e-01 2.097807e+00 1.981674e+00 2.312548e+00 1.934644e+00 1.923169e+00 2.106236e+00 1.750293e+00 2.088989e+00 1.449601e+00 5.198303e-04
<GCONST> 8.358640e+01
<MIXTURE> 7 5.475854e-03
<MEAN> 25
 9.261026e+00 -4.818800e-01 -5.770108e+00 -1.184606e+01 -3.500337e+00 6.746434e+00 -6.545118e+00 -5.657862e+00 -4.276583e+00 2.041140e+00 4.311022e+00 -1.176153e+00 4.473010e-01 8.815264e-01 -3.564354e-01 -1.575756e+00 -6.389175e-01 1.354126e+00 1.350898e+00 3.155574e-01 -1.216504e+00 -1.229704e+00 3.407243e-01 1.060831e+00 -7.612142e-03
<VARIANCE> 25
 8.870695e+00 1.628546e+01 2.494130e+01 3.830479e+01 4.324900e+01 2.716828e+01 4.969600e+01 3.501388e+01 4.414490e+01 3.471249e+01 3.747075e+01 2.987854e+01 3.245225e-01 7.741618e-01 8.798757e-01 2.097807e+00 1.981674e+00 2.312548e+00 1.934644e+00 1.923169e+00 2.106236e+00 1.750293e+00 2.088989e+00 1.449601e+00 5.198303e-04
<GCONST> 8.358640e+01
<MIXTURE> 8 1.165917e-02
<MEAN> 25
 -4.757298e+00 1.370610e+00 1.160877e+00 9.453825e+00 6.656885e+00 6.261979e+00 6.521697e+00 5.689162e+00 6.663389e+00 5.552853e+00 6.482924e+00 3.196436e+00 -6.137196e-01 -1.445025e+00 -1.049043e+00 -1.705815e+00 -2.765973e-01 -9.479121e-01 -1.860154e-01 -2.983648e-01 -2.747646e-01 -1.467779e-01 -2.105585e-01 4.420106e-02 9.900098e-02
<VARIANCE> 25
 9.268782e+00 9.750928e+00 1.328092e+01 1.638419e+01 1.720288e+01 1.558280e+01 1.794161e+01 1.797380e+01 1.718360e+01 1.742365e+01 1.923765e+01 1.400096e+01 2.780796e+00 2.801385e+00 3.974256e+00 3.790536e+00 3.502658e+00 3.286003e+00 3.083660e+00 3.026953e+00 2.855689e+00 2.653574e+00 2.444228e+00 2.005454e+00 6.588970e-03
<GCONST> 8.653317e+01
<MIXTURE> 9 1.199672e-02
<MEAN> 25
 9.236280e+00 3.338759e+00 -5.892726e+00 -1.099960e+01 -2.488519e+00 4.902297e+00 -2.292926e+00 -2.998209e+00 -4.733621e+00 -8.744242e-01 4.730787e-01 4.115998e-01 1.477447e+00 -4.268434e-03 -3.925448e-01 -2.833316e+00 -1.761493e+00 1.231705e+00 -8.519870e-01 -2.524493e-01 -2.950509e-01 -7.487981e-01 6.820277e-01 5.050299e-03 6.815559e-02
<VARIANCE> 25
 1.139713e+01 1.975936e+01 3.198531e+01 5.121721e+01 4.772167e+01 3.059653e+01 4.007793e+01 5.352506e+01 4.395377e+01 3.989916e+01 3.380773e+01 2.714398e+01 1.956043e+00 2.455553e+00 4.324266e+00 4.708372e+00 4.786402e+00 5.367112e+00 4.093555e+00 5.649965e+00 4.796580e+00 4.084122e+00 3.757008e+00 2.865687e+00 2.326548e-03
<GCONST> 9.827193e+01
<MIXTURE> 10 6.596976e-03
<MEAN> 25
 8.275021e-01 7.629848e+00 5.350157e+00 7.152153e+00 1.606670e+00 -2.095767e+00 -4.951790e-01 -1.670390e+00 9.062112e-01 8.004892e-01 8.033105e-01 6.456574e-01 -1.917904e+00 -6.621158e-01 -4.747204e-01 3.015150e+00 2.460920e+00 2.689786e+00 2.359185e+00 2.259306e+00 1.848699e+00 1.533779e+00 2.308625e+00 5.297729e-01 -1.376837e-01
<VARIANCE> 25
 1.946294e+01 2.059265e+01 2.255130e+01 2.900203e+01 3.819674e+01 3.478214e+01 3.544794e+01 3.371692e+01 2.766991e+01 2.934046e+01 2.696537e+01 2.495396e+01 2.228322e+00 3.421015e+00 5.527102e+00 5.163530e+00 5.519614e+00 4.502448e+00 4.713847e+00 4.846024e+00 4.379536e+00 4.999945e+00 4.504439e+00 3.170079e+00 2.701712e-03
<GCONST> 9.746772e+01
<MIXTURE> 11 1.633820e-02
<MEAN> 25
 7.471390e+00 4.391317e+00 5.118127e+00 7.046132e+00 -2.965168e+00 -2.189793e+00 -4.464918e-02 -4.637328e+00 -4.040975e+00 -1.504909e+00 -1.952829e+00 -3.089278e+00 -3.312519e-01 4.095474e-01 1.958678e-01 8.639773e-02 3.144463e-01 1.228011e-01 6.334625e-01 -4.209619e-01 -2.629533e-01 1.945305e-01 -2.109267e-01 1.032069e-01 -1.437491e-02
<VARIANCE> 25
 8.954251e+00 2.166008e+01 2.310602e+01 3.264552e+01 3.096674e+01 3.193617e+01 5.597710e+01 4.120687e+01 3.807510e+01 3.522321e+01 2.710008e+01 2.470284e+01 9.305111e-01 1.705826e+00 2.147849e+00 2.252002e+00 2.002821e+00 1.864779e+00 1.963144e+00 2.411320e+00 1.857268e+00 1.984115e+00 1.627331e+00 1.239357e+00 9.017963e-04
<GCONST> 8.609367e+01
<MIXTURE> 12 5.904134e-03
<MEAN> 25
 1.008998e+01 3.407029e+00 -3.891011e+00 -1.685609e+01 -9.565248e+00 8.455747e+00 -1.626263e+00 -2.302806e+00 -1.599354e+00 -4.143814e+00 1.242103e+00 8.670101e-01 -1.591995e-03 3.686482e-01 3.150029e-02 -4.196643e-01 -5.478603e-01 4.438795e-02 2.160186e-01 4.964091e-01 1.989502e-01 -5.453205e-01 -4.243939e-01 7.757621e-02 -8.773800e-03
<VARIANCE> 25
 9.419816e+00 1.900815e+01 2.097609e+01 3.339513e+01 4.092762e+01 2.675211e+01 4.631187e+01 4.217967e+01 4.792356e+01 3.383720e+01 3.313470e+01 2.850891e+01 2.333227e-01 6.123450e-01 5.985500e-01 1.220537e+00 1.501742e+00 9.702120e-01 1.086722e+00 1.364337e+00 1.265617e+00 1.151124e+00 1.090203e+00 9.430191e-01 5.264332e-04
<GCONST> 7.786919e+01
<MIXTURE> 13 5.904134e-03
<MEAN> 25
 1.008998e+01 3.407029e+00 -3.891011e+00 -1.685609e+01 -9.565248e+00 8.455747e+00 -1.626263e+00 -2.302806e+00 -1.599354e+00 -4.143814e+00 1.242103e+00 8.670101e-01 -1.591995e-03 3.686482e-01 3.150029e-02 -4.196643e-01 -5.478603e-01 4.438795e-02 2.160186e-01 4.964091e-01 1.989502e-01 -5.453205e-01 -4.243939e-01 7.757621e-02 -8.773800e-03
<VARIANCE> 25
 9.419816e+00 1.900815e+01 2.097609e+01 3.339513e+01 4.092762e+01 2.675211e+01 4.631187e+01 4.217967e+01 4.792356e+01 3.383720e+01 3.313470e+01 2.850891e+01 2.333227e-01 6.123450e-01 5.985500e-01 1.220537e+00 1.501742e+00 9.702120e-01 1.086722e+00 1.364337e+00 1.265617e+00 1.151124e+00 1.090203e+00 9.430191e-01 5.264332e-04
<GCONST> 7.786919e+01
<MIXTURE> 14 6.488954e-03
<MEAN> 25
 -4.303504e+00 3.884970e-01 -1.808160e+00 8.736400e+00 8.442736e+00 7.823699e+00 8.234293e+00 6.575669e+00 7.103023e+00 4.625862e+00 6.210846e+00 4.561887e+00 -2.485893e-01 7.593077e-02 3.627375e-01 2.409710e-01 -1.379260e-01 2.388850e-02 1.066456e-01 1.669508e-01 3.319262e-01 6.357275e-01 5.237545e-01 8.639635e-02 -7.551134e-03
<VARIANCE> 25
 8.099941e+00 1.548605e+01 2.770217e+01 1.666516e+01 2.303347e+01 1.888121e+01 2.230887e+01 2.129648e+01 1.881903e+01 2.342666e+01 2.165468e+01 1.567309e+01 9.027508e-01 1.622832e+00 1.582816e+00 1.917908e+00 2.397398e+00 2.117824e+00 2.251699e+00 2.267767e+00 2.269491e+00 2.367181e+00 1.983917e+00 1.717599e+00 9.416724e-04
<GCONST> 8.175507e+01
<MIXTURE> 15 2.475190e-03
<MEAN> 25
 -5.423318e+00 -6.391437e-01 -2.107567e-01 7.368850e+00 5.727493e+00 5.706602e+00 6.066968e+00 4.976223e+00 5.164365e+00 4.151058e+00 5.498800e+00 2.541548e+00 -1.212767e-01 -2.913377e-02 7.522375e-02 2.439130e-01 4.892426e-01 7.859272e-01 1.072207e+00 1.182376e+00 1.059846e+00 7.569701e-01 4.198971e-01 1.529731e-01 -7.529441e-05
<VARIANCE> 25
 6.980916e+00 5.637089e+00 9.137612e+00 1.280806e+01 1.414138e+01 1.431804e+01 1.496163e+01 1.490215e+01 1.409765e+01 1.419127e+01 1.511122e+01 1.250307e+01 1.247088e-01 2.062290e-01 3.196387e-01 5.028675e-01 6.993343e-01 7.942235e-01 7.632990e-01 7.916237e-01 9.089835e-01 1.024526e+00 1.070621e+00 1.040687e+00 2.801994e-05
<GCONST> 5.861362e+01
<MIXTURE> 16 2.475190e-03
<MEAN> 25
 -5.423318e+00 -6.391437e-01 -2.107567e-01 7.368850e+00 5.727493e+00 5.706602e+00 6.066968e+00 4.976223e+00 5.164365e+00 4.151058e+00 5.498800e+00 2.541548e+00 -1.212767e-01 -2.913377e-02 7.522375e-02 2.439130e-01 4.892426e-01 7.859272e-01 1.072207e+00 1.182376e+00 1.059846e+00 7.569701e-01 4.198971e-01 1.529731e-01 -7.529441e-05
<VARIANCE> 25
 6.980916e+00 5.637089e+00 9.137612e+00 1.280806e+01 1.414138e+01 1.431804e+01 1.496163e+01 1.490215e+01 1.409765e+01 1.419127e+01 1.511122e+01 1.250307e+01 1.247088e-01 2.062290e-01 3.196387e-01 5.028675e-01 6.993343e-01 7.942235e-01 7.632990e-01 7.916237e-01 9.089835e-01 1.024526e+00 1.070621e+00 1.040687e+00 2.801994e-05
<GCONST> 5.861362e+01
<MIXTURE> 17 9.518312e-03
<MEAN> 25
 3.985177e+00 -1.191930e+00 6.801333e+00 2.878448e+00 -6.265575e+00 -6.490700e+00 -2.432310e+00 -4.383170e-02 -2.896932e+00 -2.923596e+00 1.186615e-01 -5.268312e-01 -7.031482e-01 -1.322420e+00 1.476049e+00 -2.059876e+00 -2.195450e+00 -1.349121e-01 7.495302e-02 7.716290e-01 -3.584991e-01 -7.368647e-02 1.038922e+00 2.373832e-01 7.695980e-02
<VARIANCE> 25
 1.557899e+01 3.595214e+01 2.859897e+01 4.204491e+01 4.227581e+01 4.950095e+01 4.959135e+01 3.220530e+01 3.475258e+01 2.511483e+01 2.500998e+01 2.776121e+01 1.871843e+00 2.599349e+00 3.754981e+00 2.929153e+00 3.838390e+00 4.899256e+00 5.346884e+00 4.370286e+00 3.756930e+00 3.723760e+00 2.758809e+00 2.612074e+00 2.211144e-03
<GCONST> 9.626842e+01
<MIXTURE> 18 1.221018e-02
<MEAN> 25
 3.788364e+00 4.320486e+00 7.578731e+00 5.719479e+00 -2.966464e+00 -7.054460e+00 -9.159849e-01 -8.529753e-02 -2.169563e+00 -3.630473e+00 -4.188699e-01 -9.722669e-01 -5.913122e-01 2.492791e+00 -8.564970e-01 1.937464e+00 3.069067e+00 1.256973e+00 7.674964e-01 -3.141695e-01 9.331243e-01 1.472687e-03 -7.783245e-01 1.049378e-01 -1.070974e-01
<VARIANCE> 25
 1.648602e+01 2.101145e+01 2.891056e+01 2.416343e+01 3.371087e+01 2.953127e+01 6.483672e+01 2.830959e+01 3.218451e+01 3.078146e+01 2.690991e+01 2.581336e+01 1.865229e+00 2.770887e+00 4.359652e+00 2.846762e+00 3.026001e+00 3.555012e+00 3.693655e+00 3.228523e+00 3.820204e+00 3.499576e+00 3.646771e+00 2.901073e+00 3.273902e-03
<GCONST> 9.444913e+01
<MIXTURE> 19 9.912824e-03
<MEAN> 25
 -1.010485e+01 1.271342e+00 1.254755e+00 1.598170e-01 4.257277e+00 2.226558e+00 4.470693e+00 3.605315e-01 2.099936e+00 1.904052e+00 1.413649e-02 1.759601e+00 2.017526e+00 1.570147e+00 2.313233e+00 7.279910e-01 -1.329293e+00 -8.851724e-01 -1.323991e+00 -1.532204e+00 -1.751916e+00 -1.761021e+00 -5.736191e-01 -9.641232e-01 1.232140e-02
<VARIANCE> 25
 4.205840e+01 2.732135e+01 4.867281e+01 4.403587e+01 2.764272e+01 3.151216e+01 2.819844e+01 2.709512e+01 3.088805e+01 2.651619e+01 2.784015e+01 1.799728e+01 1.961165e+00 1.827074e+00 1.884375e+00 1.825431e+00 2.218493e+00 3.372839e+00 2.596054e+00 1.907944e+00 2.094310e+00 2.707432e+00 2.086536e+00 1.679237e+00 2.228298e-03
<GCONST> 9.000378e+01
<MIXTURE> 20 6.308331e-03
<MEAN> 25
 -1.406136e+01 7.355553e+00 8.082089e-01 6.153425e+00 4.836886e+00 1.581527e+00 5.284635e+00 9.196506e-01 9.201928e-01 7.720020e-01 2.417839e+00 -3.604840e-01 -3.285913e+00 -8.621057e-01 -1.540165e+00 2.919236e-01 1.521602e+00 2.047015e+00 1.963092e+00 2.052274e+00 2.108154e+00 2.031819e+00 1.684080e+00 9.680789e-01 4.764145e-02
<VARIANCE> 25
 2.033492e+01 2.337471e+01 3.070675e+01 3.665697e+01 3.049566e+01 2.780487e+01 2.987995e+01 3.135002e+01 2.759686e+01 2.784638e+01 2.641183e+01 2.124491e+01 2.071242e+00 2.152344e+00 1.923192e+00 2.628884e+00 2.694698e+00 2.297576e+00 2.296916e+00 2.287235e+00 2.292340e+00 2.619067e+00 2.211823e+00 1.877742e+00 1.873353e-03
<GCONST> 8.923010e+01
<MIXTURE> 21 7.928653e-03
<MEAN> 25
 4.347687e+00 -4.933857e+00 6.357202e+00 -9.103837e-01 -1.038196e+01 -8.917185e+00 -3.160017e+00 4.458527e+00 -2.031084e+00 -3.298234e+00 8.528423e-01 3.011103e-02 -7.253335e-01 1.303934e+00 2.501513e+00 -3.320674e-02 -1.314996e+00 4.158012e-01 6.465178e-01 -1.213237e+00 -1.916238e+00 2.585615e-01 1.319077e+00 1.008933e-01 -1.354521e-02
<VARIANCE> 25
 9.305527e+00 1.876273e+01 3.043239e+01 3.003061e+01 2.660122e+01 3.075980e+01 4.225982e+01 3.685164e+01 3.936515e+01 2.910652e+01 3.459270e+01 2.224947e+01 3.517377e-01 9.196588e-01 1.780467e+00 1.246264e+00 2.590637e+00 2.068653e+00 3.447968e+00 3.103242e+00 1.999324e+00 2.407640e+00 1.907663e+00 2.308108e+00 4.146794e-04
<GCONST> 8.465804e+01
<MIXTURE> 22 8.827789e-03
<MEAN> 25
 -1.792029e+01 7.154312e+00 -4.131267e+00 7.391985e+00 4.602790e+00 2.761581e+00 8.400226e+00 1.748286e+00 5.379454e+00 3.301205e+00 5.715701e+00 1.185394e+00 -3.095690e-01 -2.075482e-01 -1.254687e-01 -1.492548e-01 -7.160695e-03 1.368258e-01 1.807141e-01 1.779327e-01 2.485304e-01 2.073344e-01 1.726730e-01 1.924623e-01 8.859294e-03
<VARIANCE> 25
 8.122000e+00 1.682792e+01 1.738671e+01 2.517487e+01 2.289702e+01 2.084091e+01 1.943286e+01 1.870998e+01 1.813997e+01 2.086596e+01 1.924858e+01 1.378710e+01 1.090704e+00 1.357305e+00 1.364030e+00 1.572025e+00 1.408780e+00 1.527272e+00 1.508882e+00 1.532729e+00 1.614203e+00 1.544684e+00 1.357361e+00 1.167978e+00 1.745552e-03
<GCONST> 7.831100e+01
<MIXTURE> 23 6.455497e-03
<MEAN> 25
 7.917461e+00 2.665391e+00 3.226131e+00 2.860027e+00 -4.667233e+00 -3.264881e+00 -4.023461e+00 -6.127876e+00 -3.473532e+00 -1.378553e+00 -4.042236e+00 -2.298813e+00 4.170660e-02 1.977991e-01 -2.430340e-02 6.193496e-02 -1.979167e-02 5.893087e-02 9.905846e-02 -1.112925e-01 -4.835787e-02 9.503134e-02 -4.185875e-02 4.249884e-02 -4.548044e-03
<VARIANCE> 25
 9.962730e+00 2.316034e+01 2.432775e+01 4.479216e+01 3.809907e+01 5.200648e+01 5.879957e+01 5.589434e+01 4.627747e+01 4.790573e+01 4.652308e+01 3.927662e+01 1.147677e-01 2.916597e-01 3.866590e-01 4.884202e-01 5.840579e-01 6.911988e-01 8.753986e-01 9.411113e-01 9.153587e-01 9.001029e-01 8.273486e-01 7.297021e-01 8.482834e-05
<GCONST> 7.304762e+01
<MIXTURE> 24 6.455497e-03
<MEAN> 25
 7.917461e+00 2.665391e+00 3.226131e+00 2.860027e+00 -4.667233e+00 -3.264881e+00 -4.023461e+00 -6.127876e+00 -3.473532e+00 -1.378553e+00 -4.042236e+00 -2.298813e+00 4.170660e-02 1.977991e-01 -2.430340e-02 6.193496e-02 -1.979167e-02 5.893087e-02 9.905846e-02 -1.112925e-01 -4.835787e-02 9.503134e-02 -4.185875e-02 4.249884e-02 -4.548044e-03
<VARIANCE> 25
 9.962730e+00 2.316034e+01 2.432775e+01 4.479216e+01 3.809907e+01 5.200648e+01 5.879957e+01 5.589434e+01 4.627747e+01 4.790573e+01 4.652308e+01 3.927662e+01 1.147677e-01 2.916597e-01 3.866590e-01 4.884202e-01 5.840579e-01 6.911988e-01 8.753986e-01 9.411113e-01 9.153587e-01 9.001029e-01 8.273486e-01 7.297021e-01 8.482834e-05
<GCONST> 7.304762e+01
<MIXTURE> 25 1.118642e-02
<MEAN> 25
 3.773116e-01 3.242124e+00 1.690800e+01 -2.599367e-01 -1.006360e+01 -1.379151e+00 -2.330601e+00 -2.919663e+00 -6.650411e+00 -4.883522e+00 3.630560e+00 -2.277374e+00 -2.441998e-01 4.274978e-01 9.577611e-02 3.882995e-02 3.881374e-01 -4.045334e-02 3.199903e-01 1.722484e-02 1.207511e-01 7.016595e-02 -7.149190e-02 -4.059623e-02 -1.309060e-02
<VARIANCE> 25
 7.661232e+00 1.897996e+01 1.757655e+01 2.749296e+01 3.360864e+01 3.573049e+01 5.602937e+01 2.549976e+01 2.544729e+01 3.240352e+01 1.893678e+01 2.589660e+01 7.684407e-01 1.262197e+00 1.451019e+00 1.713389e+00 2.147897e+00 1.944524e+00 1.613299e+00 1.656620e+00 1.927418e+00 1.443253e+00 1.208353e+00 1.138854e+00 1.115636e-03
<GCONST> 8.220921e+01
<MIXTURE> 26 7.727677e-03
<MEAN> 25
 8.121104e-01 -5.406537e+00 -1.083138e+01 -2.056602e-01 8.739500e+00 4.614674e+00 2.975768e+00 8.017198e-01 3.522494e+00 -8.014140e-01 -1.949454e+00 6.496458e-02 -5.096548e-01 8.132380e-01 2.478890e-01 7.275905e-01 3.733322e-01 5.216150e-01 4.914004e-01 3.357023e-01 2.588595e-01 -5.785777e-02 2.162992e-01 5.475815e-01 -5.893042e-02
<VARIANCE> 25
 2.628242e+01 3.461132e+01 2.215984e+01 5.521095e+01 3.501136e+01 4.250968e+01 5.157225e+01 4.132251e+01 3.835128e+01 4.468957e+01 3.644463e+01 4.225763e+01 1.527280e+00 1.904655e+00 2.267014e+00 1.778641e+00 2.205620e+00 2.238189e+00 2.566953e+00 2.515387e+00 2.359661e+00 2.294942e+00 2.053247e+00 1.964817e+00 3.471637e-03
<GCONST> 9.297020e+01
<MIXTURE> 27 7.727677e-03
<MEAN> 25
 8.121104e-01 -5.406537e+00 -1.083138e+01 -2.056602e-01 8.739500e+00 4.614674e+00 2.975768e+00 8.017198e-01 3.522494e+00 -8.014140e-01 -1.949454e+00 6.496458e-02 -5.096548e-01 8.132380e-01 2.478890e-01 7.275905e-01 3.733322e-01 5.216150e-01 4.914004e-01 3.357023e-01 2.588595e-01 -5.785777e-02 2.162992e-01 5.475815e-01 -5.893042e-02
<VARIANCE> 25
 2.628242e+01 3.461132e+01 2.215984e+01 5.521095e+01 3.501136e+01 4.250968e+01 5.157225e+01 4.132251e+01 3.835128e+01 4.468957e+01 3.644463e+01 4.225763e+01 1.527280e+00 1.904655e+00 2.267014e+00 1.778641e+00 2.205620e+00 2.238189e+00 2.566953e+00 2.515387e+00 2.359661e+00 2.294942e+00 2.053247e+00 1.964817e+00 3.471637e-03
<GCONST> 9.297020e+01
<MIXTURE> 28 5.036674e-03
<MEAN> 25
 -5.467948e+00 7.076103e-02 -1.693048e+00 6.631179e+00 5.385036e+00 3.635232e+00 5.527513e+00 3.003044e+00 3.909879e+00 2.338109e+00 2.497941e+00 3.250551e+00 -1.216514e-01 2.187954e-01 5.312170e-01 7.836751e-01 8.132833e-01 6.958332e-01 5.354268e-01 3.888618e-01 4.414197e-01 4.754245e-01 3.714447e-01 1.565347e-01 2.349797e-05
<VARIANCE> 25
 1.030616e+01 8.460514e+00 1.315119e+01 1.470282e+01 1.607215e+01 1.848367e+01 1.862753e+01 1.981441e+01 1.697926e+01 1.679757e+01 2.163077e+01 1.484959e+01 2.560549e-01 3.330268e-01 4.016106e-01 4.578294e-01 6.182209e-01 8.409330e-01 1.056417e+00 1.128819e+00 1.087879e+00 1.018715e+00 1.023078e+00 1.126989e+00 1.075922e-06
<GCONST> 6.057925e+01
<MIXTURE> 29 5.036674e-03
<MEAN> 25
 -5.467948e+00 7.076103e-02 -1.693048e+00 6.631179e+00 5.385036e+00 3.635232e+00 5.527513e+00 3.003044e+00 3.909879e+00 2.338109e+00 2.497941e+00 3.250551e+00 -1.216514e-01 2.187954e-01 5.312170e-01 7.836751e-01 8.132833e-01 6.958332e-01 5.354268e-01 3.888618e-01 4.414197e-01 4.754245e-01 3.714447e-01 1.565347e-01 2.349797e-05
<VARIANCE> 25
 1.030616e+01 8.460514e+00 1.315119e+01 1.470282e+01 1.607215e+01 1.848367e+01 1.862753e+01 1.981441e+01 1.697926e+01 1.679757e+01 2.163077e+01 1.484959e+01 2.560549e-01 3.330268e-01 4.016106e-01 4.578294e-01 6.182209e-01 8.409330e-01 1.056417e+00 1.128819e+00 1.087879e+00 1.018715e+00 1.023078e+00 1.126989e+00 1.075922e-06
<GCONST> 6.057925e+01
<MIXTURE> 30 8.917812e-03
<MEAN> 25
 -4.628810e+00 -3.681346e-02 1.833892e-02 8.870486e+00 8.062005e+00 7.824860e+00 8.095361e+00 6.493479e+00 6.747998e+00 4.828387e+00 6.506423e+00 3.556611e+00 -1.277626e-02 2.615138e-02 9.479317e-02 1.468062e-01 8.410325e-02 9.249596e-03 1.336386e-02 2.018706e-02 4.395489e-02 7.671210e-02 1.107782e-01 1.621900e-02 -3.355077e-04
<VARIANCE> 25
 6.940151e+00 9.826896e+00 1.694454e+01 1.395566e+01 1.634660e+01 1.741343e+01 2.281683e+01 1.985584e+01 1.655995e+01 1.761633e+01 2.477417e+01 1.367877e+01 9.665132e-02 1.913218e-01 3.365033e-01 5.241944e-01 5.895838e-01 7.092910e-01 7.373602e-01 7.825610e-01 8.680067e-01 9.072249e-01 9.187165e-01 8.266827e-01 4.943621e-05
<GCONST> 6.132787e+01
<MIXTURE> 31 4.136493e-03
<MEAN> 25
 -3.305716e+00 -5.691697e+00 5.132424e-02 4.884021e+00 3.692649e+00 1.691528e+00 5.247826e+00 6.652913e+00 2.737670e+00 1.233302e+00 6.531433e+00 3.159463e+00 2.533281e-01 4.755628e-01 -2.116150e-01 3.090675e-01 1.203621e-01 4.246427e-01 1.919761e-01 1.427969e-02 3.790293e-01 3.818525e-01 1.060449e-01 1.160526e-01 -1.841499e-02
<VARIANCE> 25
 7.153388e+00 1.529539e+01 1.759046e+01 1.798847e+01 2.534243e+01 2.388166e+01 2.363363e+01 2.533410e+01 2.594260e+01 2.804127e+01 2.034326e+01 1.871991e+01 1.907409e-01 4.934608e-01 6.026731e-01 7.670013e-01 9.664051e-01 1.091696e+00 1.223423e+00 1.392754e+00 1.347237e+00 1.316748e+00 1.245795e+00 1.133605e+00 2.567796e-04
<GCONST> 7.183427e+01
<MIXTURE> 32 4.136493e-03
<MEAN> 25
 -3.305716e+00 -5.691697e+00 5.132424e-02 4.884021e+00 3.692649e+00 1.691528e+00 5.247826e+00 6.652913e+00 2.737670e+00 1.233302e+00 6.531433e+00 3.159463e+00 2.533281e-01 4.755628e-01 -2.116150e-01 3.090675e-01 1.203621e-01 4.246427e-01 1.919761e-01 1.427969e-02 3.790293e-01 3.818525e-01 1.060449e-01 1.160526e-01 -1.841499e-02
<VARIANCE> 25
 7.153388e+00 1.529539e+01 1.759046e+01 1.798847e+01 2.534243e+01 2.388166e+01 2.363363e+01 2.533410e+01 2.594260e+01 2.804127e+01 2.034326e+01 1.871991e+01 1.907409e-01 4.934608e-01 6.026731e-01 7.670013e-01 9.664051e-01 1.091696e+00 1.223423e+00 1.392754e+00 1.347237e+00 1.316748e+00 1.245795e+00 1.133605e+00 2.567796e-04
<GCONST> 7.183427e+01
<MIXTURE> 33 1.508826e-02
<MEAN> 25
 6.486598e+00 -4.338292e+00 -1.998918e+00 -2.923921e+00 -2.645917e+00 -5.630375e+00 -7.478847e+00 1.505830e+00 2.078881e+00 -3.972601e-01 -4.788214e+00 -3.194755e+00 6.979393e-01 -1.154500e+00 -2.407704e+00 -1.920900e+00 1.385873e+00 1.505007e+00 -8.363439e-01 5.690969e-01 9.137278e-01 6.345947e-01 -2.188609e-01 -1.329958e+00 3.640648e-02
<VARIANCE> 25
 9.818296e+00 2.286914e+01 2.915891e+01 3.692404e+01 5.054098e+01 4.246550e+01 4.256087e+01 4.633002e+01 4.041273e+01 4.236748e+01 3.378176e+01 2.824955e+01 1.172127e+00 1.890510e+00 2.150213e+00 2.180408e+00 4.221105e+00 3.496223e+00 4.325003e+00 5.612235e+00 3.939708e+00 4.378971e+00 3.445795e+00 2.517911e+00 1.462097e-03
<GCONST> 9.460983e+01
<MIXTURE> 34 1.588179e-02
<MEAN> 25
 8.845112e+00 -1.284504e-01 3.674663e-01 1.309404e+00 -3.078420e+00 -1.615163e+00 -6.280551e+00 -4.395115e+00 -1.799408e+00 4.177773e-02 -2.473774e+00 -3.723185e+00 -1.260636e-02 1.365322e+00 1.410047e+00 2.369261e+00 2.870940e-03 -1.596990e-01 8.399110e-01 -1.610403e+00 -8.057849e-01 1.683668e-01 -5.691959e-01 2.931925e-01 -6.183236e-02
<VARIANCE> 25
 7.650549e+00 3.187581e+01 3.027461e+01 4.947173e+01 4.217038e+01 4.838911e+01 5.445080e+01 5.754489e+01 5.212728e+01 4.242651e+01 4.764737e+01 3.102021e+01 1.235281e+00 1.958493e+00 4.308096e+00 3.941036e+00 5.506290e+00 5.680176e+00 5.392939e+00 6.006737e+00 5.326612e+00 5.106247e+00 4.874355e+00 3.873255e+00 1.135382e-03
<GCONST> 9.952279e+01
<MIXTURE> 35 1.467755e-02
<MEAN> 25
 -2.266982e+00 -4.859778e+00 -1.106485e+01 1.571500e+00 9.011646e+00 3.744977e-01 7.695241e-01 2.715417e+00 2.235143e+00 3.753744e+00 1.876085e+00 1.392663e+00 5.662118e-01 -1.379507e+00 -8.525639e-01 -1.255683e+00 -3.791418e-01 -1.493671e+00 -8.707405e-01 -1.938571e-01 -1.365745e-01 6.275745e-01 -6.562629e-01 -7.640013e-01 1.024284e-01
<VARIANCE> 25
 1.827536e+01 3.490430e+01 3.766511e+01 5.049436e+01 4.313096e+01 5.959095e+01 5.328780e+01 3.769931e+01 4.373424e+01 3.485701e+01 3.254693e+01 3.478529e+01 3.036101e+00 2.961604e+00 6.700164e+00 4.975987e+00 5.176272e+00 6.158027e+00 4.381198e+00 3.454042e+00 3.970168e+00 4.624317e+00 3.530532e+00 3.418733e+00 5.388720e-03
<GCONST> 1.018332e+02
<MIXTURE> 36 1.093293e-02
<MEAN> 25
 5.746016e+00 -5.472070e+00 7.944392e+00 2.847696e+00 -9.683941e+00 -9.847392e+00 -6.576677e+00 3.407483e+00 -1.945536e+00 -3.296604e+00 2.820643e+00 -3.267820e-01 3.030975e-01 2.595590e-01 -4.852788e-01 3.234183e-01 7.922065e-01 2.228357e-01 -2.509416e-01 1.649031e-01 2.745630e-01 2.468843e-01 -7.201127e-02 -3.538450e-01 -1.573755e-02
<VARIANCE> 25
 8.605939e+00 2.006359e+01 1.960356e+01 2.740543e+01 2.248662e+01 2.535473e+01 3.477855e+01 2.638815e+01 2.979751e+01 2.726757e+01 2.183197e+01 1.988417e+01 4.707569e-01 8.351035e-01 1.771773e+00 1.352692e+00 1.411250e+00 1.548715e+00 2.336406e+00 1.876774e+00 1.880730e+00 1.348604e+00 1.498464e+00 1.295728e+00 7.546103e-04
<GCONST> 7.993143e+01
<MIXTURE> 37 1.246826e-02
<MEAN> 25
 6.468897e-01 7.543371e+00 1.165475e+01 -5.524157e+00 -7.914858e+00 -7.165093e-01 -4.446652e+00 -7.949483e+00 -3.249662e+00 -1.084331e+00 -3.473902e+00 -1.099522e+00 1.093539e-01 6.593627e-01 -1.414577e+00 3.560857e+00 2.064724e+00 -3.381496e-01 1.055473e+00 4.154824e-01 5.726646e-01 -3.359353e-01 4.780716e-01 -5.909330e-02 -9.386367e-02
<VARIANCE> 25
 1.554341e+01 2.516458e+01 3.764619e+01 5.407961e+01 3.426656e+01 3.301703e+01 4.914575e+01 3.515106e+01 4.104953e+01 3.456326e+01 3.661039e+01 3.149829e+01 2.890388e+00 3.214739e+00 2.912706e+00 4.064291e+00 4.526465e+00 3.583600e+00 3.978506e+00 3.661401e+00 3.284712e+00 3.448648e+00 3.786773e+00 2.683852e+00 3.780912e-03
<GCONST> 9.766193e+01
<MIXTURE> 38 1.154525e-02
<MEAN> 25
 -4.462508e+00 8.948023e+00 4.603613e+00 3.250671e+00 8.593755e-01 -5.191311e+00 -5.613214e-01 -2.723716e+00 -2.830994e+00 -3.100953e+00 -1.500171e+00 -5.579131e-01 -4.506629e+00 1.241376e+00 -3.136094e-01 1.440244e+00 2.556057e+00 1.383660e+00 2.044172e+00 9.528668e-01 7.808982e-01 6.393697e-01 9.964468e-01 3.330981e-01 4.830049e-02
<VARIANCE> 25
 3.128689e+01 2.952139e+01 3.928376e+01 3.292425e+01 4.862578e+01 3.553973e+01 3.666667e+01 4.155977e+01 3.487026e+01 3.237025e+01 2.426434e+01 2.871817e+01 2.364755e+00 3.948111e+00 3.891775e+00 5.190558e+00 4.245293e+00 5.009079e+00 4.769842e+00 4.619561e+00 4.434508e+00 4.918535e+00 4.396554e+00 3.256508e+00 2.064141e-03
<GCONST> 9.924963e+01
<MIXTURE> 39 9.501865e-03
<MEAN> 25
 1.375918e+00 2.542403e+00 1.040384e+01 -8.654380e+00 -1.103681e+01 -9.396598e-01 -2.431922e+00 -6.412126e+00 -4.765973e+00 7.532826e-01 -3.530813e+00 -2.527322e+00 -7.602092e-01 1.455292e+00 1.614742e+00 -1.424088e+00 1.102212e-01 1.158552e+00 -1.121938e+00 -1.186809e+00 4.443277e-01 4.116338e-01 -4.833772e-01 1.162823e-01 1.276977e-03
<VARIANCE> 25
 8.640942e+00 2.908618e+01 3.223104e+01 4.582573e+01 3.781937e+01 4.102193e+01 5.322158e+01 3.292442e+01 3.943914e+01 3.222278e+01 3.522134e+01 2.938957e+01 6.969905e-01 1.599625e+00 1.520626e+00 2.837302e+00 2.360277e+00 2.825425e+00 3.069055e+00 2.739537e+00 2.391494e+00 2.543675e+00 2.062997e+00 1.997550e+00 1.139872e-03
<GCONST> 8.971893e+01
<MIXTURE> 40 1.030800e-02
<MEAN> 25
 -8.825681e+00 2.449584e+00 -2.349938e+00 8.108172e+00 5.002874e+00 6.128723e+00 6.021046e+00 3.963908e+00 4.731150e+00 3.826768e+00 5.326820e+00 2.193766e+00 -9.642712e-02 -2.681097e-01 -4.541642e-03 -1.926740e-01 -1.765632e-01 -1.814987e-01 2.640098e-02 8.342057e-02 1.001529e-01 1.123513e-01 1.203088e-01 3.581693e-02 3.781447e-03
<VARIANCE> 25
 3.914125e+01 1.930061e+01 3.708538e+01 2.505236e+01 3.259582e+01 1.978748e+01 2.270000e+01 1.746110e+01 1.639637e+01 1.827515e+01 1.879213e+01 1.535756e+01 7.101288e-01 7.124361e-01 7.974287e-01 1.115254e+00 1.139217e+00 1.220249e+00 1.321656e+00 1.268418e+00 1.530065e+00 1.261451e+00 1.098266e+00 1.035021e+00 7.826969e-04
<GCONST> 7.690802e+01
<MIXTURE> 41 6.713375e-03
<MEAN> 25
 1.352134e+00 1.384580e+00 1.033567e+01 -6.874994e+00 -1.071069e+01 -4.057006e+00 -2.626050e+00 -4.928751e+00 -4.606662e+00 2.496950e+00 -1.892061e+00 -1.081869e+00 1.889027e-01 -8.263047e-01 1.622952e+00 -3.557416e+00 -2.476692e+00 -5.616957e-02 -6.157479e-01 -3.473383e-01 -8.502134e-01 1.119437e+00 -9.525531e-01 -1.764148e-02 8.396090e-02
<VARIANCE> 25
 1.135588e+01 3.279590e+01 3.224762e+01 3.900949e+01 3.953626e+01 4.036224e+01 3.695275e+01 2.944583e+01 3.194057e+01 2.841068e+01 3.134291e+01 2.658146e+01 3.366167e+00 3.314361e+00 3.983426e+00 3.731113e+00 4.743002e+00 5.801046e+00 4.885014e+00 4.429315e+00 3.855857e+00 4.112834e+00 3.881433e+00 3.357146e+00 2.975700e-03
<GCONST> 9.792110e+01
<MIXTURE> 42 1.106211e-02
<MEAN> 25
 -2.766887e+00 3.360205e+00 5.139012e+00 2.833549e+00 -8.600013e-01 -6.945005e+00 -5.403216e-01 -2.707528e+00 -1.486344e+00 -1.998367e+00 -2.935710e+00 1.701592e+00 3.854926e+00 -4.956553e-01 1.727704e+00 8.134843e-02 -3.183469e+00 -1.801345e+00 -2.727788e+00 -7.128257e-01 -9.747531e-01 -9.863871e-01 3.515725e-01 -1.006817e+00 2.187784e-02
<VARIANCE> 25
 3.274110e+01 2.049079e+01 4.426925e+01 2.123501e+01 3.502182e+01 4.577403e+01 3.801183e+01 2.369354e+01 2.344264e+01 2.280224e+01 1.787621e+01 1.700400e+01 2.846068e+00 4.479650e+00 5.537403e+00 4.016907e+00 3.768094e+00 6.446567e+00 4.647682e+00 4.266483e+00 3.943353e+00 4.288610e+00 3.450272e+00 2.840105e+00 4.008419e-03
<GCONST> 9.689832e+01
<MIXTURE> 43 7.108249e-03
<MEAN> 25
 3.166524e+00 -6.309351e+00 -2.251180e+00 -5.189795e+00 -7.400272e+00 -3.404621e+00 4.141291e+00 1.310666e+00 -5.064785e+00 -7.096149e+00 -4.324864e+00 -1.249650e+00 2.377630e-01 2.165360e+00 1.914282e+00 -1.334601e-01 -1.430409e+00 -7.949396e-01 -9.700136e-01 -7.794083e-01 8.217850e-01 1.468721e+00 3.426285e-01 2.081731e-02 -4.510882e-02
<VARIANCE> 25
 9.600966e+00 1.968826e+01 2.734732e+01 3.520843e+01 3.841082e+01 3.664043e+01 3.329293e+01 3.981247e+01 3.965337e+01 3.863658e+01 2.653897e+01 2.955724e+01 6.906784e-01 1.248947e+00 1.570076e+00 2.491148e+00 2.375557e+00 2.382946e+00 2.653410e+00 3.026961e+00 2.606979e+00 2.577746e+00 2.331509e+00 1.919644e+00 9.432166e-04
<GCONST> 8.796766e+01
<MIXTURE> 44 7.328289e-03
<MEAN> 25
 -1.527781e+01 1.510533e+00 3.592861e+00 -3.321168e+00 3.429971e+00 2.206451e+00 1.831358e-01 2.374380e+00 1.632317e+00 -5.863047e-01 1.652267e+00 2.073780e+00 -1.590830e-01 1.529564e-02 1.834939e-01 2.855334e-01 -9.626073e-02 1.256189e-01 4.374742e-01 1.107235e-01 2.713247e-01 1.545054e-01 5.933449e-02 1.054948e-01 4.875105e-03
<VARIANCE> 25
 4.100256e+01 2.739080e+01 3.490898e+01 2.980221e+01 2.911379e+01 3.018367e+01 2.692750e+01 3.154785e+01 2.770150e+01 2.839990e+01 2.793265e+01 1.946714e+01 1.208506e+00 1.527106e+00 1.397242e+00 1.345064e+00 2.143778e+00 1.875049e+00 1.568143e+00 1.621080e+00 1.572929e+00 1.481597e+00 1.344126e+00 1.215095e+00 1.296468e-03
<GCONST> 8.466408e+01
<MIXTURE> 45 1.364932e-02
<MEAN> 25
 -1.207358e+01 3.401121e+00 -7.346984e-01 2.799576e+00 6.274198e+00 9.480323e-01 5.863715e+00 3.340266e+00 3.060349e+00 2.084364e+00 1.046053e+00 3.328740e+00 -2.930657e+00 9.982693e-02 -1.939836e-01 -9.543192e-01 9.678788e-02 -1.983517e-01 1.565634e-01 3.058282e-01 2.037247e-01 2.880520e-01 5.360885e-01 3.478941e-01 1.199018e-01
<VARIANCE> 25
 2.971155e+01 2.759464e+01 2.759029e+01 2.923999e+01 2.599389e+01 2.649870e+01 2.566098e+01 2.312736e+01 2.028230e+01 1.954408e+01 2.667918e+01 1.787856e+01 2.184310e+00 3.062586e+00 2.756817e+00 2.463789e+00 2.089254e+00 2.474230e+00 2.500873e+00 2.083762e+00 1.998621e+00 2.092083e+00 2.480558e+00 1.920233e+00 3.456830e-03
<GCONST> 8.885400e+01
<MIXTURE> 46 9.336259e-03
<MEAN> 25
 -8.522741e+00 1.519206e+00 -3.992038e-01 7.021883e+00 6.835619e+00 2.489739e+00 5.839247e+00 4.374726e+00 6.215285e+00 4.502539e+00 4.845191e+00 2.911032e+00 9.643714e-01 1.047379e-01 -3.595926e-01 9.168954e-01 8.208237e-01 1.312499e+00 4.375780e-01 5.924259e-01 6.788562e-01 2.534209e-01 6.080334e-01 5.622571e-01 -1.043054e-01
<VARIANCE> 25
 3.238524e+01 4.124031e+01 4.641773e+01 4.433678e+01 4.783076e+01 4.026390e+01 4.020844e+01 3.010800e+01 2.997656e+01 2.710104e+01 2.579538e+01 1.938466e+01 3.402241e+00 4.115414e+00 4.653115e+00 3.582656e+00 3.807241e+00 3.954393e+00 3.055016e+00 2.724093e+00 2.810584e+00 2.809716e+00 2.019841e+00 1.544070e+00 7.026816e-03
<GCONST> 9.687958e+01
<MIXTURE> 47 7.116147e-03
<MEAN> 25
 7.335297e+00 -7.376915e+00 -7.758508e+00 -6.453506e+00 1.503565e+00 8.384323e-01 -2.396770e+00 1.226470e+00 3.011626e+00 1.520278e-01 -4.254875e+00 -6.719249e+00 -1.842613e-01 -1.258563e+00 -6.909484e-01 -4.182401e-01 6.219027e-01 8.166243e-01 8.759671e-01 3.004384e-01 1.177952e-01 -8.864278e-01 -4.676205e-01 -4.570493e-01 3.013541e-02
<VARIANCE> 25
 1.067620e+01 2.105843e+01 2.054123e+01 3.318672e+01 3.622234e+01 5.276954e+01 4.534609e+01 4.076611e+01 4.349675e+01 4.702666e+01 4.865917e+01 3.355456e+01 5.192727e-01 7.723210e-01 1.128603e+00 1.670832e+00 1.980651e+00 2.204254e+00 2.321258e+00 2.480728e+00 2.192586e+00 2.143175e+00 2.185903e+00 2.010994e+00 5.495815e-04
<GCONST> 8.645280e+01
<MIXTURE> 48 7.116147e-03
<MEAN> 25
 7.335297e+00 -7.376915e+00 -7.758508e+00 -6.453506e+00 1.503565e+00 8.384323e-01 -2.396770e+00 1.226470e+00 3.011626e+00 1.520278e-01 -4.254875e+00 -6.719249e+00 -1.842613e-01 -1.258563e+00 -6.909484e-01 -4.182401e-01 6.219027e-01 8.166243e-01 8.759671e-01 3.004384e-01 1.177952e-01 -8.864278e-01 -4.676205e-01 -4.570493e-01 3.013541e-02
<VARIANCE> 25
 1.067620e+01 2.105843e+01 2.054123e+01 3.318672e+01 3.622234e+01 5.276954e+01 4.534609e+01 4.076611e+01 4.349675e+01 4.702666e+01 4.865917e+01 3.355456e+01 5.192727e-01 7.723210e-01 1.128603e+00 1.670832e+00 1.980651e+00 2.204254e+00 2.321258e+00 2.480728e+00 2.192586e+00 2.143175e+00 2.185903e+00 2.010994e+00 5.495815e-04
<GCONST> 8.645280e+01
<MIXTURE> 49 5.548473e-03
<MEAN> 25
 -5.201659e+00 4.615210e-01 3.464143e-02 8.091484e+00 6.317791e+00 5.531878e+00 6.140797e+00 4.217103e+00 5.069144e+00 3.866985e+00 4.560000e+00 3.063859e+00 3.648611e-01 6.445538e-01 7.103574e-01 3.681094e-01 -1.901798e-01 -6.202878e-01 -1.007295e+00 -1.088434e+00 -9.794512e-01 -7.162929e-01 -4.247997e-01 -2.974369e-01 -2.319613e-04
<VARIANCE> 25
 9.712132e+00 9.860133e+00 1.651744e+01 1.983399e+01 1.648507e+01 1.787788e+01 2.032962e+01 1.967398e+01 1.768113e+01 1.955120e+01 2.193124e+01 1.428569e+01 2.681935e-01 2.532713e-01 3.562692e-01 5.952501e-01 8.416392e-01 1.026487e+00 9.502656e-01 1.034941e+00 1.138170e+00 1.222698e+00 1.329386e+00 1.279196e+00 1.584549e-05
<GCONST> 6.497640e+01
<MIXTURE> 50 6.234641e-03
<MEAN> 25
 -4.835308e+00 2.960279e-01 -1.302464e+00 6.016130e+00 4.536363e+00 2.212351e+00 4.006308e+00 1.779954e+00 3.054672e+00 1.656092e+00 1.874565e+00 2.991019e+00 6.326453e-02 1.814616e-01 1.069630e-01 -1.531549e-01 -4.917843e-01 -6.707588e-01 -4.730585e-01 -2.779439e-02 4.491938e-01 7.398629e-01 7.646519e-01 4.501550e-01 6.452470e-05
<VARIANCE> 25
 1.089874e+01 1.128927e+01 1.713149e+01 1.712005e+01 1.671855e+01 1.842649e+01 1.909848e+01 1.934396e+01 1.886611e+01 1.953963e+01 2.186584e+01 1.474789e+01 1.484290e-01 2.281022e-01 3.603932e-01 5.005967e-01 6.028008e-01 7.458346e-01 9.399338e-01 1.069978e+00 1.021685e+00 8.875886e-01 9.313221e-01 9.683951e-01 1.232227e-06
<GCONST> 6.006913e+01
<MIXTURE> 51 6.234641e-03
<MEAN> 25
 -4.835308e+00 2.960279e-01 -1.302464e+00 6.016130e+00 4.536363e+00 2.212351e+00 4.006308e+00 1.779954e+00 3.054672e+00 1.656092e+00 1.874565e+00 2.991019e+00 6.326453e-02 1.814616e-01 1.069630e-01 -1.531549e-01 -4.917843e-01 -6.707588e-01 -4.730585e-01 -2.779439e-02 4.491938e-01 7.398629e-01 7.646519e-01 4.501550e-01 6.452470e-05
<VARIANCE> 25
 1.089874e+01 1.128927e+01 1.713149e+01 1.712005e+01 1.671855e+01 1.842649e+01 1.909848e+01 1.934396e+01 1.886611e+01 1.953963e+01 2.186584e+01 1.474789e+01 1.484290e-01 2.281022e-01 3.603932e-01 5.005967e-01 6.028008e-01 7.458346e-01 9.399338e-01 1.069978e+00 1.021685e+00 8.875886e-01 9.313221e-01 9.683951e-01 1.232227e-06
<GCONST> 6.006913e+01
<MIXTURE> 52 6.367945e-03
<MEAN> 25
 9.722529e+00 2.269660e+00 -5.974335e+00 -1.486880e+01 -4.561351e+00 7.931679e+00 -3.599836e+00 -2.991034e+00 -6.062325e+00 -2.347630e+00 3.390969e+00 -2.497907e-01 -2.657501e-01 -2.418986e-01 -2.807472e-01 1.355396e+00 1.435830e+00 -6.254781e-01 -3.940083e-01 -6.001008e-01 1.581903e-01 1.074474e+00 3.298911e-01 -5.368869e-01 -1.669190e-02
<VARIANCE> 25
 8.707749e+00 1.876582e+01 2.217032e+01 3.490349e+01 4.447810e+01 2.892270e+01 4.493349e+01 4.233542e+01 6.454755e+01 3.989250e+01 3.752780e+01 3.941476e+01 5.327882e-01 1.497844e+00 1.392693e+00 2.678337e+00 2.119687e+00 2.063599e+00 2.824090e+00 2.447855e+00 2.875443e+00 2.812323e+00 2.306438e+00 2.204522e+00 1.476295e-03
<GCONST> 8.925592e+01
<MIXTURE> 53 6.367945e-03
<MEAN> 25
 9.722529e+00 2.269660e+00 -5.974335e+00 -1.486880e+01 -4.561351e+00 7.931679e+00 -3.599836e+00 -2.991034e+00 -6.062325e+00 -2.347630e+00 3.390969e+00 -2.497907e-01 -2.657501e-01 -2.418986e-01 -2.807472e-01 1.355396e+00 1.435830e+00 -6.254781e-01 -3.940083e-01 -6.001008e-01 1.581903e-01 1.074474e+00 3.298911e-01 -5.368869e-01 -1.669190e-02
<VARIANCE> 25
 8.707749e+00 1.876582e+01 2.217032e+01 3.490349e+01 4.447810e+01 2.892270e+01 4.493349e+01 4.233542e+01 6.454755e+01 3.989250e+01 3.752780e+01 3.941476e+01 5.327882e-01 1.497844e+00 1.392693e+00 2.678337e+00 2.119687e+00 2.063599e+00 2.824090e+00 2.447855e+00 2.875443e+00 2.812323e+00 2.306438e+00 2.204522e+00 1.476295e-03
<GCONST> 8.925592e+01
<MIXTURE> 54 7.368620e-03
<MEAN> 25
 -3.636653e+00 5.069973e-02 -6.798666e-01 8.032251e+00 6.484589e+00 4.622559e+00 4.677035e+00 4.597391e+00 4.054379e+00 3.596776e+00 4.453497e+00 2.328083e+00 -2.181708e-03 2.660830e-02 3.431589e-02 4.751594e-02 5.149934e-02 4.623141e-02 3.822862e-02 2.899056e-02 3.125481e-02 2.525011e-02 1.478289e-02 1.796050e-03 -1.096127e-05
<VARIANCE> 25
 9.150227e+00 1.036267e+01 9.313950e+00 1.821566e+01 1.331566e+01 1.354408e+01 1.197187e+01 1.130486e+01 1.134098e+01 1.356207e+01 1.782753e+01 1.253524e+01 4.086075e-02 8.731490e-02 1.540662e-01 2.264772e-01 3.078297e-01 3.982717e-01 4.615402e-01 5.213473e-01 5.422428e-01 5.209751e-01 5.143381e-01 5.161976e-01 1.002731e-06
<GCONST> 4.726271e+01
<MIXTURE> 55 7.368620e-03
<MEAN> 25
 -3.636653e+00 5.069973e-02 -6.798666e-01 8.032251e+00 6.484589e+00 4.622559e+00 4.677035e+00 4.597391e+00 4.054379e+00 3.596776e+00 4.453497e+00 2.328083e+00 -2.181708e-03 2.660830e-02 3.431589e-02 4.751594e-02 5.149934e-02 4.623141e-02 3.822862e-02 2.899056e-02 3.125481e-02 2.525011e-02 1.478289e-02 1.796050e-03 -1.096127e-05
<VARIANCE> 25
 9.150227e+00 1.036267e+01 9.313950e+00 1.821566e+01 1.331566e+01 1.354408e+01 1.197187e+01 1.130486e+01 1.134098e+01 1.356207e+01 1.782753e+01 1.253524e+01 4.086075e-02 8.731490e-02 1.540662e-01 2.264772e-01 3.078297e-01 3.982717e-01 4.615402e-01 5.213473e-01 5.422428e-01 5.209751e-01 5.143381e-01 5.161976e-01 1.002731e-06
<GCONST> 4.726271e+01
<MIXTURE> 56 6.132464e-03
<MEAN> 25
 7.560285e+00 -6.777133e+00 -9.156672e+00 -8.668090e+00 3.957570e+00 3.934068e+00 -2.181831e+00 -1.478433e+00 1.952229e+00 6.575224e-01 -2.484112e+00 -7.148294e+00 -1.037046e-02 2.601018e-02 -8.579552e-02 2.158917e-02 2.589764e-01 6.601609e-02 1.147859e-01 -1.375324e-01 -4.667130e-02 -3.701420e-02 -8.210513e-02 1.851251e-02 -7.062347e-03
<VARIANCE> 25
 9.319086e+00 2.326708e+01 2.001402e+01 4.127213e+01 3.323819e+01 5.101590e+01 6.199859e+01 3.682437e+01 3.904356e+01 3.768734e+01 4.026423e+01 3.114238e+01 2.061402e-01 4.321946e-01 4.531135e-01 7.723496e-01 7.984839e-01 1.113003e+00 9.098374e-01 9.072766e-01 9.090602e-01 9.271036e-01 1.035935e+00 7.847295e-01 2.391776e-04
<GCONST> 7.514556e+01
<MIXTURE> 57 6.132464e-03
<MEAN> 25
 7.560285e+00 -6.777133e+00 -9.156672e+00 -8.668090e+00 3.957570e+00 3.934068e+00 -2.181831e+00 -1.478433e+00 1.952229e+00 6.575224e-01 -2.484112e+00 -7.148294e+00 -1.037046e-02 2.601018e-02 -8.579552e-02 2.158917e-02 2.589764e-01 6.601609e-02 1.147859e-01 -1.375324e-01 -4.667130e-02 -3.701420e-02 -8.210513e-02 1.851251e-02 -7.062347e-03
<VARIANCE> 25
 9.319086e+00 2.326708e+01 2.001402e+01 4.127213e+01 3.323819e+01 5.101590e+01 6.199859e+01 3.682437e+01 3.904356e+01 3.768734e+01 4.026423e+01 3.114238e+01 2.061402e-01 4.321946e-01 4.531135e-01 7.723496e-01 7.984839e-01 1.113003e+00 9.098374e-01 9.072766e-01 9.090602e-01 9.271036e-01 1.035935e+00 7.847295e-01 2.391776e-04
<GCONST> 7.514556e+01
<MIXTURE> 58 6.172147e-03
<MEAN> 25
 2.672772e+00 -3.680983e+00 7.514211e+00 -5.146863e+00 -1.342787e+01 -6.182761e+00 1.054085e+00 1.018158e+00 -2.631160e+00 1.835591e+00 4.777954e-01 -7.784981e-01 -1.145904e-02 -1.800658e-01 3.072166e-02 -1.482191e-01 6.032706e-02 2.128154e-01 3.013098e-01 2.151255e-01 -2.690645e-02 2.602339e-02 -3.632458e-02 -8.588455e-02 -1.431202e-03
<VARIANCE> 25
 7.327678e+00 1.979261e+01 1.998870e+01 2.746019e+01 2.273850e+01 4.915450e+01 3.662812e+01 3.358394e+01 3.123991e+01 2.944083e+01 2.141021e+01 1.906200e+01 2.995276e-01 8.067486e-01 8.931025e-01 1.025706e+00 9.728765e-01 1.171333e+00 1.188350e+00 1.227664e+00 1.069129e+00 9.986323e-01 8.847272e-01 8.797699e-01 7.273973e-04
<GCONST> 7.579057e+01
<MIXTURE> 59 6.172147e-03
<MEAN> 25
 2.672772e+00 -3.680983e+00 7.514211e+00 -5.146863e+00 -1.342787e+01 -6.182761e+00 1.054085e+00 1.018158e+00 -2.631160e+00 1.835591e+00 4.777954e-01 -7.784981e-01 -1.145904e-02 -1.800658e-01 3.072166e-02 -1.482191e-01 6.032706e-02 2.128154e-01 3.013098e-01 2.151255e-01 -2.690645e-02 2.602339e-02 -3.632458e-02 -8.588455e-02 -1.431202e-03
<VARIANCE> 25
 7.327678e+00 1.979261e+01 1.998870e+01 2.746019e+01 2.273850e+01 4.915450e+01 3.662812e+01 3.358394e+01 3.123991e+01 2.944083e+01 2.141021e+01 1.906200e+01 2.995276e-01 8.067486e-01 8.931025e-01 1.025706e+00 9.728765e-01 1.171333e+00 1.188350e+00 1.227664e+00 1.069129e+00 9.986323e-01 8.847272e-01 8.797699e-01 7.273973e-04
<GCONST> 7.579057e+01
<MIXTURE> 60 4.479129e-03
<MEAN> 25
 -4.273691e+00 -6.586173e-01 -1.072303e+00 3.689182e+00 1.742068e+00 2.113040e+00 1.648934e+00 1.522988e+00 2.166072e+00 1.278954e+00 2.375249e+00 1.923486e+00 -2.860788e-02 5.671714e-02 1.015686e-01 1.301790e-01 1.298755e-01 1.261778e-01 1.761921e-01 3.223189e-01 5.458854e-01 6.641296e-01 5.562188e-01 3.028033e-01 -3.855013e-04
<VARIANCE> 25
 6.969909e+00 4.539088e+00 1.035388e+01 1.132596e+01 1.361702e+01 1.699294e+01 1.404813e+01 1.187614e+01 1.273943e+01 1.330301e+01 1.598010e+01 1.230319e+01 8.679401e-02 1.680557e-01 2.790375e-01 4.311650e-01 5.856286e-01 7.326863e-01 8.308201e-01 8.974428e-01 9.014308e-01 8.344226e-01 8.377624e-01 8.613524e-01 2.293161e-05
<GCONST> 5.636168e+01
<MIXTURE> 61 4.479129e-03
<MEAN> 25
 -4.273691e+00 -6.586173e-01 -1.072303e+00 3.689182e+00 1.742068e+00 2.113040e+00 1.648934e+00 1.522988e+00 2.166072e+00 1.278954e+00 2.375249e+00 1.923486e+00 -2.860788e-02 5.671714e-02 1.015686e-01 1.301790e-01 1.298755e-01 1.261778e-01 1.761921e-01 3.223189e-01 5.458854e-01 6.641296e-01 5.562188e-01 3.028033e-01 -3.855013e-04
<VARIANCE> 25
 6.969909e+00 4.539088e+00 1.035388e+01 1.132596e+01 1.361702e+01 1.699294e+01 1.404813e+01 1.187614e+01 1.273943e+01 1.330301e+01 1.598010e+01 1.230319e+01 8.679401e-02 1.680557e-01 2.790375e-01 4.311650e-01 5.856286e-01 7.326863e-01 8.308201e-01 8.974428e-01 9.014308e-01 8.344226e-01 8.377624e-01 8.613524e-01 2.293161e-05
<GCONST> 5.636168e+01
<MIXTURE> 62 3.278034e-03
<MEAN> 25
 -5.013011e+00 1.367719e+00 8.343005e-01 8.871867e+00 6.340764e+00 5.136917e+00 5.650298e+00 3.976264e+00 4.912388e+00 3.709470e+00 4.620388e+00 2.853410e+00 -1.046847e+00 -1.163102e+00 -9.437559e-01 -2.966235e-01 4.155085e-01 9.777792e-01 1.361973e+00 1.576754e+00 1.477562e+00 1.246597e+00 1.036870e+00 7.423106e-01 -1.137921e-03
<VARIANCE> 25
 9.810019e+00 1.022995e+01 1.404447e+01 1.639370e+01 1.845010e+01 1.731041e+01 1.994336e+01 1.870839e+01 1.853887e+01 1.970272e+01 2.516550e+01 1.478594e+01 4.585736e-01 4.207266e-01 5.422291e-01 7.743537e-01 1.014977e+00 1.185761e+00 1.236617e+00 1.265488e+00 1.293430e+00 1.326760e+00 1.393258e+00 1.343444e+00 1.643952e-05
<GCONST> 6.777378e+01
<MIXTURE> 63 4.351215e-03
<MEAN> 25
 -4.177759e+00 -1.727752e+00 -5.717052e+00 3.204701e+00 4.427784e+00 6.811013e-01 3.376243e+00 1.005749e+00 2.560195e+00 -1.298390e+00 -1.061782e+00 3.147165e+00 -8.534255e-02 3.668245e-01 3.740051e-01 5.264488e-01 4.258543e-01 4.922746e-01 5.322036e-01 1.701731e-01 3.206910e-02 2.329447e-01 2.180985e-01 7.101793e-02 -4.198301e-03
<VARIANCE> 25
 7.975326e+00 1.649631e+01 2.036340e+01 1.520309e+01 2.244507e+01 3.248334e+01 2.378526e+01 2.387784e+01 2.486741e+01 2.159668e+01 1.848550e+01 1.762224e+01 2.460718e-01 4.155920e-01 5.794194e-01 6.265368e-01 8.715429e-01 1.087447e+00 1.346020e+00 1.470491e+00 1.727067e+00 1.304135e+00 1.236736e+00 1.345347e+00 1.912889e-04
<GCONST> 7.166272e+01
<MIXTURE> 64 4.351215e-03
<MEAN> 25
 -4.177759e+00 -1.727752e+00 -5.717052e+00 3.204701e+00 4.427784e+00 6.811013e-01 3.376243e+00 1.005749e+00 2.560195e+00 -1.298390e+00 -1.061782e+00 3.147165e+00 -8.534255e-02 3.668245e-01 3.740051e-01 5.264488e-01 4.258543e-01 4.922746e-01 5.322036e-01 1.701731e-01 3.206910e-02 2.329447e-01 2.180985e-01 7.101793e-02 -4.198301e-03
<VARIANCE> 25
 7.975326e+00 1.649631e+01 2.036340e+01 1.520309e+01 2.244507e+01 3.248334e+01 2.378526e+01 2.387784e+01 2.486741e+01 2.159668e+01 1.848550e+01 1.762224e+01 2.460718e-01 4.155920e-01 5.794194e-01 6.265368e-01 8.715429e-01 1.087447e+00 1.346020e+00 1.470491e+00 1.727067e+00 1.304135e+00 1.236736e+00 1.345347e+00 1.912889e-04
<GCONST> 7.166272e+01
<MIXTURE> 65 1.721197e-02
<MEAN> 25
 8.004251e+00 1.928130e+00 2.028987e+00 6.845416e-01 -5.500774e+00 -4.316497e+00 -5.905704e+00 -6.476793e+00 -4.017716e+00 -2.213014e+00 -5.170860e+00 -2.083456e+00 1.525015e-01 6.522439e-02 6.108319e-02 1.672107e-01 -2.147658e-01 2.368708e-01 -9.007680e-02 -1.584441e-01 1.433779e-01 2.368846e-02 -4.961594e-02 -1.532391e-01 -3.449317e-03
<VARIANCE> 25
 9.443085e+00 2.019783e+01 2.529948e+01 4.215864e+01 3.778803e+01 5.687265e+01 6.021874e+01 5.778564e+01 5.442786e+01 5.636358e+01 5.502187e+01 5.045377e+01 5.406397e-01 1.045228e+00 1.616304e+00 1.872264e+00 1.937923e+00 2.163005e+00 2.265139e+00 2.911446e+00 2.391640e+00 2.449730e+00 2.314584e+00 2.034368e+00 4.426138e-04
<GCONST> 8.940551e+01
<MIXTURE> 66 1.191532e-02
<MEAN> 25
 6.633338e+00 -4.126094e+00 -5.619137e+00 -4.744730e+00 1.259120e+00 -5.101649e+00 -6.955987e+00 1.252888e+00 7.155447e-01 -1.989725e+00 -6.041700e+00 -3.474539e+00 -6.135911e-02 1.658915e+00 2.255608e+00 2.299950e+00 -1.228493e+00 -1.251887e+00 7.981057e-02 -5.384971e-01 -1.280531e-01 -2.068623e-01 -2.210102e-01 1.054036e+00 -6.340040e-02
<VARIANCE> 25
 9.151397e+00 2.224553e+01 2.782404e+01 3.343252e+01 3.875529e+01 5.295975e+01 5.564886e+01 4.529408e+01 5.439241e+01 6.667860e+01 3.751080e+01 3.624866e+01 1.308594e+00 2.434481e+00 2.387125e+00 2.479709e+00 4.204706e+00 4.265189e+00 4.382811e+00 4.802977e+00 4.248282e+00 4.993911e+00 3.909445e+00 3.244710e+00 1.471238e-03
<GCONST> 9.691261e+01
<MIXTURE> 67 1.559142e-02
<MEAN> 25
 8.160127e+00 2.781084e+00 -6.040195e+00 -8.867324e+00 -5.444989e-01 3.700798e+00 -3.069762e+00 -3.024072e+00 -1.886635e+00 -2.753292e-01 -4.738587e-01 -2.269149e-01 -1.169086e+00 1.625275e+00 5.376710e-01 3.370626e+00 1.857583e+00 -7.576954e-01 1.131726e+00 -1.165995e-02 2.131019e-01 1.978389e-01 -8.783568e-02 5.185785e-01 -1.272387e-01
<VARIANCE> 25
 1.277889e+01 3.549157e+01 2.749974e+01 5.388575e+01 5.388241e+01 4.740197e+01 5.266537e+01 4.829400e+01 7.403480e+01 5.238076e+01 4.791252e+01 5.062153e+01 1.900532e+00 3.066217e+00 3.890721e+00 4.213032e+00 4.729032e+00 4.171387e+00 4.070163e+00 4.323178e+00 4.600220e+00 4.249439e+00 4.542469e+00 3.243369e+00 2.648433e-03
<GCONST> 1.012468e+02
<MIXTURE> 68 1.485092e-02
<MEAN> 25
 -2.247124e+00 -2.782712e+00 -4.556118e+00 2.220524e-01 4.733624e+00 -2.227148e+00 2.267108e+00 1.703264e+00 3.071240e+00 3.457696e+00 1.017187e-01 1.583951e+00 2.665071e+00 1.881535e-01 3.913277e-01 -2.738333e+00 -2.684089e+00 -1.926324e+00 -2.447747e+00 -1.727919e+00 -1.041029e+00 -7.794195e-01 -1.961234e+00 -1.152999e+00 1.063549e-01
<VARIANCE> 25
 2.680555e+01 2.945465e+01 5.064450e+01 4.831252e+01 4.311126e+01 6.137457e+01 3.982984e+01 3.800101e+01 3.884567e+01 5.339123e+01 3.511443e+01 2.316385e+01 1.642355e+00 3.751709e+00 5.927357e+00 5.296297e+00 4.046319e+00 5.982772e+00 4.622618e+00 4.106397e+00 5.150542e+00 6.178717e+00 4.502260e+00 2.960185e+00 5.251287e-03
<GCONST> 1.021582e+02
<MIXTURE> 69 1.204884e-02
<MEAN> 25
 4.641183e+00 -4.307351e+00 -3.427801e+00 -3.658140e+00 -3.725427e+00 -7.914886e+00 -1.206496e+00 2.143859e+00 -3.839157e-01 -4.686887e+00 -5.695358e+00 8.763826e-01 1.700876e+00 -2.239725e+00 -1.326597e+00 -2.272958e+00 -5.711823e-01 -3.185032e-01 -5.208347e-01 5.997198e-01 -6.558287e-01 -1.404908e+00 -2.151979e+00 -2.123424e-01 6.196689e-02
<VARIANCE> 25
 8.796019e+00 2.185544e+01 2.771380e+01 2.562730e+01 4.530550e+01 3.520081e+01 4.879194e+01 3.151918e+01 3.928613e+01 3.761311e+01 3.068803e+01 2.464803e+01 3.526244e+00 2.892582e+00 3.347091e+00 3.704009e+00 5.782803e+00 5.023025e+00 7.156485e+00 6.016436e+00 5.836062e+00 5.981557e+00 4.458429e+00 3.753637e+00 2.445070e-03
<GCONST> 9.873861e+01
<MIXTURE> 70 1.329190e-02
<MEAN> 25
 7.316026e+00 -1.816302e+00 -3.697122e+00 -3.738410e+00 -3.327537e-01 -1.009257e+00 -7.600933e+00 -4.198546e+00 8.157452e-01 2.961142e+00 -5.922461e-01 -4.609651e+00 1.964353e+00 -8.645263e-01 -6.301671e-01 -2.245058e+00 -1.597698e+00 1.467732e+00 -1.348690e+00 -2.866254e-01 1.136651e-01 -2.739679e-01 6.751254e-01 -1.199407e+00 5.494488e-02
<VARIANCE> 25
 9.486050e+00 2.215444e+01 2.726980e+01 4.375140e+01 3.516533e+01 4.160971e+01 4.607560e+01 4.116445e+01 4.607484e+01 2.994844e+01 4.470741e+01 2.777995e+01 3.295394e+00 4.099679e+00 4.683845e+00 4.881738e+00 4.792396e+00 7.283760e+00 6.180459e+00 7.450230e+00 6.140115e+00 5.646933e+00 5.333965e+00 4.618809e+00 2.485772e-03
<GCONST> 1.014379e+02
<MIXTURE> 71 1.406903e-02
<MEAN> 25
 6.262804e+00 4.990623e+00 4.843619e+00 3.674958e+00 -3.524289e+00 -3.154587e+00 -2.355996e+00 -6.240376e+00 -5.088992e+00 -2.436522e+00 -4.771049e+00 -3.626119e+00 -1.567384e+00 -7.623541e-01 -2.238746e-02 -1.779163e+00 9.729700e-01 -9.356148e-02 1.716246e-01 1.383448e+00 2.392576e-01 -9.906800e-02 6.569864e-01 1.324025e-01 3.847679e-02
<VARIANCE> 25
 1.779677e+01 2.429293e+01 2.711645e+01 4.567384e+01 3.745344e+01 3.803920e+01 5.536346e+01 3.973552e+01 3.798424e+01 4.105969e+01 3.584901e+01 3.350791e+01 1.617649e+00 2.880888e+00 5.385673e+00 4.629165e+00 4.618336e+00 4.403155e+00 4.687937e+00 5.212307e+00 4.102623e+00 3.935468e+00 3.336630e+00 3.065028e+00 1.370851e-03
<GCONST> 9.801689e+01
<MIXTURE> 72 8.134747e-03
<MEAN> 25
 3.796785e+00 -3.752294e+00 5.518161e+00 -2.475659e+00 -1.039850e+01 -9.649323e+00 -2.495186e+00 1.950304e+00 -4.955883e+00 -2.158760e+00 -1.865674e+00 6.159422e-01 9.326561e-01 -7.729729e-01 -2.557710e+00 4.726923e-01 2.132434e+00 -6.387309e-01 -1.310313e+00 1.515222e+00 1.812310e+00 -5.988185e-01 -1.273079e+00 3.992669e-01 -6.375236e-03
<VARIANCE> 25
 1.070980e+01 1.997708e+01 3.302618e+01 3.819620e+01 3.205724e+01 3.344195e+01 4.109687e+01 3.601981e+01 4.336751e+01 4.124575e+01 3.853223e+01 2.834762e+01 4.300116e-01 1.039601e+00 2.054021e+00 1.468803e+00 2.169978e+00 2.375572e+00 3.053811e+00 2.724448e+00 2.587644e+00 2.946761e+00 2.039110e+00 2.122076e+00 5.453067e-04
<GCONST> 8.725531e+01
<MIXTURE> 73 1.213625e-02
<MEAN> 25
 -6.023089e+00 -8.913930e-01 -2.393538e+00 3.852642e+00 3.893531e+00 2.337615e+00 6.950954e+00 3.071751e+00 4.508960e+00 3.535711e+00 3.148648e+00 3.341550e+00 3.887110e-01 -1.350204e+00 -2.773027e-01 -2.165009e+00 -1.700126e+00 -1.822764e+00 -4.206151e-01 -4.446019e-01 -9.654657e-01 -1.905589e-01 -8.925802e-01 -2.779023e-01 1.417118e-01
<VARIANCE> 25
 1.233277e+01 1.071701e+01 2.028161e+01 2.000323e+01 3.006796e+01 3.879137e+01 2.024393e+01 2.295412e+01 1.622575e+01 1.467456e+01 2.288656e+01 1.459662e+01 3.848037e+00 2.673419e+00 6.623603e+00 4.523466e+00 5.283642e+00 4.613760e+00 5.464963e+00 3.231519e+00 3.128898e+00 3.826782e+00 3.244852e+00 3.123156e+00 3.656486e-03
<GCONST> 9.230688e+01
<MIXTURE> 74 1.756491e-02
<MEAN> 25
 5.101306e+00 -3.675529e+00 7.265900e+00 1.198311e+00 -7.878395e+00 -7.819300e+00 -4.279715e+00 2.670890e+00 -3.359328e+00 -2.799372e+00 3.488096e-01 -1.166467e+00 2.808797e-01 2.280374e+00 -3.090308e-01 1.799621e+00 1.418151e+00 5.442748e-01 7.016581e-01 -1.204251e+00 6.878042e-01 -6.680189e-01 -4.046874e-01 1.312167e-01 -7.162000e-02
<VARIANCE> 25
 8.868382e+00 2.581100e+01 3.150360e+01 3.717146e+01 2.736092e+01 2.867797e+01 4.886337e+01 3.589146e+01 3.341246e+01 3.213004e+01 3.456007e+01 2.756873e+01 1.498092e+00 1.720236e+00 3.152323e+00 1.668207e+00 2.725785e+00 3.102176e+00 4.049438e+00 2.848995e+00 3.766810e+00 3.588246e+00 2.671617e+00 2.571075e+00 1.196318e-03
<GCONST> 9.140806e+01
<MIXTURE> 75 9.711651e-03
<MEAN> 25
 2.902696e+00 -3.108194e+00 1.010709e+01 1.708212e+00 -1.211961e+01 -9.258285e+00 -4.791243e+00 -2.099016e-01 -3.373513e+00 -3.405990e+00 1.527803e+00 -1.914221e-01 1.840736e+00 -1.999715e+00 7.581263e-01 -6.466735e-01 -2.404333e+00 -6.741984e-01 -2.114697e+00 1.037375e+00 -5.364204e-01 -1.431214e-01 1.079272e+00 -1.011899e+00 4.243604e-02
<VARIANCE> 25
 1.229759e+01 2.376411e+01 2.510328e+01 2.894927e+01 2.437873e+01 3.369871e+01 2.344292e+01 2.728750e+01 2.794555e+01 2.704164e+01 2.330497e+01 1.657040e+01 2.224915e+00 1.906521e+00 4.784039e+00 2.728778e+00 3.209873e+00 3.735090e+00 4.466238e+00 2.906784e+00 3.453201e+00 2.693168e+00 2.394259e+00 2.211668e+00 1.537330e-03
<GCONST> 9.045000e+01
<MIXTURE> 76 1.052359e-02
<MEAN> 25
 -6.821000e+00 -6.739632e-01 -3.578746e+00 3.571925e+00 5.524953e+00 3.461471e+00 6.081007e+00 1.277761e+00 3.285244e+00 1.282599e+00 1.102401e+00 4.088863e+00 -2.414386e-01 -5.075287e-01 -2.338815e-02 -9.144315e-01 -7.559997e-01 -9.588258e-01 -7.134933e-01 -4.878184e-01 -4.908444e-01 -2.168134e-01 -1.550123e-01 -3.343572e-02 2.303189e-02
<VARIANCE> 25
 2.696723e+01 2.654551e+01 3.898399e+01 3.240795e+01 2.777796e+01 2.869901e+01 2.512457e+01 2.085583e+01 2.008197e+01 2.390808e+01 2.565259e+01 1.928259e+01 1.005613e+00 1.059947e+00 1.478574e+00 1.065567e+00 1.633317e+00 1.793094e+00 1.414349e+00 1.404459e+00 1.823106e+00 1.623583e+00 1.394087e+00 1.182899e+00 1.407287e-03
<GCONST> 8.228101e+01
<MIXTURE> 77 1.244626e-02
<MEAN> 25
 -4.446788e-01 8.543419e+00 1.241957e+01 -1.163651e+01 -7.042100e+00 9.747909e-01 -9.304388e+00 -7.233886e+00 -3.416855e+00 -1.903209e-01 -4.638563e+00 -1.503616e+00 6.786859e-02 1.393785e-01 7.209248e-02 2.451833e-01 -2.181702e-02 8.081985e-02 -6.184120e-02 -5.475348e-02 7.866430e-02 -4.737868e-02 2.359775e-02 1.141613e-01 -9.920206e-03
<VARIANCE> 25
 1.051416e+01 2.043285e+01 2.800561e+01 4.165441e+01 3.337589e+01 3.375808e+01 3.695290e+01 3.167979e+01 3.551999e+01 3.310270e+01 3.750591e+01 3.489476e+01 2.987735e-01 7.763743e-01 6.441781e-01 1.093976e+00 1.237759e+00 9.861398e-01 1.223811e+00 1.083315e+00 1.049344e+00 1.066561e+00 9.745528e-01 9.231486e-01 5.380102e-04
<GCONST> 7.786696e+01
<MIXTURE> 78 9.702551e-03
<MEAN> 25
 -1.103650e+01 -6.586482e-01 -2.651232e+00 1.384238e+00 4.933236e+00 -3.400002e+00 2.449413e+00 3.268434e+00 3.939584e+00 1.570745e+00 1.196214e-01 2.199765e+00 2.302146e+00 -3.492034e-01 -3.558318e-01 3.176111e-01 1.582462e-01 1.242058e-01 -5.758781e-01 -3.336437e-01 2.490648e-01 3.620033e-02 -1.828955e-01 -2.803223e-01 -6.189043e-02
<VARIANCE> 25
 3.788873e+01 3.680325e+01 3.473637e+01 3.233044e+01 3.289098e+01 3.680932e+01 3.709581e+01 3.056330e+01 2.715657e+01 2.563119e+01 2.557085e+01 1.889358e+01 4.780319e+00 3.093892e+00 4.640038e+00 2.828273e+00 2.740237e+00 3.789310e+00 4.193017e+00 2.446652e+00 1.975651e+00 1.991166e+00 1.943922e+00 2.307610e+00 4.763780e-03
<GCONST> 9.452945e+01
<MIXTURE> 79 1.156824e-02
<MEAN> 25
 2.532014e+00 1.616428e+00 9.364944e+00 -6.879532e+00 -1.115217e+01 -4.696234e-01 -1.894315e+00 -5.842449e+00 -6.986768e+00 2.101089e-01 -2.129750e+00 -3.476197e+00 1.163003e+00 -3.928668e-01 -1.454406e+00 2.259344e+00 5.644466e-01 -1.355710e+00 7.249639e-01 9.519148e-01 -2.503110e-01 -5.787694e-01 4.855060e-01 2.356739e-01 -3.321381e-02
<VARIANCE> 25
 1.297108e+01 2.026776e+01 4.312712e+01 6.411145e+01 3.164857e+01 4.586637e+01 4.693345e+01 3.251321e+01 4.791367e+01 3.353724e+01 4.577351e+01 2.777359e+01 8.240055e-01 1.992637e+00 1.611442e+00 1.867158e+00 2.480737e+00 2.698264e+00 2.864599e+00 3.234472e+00 2.684070e+00 2.645617e+00 2.088362e+00 1.738450e+00 1.119407e-03
<GCONST> 9.076364e+01
<MIXTURE> 80 7.550998e-03
<MEAN> 25
 -1.453694e+01 3.777686e+00 7.522207e-01 2.749858e+00 2.453621e+00 1.267067e+00 6.272252e+00 2.441318e+00 2.575300e+00 2.289384e+00 4.622823e+00 1.092915e+00 4.245888e+00 2.102774e-02 1.676174e+00 -1.072201e+00 -2.887271e+00 -2.835554e+00 -2.396582e+00 -2.007133e+00 -1.951094e+00 -1.752016e+00 -1.641516e+00 -5.921037e-01 -4.246521e-02
<VARIANCE> 25
 2.056685e+01 2.081243e+01 3.395750e+01 3.425728e+01 2.937501e+01 2.919994e+01 2.846412e+01 2.790796e+01 2.685160e+01 2.862397e+01 2.806733e+01 1.794606e+01 2.366374e+00 2.647725e+00 2.673506e+00 4.152525e+00 3.307230e+00 2.765772e+00 3.137600e+00 3.126420e+00 2.695961e+00 2.791256e+00 2.713494e+00 2.092560e+00 1.585000e-03
<GCONST> 9.141021e+01
<MIXTURE> 81 8.025434e-03
<MEAN> 25
 -9.505359e-01 3.872458e+00 9.895791e+00 -1.483977e+01 -9.297820e+00 -1.310430e+00 -7.105622e+00 -8.397749e+00 -4.412138e+00 -3.733499e-01 -7.390130e+00 -2.334368e+00 1.276967e-01 -5.502076e-01 -4.632317e-03 -5.855348e-01 -4.743879e-01 3.425645e-01 3.158637e-01 1.850424e-01 -1.767774e-01 7.092664e-02 -4.930244e-01 -1.578142e-01 1.080182e-02
<VARIANCE> 25
 1.079518e+01 3.315017e+01 2.861916e+01 2.870685e+01 3.446616e+01 3.009533e+01 4.829394e+01 2.749069e+01 3.927011e+01 3.101894e+01 2.568179e+01 3.045183e+01 7.582456e-01 2.256821e+00 1.504572e+00 2.823692e+00 2.596080e+00 2.085577e+00 3.196454e+00 2.304396e+00 2.339143e+00 2.519850e+00 2.271863e+00 2.054443e+00 1.170184e-03
<GCONST> 8.867445e+01
<MIXTURE> 82 8.213053e-03
<MEAN> 25
 -1.021562e+01 -3.231608e+00 1.624877e+00 -2.566095e+00 2.921184e+00 1.780455e+00 3.549638e+00 9.853010e-01 3.167115e+00 2.278022e+00 7.465766e-01 3.323031e+00 -1.140069e+00 -5.164336e-01 4.492561e-01 -2.417871e+00 -1.326627e+00 -1.549193e+00 -1.075750e+00 -7.249408e-01 -1.782277e-01 -2.253141e-01 -3.899835e-01 -1.483835e-01 1.614503e-01
<VARIANCE> 25
 1.820610e+01 2.178346e+01 3.078401e+01 2.608939e+01 3.386278e+01 4.099902e+01 3.252425e+01 3.284803e+01 2.669106e+01 2.259503e+01 2.863759e+01 1.560440e+01 3.243406e+00 3.265350e+00 3.678254e+00 2.788034e+00 4.121664e+00 3.621131e+00 3.013083e+00 2.596317e+00 2.569520e+00 2.533494e+00 2.726489e+00 1.972538e+00 3.579109e-03
<GCONST> 9.270330e+01
<MIXTURE> 83 1.167529e-02
<MEAN> 25
 -2.003520e+01 5.501617e+00 -1.786092e+00 -4.071936e-01 7.828459e+00 -1.231340e+00 5.462486e+00 3.041884e+00 1.194820e+00 2.194483e+00 7.211559e-01 2.883584e+00 -2.632901e-02 -4.496738e-01 5.308817e-03 -3.655556e-01 -4.969400e-01 -1.272265e-01 -1.350353e-01 -9.932082e-02 -4.083440e-02 -3.884901e-02 -3.041928e-02 -3.448477e-02 4.411093e-03
<VARIANCE> 25
 8.872719e+00 1.645949e+01 2.852234e+01 2.248566e+01 2.126724e+01 2.409565e+01 2.202831e+01 2.336491e+01 2.042982e+01 2.223101e+01 2.320528e+01 1.448699e+01 1.060412e+00 9.361776e-01 1.240662e+00 1.065269e+00 1.359312e+00 1.294884e+00 1.283683e+00 1.387476e+00 1.349216e+00 1.310486e+00 1.220249e+00 1.071409e+00 8.922517e-04
<GCONST> 7.704364e+01
<MIXTURE> 84 1.066614e-02
<MEAN> 25
 1.113823e+00 8.390938e+00 6.610487e+00 8.342608e+00 3.688254e+00 -4.863868e-01 7.115743e-01 -2.791531e+00 -1.707044e+00 -3.964822e+00 -2.761805e+00 -1.797264e+00 -1.564852e+00 -5.793467e-01 -1.663756e+00 1.178213e+00 2.111112e+00 1.190506e+00 9.682867e-01 8.843997e-01 9.118788e-01 2.305533e-01 -2.832667e-01 6.443911e-01 -7.323188e-02
<VARIANCE> 25
 1.763914e+01 1.407352e+01 2.522999e+01 1.792048e+01 2.335509e+01 2.061626e+01 4.491013e+01 2.252066e+01 3.266115e+01 2.087240e+01 1.998362e+01 1.864087e+01 1.876960e+00 2.420128e+00 3.181993e+00 2.540597e+00 2.549770e+00 3.024945e+00 3.797558e+00 2.536995e+00 2.748351e+00 2.312708e+00 3.070706e+00 2.014227e+00 2.604700e-03
<GCONST> 8.874892e+01
<MIXTURE> 85 7.591393e-03
<MEAN> 25
 -3.280105e+00 7.120791e+00 5.991682e+00 1.327278e+00 -3.545619e+00 -5.592426e+00 -2.986145e+00 -5.981322e+00 -3.497829e+00 -3.366227e+00 -8.325467e-01 -1.622987e+00 3.872743e+00 2.956674e-01 1.777815e+00 -1.874006e+00 -3.430625e+00 -2.734470e+00 -2.971238e+00 -2.233820e+00 -2.150161e+00 -1.363918e+00 -2.133040e+00 -5.835091e-01 1.109425e-02
<VARIANCE> 25
 4.105680e+01 2.776542e+01 3.551030e+01 3.531352e+01 3.773288e+01 4.449776e+01 3.030783e+01 2.641809e+01 2.456619e+01 2.447142e+01 2.597594e+01 2.030173e+01 2.526455e+00 4.160356e+00 3.943474e+00 5.330321e+00 4.127010e+00 4.021128e+00 3.719112e+00 3.769720e+00 3.664020e+00 3.972006e+00 3.991414e+00 3.279684e+00 5.090992e-03
<GCONST> 9.771488e+01
<MIXTURE> 86 1.273941e-02
<MEAN> 25
 -4.982332e+00 -1.184067e+00 -8.098905e-01 6.321779e+00 5.044092e+00 4.676358e+00 5.339947e+00 4.537482e+00 4.657240e+00 3.914697e+00 5.307412e+00 2.718120e+00 -6.477724e-03 -8.010723e-03 -3.770924e-02 -6.722524e-02 -1.177927e-01 -1.858441e-01 -2.729520e-01 -3.326457e-01 -3.548647e-01 -3.213813e-01 -2.271136e-01 -1.060717e-01 -5.637419e-04
<VARIANCE> 25
 7.894140e+00 5.742205e+00 1.027648e+01 1.239440e+01 1.597936e+01 1.440795e+01 1.361755e+01 1.324594e+01 1.317692e+01 1.433718e+01 1.448802e+01 1.277892e+01 9.961425e-02 1.923630e-01 3.188139e-01 4.851446e-01 6.340379e-01 7.368214e-01 7.474698e-01 7.619708e-01 8.352392e-01 8.855207e-01 9.099250e-01 9.015545e-01 5.333425e-05
<GCONST> 5.822075e+01
<MIXTURE> 87 1.100681e-02
<MEAN> 25
 -3.483696e+00 4.096001e+00 2.727990e+00 6.301102e+00 5.635487e+00 6.519285e-01 2.158147e+00 -1.539139e-01 2.594059e-01 -1.186051e+00 -2.256828e+00 -3.364064e-01 -2.364168e+00 -2.891402e+00 -1.493564e+00 -2.309976e+00 -4.858360e-01 -2.483722e-01 1.306725e+00 9.688640e-01 6.308119e-01 1.547278e+00 7.515174e-01 1.041354e+00 9.462208e-02
<VARIANCE> 25
 3.048546e+01 3.016904e+01 3.026285e+01 2.698623e+01 1.942448e+01 2.375099e+01 3.041753e+01 2.256544e+01 2.049831e+01 2.631179e+01 1.932076e+01 1.753474e+01 2.609159e+00 2.507899e+00 3.112289e+00 2.844601e+00 3.766164e+00 3.652288e+00 5.205959e+00 2.984261e+00 3.326820e+00 3.799005e+00 3.005774e+00 2.171406e+00 4.216542e-03
<GCONST> 9.262531e+01
<MIXTURE> 88 1.256585e-02
<MEAN> 25
 -4.362367e+00 -5.290012e-01 -3.095244e+00 5.352911e+00 5.896358e+00 3.578624e+00 4.719145e+00 2.975091e+00 4.248898e+00 2.011559e+00 2.413613e+00 3.230775e+00 2.498231e-02 2.486754e-01 2.756656e-01 4.371737e-01 3.193753e-01 4.656856e-01 2.176609e-01 -4.226975e-01 -6.031822e-01 -2.924604e-01 6.704557e-03 6.730806e-02 -8.286486e-03
<VARIANCE> 25
 8.023642e+00 1.014889e+01 2.732661e+01 1.469291e+01 2.292199e+01 2.323653e+01 1.994679e+01 1.885823e+01 1.987353e+01 1.852851e+01 1.948726e+01 1.609191e+01 1.215274e+00 1.637238e+00 1.969279e+00 2.190660e+00 2.964421e+00 2.850322e+00 2.571589e+00 2.305604e+00 3.079794e+00 2.308277e+00 2.340778e+00 1.931555e+00 1.726257e-03
<GCONST> 8.337874e+01
<MIXTURE> 89 9.333527e-03
<MEAN> 25
 6.040882e+00 -6.831426e+00 -2.734568e+00 -2.625425e+00 -2.293749e+00 -5.203049e+00 -7.127841e+00 4.318196e+00 2.284614e+00 -2.202120e+00 -5.364965e+00 -3.933768e+00 -5.632758e-01 -1.331148e-02 2.014672e+00 9.303159e-01 -1.788193e+00 -1.588464e+00 9.604887e-01 1.268799e+00 -4.376907e-01 -1.512411e+00 2.428301e-01 1.720378e+00 -3.328798e-03
<VARIANCE> 25
 8.120468e+00 2.411950e+01 3.365774e+01 2.956342e+01 3.630613e+01 3.878595e+01 6.195174e+01 3.836831e+01 4.668990e+01 4.147248e+01 3.581904e+01 3.271130e+01 3.235638e-01 1.075253e+00 1.342043e+00 1.193260e+00 1.829123e+00 1.943009e+00 2.385221e+00 1.854813e+00 3.026614e+00 2.247451e+00 2.313891e+00 1.623048e+00 3.699586e-04
<GCONST> 8.529411e+01
<MIXTURE> 90 7.114505e-03
<MEAN> 25
 2.448438e+00 -9.724190e+00 -4.754974e+00 -3.978624e+00 -3.384096e+00 -1.813535e+00 3.365962e+00 1.181257e+00 -7.533127e+00 -1.021710e+01 -3.429843e+00 -7.393126e-01 -1.636510e-01 9.090860e-01 1.168835e+00 -8.539789e-01 -1.613046e+00 -2.119183e-01 6.448318e-01 -2.099387e-01 -1.688728e-01 7.370970e-01 1.829451e-01 -5.501556e-01 -1.114934e-02
<VARIANCE> 25
 8.492438e+00 1.778207e+01 1.981252e+01 2.802376e+01 3.684287e+01 3.217647e+01 3.853251e+01 3.640720e+01 3.521473e+01 2.769411e+01 2.700336e+01 2.613754e+01 2.237463e-01 6.127375e-01 7.867061e-01 1.042871e+00 1.470080e+00 1.591666e+00 1.780383e+00 1.654670e+00 1.810391e+00 1.678464e+00 1.495453e+00 1.308605e+00 2.149842e-04
<GCONST> 7.813324e+01
<MIXTURE> 91 7.852945e-03
<MEAN> 25
 6.391907e+00 -7.642076e+00 -8.584730e+00 -5.171661e+00 3.968902e+00 -1.168892e-01 -2.194698e+00 7.307944e-01 7.755335e-01 -2.945227e+00 -4.929374e+00 -5.185055e+00 2.596968e-01 1.003794e+00 1.909542e-01 4.503905e-01 -6.956054e-02 -5.597396e-01 -3.875813e-01 -1.016768e-01 -1.030066e-01 4.568934e-01 -1.182487e-01 2.105646e-01 -3.500689e-02
<VARIANCE> 25
 1.013243e+01 2.270019e+01 1.990886e+01 4.066617e+01 3.520179e+01 5.547395e+01 5.444878e+01 3.965700e+01 5.221925e+01 6.422662e+01 3.833270e+01 4.150227e+01 4.457503e-01 8.864092e-01 1.128695e+00 1.388360e+00 2.196820e+00 2.379806e+00 2.374384e+00 2.389269e+00 2.247321e+00 2.218748e+00 2.013627e+00 1.822083e+00 5.851748e-04
<GCONST> 8.719943e+01
<MIXTURE> 92 7.852945e-03
<MEAN> 25
 6.391907e+00 -7.642076e+00 -8.584730e+00 -5.171661e+00 3.968902e+00 -1.168892e-01 -2.194698e+00 7.307944e-01 7.755335e-01 -2.945227e+00 -4.929374e+00 -5.185055e+00 2.596968e-01 1.003794e+00 1.909542e-01 4.503905e-01 -6.956054e-02 -5.597396e-01 -3.875813e-01 -1.016768e-01 -1.030066e-01 4.568934e-01 -1.182487e-01 2.105646e-01 -3.500689e-02
<VARIANCE> 25
 1.013243e+01 2.270019e+01 1.990886e+01 4.066617e+01 3.520179e+01 5.547395e+01 5.444878e+01 3.965700e+01 5.221925e+01 6.422662e+01 3.833270e+01 4.150227e+01 4.457503e-01 8.864092e-01 1.128695e+00 1.388360e+00 2.196820e+00 2.379806e+00 2.374384e+00 2.389269e+00 2.247321e+00 2.218748e+00 2.013627e+00 1.822083e+00 5.851748e-04
<GCONST> 8.719943e+01
<MIXTURE> 93 6.122769e-03
<MEAN> 25
 -6.830390e+00 -9.545639e-01 -2.388570e+00 5.787049e+00 5.911747e+00 3.914557e+00 6.127332e+00 3.597603e+00 4.123833e+00 2.521124e+00 1.808566e+00 3.709864e+00 -6.173595e-02 -1.538488e-01 -2.563067e-01 -3.309209e-01 -3.326417e-01 -2.868177e-01 -2.195448e-01 -1.736878e-01 -1.648494e-01 -1.496993e-01 -1.032986e-01 -3.553227e-02 5.128706e-07
<VARIANCE> 25
 9.091473e+00 6.043840e+00 8.295402e+00 1.142636e+01 1.148363e+01 1.600448e+01 1.526061e+01 1.649401e+01 1.474426e+01 1.460611e+01 1.681663e+01 1.343535e+01 8.260173e-02 1.532866e-01 2.639699e-01 3.803069e-01 4.976659e-01 6.447066e-01 7.802826e-01 8.860266e-01 9.171842e-01 8.751892e-01 8.915863e-01 9.165845e-01 1.009535e-06
<GCONST> 5.363815e+01
<MIXTURE> 94 6.122769e-03
<MEAN> 25
 -6.830390e+00 -9.545639e-01 -2.388570e+00 5.787049e+00 5.911747e+00 3.914557e+00 6.127332e+00 3.597603e+00 4.123833e+00 2.521124e+00 1.808566e+00 3.709864e+00 -6.173595e-02 -1.538488e-01 -2.563067e-01 -3.309209e-01 -3.326417e-01 -2.868177e-01 -2.195448e-01 -1.736878e-01 -1.648494e-01 -1.496993e-01 -1.032986e-01 -3.553227e-02 5.128706e-07
<VARIANCE> 25
 9.091473e+00 6.043840e+00 8.295402e+00 1.142636e+01 1.148363e+01 1.600448e+01 1.526061e+01 1.649401e+01 1.474426e+01 1.460611e+01 1.681663e+01 1.343535e+01 8.260173e-02 1.532866e-01 2.639699e-01 3.803069e-01 4.976659e-01 6.447066e-01 7.802826e-01 8.860266e-01 9.171842e-01 8.751892e-01 8.915863e-01 9.165845e-01 1.009535e-06
<GCONST> 5.363815e+01
<MIXTURE> 95 5.258835e-03
<MEAN> 25
 -5.738787e+00 -1.449423e-01 -2.625484e+00 4.954646e+00 5.097170e+00 3.334744e+00 4.843740e+00 1.205780e+00 2.282911e+00 9.235427e-01 1.049500e+00 3.100988e+00 1.496928e-01 1.562313e-01 7.840366e-02 -1.380747e-01 -3.774048e-01 -5.978966e-01 -1.114216e+00 -1.231857e+00 -1.328530e+00 -1.044415e+00 -5.110320e-01 -2.739399e-01 -1.067255e-03
<VARIANCE> 25
 9.679067e+00 8.281921e+00 1.739023e+01 1.476801e+01 1.832391e+01 1.974272e+01 2.042717e+01 1.640921e+01 1.402806e+01 1.738248e+01 1.809596e+01 1.437157e+01 1.901942e-01 2.681294e-01 4.628816e-01 6.670099e-01 7.218744e-01 9.400131e-01 8.363695e-01 8.318933e-01 9.185380e-01 9.847981e-01 1.178312e+00 1.140725e+00 4.424870e-05
<GCONST> 6.391054e+01
<MIXTURE> 96 7.034694e-03
<MEAN> 25
 -5.164279e+00 -3.686674e-01 -2.333441e+00 5.063644e+00 4.045516e+00 1.885367e+00 3.600112e+00 1.621938e+00 2.443377e+00 9.886972e-01 1.048979e+00 2.993264e+00 -2.661457e-02 9.477272e-02 2.273338e-01 4.135423e-01 5.436518e-01 5.132618e-01 2.398956e-01 -1.255563e-01 -4.729481e-01 -6.646308e-01 -5.946006e-01 -4.126566e-01 8.744631e-07
<VARIANCE> 25
 1.092167e+01 9.679478e+00 1.463639e+01 1.512162e+01 1.599605e+01 1.993706e+01 1.818849e+01 1.986596e+01 1.762192e+01 1.862256e+01 1.980667e+01 1.485997e+01 1.210231e-01 2.142600e-01 3.258652e-01 3.879434e-01 4.899633e-01 6.502925e-01 8.711707e-01 9.781651e-01 9.475368e-01 8.696706e-01 8.746559e-01 9.769226e-01 1.251213e-06
<GCONST> 5.817378e+01
<MIXTURE> 97 7.034694e-03
<MEAN> 25
 -5.164279e+00 -3.686674e-01 -2.333441e+00 5.063644e+00 4.045516e+00 1.885367e+00 3.600112e+00 1.621938e+00 2.443377e+00 9.886972e-01 1.048979e+00 2.993264e+00 -2.661457e-02 9.477272e-02 2.273338e-01 4.135423e-01 5.436518e-01 5.132618e-01 2.398956e-01 -1.255563e-01 -4.729481e-01 -6.646308e-01 -5.946006e-01 -4.126566e-01 8.744631e-07
<VARIANCE> 25
 1.092167e+01 9.679478e+00 1.463639e+01 1.512162e+01 1.599605e+01 1.993706e+01 1.818849e+01 1.986596e+01 1.762192e+01 1.862256e+01 1.980667e+01 1.485997e+01 1.210231e-01 2.142600e-01 3.258652e-01 3.879434e-01 4.899633e-01 6.502925e-01 8.711707e-01 9.781651e-01 9.475368e-01 8.696706e-01 8.746559e-01 9.769226e-01 1.251213e-06
<GCONST> 5.817378e+01
<MIXTURE> 98 9.917808e-03
<MEAN> 25
 -1.421506e+00 2.812875e+00 -1.953768e+00 4.627140e+00 4.318097e+00 1.921239e+00 3.313152e+00 5.562552e-01 2.904883e+00 1.822836e-01 4.738056e-01 2.685748e+00 -1.660164e+00 -1.275546e+00 -9.679309e-01 3.513445e-01 1.017040e+00 7.280279e-01 1.389110e+00 1.550691e+00 1.282931e+00 1.309745e+00 1.093972e+00 9.658759e-01 -3.167819e-02
<VARIANCE> 25
 1.085271e+01 2.085469e+01 4.269347e+01 3.201336e+01 3.623639e+01 3.161564e+01 3.199643e+01 2.684689e+01 2.519148e+01 2.580098e+01 2.652966e+01 3.560266e+01 1.211569e+00 1.353577e+00 1.790493e+00 2.575272e+00 3.152513e+00 2.552828e+00 2.565896e+00 2.277076e+00 2.518790e+00 2.412418e+00 2.558159e+00 1.959041e+00 2.057086e-03
<GCONST> 8.881962e+01
<MIXTURE> 99 6.696178e-03
<MEAN> 25
 -5.988693e+00 9.461311e+00 7.722529e+00 3.097483e+00 7.161533e-01 -4.690967e+00 -1.253515e+00 -4.385158e+00 -3.698651e+00 -3.523928e+00 -1.491950e+00 2.133758e-01 6.389267e-01 -7.076707e-01 3.970392e-01 -3.379229e-01 -1.242090e+00 -5.641710e-01 -2.603905e-01 -1.278549e-01 -2.419288e-02 9.058421e-03 3.559408e-01 1.527876e-01 1.387143e-02
<VARIANCE> 25
 3.543710e+01 2.632164e+01 5.091520e+01 3.279287e+01 3.439339e+01 3.639358e+01 2.909061e+01 2.805394e+01 2.543768e+01 2.638793e+01 1.922084e+01 2.758263e+01 2.281363e+00 1.755148e+00 1.444165e+00 1.736390e+00 2.711503e+00 1.982692e+00 1.543175e+00 1.731790e+00 1.562772e+00 1.521748e+00 1.430234e+00 1.183023e+00 1.613711e-03
<GCONST> 8.675922e+01
<MIXTURE> 100 4.498084e-03
<MEAN> 25
 -1.564631e+00 6.165615e+00 1.027186e+01 -7.378434e+00 -1.082132e+01 -5.087495e+00 -4.941799e+00 -9.879961e+00 -4.693380e+00 -8.981177e-01 -2.766551e+00 -2.703354e+00 2.920444e+00 -1.266602e+00 1.278487e+00 -2.188520e+00 -3.418066e+00 -7.679653e-01 -1.245222e+00 -8.127031e-01 -1.475207e+00 3.586912e-01 -1.603951e+00 -3.183098e-01 2.550237e-03
<VARIANCE> 25
 1.356135e+01 2.310478e+01 2.250606e+01 2.663169e+01 2.354243e+01 2.416878e+01 2.880265e+01 2.187682e+01 2.712317e+01 2.240672e+01 2.229712e+01 2.107060e+01 1.770584e+00 3.917905e+00 2.952066e+00 4.308895e+00 4.115285e+00 4.554233e+00 4.015628e+00 4.275188e+00 4.109656e+00 3.883537e+00 3.997561e+00 3.248082e+00 1.676170e-03
<GCONST> 9.263834e+01
<MIXTURE> 101 6.007792e-03
<MEAN> 25
 7.723977e+00 -4.089836e+00 -5.149601e+00 -7.263860e+00 -1.453926e+00 -1.282393e+00 -1.118494e+01 -2.766918e+00 6.759975e-01 2.847644e+00 -2.329583e+00 -5.176033e+00 7.009481e-01 7.379842e-01 -1.416037e+00 -1.594048e+00 1.022558e+00 2.427187e+00 -4.159175e-02 -1.481514e+00 -1.140265e+00 1.089655e+00 1.536073e+00 -3.025714e-01 -5.262602e-03
<VARIANCE> 25
 9.082808e+00 1.793849e+01 3.484881e+01 3.872919e+01 6.526226e+01 3.274224e+01 3.494291e+01 3.538902e+01 3.918159e+01 3.891161e+01 4.682115e+01 2.159184e+01 2.928109e-01 7.638444e-01 1.046597e+00 1.457999e+00 1.551193e+00 1.972369e+00 2.287899e+00 1.769966e+00 2.100627e+00 2.048398e+00 1.793101e+00 1.881293e+00 3.085884e-04
<GCONST> 8.331676e+01
<MIXTURE> 102 6.007792e-03
<MEAN> 25
 7.723977e+00 -4.089836e+00 -5.149601e+00 -7.263860e+00 -1.453926e+00 -1.282393e+00 -1.118494e+01 -2.766918e+00 6.759975e-01 2.847644e+00 -2.329583e+00 -5.176033e+00 7.009481e-01 7.379842e-01 -1.416037e+00 -1.594048e+00 1.022558e+00 2.427187e+00 -4.159175e-02 -1.481514e+00 -1.140265e+00 1.089655e+00 1.536073e+00 -3.025714e-01 -5.262602e-03
<VARIANCE> 25
 9.082808e+00 1.793849e+01 3.484881e+01 3.872919e+01 6.526226e+01 3.274224e+01 3.494291e+01 3.538902e+01 3.918159e+01 3.891161e+01 4.682115e+01 2.159184e+01 2.928109e-01 7.638444e-01 1.046597e+00 1.457999e+00 1.551193e+00 1.972369e+00 2.287899e+00 1.769966e+00 2.100627e+00 2.048398e+00 1.793101e+00 1.881293e+00 3.085884e-04
<GCONST> 8.331676e+01
<MIXTURE> 103 5.694618e-03
<MEAN> 25
 3.367808e+00 -9.480942e+00 -6.132711e+00 -3.089789e+00 -1.333095e+00 -1.972008e+00 2.439077e+00 2.516610e+00 -4.612976e+00 -9.258653e+00 -5.062848e+00 3.628419e-01 -1.577329e-01 -1.488848e+00 -9.807882e-01 3.756080e-01 1.213786e+00 1.020263e+00 1.588299e-01 -2.672674e-01 -7.811174e-01 -9.465636e-01 -3.503763e-02 1.203156e-01 2.694789e-02
<VARIANCE> 25
 1.034012e+01 2.031607e+01 2.290897e+01 3.168906e+01 4.805407e+01 3.501701e+01 4.641000e+01 3.668975e+01 4.212273e+01 2.931745e+01 3.006289e+01 2.640590e+01 6.437973e-01 1.251784e+00 1.537959e+00 1.940226e+00 2.927155e+00 2.410968e+00 2.890623e+00 2.577024e+00 2.563266e+00 2.523941e+00 2.097195e+00 2.016671e+00 8.072727e-04
<GCONST> 8.757262e+01
<MIXTURE> 104 5.694618e-03
<MEAN> 25
 3.367808e+00 -9.480942e+00 -6.132711e+00 -3.089789e+00 -1.333095e+00 -1.972008e+00 2.439077e+00 2.516610e+00 -4.612976e+00 -9.258653e+00 -5.062848e+00 3.628419e-01 -1.577329e-01 -1.488848e+00 -9.807882e-01 3.756080e-01 1.213786e+00 1.020263e+00 1.588299e-01 -2.672674e-01 -7.811174e-01 -9.465636e-01 -3.503763e-02 1.203156e-01 2.694789e-02
<VARIANCE> 25
 1.034012e+01 2.031607e+01 2.290897e+01 3.168906e+01 4.805407e+01 3.501701e+01 4.641000e+01 3.668975e+01 4.212273e+01 2.931745e+01 3.006289e+01 2.640590e+01 6.437973e-01 1.251784e+00 1.537959e+00 1.940226e+00 2.927155e+00 2.410968e+00 2.890623e+00 2.577024e+00 2.563266e+00 2.523941e+00 2.097195e+00 2.016671e+00 8.072727e-04
<GCONST> 8.757262e+01
<MIXTURE> 105 4.710235e-03
<MEAN> 25
 2.274395e+00 -1.796956e+00 9.355799e+00 -2.751690e+00 -1.156858e+01 -5.319356e+00 -4.310999e+00 -6.357186e-01 -3.890811e+00 -3.024328e+00 1.501841e+00 -1.130699e+00 2.080016e-02 3.894258e-02 6.008791e-02 -2.210812e-02 4.463569e-02 7.252531e-02 -4.191244e-02 4.569836e-02 -4.852983e-02 3.272125e-02 4.364350e-02 -1.172839e-02 -2.388280e-03
<VARIANCE> 25
 1.307209e+01 3.134663e+01 4.034219e+01 4.398519e+01 3.686335e+01 5.598882e+01 4.085454e+01 4.303982e+01 3.896187e+01 4.212809e+01 4.088593e+01 3.004435e+01 8.669023e-02 1.843597e-01 3.387233e-01 3.076192e-01 4.250753e-01 4.415929e-01 4.961818e-01 4.810708e-01 4.857633e-01 4.310538e-01 4.184298e-01 3.998888e-01 8.849323e-05
<GCONST> 6.687791e+01
<MIXTURE> 106 4.710235e-03
<MEAN> 25
 2.274395e+00 -1.796956e+00 9.355799e+00 -2.751690e+00 -1.156858e+01 -5.319356e+00 -4.310999e+00 -6.357186e-01 -3.890811e+00 -3.024328e+00 1.501841e+00 -1.130699e+00 2.080016e-02 3.894258e-02 6.008791e-02 -2.210812e-02 4.463569e-02 7.252531e-02 -4.191244e-02 4.569836e-02 -4.852983e-02 3.272125e-02 4.364350e-02 -1.172839e-02 -2.388280e-03
<VARIANCE> 25
 1.307209e+01 3.134663e+01 4.034219e+01 4.398519e+01 3.686335e+01 5.598882e+01 4.085454e+01 4.303982e+01 3.896187e+01 4.212809e+01 4.088593e+01 3.004435e+01 8.669023e-02 1.843597e-01 3.387233e-01 3.076192e-01 4.250753e-01 4.415929e-01 4.961818e-01 4.810708e-01 4.857633e-01 4.310538e-01 4.184298e-01 3.998888e-01 8.849323e-05
<GCONST> 6.687791e+01
<MIXTURE> 107 5.452374e-03
<MEAN> 25
 8.588106e+00 -1.212685e+00 -7.000519e+00 -8.740920e+00 9.784673e-01 2.318758e+00 -9.280684e+00 -3.746605e+00 -3.273539e+00 3.722853e+00 1.584217e+00 -6.993442e+00 -5.610633e-01 -8.791526e-01 9.850419e-01 1.907719e+00 -2.260000e-02 -1.700250e+00 -9.465034e-01 8.283477e-01 1.688790e+00 2.059874e-01 -1.388200e+00 -6.311272e-01 2.234680e-03
<VARIANCE> 25
 7.408398e+00 2.126723e+01 2.738607e+01 4.006775e+01 3.138449e+01 3.175818e+01 4.189298e+01 3.045604e+01 5.403836e+01 3.383023e+01 4.197922e+01 3.410288e+01 3.098648e-01 1.262119e+00 1.339101e+00 1.959261e+00 2.051906e+00 2.486891e+00 2.090677e+00 2.122169e+00 2.210039e+00 3.022084e+00 1.762505e+00 2.029328e+00 7.040075e-04
<GCONST> 8.590092e+01
<MIXTURE> 108 5.452374e-03
<MEAN> 25
 8.588106e+00 -1.212685e+00 -7.000519e+00 -8.740920e+00 9.784673e-01 2.318758e+00 -9.280684e+00 -3.746605e+00 -3.273539e+00 3.722853e+00 1.584217e+00 -6.993442e+00 -5.610633e-01 -8.791526e-01 9.850419e-01 1.907719e+00 -2.260000e-02 -1.700250e+00 -9.465034e-01 8.283477e-01 1.688790e+00 2.059874e-01 -1.388200e+00 -6.311272e-01 2.234680e-03
<VARIANCE> 25
 7.408398e+00 2.126723e+01 2.738607e+01 4.006775e+01 3.138449e+01 3.175818e+01 4.189298e+01 3.045604e+01 5.403836e+01 3.383023e+01 4.197922e+01 3.410288e+01 3.098648e-01 1.262119e+00 1.339101e+00 1.959261e+00 2.051906e+00 2.486891e+00 2.090677e+00 2.122169e+00 2.210039e+00 3.022084e+00 1.762505e+00 2.029328e+00 7.040075e-04
<GCONST> 8.590092e+01
<MIXTURE> 109 6.661064e-03
<MEAN> 25
 4.081889e+00 -1.055342e+01 -8.305919e+00 -1.357724e+00 2.754260e+00 -4.621768e-02 -7.135330e-02 1.457489e+00 -2.571159e+00 -8.376267e+00 -5.385635e+00 6.531084e-02 -3.318112e-02 -1.323499e-01 -3.276961e-02 2.507572e-01 1.969491e-01 1.185008e-01 -1.253668e-01 -1.054493e-01 -4.042494e-02 -1.311325e-01 2.191921e-01 1.200679e-02 -3.515281e-03
<VARIANCE> 25
 9.090252e+00 1.818594e+01 2.000689e+01 3.143349e+01 4.082904e+01 3.678401e+01 4.663205e+01 3.437231e+01 4.606752e+01 3.524883e+01 2.958063e+01 2.817747e+01 1.929624e-01 4.230355e-01 5.384548e-01 6.346319e-01 1.231088e+00 9.942430e-01 1.258154e+00 1.092918e+00 1.117329e+00 9.522796e-01 8.775436e-01 8.854631e-01 1.820980e-04
<GCONST> 7.445102e+01
<MIXTURE> 110 6.661064e-03
<MEAN> 25
 4.081889e+00 -1.055342e+01 -8.305919e+00 -1.357724e+00 2.754260e+00 -4.621768e-02 -7.135330e-02 1.457489e+00 -2.571159e+00 -8.376267e+00 -5.385635e+00 6.531084e-02 -3.318112e-02 -1.323499e-01 -3.276961e-02 2.507572e-01 1.969491e-01 1.185008e-01 -1.253668e-01 -1.054493e-01 -4.042494e-02 -1.311325e-01 2.191921e-01 1.200679e-02 -3.515281e-03
<VARIANCE> 25
 9.090252e+00 1.818594e+01 2.000689e+01 3.143349e+01 4.082904e+01 3.678401e+01 4.663205e+01 3.437231e+01 4.606752e+01 3.524883e+01 2.958063e+01 2.817747e+01 1.929624e-01 4.230355e-01 5.384548e-01 6.346319e-01 1.231088e+00 9.942430e-01 1.258154e+00 1.092918e+00 1.117329e+00 9.522796e-01 8.775436e-01 8.854631e-01 1.820980e-04
<GCONST> 7.445102e+01
<MIXTURE> 111 4.337247e-03
<MEAN> 25
 -4.474743e+00 -9.045047e-01 -1.724197e+00 1.689263e+00 9.690684e-01 9.662528e-01 3.165798e-01 2.081341e-01 8.935796e-02 -5.425322e-01 -6.293157e-01 1.968110e+00 -2.095026e-02 -3.229672e-02 -7.228272e-02 -7.331344e-02 -3.666408e-02 6.681812e-03 -1.147989e-03 -5.901528e-02 -1.405129e-01 -2.031033e-01 -1.903420e-01 -1.069260e-01 -2.132059e-04
<VARIANCE> 25
 7.001256e+00 4.980887e+00 1.026006e+01 9.412728e+00 1.313891e+01 2.384220e+01 1.467074e+01 1.317742e+01 1.160046e+01 1.194286e+01 1.362588e+01 1.160748e+01 7.917868e-02 1.635486e-01 2.752427e-01 4.204489e-01 5.700477e-01 7.057512e-01 8.004598e-01 8.580403e-01 8.925779e-01 8.557547e-01 8.619602e-01 8.480107e-01 2.231028e-05
<GCONST> 5.599242e+01
<MIXTURE> 112 4.337247e-03
<MEAN> 25
 -4.474743e+00 -9.045047e-01 -1.724197e+00 1.689263e+00 9.690684e-01 9.662528e-01 3.165798e-01 2.081341e-01 8.935796e-02 -5.425322e-01 -6.293157e-01 1.968110e+00 -2.095026e-02 -3.229672e-02 -7.228272e-02 -7.331344e-02 -3.666408e-02 6.681812e-03 -1.147989e-03 -5.901528e-02 -1.405129e-01 -2.031033e-01 -1.903420e-01 -1.069260e-01 -2.132059e-04
<VARIANCE> 25
 7.001256e+00 4.980887e+00 1.026006e+01 9.412728e+00 1.313891e+01 2.384220e+01 1.467074e+01 1.317742e+01 1.160046e+01 1.194286e+01 1.362588e+01 1.160748e+01 7.917868e-02 1.635486e-01 2.752427e-01 4.204489e-01 5.700477e-01 7.057512e-01 8.004598e-01 8.580403e-01 8.925779e-01 8.557547e-01 8.619602e-01 8.480107e-01 2.231028e-05
<GCONST> 5.599242e+01
<MIXTURE> 113 5.938666e-03
<MEAN> 25
 9.215521e+00 1.326827e+00 -7.366814e+00 -1.749515e+01 -3.265318e+00 6.153876e+00 -6.783300e+00 -1.700179e+00 -7.311208e+00 -1.577365e-01 2.021046e-01 -1.405511e+00 1.719158e-02 8.156614e-02 -7.661860e-02 -2.328295e-01 3.081929e-01 2.907237e-01 1.886900e-01 1.824210e-01 -1.800510e-01 -5.664302e-02 2.795718e-01 -8.548725e-02 -1.836569e-03
<VARIANCE> 25
 1.002212e+01 1.473836e+01 3.378365e+01 3.017513e+01 6.698095e+01 3.024726e+01 4.367589e+01 3.425177e+01 4.325593e+01 3.999062e+01 3.102692e+01 3.090153e+01 1.075822e-01 2.965919e-01 2.772821e-01 6.221032e-01 8.437347e-01 7.470104e-01 7.746301e-01 8.673618e-01 9.099240e-01 8.354380e-01 8.305445e-01 6.859574e-01 1.086977e-04
<GCONST> 7.108968e+01
<MIXTURE> 114 5.938666e-03
<MEAN> 25
 9.215521e+00 1.326827e+00 -7.366814e+00 -1.749515e+01 -3.265318e+00 6.153876e+00 -6.783300e+00 -1.700179e+00 -7.311208e+00 -1.577365e-01 2.021046e-01 -1.405511e+00 1.719158e-02 8.156614e-02 -7.661860e-02 -2.328295e-01 3.081929e-01 2.907237e-01 1.886900e-01 1.824210e-01 -1.800510e-01 -5.664302e-02 2.795718e-01 -8.548725e-02 -1.836569e-03
<VARIANCE> 25
 1.002212e+01 1.473836e+01 3.378365e+01 3.017513e+01 6.698095e+01 3.024726e+01 4.367589e+01 3.425177e+01 4.325593e+01 3.999062e+01 3.102692e+01 3.090153e+01 1.075822e-01 2.965919e-01 2.772821e-01 6.221032e-01 8.437347e-01 7.470104e-01 7.746301e-01 8.673618e-01 9.099240e-01 8.354380e-01 8.305445e-01 6.859574e-01 1.086977e-04
<GCONST> 7.108968e+01
<MIXTURE> 115 2.935202e-03
<MEAN> 25
 -4.032623e+00 -7.516056e-01 -3.106561e+00 3.655947e+00 2.414600e+00 -4.278979e-01 2.236081e+00 4.121075e-01 1.389230e+00 -1.783490e-02 3.971097e-02 2.688481e+00 3.159967e-02 -7.205560e-02 -2.306362e-01 -4.385643e-01 -6.332417e-01 -6.704957e-01 -5.922853e-01 -5.093941e-01 -4.864638e-01 -4.565495e-01 -3.435711e-01 -1.649715e-01 -2.766300e-06
<VARIANCE> 25
 9.271501e+00 9.884181e+00 1.354597e+01 1.270721e+01 1.349090e+01 1.755806e+01 1.708691e+01 2.080542e+01 1.793230e+01 1.723088e+01 1.919451e+01 1.466570e+01 2.037257e-01 3.455908e-01 4.855259e-01 5.615879e-01 6.342438e-01 7.981315e-01 1.007927e+00 1.130704e+00 1.075341e+00 9.943568e-01 1.025496e+00 1.064681e+00 1.001236e-06
<GCONST> 6.016507e+01
<MIXTURE> 116 2.935202e-03
<MEAN> 25
 -4.032623e+00 -7.516056e-01 -3.106561e+00 3.655947e+00 2.414600e+00 -4.278979e-01 2.236081e+00 4.121075e-01 1.389230e+00 -1.783490e-02 3.971097e-02 2.688481e+00 3.159967e-02 -7.205560e-02 -2.306362e-01 -4.385643e-01 -6.332417e-01 -6.704957e-01 -5.922853e-01 -5.093941e-01 -4.864638e-01 -4.565495e-01 -3.435711e-01 -1.649715e-01 -2.766300e-06
<VARIANCE> 25
 9.271501e+00 9.884181e+00 1.354597e+01 1.270721e+01 1.349090e+01 1.755806e+01 1.708691e+01 2.080542e+01 1.793230e+01 1.723088e+01 1.919451e+01 1.466570e+01 2.037257e-01 3.455908e-01 4.855259e-01 5.615879e-01 6.342438e-01 7.981315e-01 1.007927e+00 1.130704e+00 1.075341e+00 9.943568e-01 1.025496e+00 1.064681e+00 1.001236e-06
<GCONST> 6.016507e+01
<MIXTURE> 117 6.506003e-03
<MEAN> 25
 -4.644654e+00 1.118351e+00 1.053523e+00 9.758212e+00 6.261109e+00 6.256207e+00 6.463656e+00 5.043758e+00 6.386081e+00 4.928529e+00 6.366014e+00 2.710209e+00 -7.493277e-02 -2.340360e-01 -3.582630e-01 -4.198301e-01 -3.675851e-01 -3.028929e-01 -2.874584e-01 -3.313144e-01 -3.917146e-01 -3.689499e-01 -2.627584e-01 -1.157783e-01 -9.090983e-06
<VARIANCE> 25
 7.187540e+00 8.754099e+00 9.823004e+00 1.431189e+01 1.562368e+01 1.534968e+01 1.772619e+01 1.796269e+01 1.640161e+01 1.637726e+01 1.674812e+01 1.475178e+01 2.166688e-01 3.075256e-01 4.261206e-01 6.171451e-01 8.536537e-01 1.055411e+00 1.177503e+00 1.232880e+00 1.223876e+00 1.194705e+00 1.167999e+00 1.113873e+00 1.000377e-06
<GCONST> 6.043285e+01
<MIXTURE> 118 6.506003e-03
<MEAN> 25
 -4.644654e+00 1.118351e+00 1.053523e+00 9.758212e+00 6.261109e+00 6.256207e+00 6.463656e+00 5.043758e+00 6.386081e+00 4.928529e+00 6.366014e+00 2.710209e+00 -7.493277e-02 -2.340360e-01 -3.582630e-01 -4.198301e-01 -3.675851e-01 -3.028929e-01 -2.874584e-01 -3.313144e-01 -3.917146e-01 -3.689499e-01 -2.627584e-01 -1.157783e-01 -9.090983e-06
<VARIANCE> 25
 7.187540e+00 8.754099e+00 9.823004e+00 1.431189e+01 1.562368e+01 1.534968e+01 1.772619e+01 1.796269e+01 1.640161e+01 1.637726e+01 1.674812e+01 1.475178e+01 2.166688e-01 3.075256e-01 4.261206e-01 6.171451e-01 8.536537e-01 1.055411e+00 1.177503e+00 1.232880e+00 1.223876e+00 1.194705e+00 1.167999e+00 1.113873e+00 1.000377e-06
<GCONST> 6.043285e+01
<MIXTURE> 119 4.297961e-03
<MEAN> 25
 -4.977161e+00 -7.631831e+00 2.232389e+00 2.013561e+00 2.240722e+00 2.095440e-01 5.276754e+00 5.936986e+00 1.167712e+00 9.706578e-01 6.609518e+00 1.572062e+00 -4.986722e-02 -7.910191e-02 3.750569e-02 -5.718010e-02 -1.260419e-01 -1.808063e-01 -6.962176e-02 -1.387031e-02 -9.159899e-02 -1.119038e-01 -5.498254e-02 -5.824694e-02 1.114344e-03
<VARIANCE> 25
 8.505587e+00 9.832346e+00 1.656010e+01 2.020340e+01 2.286203e+01 2.321128e+01 2.499821e+01 2.649672e+01 2.503540e+01 2.808790e+01 2.044923e+01 2.041468e+01 1.604014e-01 2.825119e-01 4.597370e-01 6.326423e-01 8.032057e-01 1.006730e+00 1.100490e+00 1.277398e+00 1.285914e+00 1.245876e+00 1.192056e+00 1.112255e+00 2.315663e-04
<GCONST> 6.972778e+01
<MIXTURE> 120 4.297961e-03
<MEAN> 25
 -4.977161e+00 -7.631831e+00 2.232389e+00 2.013561e+00 2.240722e+00 2.095440e-01 5.276754e+00 5.936986e+00 1.167712e+00 9.706578e-01 6.609518e+00 1.572062e+00 -4.986722e-02 -7.910191e-02 3.750569e-02 -5.718010e-02 -1.260419e-01 -1.808063e-01 -6.962176e-02 -1.387031e-02 -9.159899e-02 -1.119038e-01 -5.498254e-02 -5.824694e-02 1.114344e-03
<VARIANCE> 25
 8.505587e+00 9.832346e+00 1.656010e+01 2.020340e+01 2.286203e+01 2.321128e+01 2.499821e+01 2.649672e+01 2.503540e+01 2.808790e+01 2.044923e+01 2.041468e+01 1.604014e-01 2.825119e-01 4.597370e-01 6.326423e-01 8.032057e-01 1.006730e+00 1.100490e+00 1.277398e+00 1.285914e+00 1.245876e+00 1.192056e+00 1.112255e+00 2.315663e-04
<GCONST> 6.972778e+01
<MIXTURE> 121 4.567511e-03
<MEAN> 25
 3.951462e-01 -2.508611e+00 4.951344e+00 -1.308414e+01 -1.281184e+01 -1.422568e+00 2.524344e-01 -5.160975e+00 -4.585644e+00 -4.268103e-01 -5.338342e+00 -4.373969e+00 1.895477e-02 1.548589e-01 -4.387827e-02 2.009629e-02 1.449597e-01 1.140455e-01 -5.482417e-02 -1.108418e-01 -3.050488e-01 -2.777381e-01 -1.444365e-01 -4.041897e-02 -7.618023e-03
<VARIANCE> 25
 8.247260e+00 1.502648e+01 1.755639e+01 2.048903e+01 2.411022e+01 2.979856e+01 4.149339e+01 2.387485e+01 3.750785e+01 2.735222e+01 1.973590e+01 2.053008e+01 1.506008e-01 6.302719e-01 6.005434e-01 7.640072e-01 7.770980e-01 1.160979e+00 1.107350e+00 1.206632e+00 1.212684e+00 1.179734e+00 9.581983e-01 8.838537e-01 2.044265e-04
<GCONST> 7.181477e+01
<MIXTURE> 122 4.567511e-03
<MEAN> 25
 3.951462e-01 -2.508611e+00 4.951344e+00 -1.308414e+01 -1.281184e+01 -1.422568e+00 2.524344e-01 -5.160975e+00 -4.585644e+00 -4.268103e-01 -5.338342e+00 -4.373969e+00 1.895477e-02 1.548589e-01 -4.387827e-02 2.009629e-02 1.449597e-01 1.140455e-01 -5.482417e-02 -1.108418e-01 -3.050488e-01 -2.777381e-01 -1.444365e-01 -4.041897e-02 -7.618023e-03
<VARIANCE> 25
 8.247260e+00 1.502648e+01 1.755639e+01 2.048903e+01 2.411022e+01 2.979856e+01 4.149339e+01 2.387485e+01 3.750785e+01 2.735222e+01 1.973590e+01 2.053008e+01 1.506008e-01 6.302719e-01 6.005434e-01 7.640072e-01 7.770980e-01 1.160979e+00 1.107350e+00 1.206632e+00 1.212684e+00 1.179734e+00 9.581983e-01 8.838537e-01 2.044265e-04
<GCONST> 7.181477e+01
<MIXTURE> 123 4.393044e-03
<MEAN> 25
 -4.188530e+00 1.186007e+00 -2.808486e-01 6.382888e+00 5.725529e+00 3.806380e+00 3.693121e+00 5.178701e-01 4.120194e-01 -6.471673e-01 -2.367744e-01 8.253937e-01 -5.582650e-01 -7.808247e-01 -8.408448e-01 -6.280031e-01 -2.515149e-01 5.434097e-02 3.814366e-01 7.164326e-01 8.321096e-01 7.978081e-01 6.857411e-01 5.481504e-01 -2.595064e-03
<VARIANCE> 25
 1.011582e+01 1.075858e+01 1.802601e+01 1.719210e+01 2.430103e+01 2.748708e+01 2.370235e+01 1.817236e+01 1.857055e+01 1.715890e+01 2.354907e+01 1.925813e+01 5.137488e-01 3.525580e-01 5.016279e-01 7.060301e-01 9.445904e-01 1.104035e+00 1.157317e+00 1.253088e+00 1.141516e+00 1.138651e+00 1.171228e+00 1.184663e+00 9.616995e-05
<GCONST> 6.983124e+01
<MIXTURE> 124 4.069876e-03
<MEAN> 25
 -6.537445e+00 -1.087760e+00 -3.118384e+00 5.160221e+00 5.170490e+00 3.547942e+00 5.513443e+00 2.455837e+00 3.181799e+00 1.206418e+00 1.087079e+00 3.092331e+00 -2.074068e-01 -3.201345e-01 -3.475457e-01 -2.013819e-01 1.302739e-01 5.069582e-01 8.058335e-01 8.540097e-01 6.610406e-01 3.319322e-01 7.200899e-02 -4.745268e-02 1.203829e-04
<VARIANCE> 25
 1.082936e+01 7.521212e+00 1.265411e+01 1.232304e+01 1.366627e+01 2.059190e+01 1.612493e+01 1.758289e+01 1.523345e+01 1.618546e+01 1.943678e+01 1.436040e+01 1.053873e-01 1.677864e-01 2.767706e-01 4.202459e-01 5.905581e-01 7.107915e-01 7.449389e-01 8.010635e-01 9.168201e-01 9.737495e-01 9.920741e-01 1.013014e+00 1.793495e-05
<GCONST> 5.921450e+01
<MIXTURE> 125 4.069876e-03
<MEAN> 25
 -6.537445e+00 -1.087760e+00 -3.118384e+00 5.160221e+00 5.170490e+00 3.547942e+00 5.513443e+00 2.455837e+00 3.181799e+00 1.206418e+00 1.087079e+00 3.092331e+00 -2.074068e-01 -3.201345e-01 -3.475457e-01 -2.013819e-01 1.302739e-01 5.069582e-01 8.058335e-01 8.540097e-01 6.610406e-01 3.319322e-01 7.200899e-02 -4.745268e-02 1.203829e-04
<VARIANCE> 25
 1.082936e+01 7.521212e+00 1.265411e+01 1.232304e+01 1.366627e+01 2.059190e+01 1.612493e+01 1.758289e+01 1.523345e+01 1.618546e+01 1.943678e+01 1.436040e+01 1.053873e-01 1.677864e-01 2.767706e-01 4.202459e-01 5.905581e-01 7.107915e-01 7.449389e-01 8.010635e-01 9.168201e-01 9.737495e-01 9.920741e-01 1.013014e+00 1.793495e-05
<GCONST> 5.921450e+01
<MIXTURE> 126 2.402244e-03
<MEAN> 25
 -3.789942e+00 -6.936306e+00 -5.285347e+00 2.320740e+00 4.278394e+00 -3.239681e+00 7.063019e-02 3.552366e+00 3.340846e+00 -2.697947e+00 -1.428266e+00 3.057034e+00 -2.162635e-03 -6.285730e-03 -3.579220e-02 -1.580621e-01 -3.184272e-01 -3.888272e-01 -2.732090e-01 -1.577422e-01 -1.137700e-01 -1.156946e-01 -9.818126e-02 -3.058638e-02 -1.478856e-03
<VARIANCE> 25
 7.426502e+00 1.263080e+01 1.385361e+01 1.512399e+01 2.467215e+01 2.370395e+01 2.274080e+01 2.841662e+01 3.128633e+01 2.623564e+01 2.176051e+01 1.918724e+01 1.706007e-01 3.520044e-01 4.830007e-01 5.669031e-01 7.538328e-01 9.962478e-01 1.123268e+00 1.262500e+00 1.329881e+00 1.310619e+00 1.213718e+00 1.147266e+00 2.109381e-04
<GCONST> 6.979790e+01
<MIXTURE> 127 2.402244e-03
<MEAN> 25
 -3.789942e+00 -6.936306e+00 -5.285347e+00 2.320740e+00 4.278394e+00 -3.239681e+00 7.063019e-02 3.552366e+00 3.340846e+00 -2.697947e+00 -1.428266e+00 3.057034e+00 -2.162635e-03 -6.285730e-03 -3.579220e-02 -1.580621e-01 -3.184272e-01 -3.888272e-01 -2.732090e-01 -1.577422e-01 -1.137700e-01 -1.156946e-01 -9.818126e-02 -3.058638e-02 -1.478856e-03
<VARIANCE> 25
 7.426502e+00 1.263080e+01 1.385361e+01 1.512399e+01 2.467215e+01 2.370395e+01 2.274080e+01 2.841662e+01 3.128633e+01 2.623564e+01 2.176051e+01 1.918724e+01 1.706007e-01 3.520044e-01 4.830007e-01 5.669031e-01 7.538328e-01 9.962478e-01 1.123268e+00 1.262500e+00 1.329881e+00 1.310619e+00 1.213718e+00 1.147266e+00 2.109381e-04
<GCONST> 6.979790e+01
<MIXTURE> 128 3.790457e-03
<MEAN> 25
 -3.671179e+00 2.268024e+00 -2.691571e+00 6.596317e+00 5.445845e+00 2.888993e+00 4.342145e+00 1.905898e+00 5.095320e+00 3.215802e+00 3.076648e+00 5.150746e+00 -4.659627e-01 -2.804594e-01 4.057543e-02 8.396720e-01 1.305311e+00 1.360133e+00 8.921316e-01 1.058279e-01 -4.893748e-01 -8.727486e-01 -1.088195e+00 -6.863328e-01 4.719995e-05
<VARIANCE> 25
 8.632270e+00 1.150827e+01 3.231758e+01 1.602341e+01 2.825827e+01 2.128773e+01 2.239625e+01 2.092289e+01 2.653530e+01 2.166835e+01 2.568040e+01 2.473407e+01 7.697446e-01 9.616249e-01 1.176026e+00 1.349044e+00 1.422333e+00 1.702048e+00 1.988159e+00 2.104229e+00 1.806635e+00 1.601110e+00 2.018302e+00 1.752081e+00 1.137821e-06
<GCONST> 7.326747e+01
<TRANSP> 3
 0.000000e+00 1.000000e+00 0.000000e+00
 0.000000e+00 9.999990e-01 9.999998e-07
 0.000000e+00 0.000000e+00 0.000000e+00
<ENDHMM>
