~o
<STREAMINFO> 1 25
<VECSIZE> 25<NULLD><MFCC_E_D_N><DIAGC>
~h "jmodel"
<BEGINHMM>
<NUMSTATES> 3
<STATE> 2
<NUMMIXES> 128
<MIXTURE> 1 5.748963e-03
<MEAN> 25
 -2.577271e+00 3.175520e+00 2.305233e+00 8.726192e+00 4.348819e+00 3.431256e+00 4.062087e+00 3.903203e+00 5.816429e+00 5.235921e+00 5.867007e+00 3.068573e+00 -2.000322e+00 -1.634197e+00 -8.671008e-01 1.077682e+00 1.556990e+00 2.227371e+00 2.149262e+00 2.077128e+00 1.685459e+00 1.257781e+00 1.563129e+00 6.157825e-01 -4.655214e-02
<VARIANCE> 25
 1.003300e+01 1.172023e+01 1.492850e+01 1.883840e+01 2.325286e+01 2.217093e+01 2.183857e+01 2.212631e+01 2.098297e+01 2.253004e+01 2.094196e+01 1.704947e+01 1.787821e+00 2.104113e+00 3.021136e+00 3.202547e+00 3.729810e+00 3.376346e+00 3.312078e+00 3.390827e+00 3.541085e+00 3.762975e+00 3.503891e+00 2.825657e+00 3.143288e-03
<GCONST> 8.848145e+01
<MIXTURE> 2 4.549242e-03
<MEAN> 25
 -4.874987e+00 1.313020e+00 9.920714e-01 9.900119e+00 6.693093e+00 7.423329e+00 7.847369e+00 6.954031e+00 8.370788e+00 6.369961e+00 7.620856e+00 3.073833e+00 -6.208067e-02 4.198556e-02 1.426879e-01 2.258569e-01 2.657009e-01 2.817020e-01 2.962514e-01 3.200195e-01 3.494336e-01 3.091677e-01 1.967696e-01 7.988673e-02 1.048930e-07
<VARIANCE> 25
 6.949660e+00 8.900659e+00 1.065599e+01 1.590303e+01 1.722832e+01 1.555855e+01 1.689051e+01 1.850845e+01 1.659027e+01 1.739562e+01 1.812565e+01 1.433416e+01 1.251984e-01 2.267748e-01 3.363482e-01 4.668887e-01 6.492772e-01 8.146933e-01 9.307238e-01 1.003086e+00 1.051330e+00 1.077348e+00 1.075433e+00 1.013479e+00 1.001960e-06
<GCONST> 5.804417e+01
<MIXTURE> 3 4.549242e-03
<MEAN> 25
 -4.874987e+00 1.313020e+00 9.920714e-01 9.900119e+00 6.693093e+00 7.423329e+00 7.847369e+00 6.954031e+00 8.370788e+00 6.369961e+00 7.620856e+00 3.073833e+00 -6.208067e-02 4.198556e-02 1.426879e-01 2.258569e-01 2.657009e-01 2.817020e-01 2.962514e-01 3.200195e-01 3.494336e-01 3.091677e-01 1.967696e-01 7.988673e-02 1.048930e-07
<VARIANCE> 25
 6.949660e+00 8.900659e+00 1.065599e+01 1.590303e+01 1.722832e+01 1.555855e+01 1.689051e+01 1.850845e+01 1.659027e+01 1.739562e+01 1.812565e+01 1.433416e+01 1.251984e-01 2.267748e-01 3.363482e-01 4.668887e-01 6.492772e-01 8.146933e-01 9.307238e-01 1.003086e+00 1.051330e+00 1.077348e+00 1.075433e+00 1.013479e+00 1.001960e-06
<GCONST> 5.804417e+01
<MIXTURE> 4 1.671429e-02
<MEAN> 25
 2.283966e+00 2.427651e+00 -5.382879e+00 1.780751e+00 4.768243e+00 -2.310021e+00 -1.369757e+00 -7.692056e-01 3.035109e+00 1.078387e+00 -2.489896e+00 6.916556e-01 -2.300819e+00 1.347333e+00 1.736352e+00 2.807956e+00 5.699372e-01 5.812632e-01 2.305280e+00 5.130344e-01 1.013367e+00 -1.643346e-01 9.743636e-01 6.693054e-01 -9.914107e-02
<VARIANCE> 25
 2.176911e+01 2.674967e+01 3.412496e+01 3.841311e+01 3.889380e+01 7.643439e+01 7.498844e+01 4.370257e+01 5.766153e+01 5.321399e+01 4.193961e+01 4.560578e+01 2.589993e+00 4.235193e+00 3.647593e+00 4.539234e+00 4.926794e+00 6.338771e+00 7.150961e+00 5.067077e+00 5.765947e+00 6.097460e+00 5.568114e+00 4.836896e+00 5.771895e-03
<GCONST> 1.051012e+02
<MIXTURE> 5 3.206198e-03
<MEAN> 25
 -3.417085e+00 2.181403e+00 6.102161e-01 9.428812e+00 6.697098e+00 6.316003e+00 7.112545e+00 4.722944e+00 5.495800e+00 3.847869e+00 4.658391e+00 2.606451e+00 -3.246356e-01 7.528797e-01 1.224772e+00 1.032618e+00 3.076890e-01 -1.001289e-01 -8.370250e-02 3.360688e-02 4.579805e-01 6.837447e-01 4.038126e-01 8.800505e-02 -2.790680e-05
<VARIANCE> 25
 1.024990e+01 1.394204e+01 2.348603e+01 2.561546e+01 2.022041e+01 1.942382e+01 2.011213e+01 2.036087e+01 2.141819e+01 2.128274e+01 2.409687e+01 1.635979e+01 1.209998e+00 1.244305e+00 1.357094e+00 1.673445e+00 2.284717e+00 2.376235e+00 2.301660e+00 2.275281e+00 2.315458e+00 2.238038e+00 2.085525e+00 1.873815e+00 1.000410e-06
<GCONST> 7.516591e+01
<MIXTURE> 6 5.475854e-03
<MEAN> 25
 9.687221e+00 -4.026473e-01 -6.701775e+00 -1.107697e+01 -2.146906e+00 6.763670e+00 -5.937836e+00 -5.278906e+00 -3.721773e+00 1.838277e+00 4.637370e+00 -1.256441e+00 4.830652e-01 8.965465e-01 -3.462659e-01 -1.467662e+00 -6.416734e-01 1.307473e+00 1.534407e+00 2.589981e-01 -1.217603e+00 -1.209856e+00 3.170615e-01 1.218190e+00 -8.104363e-03
<VARIANCE> 25
 8.986579e+00 1.707353e+01 2.389174e+01 3.936900e+01 3.690779e+01 3.074845e+01 4.437392e+01 3.802413e+01 4.177293e+01 3.934483e+01 4.199039e+01 2.833892e+01 3.114524e-01 8.562844e-01 9.480724e-01 1.973795e+00 1.603151e+00 2.024830e+00 1.917469e+00 2.082309e+00 2.390475e+00 1.974342e+00 2.248382e+00 1.463079e+00 5.893388e-04
<GCONST> 8.395100e+01
<MIXTURE> 7 5.475854e-03
<MEAN> 25
 9.687221e+00 -4.026473e-01 -6.701775e+00 -1.107697e+01 -2.146906e+00 6.763670e+00 -5.937836e+00 -5.278906e+00 -3.721773e+00 1.838277e+00 4.637370e+00 -1.256441e+00 4.830652e-01 8.965465e-01 -3.462659e-01 -1.467662e+00 -6.416734e-01 1.307473e+00 1.534407e+00 2.589981e-01 -1.217603e+00 -1.209856e+00 3.170615e-01 1.218190e+00 -8.104363e-03
<VARIANCE> 25
 8.986579e+00 1.707353e+01 2.389174e+01 3.936900e+01 3.690779e+01 3.074845e+01 4.437392e+01 3.802413e+01 4.177293e+01 3.934483e+01 4.199039e+01 2.833892e+01 3.114524e-01 8.562844e-01 9.480724e-01 1.973795e+00 1.603151e+00 2.024830e+00 1.917469e+00 2.082309e+00 2.390475e+00 1.974342e+00 2.248382e+00 1.463079e+00 5.893388e-04
<GCONST> 8.395100e+01
<MIXTURE> 8 1.165917e-02
<MEAN> 25
 -4.600953e+00 1.348379e+00 1.073127e+00 9.538493e+00 6.351568e+00 6.056036e+00 6.555550e+00 5.090030e+00 6.545769e+00 5.561806e+00 6.377826e+00 3.018066e+00 -5.661892e-01 -1.325109e+00 -1.131943e+00 -1.681218e+00 -2.150103e-01 -9.541387e-01 -2.091113e-01 -2.726779e-01 -2.710701e-01 -2.343186e-01 -1.938859e-01 1.510343e-01 9.654382e-02
<VARIANCE> 25
 9.051587e+00 9.377906e+00 1.287799e+01 1.493687e+01 1.619709e+01 1.558411e+01 1.852520e+01 2.034354e+01 1.674433e+01 1.686203e+01 1.986612e+01 1.475838e+01 2.809560e+00 2.724699e+00 3.998260e+00 3.798394e+00 3.271034e+00 3.071113e+00 2.969973e+00 2.905913e+00 2.815180e+00 2.759419e+00 2.330529e+00 1.982479e+00 6.274506e-03
<GCONST> 8.616201e+01
<MIXTURE> 9 1.199672e-02
<MEAN> 25
 8.259947e+00 3.571959e+00 -7.781986e+00 -1.081149e+01 -2.987304e+00 6.413938e+00 -4.646235e+00 -3.762297e+00 -7.940809e+00 -4.418962e-01 9.992007e-01 -9.555330e-02 1.251183e+00 -2.813748e-02 -4.338961e-01 -3.001944e+00 -1.851280e+00 1.033070e+00 -1.863892e+00 -1.764278e-02 -1.344051e+00 -3.425953e-01 5.356248e-01 -2.013289e-01 8.804911e-02
<VARIANCE> 25
 1.066751e+01 1.603780e+01 3.105793e+01 4.275181e+01 4.232566e+01 3.017215e+01 6.177261e+01 4.179094e+01 5.316774e+01 3.096233e+01 2.675823e+01 2.345370e+01 1.692913e+00 2.037872e+00 5.173651e+00 3.914149e+00 3.777769e+00 3.252776e+00 5.392787e+00 5.813556e+00 6.414251e+00 3.374651e+00 2.855553e+00 1.967204e+00 2.222293e-03
<GCONST> 9.602879e+01
<MIXTURE> 10 6.596976e-03
<MEAN> 25
 7.516530e-01 7.627032e+00 5.217623e+00 7.159655e+00 1.682276e+00 -2.253744e+00 -4.840544e-01 -1.749489e+00 9.462694e-01 8.083789e-01 8.202965e-01 7.939115e-01 -1.892690e+00 -6.467390e-01 -4.047651e-01 2.988001e+00 2.390874e+00 2.728319e+00 2.416204e+00 2.224503e+00 1.837294e+00 1.494322e+00 2.326405e+00 4.998106e-01 -1.380668e-01
<VARIANCE> 25
 1.958266e+01 2.039774e+01 2.366512e+01 2.870540e+01 3.845510e+01 3.569833e+01 3.471883e+01 3.368560e+01 2.754630e+01 2.880703e+01 2.659088e+01 2.590516e+01 2.272148e+00 3.425726e+00 5.655438e+00 5.201576e+00 5.817555e+00 4.424757e+00 4.773369e+00 4.959070e+00 4.367573e+00 5.120506e+00 4.383064e+00 3.187121e+00 2.666398e-03
<GCONST> 9.762181e+01
<MIXTURE> 11 1.633820e-02
<MEAN> 25
 6.842653e+00 4.539400e+00 2.135701e+00 5.341945e+00 -1.763724e+00 -4.246392e-01 -1.051230e+00 -5.195319e+00 -1.806077e+00 -8.649996e-01 -4.431727e+00 -5.050066e+00 -3.427320e-01 3.732360e-01 3.029292e-01 4.583375e-01 3.662751e-01 1.256417e-01 4.379623e-01 -3.115932e-01 -3.469240e-01 -3.781798e-02 -4.737669e-02 1.658396e-01 -1.813678e-02
<VARIANCE> 25
 9.884839e+00 1.718364e+01 1.993337e+01 2.393843e+01 3.292903e+01 3.622796e+01 4.110029e+01 3.597020e+01 3.819078e+01 2.900498e+01 3.122089e+01 3.455033e+01 6.961691e-01 9.835684e-01 1.364472e+00 1.780970e+00 1.602035e+00 2.354476e+00 1.794768e+00 2.228637e+00 1.888669e+00 1.902815e+00 1.663290e+00 1.257414e+00 7.005781e-04
<GCONST> 8.360273e+01
<MIXTURE> 12 5.904134e-03
<MEAN> 25
 1.056092e+01 3.740286e+00 -4.697114e+00 -1.619620e+01 -8.780833e+00 8.873024e+00 -1.482786e+00 -1.828271e+00 -2.496339e+00 -4.526205e+00 1.822468e+00 5.806905e-01 6.528173e-02 3.384087e-01 1.175972e-01 -3.858016e-01 -3.489241e-01 -1.035604e-02 3.490228e-01 5.626075e-01 1.102434e-01 -3.298051e-01 -4.335466e-01 -2.384410e-02 -6.436891e-03
<VARIANCE> 25
 9.513445e+00 2.017666e+01 2.346805e+01 3.469106e+01 4.057779e+01 3.101272e+01 4.826859e+01 4.729020e+01 5.635808e+01 3.899252e+01 3.660952e+01 2.823522e+01 2.374247e-01 7.094099e-01 6.939853e-01 1.135527e+00 1.176616e+00 1.051520e+00 1.172504e+00 1.641833e+00 1.216283e+00 1.245546e+00 1.229223e+00 1.063452e+00 5.600636e-04
<GCONST> 7.945718e+01
<MIXTURE> 13 5.904134e-03
<MEAN> 25
 1.056092e+01 3.740286e+00 -4.697114e+00 -1.619620e+01 -8.780833e+00 8.873024e+00 -1.482786e+00 -1.828271e+00 -2.496339e+00 -4.526205e+00 1.822468e+00 5.806905e-01 6.528173e-02 3.384087e-01 1.175972e-01 -3.858016e-01 -3.489241e-01 -1.035604e-02 3.490228e-01 5.626075e-01 1.102434e-01 -3.298051e-01 -4.335466e-01 -2.384410e-02 -6.436891e-03
<VARIANCE> 25
 9.513445e+00 2.017666e+01 2.346805e+01 3.469106e+01 4.057779e+01 3.101272e+01 4.826859e+01 4.729020e+01 5.635808e+01 3.899252e+01 3.660952e+01 2.823522e+01 2.374247e-01 7.094099e-01 6.939853e-01 1.135527e+00 1.176616e+00 1.051520e+00 1.172504e+00 1.641833e+00 1.216283e+00 1.245546e+00 1.229223e+00 1.063452e+00 5.600636e-04
<GCONST> 7.945718e+01
<MIXTURE> 14 6.488954e-03
<MEAN> 25
 -4.227325e+00 -1.743744e-01 -6.056334e-01 8.876877e+00 7.385151e+00 7.180387e+00 8.006982e+00 6.828710e+00 7.031415e+00 5.331231e+00 6.958159e+00 3.972345e+00 -2.665972e-01 1.725184e-01 3.133621e-01 3.259524e-01 -2.446810e-02 -1.544586e-02 1.815254e-01 1.646855e-01 3.157795e-01 5.069504e-01 5.151998e-01 1.282815e-01 -7.322438e-03
<VARIANCE> 25
 8.764286e+00 1.359673e+01 1.878617e+01 1.693574e+01 1.979745e+01 1.930390e+01 2.114108e+01 2.262352e+01 2.060249e+01 2.475747e+01 2.102820e+01 1.579178e+01 9.311919e-01 1.569755e+00 1.733513e+00 1.819106e+00 2.131494e+00 2.341250e+00 2.272242e+00 2.113331e+00 2.239284e+00 2.564752e+00 2.127933e+00 1.846867e+00 1.108250e-03
<GCONST> 8.166232e+01
<MIXTURE> 15 2.475190e-03
<MEAN> 25
 -5.388094e+00 -6.823905e-01 -2.139052e-01 7.332408e+00 5.598586e+00 5.549258e+00 6.195812e+00 4.932273e+00 5.108918e+00 3.915399e+00 5.423049e+00 2.542764e+00 -1.033551e-01 -1.524411e-02 8.803021e-02 2.774591e-01 5.346271e-01 7.897850e-01 1.051800e+00 1.178900e+00 1.028987e+00 7.470039e-01 4.514415e-01 1.937385e-01 -3.006094e-04
<VARIANCE> 25
 6.760535e+00 5.761003e+00 8.782097e+00 1.246666e+01 1.418288e+01 1.441796e+01 1.490677e+01 1.469980e+01 1.363559e+01 1.504845e+01 1.470665e+01 1.218780e+01 1.308886e-01 2.043655e-01 3.154670e-01 5.183015e-01 7.311975e-01 7.679828e-01 7.626539e-01 7.691070e-01 9.004265e-01 9.920928e-01 1.105920e+00 1.069924e+00 2.865804e-05
<GCONST> 5.858044e+01
<MIXTURE> 16 2.475190e-03
<MEAN> 25
 -5.388094e+00 -6.823905e-01 -2.139052e-01 7.332408e+00 5.598586e+00 5.549258e+00 6.195812e+00 4.932273e+00 5.108918e+00 3.915399e+00 5.423049e+00 2.542764e+00 -1.033551e-01 -1.524411e-02 8.803021e-02 2.774591e-01 5.346271e-01 7.897850e-01 1.051800e+00 1.178900e+00 1.028987e+00 7.470039e-01 4.514415e-01 1.937385e-01 -3.006094e-04
<VARIANCE> 25
 6.760535e+00 5.761003e+00 8.782097e+00 1.246666e+01 1.418288e+01 1.441796e+01 1.490677e+01 1.469980e+01 1.363559e+01 1.504845e+01 1.470665e+01 1.218780e+01 1.308886e-01 2.043655e-01 3.154670e-01 5.183015e-01 7.311975e-01 7.679828e-01 7.626539e-01 7.691070e-01 9.004265e-01 9.920928e-01 1.105920e+00 1.069924e+00 2.865804e-05
<GCONST> 5.858044e+01
<MIXTURE> 17 9.518312e-03
<MEAN> 25
 3.459935e+00 -1.132100e+00 6.573492e+00 2.226514e+00 -6.033566e+00 -6.742700e+00 -3.025083e+00 -2.161949e-01 -2.509598e+00 -3.070891e+00 4.183987e-01 3.471593e-01 -6.609519e-01 -1.348914e+00 1.404394e+00 -2.236122e+00 -2.427390e+00 -3.669505e-01 -2.711835e-02 8.977305e-01 -4.196820e-01 -1.370919e-01 9.810490e-01 5.401222e-01 8.704486e-02
<VARIANCE> 25
 1.666463e+01 3.153174e+01 3.385983e+01 3.997170e+01 4.576596e+01 4.991695e+01 3.995847e+01 3.480166e+01 3.476559e+01 2.773792e+01 2.721588e+01 2.786397e+01 1.857524e+00 2.742634e+00 3.977028e+00 3.201117e+00 4.081741e+00 5.899343e+00 5.363796e+00 4.678041e+00 4.132857e+00 3.830903e+00 2.987181e+00 3.106985e+00 2.439921e-03
<GCONST> 9.744595e+01
<MIXTURE> 18 1.221018e-02
<MEAN> 25
 3.855729e+00 4.542475e+00 6.621067e+00 4.518881e+00 -4.612086e+00 -8.362926e+00 -1.522765e+00 -1.088827e+00 -3.163171e+00 -2.297385e+00 -7.739232e-01 6.497802e-01 -7.755361e-01 2.078857e+00 -2.271106e-01 2.017452e+00 3.040683e+00 1.533560e+00 8.136089e-01 -2.776299e-01 5.642766e-01 4.263660e-01 -2.652342e-01 -6.957792e-02 -1.213164e-01
<VARIANCE> 25
 1.604116e+01 2.487378e+01 3.298856e+01 2.739929e+01 3.977069e+01 3.283562e+01 3.946267e+01 3.445314e+01 3.922512e+01 3.484489e+01 3.199831e+01 3.051160e+01 2.498245e+00 3.159734e+00 4.656437e+00 3.939271e+00 4.155736e+00 4.663756e+00 4.579006e+00 4.445864e+00 4.496729e+00 4.683395e+00 4.441476e+00 3.542490e+00 4.187491e-03
<GCONST> 9.851682e+01
<MIXTURE> 19 9.912824e-03
<MEAN> 25
 -1.030010e+01 1.856166e+00 1.540940e-01 1.243464e+00 4.013316e+00 1.730288e+00 3.630788e+00 1.066095e+00 2.224762e+00 1.194189e+00 1.355139e+00 2.051580e+00 2.104054e+00 1.709166e+00 2.177016e+00 7.295963e-01 -1.042779e+00 -1.048786e+00 -1.027876e+00 -1.392898e+00 -1.528306e+00 -1.090308e+00 -8.760468e-01 -7.810665e-01 4.541569e-04
<VARIANCE> 25
 5.280238e+01 2.953003e+01 4.809447e+01 5.333968e+01 3.301654e+01 3.282317e+01 3.225107e+01 2.928628e+01 2.874129e+01 2.647138e+01 3.186749e+01 1.933134e+01 2.362939e+00 2.232542e+00 2.143682e+00 2.308791e+00 2.516142e+00 2.218831e+00 2.411625e+00 2.363756e+00 2.090670e+00 2.130685e+00 2.260361e+00 1.757944e+00 2.395180e-03
<GCONST> 9.160714e+01
<MIXTURE> 20 6.308331e-03
<MEAN> 25
 -1.417301e+01 7.405568e+00 8.285044e-01 6.160225e+00 4.842116e+00 1.629883e+00 5.216378e+00 8.412015e-01 9.311659e-01 7.903255e-01 2.578549e+00 -2.928795e-01 -3.281924e+00 -8.633787e-01 -1.563768e+00 3.303733e-01 1.537367e+00 2.058982e+00 1.974172e+00 2.050990e+00 2.146757e+00 2.037803e+00 1.680430e+00 9.441939e-01 4.738880e-02
<VARIANCE> 25
 1.966507e+01 2.344754e+01 3.102710e+01 3.711933e+01 3.079094e+01 2.785242e+01 2.991820e+01 3.146550e+01 2.793040e+01 2.818351e+01 2.516119e+01 2.091426e+01 2.093798e+00 2.183167e+00 1.906538e+00 2.537712e+00 2.702891e+00 2.316153e+00 2.315179e+00 2.326602e+00 2.232686e+00 2.648920e+00 2.245128e+00 1.862292e+00 1.883778e-03
<GCONST> 8.921310e+01
<MIXTURE> 21 7.928653e-03
<MEAN> 25
 4.005129e+00 -4.530930e+00 5.776660e+00 -1.548573e+00 -1.058307e+01 -8.729262e+00 -2.613453e+00 4.176017e+00 -2.071994e+00 -3.407945e+00 2.443455e-01 3.422410e-01 -7.194098e-01 1.341177e+00 2.588270e+00 -4.456381e-02 -1.551203e+00 3.362412e-01 5.891160e-01 -1.498045e+00 -1.958396e+00 3.127026e-01 1.325710e+00 2.463576e-01 -1.278701e-02
<VARIANCE> 25
 8.899867e+00 1.873655e+01 2.966459e+01 2.840944e+01 2.855251e+01 3.319744e+01 4.295311e+01 3.935781e+01 4.292728e+01 3.160556e+01 3.382188e+01 2.323676e+01 3.763790e-01 9.503872e-01 1.859186e+00 1.290826e+00 2.213706e+00 2.188707e+00 3.640696e+00 2.500814e+00 2.161201e+00 2.597777e+00 2.019958e+00 2.284605e+00 4.287114e-04
<GCONST> 8.510083e+01
<MIXTURE> 22 8.827789e-03
<MEAN> 25
 -1.691923e+01 6.571577e+00 -5.368544e+00 7.807227e+00 4.118931e+00 2.171285e+00 8.394042e+00 -1.241102e+00 6.729091e+00 1.283499e+00 6.897797e+00 2.210624e+00 -4.060735e-01 -1.099898e-01 -1.413836e-02 -2.590691e-01 -2.229281e-02 3.684694e-01 5.907407e-02 5.017879e-02 3.473728e-01 3.114771e-01 1.720686e-01 1.006240e-01 1.592396e-02
<VARIANCE> 25
 6.619877e+00 1.061026e+01 1.148076e+01 1.610180e+01 1.531293e+01 1.607396e+01 1.430203e+01 1.929125e+01 1.527118e+01 1.711045e+01 1.572322e+01 1.008834e+01 9.326785e-01 1.169559e+00 9.366757e-01 1.095122e+00 8.909945e-01 1.584743e+00 1.099641e+00 1.116088e+00 1.772553e+00 1.390864e+00 1.116345e+00 7.682490e-01 1.353830e-03
<GCONST> 7.198270e+01
<MIXTURE> 23 6.455497e-03
<MEAN> 25
 7.506811e+00 2.548654e+00 3.059756e+00 2.352840e+00 -4.569233e+00 -2.129960e+00 -3.518327e+00 -6.139895e+00 -3.279169e+00 -1.624373e+00 -4.857444e+00 -3.258571e+00 -1.307479e-02 1.808248e-01 8.153939e-02 1.200316e-01 8.245265e-03 2.622683e-03 -2.681105e-04 1.282282e-02 7.293654e-03 5.484809e-02 5.749229e-02 5.769386e-02 -5.643370e-03
<VARIANCE> 25
 1.072211e+01 1.973518e+01 2.638136e+01 4.116909e+01 3.996676e+01 5.419620e+01 5.549764e+01 5.104920e+01 4.689295e+01 4.328276e+01 4.504322e+01 4.353264e+01 1.401987e-01 2.988749e-01 4.195788e-01 5.578471e-01 5.619622e-01 8.203185e-01 7.257787e-01 9.036517e-01 8.353754e-01 9.686909e-01 7.838377e-01 7.023947e-01 9.554192e-05
<GCONST> 7.323331e+01
<MIXTURE> 24 6.455497e-03
<MEAN> 25
 7.506811e+00 2.548654e+00 3.059756e+00 2.352840e+00 -4.569233e+00 -2.129960e+00 -3.518327e+00 -6.139895e+00 -3.279169e+00 -1.624373e+00 -4.857444e+00 -3.258571e+00 -1.307479e-02 1.808248e-01 8.153939e-02 1.200316e-01 8.245265e-03 2.622683e-03 -2.681105e-04 1.282282e-02 7.293654e-03 5.484809e-02 5.749229e-02 5.769386e-02 -5.643370e-03
<VARIANCE> 25
 1.072211e+01 1.973518e+01 2.638136e+01 4.116909e+01 3.996676e+01 5.419620e+01 5.549764e+01 5.104920e+01 4.689295e+01 4.328276e+01 4.504322e+01 4.353264e+01 1.401987e-01 2.988749e-01 4.195788e-01 5.578471e-01 5.619622e-01 8.203185e-01 7.257787e-01 9.036517e-01 8.353754e-01 9.686909e-01 7.838377e-01 7.023947e-01 9.554192e-05
<GCONST> 7.323331e+01
<MIXTURE> 25 1.118642e-02
<MEAN> 25
 3.183247e-01 3.451818e+00 1.677471e+01 -1.075340e+00 -1.134828e+01 -1.768484e+00 -4.978866e+00 -2.943525e+00 -6.959342e+00 -5.412562e+00 4.079167e+00 -1.638645e+00 -1.332412e-01 4.411902e-01 1.669656e-01 1.489483e-01 2.186456e-01 1.161259e-01 1.937652e-01 -1.698590e-01 -2.459471e-01 7.284162e-02 -7.396009e-02 -1.093540e-01 -1.292179e-02
<VARIANCE> 25
 8.954046e+00 2.234564e+01 2.077110e+01 2.889607e+01 3.152427e+01 4.137142e+01 2.745393e+01 3.033102e+01 2.834401e+01 3.692311e+01 2.109296e+01 2.770732e+01 5.944532e-01 1.439921e+00 1.407379e+00 1.383931e+00 2.266018e+00 2.047637e+00 1.746549e+00 1.628134e+00 1.537555e+00 1.647652e+00 1.345323e+00 1.293551e+00 1.281459e-03
<GCONST> 8.277957e+01
<MIXTURE> 26 7.727677e-03
<MEAN> 25
 2.134213e+00 -6.248541e+00 -1.011312e+01 -5.309529e-01 7.986290e+00 5.316514e+00 3.758661e+00 -1.982150e-01 2.448460e+00 -1.152624e+00 -2.943736e+00 -1.158047e+00 -6.232437e-01 6.271031e-01 3.639822e-01 6.819426e-01 1.936894e-01 2.554114e-01 2.857709e-01 2.826313e-01 2.221172e-01 1.647836e-01 3.504405e-01 3.477837e-01 -5.283942e-02
<VARIANCE> 25
 2.483334e+01 3.458360e+01 2.639285e+01 6.183543e+01 3.864285e+01 4.288626e+01 4.721798e+01 4.263738e+01 3.852848e+01 5.380399e+01 3.929733e+01 4.741305e+01 1.612394e+00 1.897781e+00 1.895267e+00 1.954717e+00 2.256832e+00 2.372882e+00 2.535299e+00 2.802756e+00 2.429256e+00 2.590698e+00 2.162291e+00 2.081703e+00 3.220457e-03
<GCONST> 9.395991e+01
<MIXTURE> 27 7.727677e-03
<MEAN> 25
 2.134213e+00 -6.248541e+00 -1.011312e+01 -5.309529e-01 7.986290e+00 5.316514e+00 3.758661e+00 -1.982150e-01 2.448460e+00 -1.152624e+00 -2.943736e+00 -1.158047e+00 -6.232437e-01 6.271031e-01 3.639822e-01 6.819426e-01 1.936894e-01 2.554114e-01 2.857709e-01 2.826313e-01 2.221172e-01 1.647836e-01 3.504405e-01 3.477837e-01 -5.283942e-02
<VARIANCE> 25
 2.483334e+01 3.458360e+01 2.639285e+01 6.183543e+01 3.864285e+01 4.288626e+01 4.721798e+01 4.263738e+01 3.852848e+01 5.380399e+01 3.929733e+01 4.741305e+01 1.612394e+00 1.897781e+00 1.895267e+00 1.954717e+00 2.256832e+00 2.372882e+00 2.535299e+00 2.802756e+00 2.429256e+00 2.590698e+00 2.162291e+00 2.081703e+00 3.220457e-03
<GCONST> 9.395991e+01
<MIXTURE> 28 5.036674e-03
<MEAN> 25
 -5.387633e+00 1.392414e-01 -1.632396e+00 6.745731e+00 5.333416e+00 3.561505e+00 5.516799e+00 2.993016e+00 3.909137e+00 2.325949e+00 2.573200e+00 3.159423e+00 -1.184817e-01 2.410855e-01 5.261151e-01 7.662190e-01 8.306383e-01 7.109489e-01 5.692073e-01 4.201546e-01 4.205766e-01 4.930383e-01 3.389299e-01 1.745625e-01 -8.624118e-05
<VARIANCE> 25
 1.019802e+01 8.536961e+00 1.186568e+01 1.481803e+01 1.451807e+01 1.719310e+01 1.771668e+01 1.890958e+01 1.661323e+01 1.630169e+01 2.003723e+01 1.460732e+01 2.483128e-01 3.342308e-01 3.935232e-01 4.585399e-01 6.029281e-01 8.204130e-01 1.080493e+00 1.128425e+00 1.082192e+00 9.985655e-01 1.031848e+00 1.038032e+00 1.118936e-06
<GCONST> 5.993378e+01
<MIXTURE> 29 5.036674e-03
<MEAN> 25
 -5.387633e+00 1.392414e-01 -1.632396e+00 6.745731e+00 5.333416e+00 3.561505e+00 5.516799e+00 2.993016e+00 3.909137e+00 2.325949e+00 2.573200e+00 3.159423e+00 -1.184817e-01 2.410855e-01 5.261151e-01 7.662190e-01 8.306383e-01 7.109489e-01 5.692073e-01 4.201546e-01 4.205766e-01 4.930383e-01 3.389299e-01 1.745625e-01 -8.624118e-05
<VARIANCE> 25
 1.019802e+01 8.536961e+00 1.186568e+01 1.481803e+01 1.451807e+01 1.719310e+01 1.771668e+01 1.890958e+01 1.661323e+01 1.630169e+01 2.003723e+01 1.460732e+01 2.483128e-01 3.342308e-01 3.935232e-01 4.585399e-01 6.029281e-01 8.204130e-01 1.080493e+00 1.128425e+00 1.082192e+00 9.985655e-01 1.031848e+00 1.038032e+00 1.118936e-06
<GCONST> 5.993378e+01
<MIXTURE> 30 8.917812e-03
<MEAN> 25
 -4.230429e+00 3.013053e-01 3.345941e-01 8.650261e+00 7.708310e+00 7.491267e+00 8.191569e+00 6.026855e+00 5.907844e+00 4.296777e+00 6.183613e+00 2.964286e+00 3.163843e-03 7.932949e-02 4.093621e-02 4.242701e-02 9.852432e-02 1.423767e-01 -7.714804e-02 -1.461544e-01 -6.130773e-02 1.109781e-01 1.848747e-01 1.105910e-01 -1.299900e-03
<VARIANCE> 25
 6.178862e+00 1.006673e+01 9.734248e+00 1.308227e+01 1.414331e+01 1.448239e+01 2.069713e+01 1.979057e+01 1.618128e+01 1.813737e+01 2.176519e+01 1.385367e+01 9.486482e-02 1.822806e-01 3.175510e-01 4.737441e-01 5.810083e-01 6.794276e-01 8.153104e-01 8.593190e-01 8.037927e-01 1.021629e+00 9.967877e-01 9.383125e-01 5.688026e-05
<GCONST> 6.037678e+01
<MIXTURE> 31 4.136493e-03
<MEAN> 25
 -3.475669e+00 -4.817780e+00 -1.153582e-01 4.896135e+00 3.549743e+00 2.081032e+00 5.515995e+00 6.061927e+00 2.367111e+00 -1.560747e-02 6.328316e+00 2.997160e+00 2.859865e-01 4.502837e-01 -2.477017e-01 3.378394e-01 2.573653e-01 4.641648e-01 1.973022e-01 5.319464e-02 3.642130e-01 3.401390e-01 2.081335e-02 -1.142343e-01 -1.998638e-02
<VARIANCE> 25
 5.763722e+00 1.570372e+01 1.476807e+01 1.639705e+01 2.284226e+01 2.082603e+01 1.977979e+01 2.267903e+01 2.196662e+01 3.119210e+01 1.737049e+01 1.916839e+01 1.692133e-01 4.176536e-01 5.762715e-01 7.276112e-01 1.156335e+00 1.095300e+00 1.264383e+00 1.192034e+00 1.239232e+00 1.661760e+00 1.164894e+00 1.348413e+00 2.291869e-04
<GCONST> 7.047123e+01
<MIXTURE> 32 4.136493e-03
<MEAN> 25
 -3.475669e+00 -4.817780e+00 -1.153582e-01 4.896135e+00 3.549743e+00 2.081032e+00 5.515995e+00 6.061927e+00 2.367111e+00 -1.560747e-02 6.328316e+00 2.997160e+00 2.859865e-01 4.502837e-01 -2.477017e-01 3.378394e-01 2.573653e-01 4.641648e-01 1.973022e-01 5.319464e-02 3.642130e-01 3.401390e-01 2.081335e-02 -1.142343e-01 -1.998638e-02
<VARIANCE> 25
 5.763722e+00 1.570372e+01 1.476807e+01 1.639705e+01 2.284226e+01 2.082603e+01 1.977979e+01 2.267903e+01 2.196662e+01 3.119210e+01 1.737049e+01 1.916839e+01 1.692133e-01 4.176536e-01 5.762715e-01 7.276112e-01 1.156335e+00 1.095300e+00 1.264383e+00 1.192034e+00 1.239232e+00 1.661760e+00 1.164894e+00 1.348413e+00 2.291869e-04
<GCONST> 7.047123e+01
<MIXTURE> 33 1.508826e-02
<MEAN> 25
 6.242725e+00 -4.878828e+00 -2.245254e+00 -3.452891e+00 -1.057862e+00 -5.538252e+00 -8.486956e+00 2.644392e+00 2.521078e+00 -5.273141e-01 -5.658924e+00 -2.346263e+00 6.627352e-01 -1.342077e+00 -2.106603e+00 -1.930609e+00 1.527157e+00 1.391420e+00 -8.799735e-01 7.010307e-01 9.732164e-01 5.981476e-01 -4.353433e-01 -1.265317e+00 4.317830e-02
<VARIANCE> 25
 9.780602e+00 2.454354e+01 2.608137e+01 3.776647e+01 4.518388e+01 4.149782e+01 5.383817e+01 5.135723e+01 3.738792e+01 3.915494e+01 3.973215e+01 2.966546e+01 1.088521e+00 2.009008e+00 2.838094e+00 2.044939e+00 3.836722e+00 3.288645e+00 4.084558e+00 5.182437e+00 3.469322e+00 3.946991e+00 3.202438e+00 2.414573e+00 1.604461e-03
<GCONST> 9.449853e+01
<MIXTURE> 34 1.588179e-02
<MEAN> 25
 8.796785e+00 4.837076e-02 2.462461e-02 9.661270e-01 -2.889544e+00 -1.430055e+00 -6.156887e+00 -4.466094e+00 -1.634665e+00 5.084665e-02 -2.811417e+00 -3.778651e+00 -3.848668e-03 1.360752e+00 1.404624e+00 2.363958e+00 -5.792476e-02 -9.453449e-02 8.511013e-01 -1.623179e+00 -8.645154e-01 2.296408e-01 -5.371599e-01 1.711536e-01 -6.313729e-02
<VARIANCE> 25
 7.869420e+00 3.141954e+01 2.972131e+01 5.193389e+01 4.322884e+01 4.903265e+01 5.673255e+01 5.629523e+01 5.639112e+01 4.258750e+01 4.748214e+01 3.187111e+01 1.237389e+00 2.028866e+00 4.284164e+00 3.978826e+00 5.491173e+00 5.936388e+00 5.551410e+00 6.089996e+00 5.281315e+00 4.859689e+00 4.977251e+00 3.980576e+00 1.186226e-03
<GCONST> 9.988885e+01
<MIXTURE> 35 1.467755e-02
<MEAN> 25
 -1.150011e+00 -4.482274e+00 -1.014350e+01 5.088220e-01 9.752793e+00 -3.840918e-01 -1.108941e+00 1.508946e+00 1.813127e+00 4.192098e+00 -3.735644e-01 1.689966e+00 3.220610e-01 -1.311340e+00 -1.312483e+00 -9.823764e-01 1.250035e+00 -9.955595e-01 -1.239423e+00 -1.517077e-01 1.868436e-01 2.770005e-01 -1.206299e+00 -3.641339e-01 1.030479e-01
<VARIANCE> 25
 1.898960e+01 2.881810e+01 4.165281e+01 5.353519e+01 4.105006e+01 5.170145e+01 7.023074e+01 3.937907e+01 5.284577e+01 3.432845e+01 3.451189e+01 2.689540e+01 3.891202e+00 2.991607e+00 6.102248e+00 7.512172e+00 6.097803e+00 7.377126e+00 5.700735e+00 3.684895e+00 4.813793e+00 3.887609e+00 4.262402e+00 3.863094e+00 4.403860e-03
<GCONST> 1.033196e+02
<MIXTURE> 36 1.093293e-02
<MEAN> 25
 4.940866e+00 -3.662824e+00 7.263954e+00 2.353420e+00 -1.020278e+01 -9.119664e+00 -6.137822e+00 3.216336e+00 -2.117971e+00 -4.341620e+00 2.750976e+00 -1.508679e-02 3.610880e-01 1.591216e-01 -9.269223e-01 2.252197e-02 8.804381e-01 4.405015e-02 -4.359946e-01 8.619335e-03 3.895310e-01 5.202465e-01 -4.566994e-01 -3.342034e-01 -1.665790e-02
<VARIANCE> 25
 9.922611e+00 1.708793e+01 2.270937e+01 3.171200e+01 3.063557e+01 3.209128e+01 4.669178e+01 3.465465e+01 4.021184e+01 3.463206e+01 2.772559e+01 2.690046e+01 4.567033e-01 7.298968e-01 1.498065e+00 1.228622e+00 1.590743e+00 1.596602e+00 2.172222e+00 1.724435e+00 2.110721e+00 1.769876e+00 1.439264e+00 1.411976e+00 7.425767e-04
<GCONST> 8.237868e+01
<MIXTURE> 37 1.246826e-02
<MEAN> 25
 6.181678e-01 7.719760e+00 1.198984e+01 -5.538425e+00 -8.058311e+00 -1.052114e+00 -5.023993e+00 -8.265197e+00 -3.697927e+00 -9.393672e-01 -3.667834e+00 -1.286311e+00 1.723223e-01 6.367620e-01 -1.362701e+00 3.571627e+00 1.989048e+00 -3.179798e-01 1.068744e+00 4.305148e-01 5.554562e-01 -3.305358e-01 5.307660e-01 -8.800779e-02 -9.411730e-02
<VARIANCE> 25
 1.633424e+01 2.599745e+01 3.110059e+01 5.066292e+01 3.372598e+01 3.198192e+01 4.392489e+01 3.517445e+01 3.851882e+01 3.612357e+01 3.765783e+01 3.065492e+01 2.942139e+00 3.394958e+00 3.002522e+00 4.063068e+00 4.592615e+00 3.844528e+00 4.278284e+00 3.790757e+00 3.543425e+00 3.619372e+00 3.841109e+00 2.773320e+00 3.957092e-03
<GCONST> 9.782126e+01
<MIXTURE> 38 1.154525e-02
<MEAN> 25
 -4.434325e+00 8.902275e+00 4.584455e+00 3.185822e+00 7.995807e-01 -5.194821e+00 -5.442345e-01 -2.733893e+00 -2.821176e+00 -3.066010e+00 -1.457640e+00 -5.311633e-01 -4.488267e+00 1.216394e+00 -3.230125e-01 1.467388e+00 2.542526e+00 1.409497e+00 2.038273e+00 9.327297e-01 7.563188e-01 5.967347e-01 9.945266e-01 3.413608e-01 4.829285e-02
<VARIANCE> 25
 3.123668e+01 2.972124e+01 3.865363e+01 3.287210e+01 4.855032e+01 3.528907e+01 3.639461e+01 4.122440e+01 3.464533e+01 3.229914e+01 2.416480e+01 2.849152e+01 2.408364e+00 4.010235e+00 3.880402e+00 5.122535e+00 4.252746e+00 5.022993e+00 4.770792e+00 4.635116e+00 4.483407e+00 5.054618e+00 4.353983e+00 3.251139e+00 2.037962e-03
<GCONST> 9.923212e+01
<MIXTURE> 39 9.501865e-03
<MEAN> 25
 2.074890e+00 2.198985e+00 1.041413e+01 -8.619822e+00 -1.187766e+01 -3.843991e-01 -2.268951e+00 -7.363485e+00 -5.355735e+00 3.162454e-02 -4.146683e+00 -2.859219e+00 -5.503021e-01 1.539438e+00 1.524668e+00 -1.323508e+00 -5.747432e-02 1.633566e+00 -1.122534e+00 -1.342781e+00 3.669447e-01 3.475016e-01 -4.879055e-01 -8.963991e-02 1.467545e-03
<VARIANCE> 25
 1.067476e+01 2.682073e+01 2.748675e+01 3.499009e+01 3.405254e+01 3.923605e+01 4.098046e+01 3.222167e+01 3.772596e+01 3.262727e+01 3.306436e+01 2.716899e+01 7.791902e-01 1.383301e+00 1.360354e+00 2.557277e+00 2.336779e+00 3.484491e+00 2.670431e+00 2.550200e+00 2.130090e+00 2.309794e+00 1.829982e+00 2.076539e+00 1.041561e-03
<GCONST> 8.817049e+01
<MIXTURE> 40 1.030800e-02
<MEAN> 25
 -8.494128e+00 2.335815e+00 -1.472609e+00 8.273110e+00 4.022313e+00 5.247064e+00 6.017971e+00 3.261841e+00 4.579528e+00 4.206839e+00 5.724940e+00 1.520799e+00 -1.329514e-01 -1.991711e-01 -7.814514e-03 -1.813010e-01 -1.360901e-01 -1.248466e-01 1.739922e-01 4.843426e-02 -7.297795e-04 -2.770514e-02 8.583994e-02 5.412990e-02 6.340739e-03
<VARIANCE> 25
 4.108580e+01 1.759971e+01 2.699015e+01 2.288946e+01 2.268326e+01 1.742657e+01 2.096060e+01 2.068600e+01 1.754277e+01 2.031178e+01 2.018857e+01 1.513477e+01 7.020642e-01 7.076741e-01 8.794177e-01 1.054781e+00 1.021556e+00 1.381272e+00 1.311233e+00 1.141926e+00 1.239124e+00 1.358702e+00 1.139374e+00 1.180034e+00 8.908137e-04
<GCONST> 7.637321e+01
<MIXTURE> 41 6.713375e-03
<MEAN> 25
 1.330770e+00 6.813256e-01 1.143287e+01 -6.949384e+00 -1.089435e+01 -5.491778e+00 -3.933960e+00 -3.686194e+00 -5.379484e+00 2.649377e+00 -9.566018e-01 4.458114e-01 2.385581e-01 -8.471996e-01 2.094013e+00 -3.794863e+00 -2.680104e+00 -3.859351e-01 -8.345042e-01 4.319302e-01 -1.325091e+00 1.410744e+00 -9.050817e-01 3.601138e-01 8.757026e-02
<VARIANCE> 25
 9.783425e+00 2.977155e+01 3.107021e+01 3.486798e+01 3.370053e+01 4.424736e+01 4.086253e+01 3.295691e+01 3.101153e+01 2.402155e+01 2.942707e+01 3.080074e+01 2.773249e+00 2.887601e+00 4.035752e+00 3.459061e+00 4.627733e+00 5.332347e+00 4.449777e+00 6.312991e+00 4.456864e+00 4.057280e+00 3.260368e+00 3.169022e+00 2.668330e-03
<GCONST> 9.710634e+01
<MIXTURE> 42 1.106211e-02
<MEAN> 25
 -2.060772e+00 4.860452e+00 4.427117e+00 3.225827e+00 2.298738e-01 -6.454482e+00 -4.456227e-01 -2.595239e+00 -1.394767e+00 -9.532560e-01 -1.913417e+00 1.774615e+00 4.202478e+00 -5.260966e-01 1.869216e+00 -6.151203e-02 -3.052277e+00 -1.417510e+00 -2.324453e+00 -6.040429e-01 -9.858196e-01 -6.397246e-01 4.581761e-01 -9.235028e-01 1.233343e-02
<VARIANCE> 25
 3.318716e+01 2.041817e+01 4.591538e+01 2.491735e+01 3.670405e+01 3.579221e+01 3.692328e+01 2.983592e+01 2.713882e+01 2.644751e+01 1.948973e+01 1.861374e+01 3.576011e+00 4.861920e+00 6.772363e+00 4.987722e+00 4.377863e+00 8.158924e+00 5.185184e+00 5.252045e+00 4.918040e+00 4.501792e+00 4.013087e+00 3.431521e+00 4.808151e-03
<GCONST> 9.980108e+01
<MIXTURE> 43 7.108249e-03
<MEAN> 25
 3.161510e+00 -6.303786e+00 -2.252865e+00 -5.176588e+00 -7.386600e+00 -3.403407e+00 4.133469e+00 1.310785e+00 -5.052324e+00 -7.096165e+00 -4.322777e+00 -1.250926e+00 2.372448e-01 2.164113e+00 1.911368e+00 -1.329560e-01 -1.427541e+00 -7.937024e-01 -9.692321e-01 -7.809787e-01 8.202664e-01 1.470721e+00 3.420212e-01 1.836931e-02 -4.513025e-02
<VARIANCE> 25
 9.627201e+00 1.969317e+01 2.733513e+01 3.531345e+01 3.853986e+01 3.661731e+01 3.330614e+01 3.977922e+01 3.974699e+01 3.860138e+01 2.654332e+01 2.958257e+01 6.903629e-01 1.248865e+00 1.575349e+00 2.488416e+00 2.380139e+00 2.387146e+00 2.653176e+00 3.027618e+00 2.607469e+00 2.582033e+00 2.330454e+00 1.922936e+00 9.428480e-04
<GCONST> 8.798618e+01
<MIXTURE> 44 7.328289e-03
<MEAN> 25
 -1.520859e+01 1.519600e+00 3.567122e+00 -3.116502e+00 3.318316e+00 2.084765e+00 -3.923711e-02 2.314317e+00 1.578738e+00 -8.780438e-01 1.793472e+00 2.086259e+00 -1.811834e-01 -2.526928e-02 1.577683e-01 3.025582e-01 -9.403542e-02 1.849425e-01 4.519645e-01 1.267812e-01 2.642424e-01 1.384110e-01 7.392079e-02 1.227431e-01 5.377558e-03
<VARIANCE> 25
 4.263882e+01 2.757710e+01 3.422267e+01 3.107865e+01 2.923415e+01 2.956109e+01 2.476164e+01 3.211940e+01 2.771669e+01 2.744015e+01 2.681157e+01 1.991939e+01 1.221824e+00 1.549219e+00 1.400954e+00 1.327579e+00 2.164373e+00 1.670325e+00 1.499831e+00 1.637421e+00 1.570371e+00 1.485904e+00 1.367092e+00 1.256279e+00 1.328342e-03
<GCONST> 8.454778e+01
<MIXTURE> 45 1.364932e-02
<MEAN> 25
 -1.207774e+01 3.375302e+00 -1.740272e+00 3.632151e+00 5.274075e+00 -1.940785e-01 5.319771e+00 2.123274e+00 3.219384e+00 1.612469e+00 3.058715e+00 2.659436e+00 -2.810131e+00 5.535669e-01 -5.127918e-01 -4.955692e-01 1.412435e-01 -6.719894e-02 3.384942e-01 1.602267e-02 2.198842e-01 -1.293899e-01 1.296445e-01 8.232860e-02 1.143453e-01
<VARIANCE> 25
 3.088407e+01 2.654331e+01 2.888438e+01 3.459616e+01 2.944715e+01 2.708607e+01 2.881299e+01 2.663955e+01 2.331642e+01 2.375776e+01 2.792469e+01 1.404902e+01 2.226559e+00 2.714173e+00 2.523300e+00 2.385997e+00 2.229015e+00 2.399362e+00 2.124246e+00 2.033321e+00 2.845923e+00 2.136473e+00 1.891458e+00 1.473134e+00 3.708990e-03
<GCONST> 8.914373e+01
<MIXTURE> 46 9.336259e-03
<MEAN> 25
 -9.389626e+00 2.339527e+00 1.125534e+00 7.563120e+00 5.932192e+00 3.230193e+00 7.027953e+00 4.362981e+00 5.697023e+00 4.619900e+00 5.003291e+00 2.970265e+00 1.054736e+00 -2.352903e-01 6.062360e-02 9.878883e-01 5.803722e-01 9.666070e-01 4.068811e-01 6.620184e-01 4.617353e-01 4.933947e-01 6.447924e-01 5.076969e-01 -1.053737e-01
<VARIANCE> 25
 3.441695e+01 4.356749e+01 3.871793e+01 4.946561e+01 5.046531e+01 4.185910e+01 3.692745e+01 3.681173e+01 3.285560e+01 3.119407e+01 2.814481e+01 2.032844e+01 3.881999e+00 4.107154e+00 3.915433e+00 4.121852e+00 4.195007e+00 3.774570e+00 3.439981e+00 3.105527e+00 2.982633e+00 2.881943e+00 2.302328e+00 1.803826e+00 7.917789e-03
<GCONST> 9.838708e+01
<MIXTURE> 47 7.116147e-03
<MEAN> 25
 7.246354e+00 -7.520729e+00 -7.548644e+00 -6.595330e+00 2.118700e+00 1.039636e+00 -2.693466e+00 1.262570e+00 3.248821e+00 2.298685e-01 -4.449425e+00 -6.576341e+00 -1.570386e-01 -1.230393e+00 -6.204677e-01 -4.412162e-01 6.357884e-01 8.747056e-01 7.764201e-01 3.401184e-01 1.127336e-01 -8.449018e-01 -4.167866e-01 -4.584686e-01 2.972044e-02
<VARIANCE> 25
 1.051382e+01 2.105405e+01 2.096371e+01 3.276512e+01 4.524676e+01 5.259131e+01 4.653914e+01 3.953165e+01 4.327529e+01 4.556066e+01 4.787799e+01 3.302183e+01 5.207298e-01 7.666789e-01 1.226108e+00 1.622061e+00 1.915716e+00 2.218049e+00 2.526959e+00 2.462593e+00 2.125283e+00 2.113527e+00 2.182761e+00 1.940705e+00 5.395294e-04
<GCONST> 8.658877e+01
<MIXTURE> 48 7.116147e-03
<MEAN> 25
 7.246354e+00 -7.520729e+00 -7.548644e+00 -6.595330e+00 2.118700e+00 1.039636e+00 -2.693466e+00 1.262570e+00 3.248821e+00 2.298685e-01 -4.449425e+00 -6.576341e+00 -1.570386e-01 -1.230393e+00 -6.204677e-01 -4.412162e-01 6.357884e-01 8.747056e-01 7.764201e-01 3.401184e-01 1.127336e-01 -8.449018e-01 -4.167866e-01 -4.584686e-01 2.972044e-02
<VARIANCE> 25
 1.051382e+01 2.105405e+01 2.096371e+01 3.276512e+01 4.524676e+01 5.259131e+01 4.653914e+01 3.953165e+01 4.327529e+01 4.556066e+01 4.787799e+01 3.302183e+01 5.207298e-01 7.666789e-01 1.226108e+00 1.622061e+00 1.915716e+00 2.218049e+00 2.526959e+00 2.462593e+00 2.125283e+00 2.113527e+00 2.182761e+00 1.940705e+00 5.395294e-04
<GCONST> 8.658877e+01
<MIXTURE> 49 5.548473e-03
<MEAN> 25
 -4.985800e+00 4.007429e-01 1.284155e-01 8.354078e+00 6.130556e+00 5.717340e+00 6.199627e+00 4.285233e+00 4.890374e+00 3.634365e+00 4.873818e+00 2.731962e+00 3.546496e-01 6.403381e-01 6.895987e-01 3.663418e-01 -2.009835e-01 -6.547658e-01 -1.017585e+00 -1.115993e+00 -9.224260e-01 -6.726269e-01 -4.716318e-01 -2.515310e-01 -1.844143e-04
<VARIANCE> 25
 9.622187e+00 9.815963e+00 1.408599e+01 1.576860e+01 1.571638e+01 1.703778e+01 1.989438e+01 2.053534e+01 1.868532e+01 1.766790e+01 2.027581e+01 1.461074e+01 2.770365e-01 2.635966e-01 3.646078e-01 6.411656e-01 8.618203e-01 9.583574e-01 9.898040e-01 1.038941e+00 1.150222e+00 1.190517e+00 1.272563e+00 1.210890e+00 1.499582e-05
<GCONST> 6.439696e+01
<MIXTURE> 50 6.234641e-03
<MEAN> 25
 -4.624575e+00 1.213320e-01 -1.479090e+00 6.174146e+00 4.232771e+00 2.336609e+00 3.731860e+00 1.930252e+00 2.784049e+00 1.405746e+00 2.193670e+00 2.844141e+00 5.541484e-02 1.756426e-01 9.380981e-02 -1.765128e-01 -5.228131e-01 -6.143796e-01 -4.488958e-01 -6.630664e-02 4.307155e-01 7.610044e-01 7.411186e-01 4.385581e-01 -3.790056e-05
<VARIANCE> 25
 1.058839e+01 1.111456e+01 1.426447e+01 1.531804e+01 1.520231e+01 1.870834e+01 1.843100e+01 1.956949e+01 1.834756e+01 1.730122e+01 2.153556e+01 1.505155e+01 1.433050e-01 2.369447e-01 3.748246e-01 5.122328e-01 6.036386e-01 7.272339e-01 9.927435e-01 1.127581e+00 1.059292e+00 9.153506e-01 9.093412e-01 9.825810e-01 1.045075e-06
<GCONST> 5.952328e+01
<MIXTURE> 51 6.234641e-03
<MEAN> 25
 -4.624575e+00 1.213320e-01 -1.479090e+00 6.174146e+00 4.232771e+00 2.336609e+00 3.731860e+00 1.930252e+00 2.784049e+00 1.405746e+00 2.193670e+00 2.844141e+00 5.541484e-02 1.756426e-01 9.380981e-02 -1.765128e-01 -5.228131e-01 -6.143796e-01 -4.488958e-01 -6.630664e-02 4.307155e-01 7.610044e-01 7.411186e-01 4.385581e-01 -3.790056e-05
<VARIANCE> 25
 1.058839e+01 1.111456e+01 1.426447e+01 1.531804e+01 1.520231e+01 1.870834e+01 1.843100e+01 1.956949e+01 1.834756e+01 1.730122e+01 2.153556e+01 1.505155e+01 1.433050e-01 2.369447e-01 3.748246e-01 5.122328e-01 6.036386e-01 7.272339e-01 9.927435e-01 1.127581e+00 1.059292e+00 9.153506e-01 9.093412e-01 9.825810e-01 1.045075e-06
<GCONST> 5.952328e+01
<MIXTURE> 52 6.367945e-03
<MEAN> 25
 9.775325e+00 2.386355e+00 -6.201129e+00 -1.383353e+01 -4.743422e+00 8.255050e+00 -2.448256e+00 -2.718532e+00 -4.678068e+00 -2.112560e+00 3.419137e+00 5.743659e-01 -4.205918e-01 -5.491646e-01 -1.227906e-01 1.345662e+00 1.441561e+00 -5.541458e-01 -6.335813e-01 -7.354800e-01 3.045254e-01 1.228741e+00 4.541411e-01 -4.368554e-01 -1.505192e-02
<VARIANCE> 25
 9.340121e+00 1.932103e+01 2.298849e+01 3.837582e+01 4.338738e+01 2.896389e+01 4.700382e+01 4.494821e+01 4.320027e+01 4.202411e+01 3.726645e+01 2.747293e+01 4.349467e-01 1.530223e+00 1.391079e+00 3.091431e+00 2.751374e+00 2.049411e+00 3.428474e+00 2.924722e+00 3.532899e+00 2.772943e+00 2.642390e+00 2.282654e+00 1.568366e-03
<GCONST> 8.986009e+01
<MIXTURE> 53 6.367945e-03
<MEAN> 25
 9.775325e+00 2.386355e+00 -6.201129e+00 -1.383353e+01 -4.743422e+00 8.255050e+00 -2.448256e+00 -2.718532e+00 -4.678068e+00 -2.112560e+00 3.419137e+00 5.743659e-01 -4.205918e-01 -5.491646e-01 -1.227906e-01 1.345662e+00 1.441561e+00 -5.541458e-01 -6.335813e-01 -7.354800e-01 3.045254e-01 1.228741e+00 4.541411e-01 -4.368554e-01 -1.505192e-02
<VARIANCE> 25
 9.340121e+00 1.932103e+01 2.298849e+01 3.837582e+01 4.338738e+01 2.896389e+01 4.700382e+01 4.494821e+01 4.320027e+01 4.202411e+01 3.726645e+01 2.747293e+01 4.349467e-01 1.530223e+00 1.391079e+00 3.091431e+00 2.751374e+00 2.049411e+00 3.428474e+00 2.924722e+00 3.532899e+00 2.772943e+00 2.642390e+00 2.282654e+00 1.568366e-03
<GCONST> 8.986009e+01
<MIXTURE> 54 7.368620e-03
<MEAN> 25
 -3.633630e+00 5.089572e-02 -6.843601e-01 8.037313e+00 6.484645e+00 4.625637e+00 4.676819e+00 4.598560e+00 4.052854e+00 3.592482e+00 4.456087e+00 2.325953e+00 -2.215529e-03 2.682386e-02 3.430966e-02 4.754156e-02 5.168027e-02 4.739294e-02 3.948075e-02 2.930912e-02 3.066309e-02 2.533574e-02 1.433054e-02 1.667348e-03 -1.313343e-05
<VARIANCE> 25
 9.133959e+00 1.036503e+01 9.295321e+00 1.818050e+01 1.331688e+01 1.352818e+01 1.197172e+01 1.129195e+01 1.133822e+01 1.354823e+01 1.780058e+01 1.252948e+01 4.087512e-02 8.751418e-02 1.540852e-01 2.264988e-01 3.083192e-01 3.970995e-01 4.622774e-01 5.220155e-01 5.419050e-01 5.211647e-01 5.144042e-01 5.162509e-01 1.001630e-06
<GCONST> 4.725498e+01
<MIXTURE> 55 7.368620e-03
<MEAN> 25
 -3.633630e+00 5.089572e-02 -6.843601e-01 8.037313e+00 6.484645e+00 4.625637e+00 4.676819e+00 4.598560e+00 4.052854e+00 3.592482e+00 4.456087e+00 2.325953e+00 -2.215529e-03 2.682386e-02 3.430966e-02 4.754156e-02 5.168027e-02 4.739294e-02 3.948075e-02 2.930912e-02 3.066309e-02 2.533574e-02 1.433054e-02 1.667348e-03 -1.313343e-05
<VARIANCE> 25
 9.133959e+00 1.036503e+01 9.295321e+00 1.818050e+01 1.331688e+01 1.352818e+01 1.197172e+01 1.129195e+01 1.133822e+01 1.354823e+01 1.780058e+01 1.252948e+01 4.087512e-02 8.751418e-02 1.540852e-01 2.264988e-01 3.083192e-01 3.970995e-01 4.622774e-01 5.220155e-01 5.419050e-01 5.211647e-01 5.144042e-01 5.162509e-01 1.001630e-06
<GCONST> 4.725498e+01
<MIXTURE> 56 6.132464e-03
<MEAN> 25
 7.370733e+00 -6.490421e+00 -7.888536e+00 -7.921780e+00 5.054623e+00 4.383745e+00 -3.051692e+00 -6.967731e-01 2.406098e+00 5.282704e-01 -2.952624e+00 -7.151510e+00 2.453664e-03 9.865277e-02 2.619918e-02 1.386396e-01 2.019835e-01 1.632837e-01 1.056424e-01 -1.515713e-01 -1.200383e-01 -7.690298e-03 -9.466068e-03 1.384653e-02 -9.597766e-03
<VARIANCE> 25
 8.371986e+00 2.473874e+01 2.678766e+01 4.098341e+01 4.156366e+01 5.048006e+01 6.160991e+01 3.622581e+01 3.535460e+01 3.290652e+01 3.773766e+01 2.956446e+01 1.944741e-01 4.204471e-01 4.831811e-01 8.146844e-01 7.393994e-01 1.143401e+00 8.900163e-01 9.013886e-01 8.843238e-01 8.574505e-01 9.883871e-01 7.204138e-01 2.618424e-04
<GCONST> 7.502847e+01
<MIXTURE> 57 6.132464e-03
<MEAN> 25
 7.370733e+00 -6.490421e+00 -7.888536e+00 -7.921780e+00 5.054623e+00 4.383745e+00 -3.051692e+00 -6.967731e-01 2.406098e+00 5.282704e-01 -2.952624e+00 -7.151510e+00 2.453664e-03 9.865277e-02 2.619918e-02 1.386396e-01 2.019835e-01 1.632837e-01 1.056424e-01 -1.515713e-01 -1.200383e-01 -7.690298e-03 -9.466068e-03 1.384653e-02 -9.597766e-03
<VARIANCE> 25
 8.371986e+00 2.473874e+01 2.678766e+01 4.098341e+01 4.156366e+01 5.048006e+01 6.160991e+01 3.622581e+01 3.535460e+01 3.290652e+01 3.773766e+01 2.956446e+01 1.944741e-01 4.204471e-01 4.831811e-01 8.146844e-01 7.393994e-01 1.143401e+00 8.900163e-01 9.013886e-01 8.843238e-01 8.574505e-01 9.883871e-01 7.204138e-01 2.618424e-04
<GCONST> 7.502847e+01
<MIXTURE> 58 6.172147e-03
<MEAN> 25
 2.429530e+00 -3.891537e+00 8.792251e+00 -6.191090e+00 -1.312462e+01 -7.274805e+00 5.787439e-01 2.122735e+00 -3.814910e+00 2.577440e+00 7.454069e-01 5.079897e-01 -1.888947e-02 -1.359633e-01 -2.055872e-01 -2.497466e-01 7.252903e-02 1.990397e-01 5.024433e-01 1.873986e-01 -1.354621e-01 -5.492847e-02 -2.710957e-01 -1.793755e-01 -4.791321e-03
<VARIANCE> 25
 6.240605e+00 1.571172e+01 2.266659e+01 2.562479e+01 1.933510e+01 4.859008e+01 3.687230e+01 3.566420e+01 3.431407e+01 2.939810e+01 2.009832e+01 2.319919e+01 2.798053e-01 6.909447e-01 7.520971e-01 1.070646e+00 7.982949e-01 1.047520e+00 1.030659e+00 1.257573e+00 1.343472e+00 1.183192e+00 1.252242e+00 7.216766e-01 7.974300e-04
<GCONST> 7.543370e+01
<MIXTURE> 59 6.172147e-03
<MEAN> 25
 2.429530e+00 -3.891537e+00 8.792251e+00 -6.191090e+00 -1.312462e+01 -7.274805e+00 5.787439e-01 2.122735e+00 -3.814910e+00 2.577440e+00 7.454069e-01 5.079897e-01 -1.888947e-02 -1.359633e-01 -2.055872e-01 -2.497466e-01 7.252903e-02 1.990397e-01 5.024433e-01 1.873986e-01 -1.354621e-01 -5.492847e-02 -2.710957e-01 -1.793755e-01 -4.791321e-03
<VARIANCE> 25
 6.240605e+00 1.571172e+01 2.266659e+01 2.562479e+01 1.933510e+01 4.859008e+01 3.687230e+01 3.566420e+01 3.431407e+01 2.939810e+01 2.009832e+01 2.319919e+01 2.798053e-01 6.909447e-01 7.520971e-01 1.070646e+00 7.982949e-01 1.047520e+00 1.030659e+00 1.257573e+00 1.343472e+00 1.183192e+00 1.252242e+00 7.216766e-01 7.974300e-04
<GCONST> 7.543370e+01
<MIXTURE> 60 4.479129e-03
<MEAN> 25
 -4.063215e+00 -3.937988e-01 -9.838976e-01 3.942810e+00 1.839592e+00 2.432506e+00 2.202291e+00 1.121390e+00 2.067411e+00 1.160974e+00 2.293977e+00 1.303844e+00 -1.369899e-02 5.335367e-02 1.202982e-01 1.729648e-01 9.789291e-02 1.397679e-01 1.540417e-01 2.995825e-01 4.918146e-01 6.206348e-01 5.267496e-01 2.657971e-01 -1.259667e-03
<VARIANCE> 25
 6.405239e+00 4.775009e+00 9.462227e+00 1.059955e+01 1.236870e+01 1.644304e+01 1.444054e+01 1.243694e+01 1.167535e+01 1.266637e+01 1.478615e+01 1.395603e+01 9.626343e-02 1.595583e-01 2.692983e-01 6.364885e-01 6.063703e-01 7.061643e-01 7.665340e-01 8.016619e-01 9.509439e-01 7.832228e-01 9.206392e-01 8.006650e-01 2.671578e-05
<GCONST> 5.640262e+01
<MIXTURE> 61 4.479129e-03
<MEAN> 25
 -4.063215e+00 -3.937988e-01 -9.838976e-01 3.942810e+00 1.839592e+00 2.432506e+00 2.202291e+00 1.121390e+00 2.067411e+00 1.160974e+00 2.293977e+00 1.303844e+00 -1.369899e-02 5.335367e-02 1.202982e-01 1.729648e-01 9.789291e-02 1.397679e-01 1.540417e-01 2.995825e-01 4.918146e-01 6.206348e-01 5.267496e-01 2.657971e-01 -1.259667e-03
<VARIANCE> 25
 6.405239e+00 4.775009e+00 9.462227e+00 1.059955e+01 1.236870e+01 1.644304e+01 1.444054e+01 1.243694e+01 1.167535e+01 1.266637e+01 1.478615e+01 1.395603e+01 9.626343e-02 1.595583e-01 2.692983e-01 6.364885e-01 6.063703e-01 7.061643e-01 7.665340e-01 8.016619e-01 9.509439e-01 7.832228e-01 9.206392e-01 8.006650e-01 2.671578e-05
<GCONST> 5.640262e+01
<MIXTURE> 62 3.278034e-03
<MEAN> 25
 -5.077444e+00 1.253440e+00 9.902848e-01 8.822605e+00 6.133738e+00 5.062191e+00 5.504858e+00 3.996521e+00 4.947097e+00 3.952499e+00 4.994293e+00 2.931114e+00 -9.928759e-01 -1.164675e+00 -9.554492e-01 -2.698586e-01 4.194089e-01 9.874890e-01 1.382124e+00 1.542780e+00 1.481408e+00 1.247912e+00 1.075345e+00 7.299928e-01 -1.194847e-03
<VARIANCE> 25
 9.830841e+00 9.946688e+00 1.320361e+01 1.664111e+01 1.738494e+01 1.745602e+01 1.956968e+01 1.918281e+01 1.893613e+01 1.884272e+01 2.154349e+01 1.479709e+01 4.143998e-01 4.296429e-01 5.512264e-01 7.812660e-01 1.037765e+00 1.229988e+00 1.244481e+00 1.283493e+00 1.321501e+00 1.360586e+00 1.400217e+00 1.365173e+00 1.693891e-05
<GCONST> 6.759995e+01
<MIXTURE> 63 4.351215e-03
<MEAN> 25
 -4.069601e+00 -2.087233e+00 -4.334542e+00 3.160151e+00 3.292447e+00 1.883485e-01 3.318313e+00 1.290418e+00 2.169958e+00 -1.088600e+00 -6.627066e-01 2.081545e+00 -1.092090e-01 3.071231e-01 3.895531e-01 5.216245e-01 4.029981e-01 4.124395e-01 4.493252e-01 2.001796e-01 1.048610e-01 2.341475e-01 1.445501e-01 3.272016e-02 -5.266385e-03
<VARIANCE> 25
 8.116490e+00 1.456746e+01 1.604538e+01 1.580646e+01 1.760497e+01 2.617316e+01 2.261868e+01 2.308100e+01 2.313616e+01 2.110713e+01 1.959060e+01 1.723891e+01 2.639037e-01 4.315580e-01 6.481645e-01 7.401551e-01 9.427365e-01 1.112177e+00 1.247321e+00 1.267189e+00 1.272215e+00 1.420746e+00 1.332830e+00 1.256350e+00 1.747073e-04
<GCONST> 7.071257e+01
<MIXTURE> 64 4.351215e-03
<MEAN> 25
 -4.069601e+00 -2.087233e+00 -4.334542e+00 3.160151e+00 3.292447e+00 1.883485e-01 3.318313e+00 1.290418e+00 2.169958e+00 -1.088600e+00 -6.627066e-01 2.081545e+00 -1.092090e-01 3.071231e-01 3.895531e-01 5.216245e-01 4.029981e-01 4.124395e-01 4.493252e-01 2.001796e-01 1.048610e-01 2.341475e-01 1.445501e-01 3.272016e-02 -5.266385e-03
<VARIANCE> 25
 8.116490e+00 1.456746e+01 1.604538e+01 1.580646e+01 1.760497e+01 2.617316e+01 2.261868e+01 2.308100e+01 2.313616e+01 2.110713e+01 1.959060e+01 1.723891e+01 2.639037e-01 4.315580e-01 6.481645e-01 7.401551e-01 9.427365e-01 1.112177e+00 1.247321e+00 1.267189e+00 1.272215e+00 1.420746e+00 1.332830e+00 1.256350e+00 1.747073e-04
<GCONST> 7.071257e+01
<MIXTURE> 65 1.721197e-02
<MEAN> 25
 7.524776e+00 2.451652e+00 1.433803e+00 1.157123e+00 -4.409167e+00 -2.925037e+00 -4.513323e+00 -6.060620e+00 -2.910650e+00 -2.581541e+00 -6.241344e+00 -3.521522e+00 9.206399e-02 1.128443e-01 1.357414e-01 1.929779e-01 -1.780958e-01 2.866645e-01 -2.610622e-02 -2.112749e-01 5.218905e-02 -1.808866e-02 -2.672766e-02 -1.147071e-01 -6.941491e-03
<VARIANCE> 25
 9.806700e+00 1.699566e+01 2.615993e+01 3.395827e+01 4.015002e+01 5.897409e+01 5.763444e+01 5.317105e+01 5.342001e+01 4.998521e+01 4.990353e+01 5.385585e+01 5.455902e-01 8.581185e-01 1.506347e+00 1.669884e+00 1.739836e+00 2.362062e+00 2.179139e+00 2.648396e+00 2.320390e+00 2.337651e+00 2.224797e+00 1.847376e+00 3.844262e-04
<GCONST> 8.800629e+01
<MIXTURE> 66 1.191532e-02
<MEAN> 25
 6.578408e+00 -4.477724e+00 -5.491982e+00 -5.194790e+00 1.499573e+00 -4.898674e+00 -7.903300e+00 1.542994e+00 1.557619e+00 -1.962401e+00 -6.475025e+00 -3.178579e+00 8.683651e-03 1.759923e+00 1.905810e+00 2.173810e+00 -1.272186e+00 -1.013239e+00 1.981795e-01 -6.534665e-01 5.361268e-02 -2.167961e-01 1.006162e-02 7.393196e-01 -6.606022e-02
<VARIANCE> 25
 8.371462e+00 2.346831e+01 2.511611e+01 3.315586e+01 3.602887e+01 5.014098e+01 6.365767e+01 4.280409e+01 5.721249e+01 6.130717e+01 3.504953e+01 3.572978e+01 1.216350e+00 2.409216e+00 3.272805e+00 2.491210e+00 3.873519e+00 4.532657e+00 4.300439e+00 4.592849e+00 4.526310e+00 4.588487e+00 4.174206e+00 3.921148e+00 1.434604e-03
<GCONST> 9.696102e+01
<MIXTURE> 67 1.559142e-02
<MEAN> 25
 7.934043e+00 3.205453e+00 -6.066653e+00 -9.859317e+00 -1.888279e+00 3.260578e+00 -5.476074e+00 -3.942719e-01 -4.916498e+00 1.039123e+00 -1.192178e+00 -2.864470e+00 -6.605789e-01 1.773645e+00 6.475822e-01 2.864275e+00 1.055443e+00 -4.525023e-01 2.526194e+00 -3.946935e-02 7.023126e-01 -4.023534e-01 -1.297016e-01 7.770528e-02 -1.239067e-01
<VARIANCE> 25
 9.683784e+00 3.883970e+01 2.135853e+01 5.174434e+01 5.662586e+01 4.551757e+01 6.663506e+01 3.978193e+01 1.429435e+02 4.724895e+01 3.977064e+01 3.852085e+01 1.627978e+00 3.644026e+00 2.679320e+00 3.331021e+00 3.301893e+00 5.185098e+00 5.245343e+00 4.093248e+00 5.919309e+00 4.106227e+00 4.274077e+00 4.923894e+00 2.314136e-03
<GCONST> 1.008189e+02
<MIXTURE> 68 1.485092e-02
<MEAN> 25
 -1.744946e+00 -1.932077e+00 -4.523490e+00 1.172343e+00 4.794451e+00 -7.551877e-01 1.744506e+00 9.272823e-01 1.806954e+00 1.136735e+00 7.040511e-01 1.923502e+00 2.590270e+00 4.400975e-01 8.968144e-02 -2.806703e+00 -2.509253e+00 -1.624893e+00 -2.624349e+00 -1.625388e+00 -1.944740e+00 -1.351647e+00 -1.743858e+00 -7.504117e-01 1.111403e-01
<VARIANCE> 25
 2.520561e+01 3.089679e+01 6.102034e+01 5.324287e+01 4.474275e+01 5.312695e+01 4.218629e+01 4.457309e+01 4.030794e+01 4.273739e+01 3.452330e+01 2.332197e+01 1.965795e+00 3.735711e+00 6.688143e+00 5.661376e+00 5.028770e+00 6.150269e+00 5.859581e+00 5.030641e+00 5.336823e+00 4.936458e+00 5.117861e+00 4.454964e+00 6.100384e-03
<GCONST> 1.038880e+02
<MIXTURE> 69 1.204884e-02
<MEAN> 25
 4.230945e+00 -4.345968e+00 -3.431536e+00 -3.744627e+00 -2.087549e+00 -7.821772e+00 -3.717360e+00 2.427429e+00 9.355071e-01 -4.372169e+00 -6.219037e+00 1.446925e+00 1.220676e+00 -2.586609e+00 -1.280509e+00 -2.519607e+00 2.617975e-01 -3.633759e-01 -1.203518e+00 1.178483e+00 -4.860920e-01 -8.388322e-01 -2.139732e+00 7.961639e-02 7.582176e-02
<VARIANCE> 25
 7.986735e+00 2.345775e+01 2.220382e+01 2.297112e+01 4.558662e+01 3.251347e+01 7.119821e+01 3.369033e+01 3.805188e+01 3.217941e+01 2.969160e+01 2.254279e+01 4.069910e+00 2.881839e+00 3.037590e+00 3.538802e+00 6.781218e+00 4.621014e+00 7.733067e+00 6.924032e+00 4.879988e+00 6.102316e+00 3.707513e+00 3.991943e+00 2.639288e-03
<GCONST> 9.852830e+01
<MIXTURE> 70 1.329190e-02
<MEAN> 25
 7.366118e+00 -2.171432e+00 -3.995167e+00 -3.694599e+00 8.694709e-02 -5.177542e-01 -7.581887e+00 -3.934205e+00 7.412786e-01 2.757074e+00 -3.098484e-01 -4.715772e+00 1.902942e+00 -1.194496e+00 -7.642182e-01 -2.213221e+00 -1.263286e+00 1.197792e+00 -1.481115e+00 -1.158876e-01 2.715521e-01 2.296594e-02 5.228183e-01 -1.452393e+00 6.046225e-02
<VARIANCE> 25
 9.837662e+00 2.399691e+01 2.724535e+01 4.498132e+01 4.195837e+01 4.299566e+01 4.794082e+01 4.230340e+01 4.790066e+01 3.152998e+01 4.561061e+01 2.704513e+01 3.483244e+00 3.147660e+00 4.802425e+00 5.210088e+00 6.317925e+00 6.613359e+00 6.908924e+00 7.189984e+00 6.018679e+00 5.211812e+00 6.145159e+00 4.225093e+00 2.489468e-03
<GCONST> 1.020317e+02
<MIXTURE> 71 1.406903e-02
<MEAN> 25
 6.475493e+00 4.717864e+00 4.130002e+00 2.909316e+00 -4.346332e+00 -2.985559e+00 -3.268650e+00 -6.192526e+00 -3.295400e+00 -3.158141e+00 -5.611991e+00 -3.403611e+00 -1.589129e+00 -8.929871e-01 -7.983571e-01 -1.150486e+00 1.723667e+00 -8.541932e-01 -7.924789e-01 1.436745e+00 8.552722e-01 9.056718e-02 4.832982e-01 5.572300e-01 4.203514e-02
<VARIANCE> 25
 1.771358e+01 2.084142e+01 2.176717e+01 4.058968e+01 3.675599e+01 3.538974e+01 3.676116e+01 3.365534e+01 3.727705e+01 3.974890e+01 4.031050e+01 3.360320e+01 1.402146e+00 2.683858e+00 5.153946e+00 5.548097e+00 5.214925e+00 5.901820e+00 6.747236e+00 4.896114e+00 4.792950e+00 3.693793e+00 3.424138e+00 3.011331e+00 1.405018e-03
<GCONST> 9.768781e+01
<MIXTURE> 72 8.134747e-03
<MEAN> 25
 3.839562e+00 -3.641609e+00 5.588136e+00 -2.566272e+00 -1.045514e+01 -9.495469e+00 -2.417220e+00 1.883021e+00 -5.010296e+00 -2.187636e+00 -1.912794e+00 6.187725e-01 9.161371e-01 -7.567217e-01 -2.566400e+00 4.989218e-01 2.119960e+00 -6.864257e-01 -1.297048e+00 1.492877e+00 1.827719e+00 -5.980877e-01 -1.285525e+00 3.912176e-01 -6.848589e-03
<VARIANCE> 25
 1.096367e+01 1.984313e+01 3.294151e+01 3.837264e+01 3.172035e+01 3.531150e+01 4.046106e+01 3.618760e+01 4.323916e+01 4.171815e+01 3.852915e+01 2.823450e+01 4.435843e-01 1.039992e+00 1.987899e+00 1.524971e+00 2.165166e+00 2.424853e+00 3.085077e+00 2.740212e+00 2.723695e+00 2.906366e+00 1.986988e+00 2.097206e+00 5.611064e-04
<GCONST> 8.741012e+01
<MIXTURE> 73 1.213625e-02
<MEAN> 25
 -5.018297e+00 -8.815197e-01 -1.746940e+00 5.381723e+00 4.139279e+00 2.046459e+00 5.031368e+00 2.601035e+00 4.952131e+00 2.810265e+00 4.160889e+00 2.888821e+00 9.019017e-01 -1.005842e+00 -1.211926e+00 -2.784520e+00 -8.525552e-01 -1.644042e+00 -1.153472e+00 -2.957476e-01 -9.219025e-01 -5.640559e-01 -9.200378e-01 -3.901148e-02 1.492098e-01
<VARIANCE> 25
 1.195841e+01 1.099863e+01 1.430396e+01 1.885747e+01 2.066212e+01 2.577927e+01 2.027757e+01 2.192559e+01 1.964666e+01 2.081967e+01 2.045922e+01 1.794058e+01 3.455637e+00 2.775022e+00 7.163445e+00 4.205324e+00 6.866647e+00 4.494497e+00 4.012747e+00 3.673063e+00 3.712803e+00 3.625237e+00 3.706764e+00 3.926983e+00 3.844222e-03
<GCONST> 9.222050e+01
<MIXTURE> 74 1.756491e-02
<MEAN> 25
 4.119113e+00 -2.097026e+00 6.860982e+00 -4.060665e+00 -8.756249e+00 -1.003955e+01 -1.381682e+00 1.835350e+00 -4.670651e+00 6.346804e-01 -1.037684e+00 1.628926e+00 3.087573e-01 1.765148e+00 -5.348151e-01 1.607144e+00 7.724542e-01 1.250414e+00 6.273010e-01 -1.814027e+00 6.578158e-01 -5.539513e-01 -4.131230e-01 -6.749812e-01 -7.701027e-02
<VARIANCE> 25
 7.629961e+00 2.107501e+01 2.723678e+01 3.277856e+01 2.491095e+01 3.028102e+01 3.893725e+01 3.206716e+01 4.428075e+01 5.340740e+01 3.174193e+01 2.399491e+01 1.604680e+00 1.660307e+00 2.734766e+00 1.590912e+00 3.080010e+00 4.616501e+00 3.897186e+00 3.453616e+00 3.814171e+00 3.301761e+00 2.349462e+00 2.404766e+00 1.168334e-03
<GCONST> 9.119820e+01
<MIXTURE> 75 9.711651e-03
<MEAN> 25
 2.731577e+00 -1.913689e+00 1.133619e+01 1.224542e+00 -1.154180e+01 -8.623377e+00 -4.345098e+00 -4.005151e-02 -4.622426e+00 -3.704223e+00 3.587967e+00 8.620792e-01 1.905460e+00 -2.006094e+00 6.398566e-01 -6.350340e-01 -2.511712e+00 -8.898981e-01 -1.578140e+00 1.246856e+00 -3.626948e-01 -2.474408e-01 9.199876e-01 -5.326778e-01 4.752906e-02
<VARIANCE> 25
 9.797459e+00 1.872345e+01 2.774570e+01 2.647429e+01 2.489319e+01 3.439211e+01 2.815205e+01 2.876209e+01 3.041762e+01 3.297192e+01 1.854068e+01 2.197958e+01 2.512403e+00 2.026856e+00 5.108785e+00 3.055523e+00 3.542462e+00 4.896715e+00 3.914205e+00 3.553099e+00 3.796821e+00 3.054330e+00 2.878550e+00 2.265915e+00 1.830601e-03
<GCONST> 9.201229e+01
<MIXTURE> 76 1.052359e-02
<MEAN> 25
 -6.531661e+00 -1.151012e+00 -2.352020e+00 5.008784e+00 3.642231e+00 2.088026e+00 5.244246e+00 1.204565e+00 2.010468e+00 -3.618245e-02 2.466286e+00 3.043735e+00 -3.209604e-01 -5.284792e-01 -4.031073e-01 -6.633248e-01 -5.879074e-01 -8.361724e-01 -5.690600e-01 -2.078346e-01 -3.536047e-01 -6.341531e-01 -2.290138e-01 -7.419826e-02 2.933922e-02
<VARIANCE> 25
 3.024690e+01 2.487220e+01 2.772394e+01 2.580164e+01 3.023985e+01 2.570216e+01 2.900250e+01 2.584691e+01 2.304050e+01 2.462659e+01 2.658774e+01 2.154057e+01 1.380659e+00 1.022189e+00 1.492744e+00 1.230018e+00 1.220609e+00 1.450158e+00 1.379425e+00 1.674307e+00 1.571371e+00 1.967295e+00 1.233008e+00 1.296585e+00 1.359053e-03
<GCONST> 8.246667e+01
<MIXTURE> 77 1.244626e-02
<MEAN> 25
 -3.749894e-01 8.491723e+00 1.246450e+01 -1.156991e+01 -7.078118e+00 1.033495e+00 -9.172147e+00 -7.271940e+00 -3.470429e+00 -2.802698e-01 -4.701289e+00 -1.540285e+00 7.089067e-02 1.459504e-01 6.661749e-02 2.490039e-01 -1.568497e-02 7.961626e-02 -6.779569e-02 -4.002031e-02 8.936104e-02 -5.470758e-02 2.669535e-02 1.264726e-01 -9.877192e-03
<VARIANCE> 25
 1.096865e+01 2.053921e+01 2.723488e+01 4.135508e+01 3.324236e+01 3.384688e+01 3.719965e+01 3.154109e+01 3.553280e+01 3.336308e+01 3.726442e+01 3.476444e+01 2.962233e-01 7.747751e-01 6.453276e-01 1.080251e+00 1.225701e+00 9.833522e-01 1.209207e+00 1.101490e+00 1.040099e+00 1.061781e+00 9.596881e-01 9.175730e-01 5.340988e-04
<GCONST> 7.780670e+01
<MIXTURE> 78 9.702551e-03
<MEAN> 25
 -1.060440e+01 1.347619e+00 -2.137844e+00 2.841800e+00 4.569061e+00 -2.664640e+00 3.533084e+00 1.695572e+00 2.920809e+00 1.392553e-01 -2.967878e-01 3.453720e+00 2.216340e+00 -1.900734e-01 3.161830e-01 4.686514e-01 -1.207939e-01 2.954538e-01 -2.016540e-01 -1.400009e-01 1.283602e-01 1.884060e-01 -2.557675e-01 -6.099802e-01 -6.576364e-02
<VARIANCE> 25
 4.429321e+01 3.277774e+01 3.203608e+01 3.161761e+01 3.634018e+01 3.829267e+01 3.332804e+01 4.415207e+01 2.594447e+01 2.943107e+01 2.472194e+01 2.081793e+01 4.724014e+00 2.407397e+00 3.072021e+00 2.951545e+00 2.945714e+00 4.717375e+00 3.546128e+00 2.688083e+00 2.362869e+00 2.596754e+00 2.333245e+00 2.105882e+00 4.423400e-03
<GCONST> 9.506927e+01
<MIXTURE> 79 1.156824e-02
<MEAN> 25
 3.314173e+00 1.770456e+00 9.338120e+00 -6.561153e+00 -1.236204e+01 -6.815192e-01 -1.590379e+00 -6.100771e+00 -6.933064e+00 -7.396992e-01 -3.802062e+00 -3.250106e+00 1.127510e+00 -3.599988e-01 -1.492414e+00 2.360052e+00 4.316391e-01 -1.610864e+00 3.515322e-01 9.144337e-01 1.577996e-01 -5.354750e-01 2.510463e-01 3.093220e-01 -3.406578e-02
<VARIANCE> 25
 1.595548e+01 2.106820e+01 3.271777e+01 4.317545e+01 2.861934e+01 4.547528e+01 3.731876e+01 3.279873e+01 3.400660e+01 4.135964e+01 3.880551e+01 2.652001e+01 8.416973e-01 2.042191e+00 1.653411e+00 1.888566e+00 2.116721e+00 2.646056e+00 3.032909e+00 3.046910e+00 3.887493e+00 2.327714e+00 2.082101e+00 1.744486e+00 1.088387e-03
<GCONST> 8.978050e+01
<MIXTURE> 80 7.550998e-03
<MEAN> 25
 -1.468799e+01 3.564718e+00 -2.598923e-02 3.220681e+00 2.511401e+00 1.847595e+00 7.198239e+00 1.836657e+00 3.351922e+00 2.336837e+00 5.183708e+00 1.440699e+00 4.262174e+00 -1.465555e-01 1.948540e+00 -1.114682e+00 -2.742090e+00 -2.928440e+00 -2.156063e+00 -1.639098e+00 -2.190217e+00 -1.318671e+00 -1.650802e+00 -4.029711e-01 -3.905974e-02
<VARIANCE> 25
 1.799092e+01 1.820929e+01 3.239017e+01 3.075211e+01 2.609141e+01 2.684537e+01 2.748321e+01 2.666567e+01 2.504383e+01 2.467232e+01 2.506625e+01 1.583040e+01 2.245988e+00 2.432977e+00 2.907450e+00 3.589367e+00 3.203954e+00 2.761755e+00 2.820334e+00 3.584348e+00 2.636273e+00 3.009777e+00 2.459119e+00 2.067117e+00 1.530393e-03
<GCONST> 8.995311e+01
<MIXTURE> 81 8.025434e-03
<MEAN> 25
 -1.110855e+00 4.063458e+00 1.018202e+01 -1.479653e+01 -9.086330e+00 -1.416201e+00 -6.759619e+00 -8.428600e+00 -4.158089e+00 -4.209909e-01 -7.573872e+00 -2.250297e+00 1.340639e-01 -5.858105e-01 -2.481086e-03 -5.562817e-01 -4.635638e-01 3.369190e-01 3.190247e-01 1.367451e-01 -1.400741e-01 1.059065e-01 -4.691922e-01 -1.253287e-01 1.150504e-02
<VARIANCE> 25
 1.020717e+01 3.279234e+01 2.642930e+01 2.930733e+01 3.370708e+01 3.054566e+01 4.547307e+01 2.824153e+01 3.800004e+01 3.188604e+01 2.528383e+01 3.104155e+01 7.717488e-01 2.278175e+00 1.545344e+00 2.871064e+00 2.661630e+00 2.130999e+00 3.278562e+00 2.288314e+00 2.354158e+00 2.537554e+00 2.296581e+00 2.077861e+00 1.182581e-03
<GCONST> 8.868765e+01
<MIXTURE> 82 8.213053e-03
<MEAN> 25
 -9.948762e+00 -3.894711e+00 1.627584e+00 -2.942143e+00 3.118889e+00 6.663411e-01 1.994154e+00 9.203131e-01 2.976730e+00 1.708630e+00 1.747216e+00 3.079194e+00 -1.311779e+00 -1.287264e-01 2.925299e-01 -2.603640e+00 -1.107391e+00 -1.271806e+00 -1.019976e+00 -8.673621e-01 -3.182766e-01 -4.779381e-01 -3.107781e-01 -8.553818e-02 1.784049e-01
<VARIANCE> 25
 1.808514e+01 2.490389e+01 3.235004e+01 3.112016e+01 3.296315e+01 3.222720e+01 3.174916e+01 3.303676e+01 3.081812e+01 2.522864e+01 3.073590e+01 1.750455e+01 3.749718e+00 3.047718e+00 3.317806e+00 3.265823e+00 3.566411e+00 3.305929e+00 2.958514e+00 3.011757e+00 2.796033e+00 2.487093e+00 2.466910e+00 1.912880e+00 3.429191e-03
<GCONST> 9.312801e+01
<MIXTURE> 83 1.167529e-02
<MEAN> 25
 -2.000111e+01 5.512562e+00 -1.850730e+00 -2.940623e-01 7.788339e+00 -1.224694e+00 5.467645e+00 2.924079e+00 1.252981e+00 2.120748e+00 8.249758e-01 2.880101e+00 -2.494798e-02 -4.523661e-01 9.288639e-03 -3.710374e-01 -4.972915e-01 -1.240902e-01 -1.321611e-01 -9.902327e-02 -4.273469e-02 -3.978703e-02 -2.996667e-02 -3.369124e-02 4.440068e-03
<VARIANCE> 25
 8.850099e+00 1.627453e+01 2.850252e+01 2.328310e+01 2.118303e+01 2.388163e+01 2.181283e+01 2.431110e+01 2.051647e+01 2.242937e+01 2.379553e+01 1.434063e+01 1.049851e+00 9.298592e-01 1.229431e+00 1.057599e+00 1.345079e+00 1.284954e+00 1.273301e+00 1.378410e+00 1.334678e+00 1.309378e+00 1.213609e+00 1.060286e+00 8.834056e-04
<GCONST> 7.700546e+01
<MIXTURE> 84 1.066614e-02
<MEAN> 25
 1.156418e+00 8.914855e+00 7.172931e+00 7.919864e+00 2.747749e+00 -9.022740e-01 -1.416086e+00 -4.451254e+00 -4.035854e+00 -2.880821e+00 -2.427517e+00 -1.669261e+00 -1.780199e+00 -1.191683e+00 -1.197762e+00 1.290303e+00 2.224371e+00 1.509925e+00 1.438985e+00 1.257401e+00 1.138758e+00 3.732676e-01 4.299988e-01 4.485745e-01 -7.010745e-02
<VARIANCE> 25
 2.315039e+01 1.860160e+01 2.154231e+01 2.448797e+01 2.914075e+01 2.807877e+01 2.817541e+01 2.617862e+01 2.528628e+01 2.492945e+01 2.364596e+01 2.528357e+01 2.072980e+00 2.505678e+00 3.797320e+00 3.280802e+00 3.271495e+00 3.373757e+00 3.256158e+00 3.412901e+00 3.526041e+00 3.339877e+00 3.563251e+00 2.792664e+00 3.618991e-03
<GCONST> 9.255212e+01
<MIXTURE> 85 7.591393e-03
<MEAN> 25
 -3.129482e+00 7.835135e+00 5.664810e+00 1.451774e+00 -3.422888e+00 -5.395037e+00 -2.755248e+00 -6.200318e+00 -3.443185e+00 -3.061971e+00 -3.897111e-01 -1.663028e+00 3.953729e+00 2.305192e-01 1.875203e+00 -2.131305e+00 -3.457381e+00 -2.697696e+00 -2.932942e+00 -2.210831e+00 -2.289341e+00 -1.206952e+00 -2.247426e+00 -5.429205e-01 1.235116e-02
<VARIANCE> 25
 4.116108e+01 2.329429e+01 3.563278e+01 3.785980e+01 3.865733e+01 4.004932e+01 3.304605e+01 2.721195e+01 2.639608e+01 2.641294e+01 2.569109e+01 2.166132e+01 2.769485e+00 4.462602e+00 4.372726e+00 5.090485e+00 4.339632e+00 4.161515e+00 3.800482e+00 4.372618e+00 3.781971e+00 4.011711e+00 3.925339e+00 3.599516e+00 5.672929e-03
<GCONST> 9.855193e+01
<MIXTURE> 86 1.273941e-02
<MEAN> 25
 -4.374746e+00 -5.383655e-01 -9.351105e-01 6.259119e+00 5.191225e+00 4.913853e+00 6.085018e+00 3.587657e+00 3.931232e+00 3.084336e+00 4.726020e+00 1.720761e+00 6.425561e-02 5.008637e-02 -5.898503e-02 -3.402161e-02 -2.572490e-02 -1.072089e-03 -1.234502e-01 -3.612852e-01 -2.954991e-01 -2.682964e-01 -1.543921e-01 -1.161346e-02 -3.359616e-03
<VARIANCE> 25
 6.792078e+00 5.777505e+00 8.786654e+00 1.011681e+01 1.344861e+01 1.323253e+01 1.544830e+01 1.390038e+01 1.198174e+01 1.506088e+01 1.290260e+01 1.503845e+01 9.668380e-02 1.658525e-01 3.262405e-01 4.790616e-01 7.154852e-01 6.833656e-01 9.239300e-01 6.770909e-01 6.989543e-01 8.428090e-01 9.828916e-01 1.038135e+00 6.469929e-05
<GCONST> 5.779021e+01
<MIXTURE> 87 1.100681e-02
<MEAN> 25
 -2.866053e+00 4.152788e+00 3.267010e+00 7.003062e+00 5.353966e+00 1.226851e+00 1.915840e+00 -1.186440e+00 1.270369e-01 -7.184015e-01 -8.042833e-01 -6.096318e-01 -1.980264e+00 -2.601810e+00 -1.931219e+00 -2.011485e+00 6.220766e-02 -4.717233e-01 2.857346e-01 1.136003e+00 1.295972e+00 7.961671e-01 1.173026e+00 1.354014e+00 1.066646e-01
<VARIANCE> 25
 3.381621e+01 2.639137e+01 2.520352e+01 2.964516e+01 2.563368e+01 3.031114e+01 2.807768e+01 2.475715e+01 2.513954e+01 2.416511e+01 2.217403e+01 2.700862e+01 3.467588e+00 2.553220e+00 3.759685e+00 3.552828e+00 4.493633e+00 4.330550e+00 4.478119e+00 3.933214e+00 3.237523e+00 3.325233e+00 3.438411e+00 3.215012e+00 4.497036e-03
<GCONST> 9.534590e+01
<MIXTURE> 88 1.256585e-02
<MEAN> 25
 -3.455198e+00 -5.430294e-01 -1.721881e+00 5.902366e+00 4.051685e+00 3.600267e+00 4.725574e+00 1.882768e+00 3.079763e+00 7.227713e-01 2.613426e+00 2.001053e+00 -4.491597e-02 2.153401e-01 2.683915e-01 3.433304e-01 1.579508e-01 3.751503e-01 1.477748e-01 -2.715356e-01 -1.387474e-01 2.493191e-01 -2.452146e-01 -3.547360e-01 -1.485688e-02
<VARIANCE> 25
 6.560572e+00 9.119231e+00 1.209178e+01 1.123041e+01 1.543306e+01 1.711131e+01 2.194905e+01 1.925232e+01 1.289498e+01 2.782718e+01 1.557822e+01 1.585884e+01 9.642247e-01 1.505981e+00 2.197314e+00 1.681662e+00 2.209450e+00 3.956311e+00 3.422973e+00 2.172491e+00 2.246585e+00 3.632774e+00 1.580103e+00 2.019841e+00 1.682360e-03
<GCONST> 8.069142e+01
<MIXTURE> 89 9.333527e-03
<MEAN> 25
 6.076010e+00 -6.757038e+00 -3.555351e+00 -3.137063e+00 -1.591679e+00 -5.532148e+00 -6.072091e+00 4.073458e+00 3.489019e+00 -2.817786e+00 -6.076964e+00 -3.358963e+00 -5.689577e-01 1.593463e-01 1.983342e+00 8.985107e-01 -1.857427e+00 -1.640663e+00 8.735194e-01 1.256462e+00 -7.846198e-01 -1.304476e+00 4.088111e-01 1.526494e+00 -5.006244e-03
<VARIANCE> 25
 8.928885e+00 2.729425e+01 3.087903e+01 3.016375e+01 3.593910e+01 4.191316e+01 5.957253e+01 4.196488e+01 3.893535e+01 4.214474e+01 3.582117e+01 3.282439e+01 3.534605e-01 8.408990e-01 1.468904e+00 1.312623e+00 1.924510e+00 2.127567e+00 2.575334e+00 2.035895e+00 2.238835e+00 2.140934e+00 2.330962e+00 1.473690e+00 3.658764e-04
<GCONST> 8.529166e+01
<MIXTURE> 90 7.114505e-03
<MEAN> 25
 2.448610e+00 -9.722261e+00 -4.754649e+00 -3.977207e+00 -3.383154e+00 -1.812516e+00 3.366272e+00 1.181050e+00 -7.531620e+00 -1.021669e+01 -3.430979e+00 -7.410083e-01 -1.636809e-01 9.089330e-01 1.168851e+00 -8.537944e-01 -1.612885e+00 -2.119921e-01 6.446828e-01 -2.098922e-01 -1.688834e-01 7.370090e-01 1.829745e-01 -5.500934e-01 -1.115034e-02
<VARIANCE> 25
 8.493065e+00 1.780549e+01 1.981098e+01 2.802700e+01 3.683789e+01 3.218247e+01 3.851860e+01 3.640270e+01 3.522352e+01 2.769075e+01 2.700898e+01 2.615507e+01 2.237894e-01 6.128577e-01 7.866608e-01 1.042967e+00 1.470069e+00 1.591563e+00 1.780384e+00 1.654426e+00 1.810160e+00 1.678597e+00 1.495341e+00 1.308453e+00 2.149617e-04
<GCONST> 7.813510e+01
<MIXTURE> 91 7.852945e-03
<MEAN> 25
 6.231722e+00 -6.954542e+00 -7.057971e+00 -4.884427e+00 5.504165e+00 8.578119e-01 -3.626447e+00 1.460807e+00 2.333863e+00 -2.728791e+00 -5.646307e+00 -5.547401e+00 3.157434e-01 9.215950e-01 3.188206e-01 4.533201e-01 -1.564886e-01 -3.937185e-01 -2.677909e-01 -2.975520e-02 -2.339728e-01 4.422028e-01 8.213488e-02 6.846805e-03 -3.626843e-02
<VARIANCE> 25
 8.419119e+00 2.682209e+01 2.187256e+01 3.707732e+01 4.330243e+01 5.429342e+01 5.801460e+01 3.296843e+01 4.684615e+01 5.136539e+01 3.549963e+01 3.880253e+01 3.882551e-01 8.339437e-01 1.018385e+00 1.242486e+00 1.767184e+00 2.201385e+00 2.091977e+00 2.326306e+00 2.386152e+00 1.831470e+00 2.134781e+00 1.616620e+00 5.402712e-04
<GCONST> 8.563618e+01
<MIXTURE> 92 7.852945e-03
<MEAN> 25
 6.231722e+00 -6.954542e+00 -7.057971e+00 -4.884427e+00 5.504165e+00 8.578119e-01 -3.626447e+00 1.460807e+00 2.333863e+00 -2.728791e+00 -5.646307e+00 -5.547401e+00 3.157434e-01 9.215950e-01 3.188206e-01 4.533201e-01 -1.564886e-01 -3.937185e-01 -2.677909e-01 -2.975520e-02 -2.339728e-01 4.422028e-01 8.213488e-02 6.846805e-03 -3.626843e-02
<VARIANCE> 25
 8.419119e+00 2.682209e+01 2.187256e+01 3.707732e+01 4.330243e+01 5.429342e+01 5.801460e+01 3.296843e+01 4.684615e+01 5.136539e+01 3.549963e+01 3.880253e+01 3.882551e-01 8.339437e-01 1.018385e+00 1.242486e+00 1.767184e+00 2.201385e+00 2.091977e+00 2.326306e+00 2.386152e+00 1.831470e+00 2.134781e+00 1.616620e+00 5.402712e-04
<GCONST> 8.563618e+01
<MIXTURE> 93 6.122769e-03
<MEAN> 25
 -6.802966e+00 -9.473785e-01 -2.408457e+00 5.790328e+00 5.906310e+00 3.937474e+00 6.123582e+00 3.583290e+00 4.116152e+00 2.505528e+00 1.832306e+00 3.702109e+00 -6.151199e-02 -1.532156e-01 -2.566037e-01 -3.309231e-01 -3.382378e-01 -2.854012e-01 -2.263045e-01 -1.790767e-01 -1.681045e-01 -1.517197e-01 -1.004554e-01 -3.599336e-02 -1.235683e-05
<VARIANCE> 25
 9.198317e+00 6.056914e+00 8.164721e+00 1.134298e+01 1.145324e+01 1.598123e+01 1.521927e+01 1.655835e+01 1.470553e+01 1.449143e+01 1.677610e+01 1.340297e+01 8.242364e-02 1.531702e-01 2.629437e-01 3.793031e-01 5.013940e-01 6.402261e-01 7.961758e-01 8.903813e-01 9.137488e-01 8.731688e-01 8.931813e-01 9.144974e-01 1.015439e-06
<GCONST> 5.362591e+01
<MIXTURE> 94 6.122769e-03
<MEAN> 25
 -6.802966e+00 -9.473785e-01 -2.408457e+00 5.790328e+00 5.906310e+00 3.937474e+00 6.123582e+00 3.583290e+00 4.116152e+00 2.505528e+00 1.832306e+00 3.702109e+00 -6.151199e-02 -1.532156e-01 -2.566037e-01 -3.309231e-01 -3.382378e-01 -2.854012e-01 -2.263045e-01 -1.790767e-01 -1.681045e-01 -1.517197e-01 -1.004554e-01 -3.599336e-02 -1.235683e-05
<VARIANCE> 25
 9.198317e+00 6.056914e+00 8.164721e+00 1.134298e+01 1.145324e+01 1.598123e+01 1.521927e+01 1.655835e+01 1.470553e+01 1.449143e+01 1.677610e+01 1.340297e+01 8.242364e-02 1.531702e-01 2.629437e-01 3.793031e-01 5.013940e-01 6.402261e-01 7.961758e-01 8.903813e-01 9.137488e-01 8.731688e-01 8.931813e-01 9.144974e-01 1.015439e-06
<GCONST> 5.362591e+01
<MIXTURE> 95 5.258835e-03
<MEAN> 25
 -5.263801e+00 -3.649269e-01 -2.309123e+00 4.966158e+00 4.564677e+00 3.133344e+00 4.578174e+00 1.187526e+00 2.138387e+00 7.429707e-01 1.446571e+00 2.285668e+00 1.300901e-01 1.775461e-01 8.309590e-02 -9.666675e-02 -4.625431e-01 -6.641339e-01 -1.212882e+00 -1.265180e+00 -1.130172e+00 -9.141780e-01 -4.513456e-01 -2.197134e-01 -1.074950e-03
<VARIANCE> 25
 1.061053e+01 6.399933e+00 1.187968e+01 1.133377e+01 1.321965e+01 1.739621e+01 1.699656e+01 1.635363e+01 1.379496e+01 1.366884e+01 1.820299e+01 1.352677e+01 1.846917e-01 2.646770e-01 4.037723e-01 6.102924e-01 7.718845e-01 7.996231e-01 1.047981e+00 8.257312e-01 9.563752e-01 9.725434e-01 1.255121e+00 1.056897e+00 4.271388e-05
<GCONST> 6.198173e+01
<MIXTURE> 96 7.034694e-03
<MEAN> 25
 -5.087407e+00 -4.300914e-01 -2.250984e+00 5.194655e+00 3.890406e+00 1.809050e+00 3.570346e+00 1.788157e+00 2.459455e+00 9.458308e-01 1.144751e+00 2.829688e+00 -3.088276e-02 9.168908e-02 2.144957e-01 4.045078e-01 5.420160e-01 5.025841e-01 2.560819e-01 -1.182446e-01 -4.620915e-01 -6.431641e-01 -6.081241e-01 -3.668414e-01 -2.904855e-05
<VARIANCE> 25
 1.095937e+01 9.780157e+00 1.281818e+01 1.436465e+01 1.506451e+01 1.945900e+01 1.810409e+01 1.923108e+01 1.790244e+01 1.651292e+01 1.964849e+01 1.446820e+01 1.199641e-01 2.195317e-01 3.157509e-01 3.957146e-01 4.933605e-01 6.577879e-01 8.785189e-01 1.001718e+00 9.517299e-01 8.712229e-01 8.818127e-01 9.349751e-01 1.022255e-06
<GCONST> 5.756576e+01
<MIXTURE> 97 7.034694e-03
<MEAN> 25
 -5.087407e+00 -4.300914e-01 -2.250984e+00 5.194655e+00 3.890406e+00 1.809050e+00 3.570346e+00 1.788157e+00 2.459455e+00 9.458308e-01 1.144751e+00 2.829688e+00 -3.088276e-02 9.168908e-02 2.144957e-01 4.045078e-01 5.420160e-01 5.025841e-01 2.560819e-01 -1.182446e-01 -4.620915e-01 -6.431641e-01 -6.081241e-01 -3.668414e-01 -2.904855e-05
<VARIANCE> 25
 1.095937e+01 9.780157e+00 1.281818e+01 1.436465e+01 1.506451e+01 1.945900e+01 1.810409e+01 1.923108e+01 1.790244e+01 1.651292e+01 1.964849e+01 1.446820e+01 1.199641e-01 2.195317e-01 3.157509e-01 3.957146e-01 4.933605e-01 6.577879e-01 8.785189e-01 1.001718e+00 9.517299e-01 8.712229e-01 8.818127e-01 9.349751e-01 1.022255e-06
<GCONST> 5.756576e+01
<MIXTURE> 98 9.917808e-03
<MEAN> 25
 -1.550484e+00 8.584179e-01 1.653877e-01 4.549886e+00 2.714946e+00 2.329967e+00 3.196694e+00 6.361496e-01 1.582349e+00 4.047205e-01 6.642895e-01 1.135684e+00 -1.649203e+00 -1.488612e+00 -1.089152e+00 2.888316e-01 6.660325e-01 6.644562e-01 1.064137e+00 1.320232e+00 1.502295e+00 8.053980e-01 1.265660e+00 1.068148e+00 -1.812410e-02
<VARIANCE> 25
 1.224363e+01 1.742808e+01 2.708911e+01 2.876199e+01 3.892536e+01 3.130811e+01 2.878831e+01 2.836993e+01 2.591057e+01 2.738526e+01 2.500797e+01 3.085071e+01 1.237792e+00 1.263016e+00 2.122137e+00 2.214893e+00 2.502115e+00 3.194279e+00 2.520433e+00 2.630507e+00 2.750196e+00 3.293620e+00 2.406519e+00 1.897845e+00 2.955815e-03
<GCONST> 8.885518e+01
<MIXTURE> 99 6.696178e-03
<MEAN> 25
 -6.425108e+00 9.952964e+00 6.790619e+00 3.529058e+00 9.442937e-01 -5.248765e+00 -1.683837e+00 -4.180089e+00 -3.442904e+00 -3.780537e+00 -1.637271e+00 3.806193e-01 5.525041e-01 -7.348272e-01 3.151723e-01 -3.778255e-01 -1.132232e+00 -5.103523e-01 -3.310981e-01 -2.448218e-01 -9.535727e-02 -4.949490e-02 2.466386e-01 1.775247e-01 1.071179e-02
<VARIANCE> 25
 3.589405e+01 2.570220e+01 4.681222e+01 3.164205e+01 3.642687e+01 3.558921e+01 2.773306e+01 2.929967e+01 2.719248e+01 2.785715e+01 2.083548e+01 2.991694e+01 2.209673e+00 1.878452e+00 1.445827e+00 1.755991e+00 2.683121e+00 2.118845e+00 1.587680e+00 1.652981e+00 1.566312e+00 1.582049e+00 1.314287e+00 1.291155e+00 1.580698e-03
<GCONST> 8.705147e+01
<MIXTURE> 100 4.498084e-03
<MEAN> 25
 -1.598204e+00 6.344125e+00 1.027708e+01 -7.462482e+00 -1.078241e+01 -5.074853e+00 -4.941144e+00 -9.968861e+00 -4.718750e+00 -8.555871e-01 -2.733767e+00 -2.708398e+00 2.917709e+00 -1.260156e+00 1.299622e+00 -2.185816e+00 -3.419351e+00 -7.836025e-01 -1.218706e+00 -8.199466e-01 -1.475341e+00 3.466589e-01 -1.655506e+00 -2.863865e-01 2.014103e-03
<VARIANCE> 25
 1.363044e+01 2.106273e+01 2.246001e+01 2.642573e+01 2.301770e+01 2.372346e+01 2.911263e+01 2.170691e+01 2.748261e+01 2.265253e+01 2.241229e+01 2.134066e+01 1.799343e+00 3.954434e+00 2.919744e+00 4.286196e+00 4.184264e+00 4.539883e+00 4.015190e+00 4.340635e+00 4.167794e+00 3.895788e+00 3.910164e+00 3.225019e+00 1.674783e-03
<GCONST> 9.256960e+01
<MIXTURE> 101 6.007792e-03
<MEAN> 25
 8.010447e+00 -3.619448e+00 -6.211288e+00 -6.911962e+00 9.746490e-01 -1.360813e+00 -1.071709e+01 -1.899760e+00 1.754382e+00 2.650005e+00 -2.554734e+00 -5.026062e+00 6.732857e-01 6.489792e-01 -1.436643e+00 -1.587434e+00 1.020999e+00 2.300263e+00 2.029010e-01 -1.466643e+00 -1.016732e+00 1.023559e+00 1.371943e+00 -4.276021e-01 -5.067719e-03
<VARIANCE> 25
 9.511364e+00 1.773197e+01 2.986626e+01 4.240434e+01 3.664295e+01 3.607851e+01 3.764855e+01 3.702475e+01 3.816215e+01 4.343715e+01 5.242757e+01 2.478970e+01 2.893891e-01 6.664329e-01 1.177506e+00 1.557736e+00 1.671787e+00 2.078926e+00 2.059732e+00 1.978579e+00 2.448146e+00 2.186473e+00 1.763369e+00 1.913477e+00 3.517892e-04
<GCONST> 8.378141e+01
<MIXTURE> 102 6.007792e-03
<MEAN> 25
 8.010447e+00 -3.619448e+00 -6.211288e+00 -6.911962e+00 9.746490e-01 -1.360813e+00 -1.071709e+01 -1.899760e+00 1.754382e+00 2.650005e+00 -2.554734e+00 -5.026062e+00 6.732857e-01 6.489792e-01 -1.436643e+00 -1.587434e+00 1.020999e+00 2.300263e+00 2.029010e-01 -1.466643e+00 -1.016732e+00 1.023559e+00 1.371943e+00 -4.276021e-01 -5.067719e-03
<VARIANCE> 25
 9.511364e+00 1.773197e+01 2.986626e+01 4.240434e+01 3.664295e+01 3.607851e+01 3.764855e+01 3.702475e+01 3.816215e+01 4.343715e+01 5.242757e+01 2.478970e+01 2.893891e-01 6.664329e-01 1.177506e+00 1.557736e+00 1.671787e+00 2.078926e+00 2.059732e+00 1.978579e+00 2.448146e+00 2.186473e+00 1.763369e+00 1.913477e+00 3.517892e-04
<GCONST> 8.378141e+01
<MIXTURE> 103 5.694618e-03
<MEAN> 25
 3.215145e+00 -9.293068e+00 -5.893446e+00 -3.000773e+00 -1.393344e+00 -1.919291e+00 2.459582e+00 2.289012e+00 -4.689322e+00 -9.099360e+00 -4.803794e+00 5.393933e-01 -1.988584e-01 -1.515920e+00 -9.871153e-01 4.132589e-01 1.173829e+00 1.043585e+00 1.417099e-01 -2.387548e-01 -7.770677e-01 -9.689035e-01 -3.905959e-02 1.851410e-01 2.760895e-02
<VARIANCE> 25
 1.082478e+01 2.101414e+01 2.415996e+01 3.111800e+01 4.689773e+01 3.416761e+01 4.534168e+01 3.760916e+01 4.139471e+01 2.937037e+01 3.153881e+01 2.685908e+01 6.838431e-01 1.243814e+00 1.497022e+00 1.938829e+00 2.899696e+00 2.372309e+00 2.826910e+00 2.542096e+00 2.497738e+00 2.478199e+00 2.039434e+00 2.109420e+00 8.041120e-04
<GCONST> 8.762273e+01
<MIXTURE> 104 5.694618e-03
<MEAN> 25
 3.215145e+00 -9.293068e+00 -5.893446e+00 -3.000773e+00 -1.393344e+00 -1.919291e+00 2.459582e+00 2.289012e+00 -4.689322e+00 -9.099360e+00 -4.803794e+00 5.393933e-01 -1.988584e-01 -1.515920e+00 -9.871153e-01 4.132589e-01 1.173829e+00 1.043585e+00 1.417099e-01 -2.387548e-01 -7.770677e-01 -9.689035e-01 -3.905959e-02 1.851410e-01 2.760895e-02
<VARIANCE> 25
 1.082478e+01 2.101414e+01 2.415996e+01 3.111800e+01 4.689773e+01 3.416761e+01 4.534168e+01 3.760916e+01 4.139471e+01 2.937037e+01 3.153881e+01 2.685908e+01 6.838431e-01 1.243814e+00 1.497022e+00 1.938829e+00 2.899696e+00 2.372309e+00 2.826910e+00 2.542096e+00 2.497738e+00 2.478199e+00 2.039434e+00 2.109420e+00 8.041120e-04
<GCONST> 8.762273e+01
<MIXTURE> 105 4.710235e-03
<MEAN> 25
 2.352941e+00 -2.149657e+00 1.065231e+01 -4.965747e+00 -1.146396e+01 -6.699370e+00 -5.294905e+00 1.263621e+00 -5.138211e+00 -4.185789e-01 2.007454e+00 5.962919e-01 3.482185e-02 5.350895e-02 4.462332e-02 -1.519508e-01 3.207320e-02 9.808533e-03 4.477153e-02 1.442301e-01 -7.578866e-02 2.290725e-01 6.301689e-02 -2.564315e-02 -3.059750e-03
<VARIANCE> 25
 1.066977e+01 2.350511e+01 3.676751e+01 4.843807e+01 2.936577e+01 5.381622e+01 3.603279e+01 4.839578e+01 3.527008e+01 5.627163e+01 3.522050e+01 3.363689e+01 9.481478e-02 1.601166e-01 2.730058e-01 2.791465e-01 3.990585e-01 3.997615e-01 4.206287e-01 4.794870e-01 5.025600e-01 5.292131e-01 4.020023e-01 3.503474e-01 8.320253e-05
<GCONST> 6.557887e+01
<MIXTURE> 106 4.710235e-03
<MEAN> 25
 2.352941e+00 -2.149657e+00 1.065231e+01 -4.965747e+00 -1.146396e+01 -6.699370e+00 -5.294905e+00 1.263621e+00 -5.138211e+00 -4.185789e-01 2.007454e+00 5.962919e-01 3.482185e-02 5.350895e-02 4.462332e-02 -1.519508e-01 3.207320e-02 9.808533e-03 4.477153e-02 1.442301e-01 -7.578866e-02 2.290725e-01 6.301689e-02 -2.564315e-02 -3.059750e-03
<VARIANCE> 25
 1.066977e+01 2.350511e+01 3.676751e+01 4.843807e+01 2.936577e+01 5.381622e+01 3.603279e+01 4.839578e+01 3.527008e+01 5.627163e+01 3.522050e+01 3.363689e+01 9.481478e-02 1.601166e-01 2.730058e-01 2.791465e-01 3.990585e-01 3.997615e-01 4.206287e-01 4.794870e-01 5.025600e-01 5.292131e-01 4.020023e-01 3.503474e-01 8.320253e-05
<GCONST> 6.557887e+01
<MIXTURE> 107 5.452374e-03
<MEAN> 25
 8.637682e+00 -2.307339e+00 -8.043746e+00 -9.560427e+00 1.963807e+00 2.958191e+00 -8.646473e+00 -4.550881e+00 -8.918325e-01 3.388281e+00 8.515357e-01 -5.071664e+00 -6.101201e-01 -7.672545e-01 8.359160e-01 1.772481e+00 2.254929e-01 -2.012830e+00 -9.201828e-01 8.490863e-01 1.766745e+00 4.709206e-02 -1.658034e+00 -8.197314e-01 -1.789299e-03
<VARIANCE> 25
 9.262662e+00 2.047461e+01 2.837584e+01 4.289605e+01 3.584811e+01 3.856368e+01 5.122083e+01 3.625803e+01 4.592329e+01 4.172251e+01 5.138537e+01 3.039755e+01 3.569848e-01 9.703041e-01 1.461295e+00 2.416021e+00 2.287527e+00 2.823285e+00 2.617709e+00 2.542792e+00 2.299866e+00 3.030341e+00 1.944422e+00 2.207818e+00 7.031222e-04
<GCONST> 8.806726e+01
<MIXTURE> 108 5.452374e-03
<MEAN> 25
 8.637682e+00 -2.307339e+00 -8.043746e+00 -9.560427e+00 1.963807e+00 2.958191e+00 -8.646473e+00 -4.550881e+00 -8.918325e-01 3.388281e+00 8.515357e-01 -5.071664e+00 -6.101201e-01 -7.672545e-01 8.359160e-01 1.772481e+00 2.254929e-01 -2.012830e+00 -9.201828e-01 8.490863e-01 1.766745e+00 4.709206e-02 -1.658034e+00 -8.197314e-01 -1.789299e-03
<VARIANCE> 25
 9.262662e+00 2.047461e+01 2.837584e+01 4.289605e+01 3.584811e+01 3.856368e+01 5.122083e+01 3.625803e+01 4.592329e+01 4.172251e+01 5.138537e+01 3.039755e+01 3.569848e-01 9.703041e-01 1.461295e+00 2.416021e+00 2.287527e+00 2.823285e+00 2.617709e+00 2.542792e+00 2.299866e+00 3.030341e+00 1.944422e+00 2.207818e+00 7.031222e-04
<GCONST> 8.806726e+01
<MIXTURE> 109 6.661064e-03
<MEAN> 25
 4.054047e+00 -1.058711e+01 -8.047523e+00 -1.619573e+00 2.916882e+00 -2.335449e-01 -6.174597e-01 1.642536e+00 -2.267514e+00 -8.134229e+00 -5.595802e+00 1.078513e-01 -1.394943e-02 -1.286429e-01 -3.519974e-02 2.331310e-01 2.162113e-01 1.555185e-01 -1.099950e-01 -1.386871e-01 2.989337e-03 -1.214656e-01 2.327059e-01 -2.084781e-02 -3.503538e-03
<VARIANCE> 25
 8.884398e+00 1.807712e+01 2.145907e+01 3.300893e+01 4.086036e+01 3.821999e+01 5.524711e+01 3.457245e+01 4.759575e+01 3.601660e+01 3.030999e+01 2.781524e+01 2.010271e-01 4.122986e-01 5.304395e-01 6.344191e-01 1.209542e+00 1.013992e+00 1.238726e+00 1.114663e+00 1.164024e+00 9.286684e-01 8.582342e-01 8.980232e-01 1.793823e-04
<GCONST> 7.481976e+01
<MIXTURE> 110 6.661064e-03
<MEAN> 25
 4.054047e+00 -1.058711e+01 -8.047523e+00 -1.619573e+00 2.916882e+00 -2.335449e-01 -6.174597e-01 1.642536e+00 -2.267514e+00 -8.134229e+00 -5.595802e+00 1.078513e-01 -1.394943e-02 -1.286429e-01 -3.519974e-02 2.331310e-01 2.162113e-01 1.555185e-01 -1.099950e-01 -1.386871e-01 2.989337e-03 -1.214656e-01 2.327059e-01 -2.084781e-02 -3.503538e-03
<VARIANCE> 25
 8.884398e+00 1.807712e+01 2.145907e+01 3.300893e+01 4.086036e+01 3.821999e+01 5.524711e+01 3.457245e+01 4.759575e+01 3.601660e+01 3.030999e+01 2.781524e+01 2.010271e-01 4.122986e-01 5.304395e-01 6.344191e-01 1.209542e+00 1.013992e+00 1.238726e+00 1.114663e+00 1.164024e+00 9.286684e-01 8.582342e-01 8.980232e-01 1.793823e-04
<GCONST> 7.481976e+01
<MIXTURE> 111 4.337247e-03
<MEAN> 25
 -4.342209e+00 -7.631081e-01 -1.635715e+00 1.847727e+00 1.018280e+00 1.220067e+00 6.337941e-01 5.611517e-03 1.350953e-01 -3.906385e-01 -6.157899e-01 1.592123e+00 -9.972327e-03 -3.188953e-02 -4.787749e-02 -9.684588e-02 -7.349128e-02 2.558769e-02 -7.184248e-03 -5.415529e-02 -1.478461e-01 -1.750922e-01 -1.445961e-01 -1.088535e-01 -4.962499e-04
<VARIANCE> 25
 6.872689e+00 5.076879e+00 9.883030e+00 9.418730e+00 1.249256e+01 2.380143e+01 1.548887e+01 1.327982e+01 1.119396e+01 1.202893e+01 1.333716e+01 1.333166e+01 8.334935e-02 1.580608e-01 2.764029e-01 5.440336e-01 5.688847e-01 7.049131e-01 7.762976e-01 8.136159e-01 9.111270e-01 8.328426e-01 9.182105e-01 8.033446e-01 2.239705e-05
<GCONST> 5.625309e+01
<MIXTURE> 112 4.337247e-03
<MEAN> 25
 -4.342209e+00 -7.631081e-01 -1.635715e+00 1.847727e+00 1.018280e+00 1.220067e+00 6.337941e-01 5.611517e-03 1.350953e-01 -3.906385e-01 -6.157899e-01 1.592123e+00 -9.972327e-03 -3.188953e-02 -4.787749e-02 -9.684588e-02 -7.349128e-02 2.558769e-02 -7.184248e-03 -5.415529e-02 -1.478461e-01 -1.750922e-01 -1.445961e-01 -1.088535e-01 -4.962499e-04
<VARIANCE> 25
 6.872689e+00 5.076879e+00 9.883030e+00 9.418730e+00 1.249256e+01 2.380143e+01 1.548887e+01 1.327982e+01 1.119396e+01 1.202893e+01 1.333716e+01 1.333166e+01 8.334935e-02 1.580608e-01 2.764029e-01 5.440336e-01 5.688847e-01 7.049131e-01 7.762976e-01 8.136159e-01 9.111270e-01 8.328426e-01 9.182105e-01 8.033446e-01 2.239705e-05
<GCONST> 5.625309e+01
<MIXTURE> 113 5.938666e-03
<MEAN> 25
 9.977006e+00 1.754777e+00 -8.779593e+00 -1.704709e+01 -1.035321e+00 5.662129e+00 -5.283384e+00 -1.465574e+00 -5.698626e+00 -4.929946e-01 2.988533e-01 -1.988941e-01 4.827684e-03 1.421506e-02 -5.922644e-02 -1.134663e-01 1.040326e-01 1.504852e-01 5.955935e-02 3.678710e-02 -5.715611e-02 -5.107079e-02 1.793176e-01 3.488937e-02 -1.413918e-03
<VARIANCE> 25
 8.873712e+00 1.639246e+01 2.970025e+01 3.421083e+01 5.277610e+01 3.387542e+01 3.972076e+01 3.913709e+01 3.742255e+01 4.639518e+01 3.629348e+01 2.843791e+01 1.217538e-01 3.209531e-01 3.163421e-01 6.315451e-01 6.130912e-01 6.538089e-01 7.766940e-01 8.474279e-01 9.592266e-01 9.052027e-01 7.249283e-01 7.141822e-01 1.248007e-04
<GCONST> 7.111358e+01
<MIXTURE> 114 5.938666e-03
<MEAN> 25
 9.977006e+00 1.754777e+00 -8.779593e+00 -1.704709e+01 -1.035321e+00 5.662129e+00 -5.283384e+00 -1.465574e+00 -5.698626e+00 -4.929946e-01 2.988533e-01 -1.988941e-01 4.827684e-03 1.421506e-02 -5.922644e-02 -1.134663e-01 1.040326e-01 1.504852e-01 5.955935e-02 3.678710e-02 -5.715611e-02 -5.107079e-02 1.793176e-01 3.488937e-02 -1.413918e-03
<VARIANCE> 25
 8.873712e+00 1.639246e+01 2.970025e+01 3.421083e+01 5.277610e+01 3.387542e+01 3.972076e+01 3.913709e+01 3.742255e+01 4.639518e+01 3.629348e+01 2.843791e+01 1.217538e-01 3.209531e-01 3.163421e-01 6.315451e-01 6.130912e-01 6.538089e-01 7.766940e-01 8.474279e-01 9.592266e-01 9.052027e-01 7.249283e-01 7.141822e-01 1.248007e-04
<GCONST> 7.111358e+01
<MIXTURE> 115 2.935202e-03
<MEAN> 25
 -4.021347e+00 -7.436141e-01 -3.110500e+00 3.656405e+00 2.417683e+00 -4.006460e-01 2.248826e+00 4.027695e-01 1.394363e+00 -1.696074e-02 6.012314e-02 2.692365e+00 3.102570e-02 -7.162993e-02 -2.311328e-01 -4.377111e-01 -6.357365e-01 -6.689083e-01 -5.976118e-01 -5.112720e-01 -4.856913e-01 -4.568197e-01 -3.384313e-01 -1.650625e-01 -1.168767e-05
<VARIANCE> 25
 9.268723e+00 9.900365e+00 1.348241e+01 1.265423e+01 1.351882e+01 1.772352e+01 1.706723e+01 2.077885e+01 1.786954e+01 1.716057e+01 1.922195e+01 1.464328e+01 2.032019e-01 3.445522e-01 4.851545e-01 5.597509e-01 6.353732e-01 7.965004e-01 1.018108e+00 1.132892e+00 1.072999e+00 9.904382e-01 1.028436e+00 1.060542e+00 1.014446e-06
<GCONST> 6.016687e+01
<MIXTURE> 116 2.935202e-03
<MEAN> 25
 -4.021347e+00 -7.436141e-01 -3.110500e+00 3.656405e+00 2.417683e+00 -4.006460e-01 2.248826e+00 4.027695e-01 1.394363e+00 -1.696074e-02 6.012314e-02 2.692365e+00 3.102570e-02 -7.162993e-02 -2.311328e-01 -4.377111e-01 -6.357365e-01 -6.689083e-01 -5.976118e-01 -5.112720e-01 -4.856913e-01 -4.568197e-01 -3.384313e-01 -1.650625e-01 -1.168767e-05
<VARIANCE> 25
 9.268723e+00 9.900365e+00 1.348241e+01 1.265423e+01 1.351882e+01 1.772352e+01 1.706723e+01 2.077885e+01 1.786954e+01 1.716057e+01 1.922195e+01 1.464328e+01 2.032019e-01 3.445522e-01 4.851545e-01 5.597509e-01 6.353732e-01 7.965004e-01 1.018108e+00 1.132892e+00 1.072999e+00 9.904382e-01 1.028436e+00 1.060542e+00 1.014446e-06
<GCONST> 6.016687e+01
<MIXTURE> 117 6.506003e-03
<MEAN> 25
 -4.640674e+00 1.119499e+00 1.049366e+00 9.752536e+00 6.259295e+00 6.258016e+00 6.462844e+00 5.036076e+00 6.382402e+00 4.925644e+00 6.366187e+00 2.709743e+00 -7.498319e-02 -2.337227e-01 -3.580109e-01 -4.196243e-01 -3.686297e-01 -3.029260e-01 -2.894465e-01 -3.325233e-01 -3.919015e-01 -3.689966e-01 -2.619417e-01 -1.160253e-01 -1.138238e-05
<VARIANCE> 25
 7.195210e+00 8.747057e+00 9.825759e+00 1.432948e+01 1.560322e+01 1.533637e+01 1.770852e+01 1.801232e+01 1.639649e+01 1.636707e+01 1.672564e+01 1.473922e+01 2.163911e-01 3.073739e-01 4.258191e-01 6.166410e-01 8.542266e-01 1.054404e+00 1.181393e+00 1.233023e+00 1.222823e+00 1.193694e+00 1.167492e+00 1.112553e+00 1.004323e-06
<GCONST> 6.043154e+01
<MIXTURE> 118 6.506003e-03
<MEAN> 25
 -4.640674e+00 1.119499e+00 1.049366e+00 9.752536e+00 6.259295e+00 6.258016e+00 6.462844e+00 5.036076e+00 6.382402e+00 4.925644e+00 6.366187e+00 2.709743e+00 -7.498319e-02 -2.337227e-01 -3.580109e-01 -4.196243e-01 -3.686297e-01 -3.029260e-01 -2.894465e-01 -3.325233e-01 -3.919015e-01 -3.689966e-01 -2.619417e-01 -1.160253e-01 -1.138238e-05
<VARIANCE> 25
 7.195210e+00 8.747057e+00 9.825759e+00 1.432948e+01 1.560322e+01 1.533637e+01 1.770852e+01 1.801232e+01 1.639649e+01 1.636707e+01 1.672564e+01 1.473922e+01 2.163911e-01 3.073739e-01 4.258191e-01 6.166410e-01 8.542266e-01 1.054404e+00 1.181393e+00 1.233023e+00 1.222823e+00 1.193694e+00 1.167492e+00 1.112553e+00 1.004323e-06
<GCONST> 6.043154e+01
<MIXTURE> 119 4.297961e-03
<MEAN> 25
 -4.973114e+00 -7.538401e+00 2.153674e+00 2.040033e+00 2.157692e+00 1.958840e-01 5.275587e+00 5.856071e+00 1.125719e+00 8.017865e-01 6.543868e+00 1.608416e+00 -4.776106e-02 -7.860508e-02 1.662407e-02 -4.990046e-02 -1.028383e-01 -1.632287e-01 -6.406177e-02 -5.111008e-03 -8.981697e-02 -1.164024e-01 -4.866246e-02 -8.530400e-02 6.404914e-04
<VARIANCE> 25
 8.321394e+00 1.005117e+01 1.661173e+01 1.981286e+01 2.311365e+01 2.290525e+01 2.450817e+01 2.622453e+01 2.484700e+01 2.872134e+01 2.020988e+01 2.027486e+01 1.588045e-01 2.781371e-01 4.727486e-01 6.265014e-01 8.513725e-01 1.012148e+00 1.090558e+00 1.265375e+00 1.264556e+00 1.287921e+00 1.173672e+00 1.132742e+00 2.370108e-04
<GCONST> 6.975516e+01
<MIXTURE> 120 4.297961e-03
<MEAN> 25
 -4.973114e+00 -7.538401e+00 2.153674e+00 2.040033e+00 2.157692e+00 1.958840e-01 5.275587e+00 5.856071e+00 1.125719e+00 8.017865e-01 6.543868e+00 1.608416e+00 -4.776106e-02 -7.860508e-02 1.662407e-02 -4.990046e-02 -1.028383e-01 -1.632287e-01 -6.406177e-02 -5.111008e-03 -8.981697e-02 -1.164024e-01 -4.866246e-02 -8.530400e-02 6.404914e-04
<VARIANCE> 25
 8.321394e+00 1.005117e+01 1.661173e+01 1.981286e+01 2.311365e+01 2.290525e+01 2.450817e+01 2.622453e+01 2.484700e+01 2.872134e+01 2.020988e+01 2.027486e+01 1.588045e-01 2.781371e-01 4.727486e-01 6.265014e-01 8.513725e-01 1.012148e+00 1.090558e+00 1.265375e+00 1.264556e+00 1.287921e+00 1.173672e+00 1.132742e+00 2.370108e-04
<GCONST> 6.975516e+01
<MIXTURE> 121 4.567511e-03
<MEAN> 25
 4.536899e-01 -2.414710e+00 5.427586e+00 -1.271054e+01 -1.268499e+01 -1.364480e+00 9.554164e-01 -5.305265e+00 -4.446117e+00 -6.941285e-01 -5.580750e+00 -4.372566e+00 3.336129e-02 1.592879e-01 -4.723755e-02 6.648115e-02 1.707569e-01 1.053592e-01 -9.219281e-02 -1.290976e-01 -2.469203e-01 -2.761917e-01 -1.107898e-01 2.011039e-02 -7.221098e-03
<VARIANCE> 25
 9.029636e+00 1.537626e+01 1.862313e+01 2.062910e+01 2.366354e+01 3.061829e+01 2.863517e+01 2.481561e+01 3.561990e+01 2.848808e+01 1.928039e+01 2.055292e+01 1.518154e-01 6.388496e-01 6.185421e-01 7.045060e-01 7.469966e-01 1.178027e+00 1.084314e+00 1.193485e+00 1.197178e+00 1.160652e+00 9.098448e-01 8.642900e-01 2.086677e-04
<GCONST> 7.146750e+01
<MIXTURE> 122 4.567511e-03
<MEAN> 25
 4.536899e-01 -2.414710e+00 5.427586e+00 -1.271054e+01 -1.268499e+01 -1.364480e+00 9.554164e-01 -5.305265e+00 -4.446117e+00 -6.941285e-01 -5.580750e+00 -4.372566e+00 3.336129e-02 1.592879e-01 -4.723755e-02 6.648115e-02 1.707569e-01 1.053592e-01 -9.219281e-02 -1.290976e-01 -2.469203e-01 -2.761917e-01 -1.107898e-01 2.011039e-02 -7.221098e-03
<VARIANCE> 25
 9.029636e+00 1.537626e+01 1.862313e+01 2.062910e+01 2.366354e+01 3.061829e+01 2.863517e+01 2.481561e+01 3.561990e+01 2.848808e+01 1.928039e+01 2.055292e+01 1.518154e-01 6.388496e-01 6.185421e-01 7.045060e-01 7.469966e-01 1.178027e+00 1.084314e+00 1.193485e+00 1.197178e+00 1.160652e+00 9.098448e-01 8.642900e-01 2.086677e-04
<GCONST> 7.146750e+01
<MIXTURE> 123 4.393044e-03
<MEAN> 25
 -4.154043e+00 1.577162e+00 -2.081751e-01 6.189756e+00 5.163960e+00 4.319646e+00 4.003029e+00 -2.807057e-01 4.084806e-02 -1.355197e-01 5.199044e-01 1.317388e-01 -3.001318e-01 -6.937162e-01 -8.533545e-01 -4.420086e-01 -3.475216e-01 -7.847494e-02 3.243381e-01 5.382779e-01 8.456714e-01 9.032469e-01 8.321390e-01 5.727203e-01 -2.144352e-03
<VARIANCE> 25
 9.647107e+00 1.132392e+01 1.378213e+01 1.499414e+01 2.255596e+01 2.709986e+01 1.888946e+01 1.876290e+01 1.600286e+01 2.001604e+01 2.225532e+01 2.033914e+01 3.966696e-01 3.249795e-01 5.315819e-01 8.373265e-01 8.136530e-01 1.207106e+00 1.178061e+00 1.052159e+00 1.124419e+00 1.087929e+00 1.334935e+00 1.145281e+00 1.085952e-04
<GCONST> 6.897881e+01
<MIXTURE> 124 4.069876e-03
<MEAN> 25
 -6.503757e+00 -1.314373e+00 -2.879267e+00 5.036379e+00 4.617067e+00 3.248252e+00 5.346725e+00 2.587354e+00 3.132473e+00 1.133409e+00 1.146557e+00 3.211666e+00 -2.145602e-01 -3.246481e-01 -4.007113e-01 -2.258297e-01 1.451158e-01 5.323396e-01 8.141273e-01 8.798533e-01 6.657287e-01 2.922791e-01 1.030495e-01 -3.298170e-02 -4.186116e-05
<VARIANCE> 25
 1.074231e+01 7.387660e+00 1.079426e+01 1.219363e+01 1.555305e+01 1.988454e+01 1.521795e+01 1.665266e+01 1.494643e+01 1.617756e+01 1.850321e+01 1.559026e+01 1.063846e-01 1.652624e-01 3.174349e-01 4.154823e-01 5.847961e-01 6.875969e-01 7.282629e-01 8.208759e-01 9.005587e-01 9.877750e-01 1.017105e+00 9.703982e-01 1.786270e-05
<GCONST> 5.906763e+01
<MIXTURE> 125 4.069876e-03
<MEAN> 25
 -6.503757e+00 -1.314373e+00 -2.879267e+00 5.036379e+00 4.617067e+00 3.248252e+00 5.346725e+00 2.587354e+00 3.132473e+00 1.133409e+00 1.146557e+00 3.211666e+00 -2.145602e-01 -3.246481e-01 -4.007113e-01 -2.258297e-01 1.451158e-01 5.323396e-01 8.141273e-01 8.798533e-01 6.657287e-01 2.922791e-01 1.030495e-01 -3.298170e-02 -4.186116e-05
<VARIANCE> 25
 1.074231e+01 7.387660e+00 1.079426e+01 1.219363e+01 1.555305e+01 1.988454e+01 1.521795e+01 1.665266e+01 1.494643e+01 1.617756e+01 1.850321e+01 1.559026e+01 1.063846e-01 1.652624e-01 3.174349e-01 4.154823e-01 5.847961e-01 6.875969e-01 7.282629e-01 8.208759e-01 9.005587e-01 9.877750e-01 1.017105e+00 9.703982e-01 1.786270e-05
<GCONST> 5.906763e+01
<MIXTURE> 126 2.402244e-03
<MEAN> 25
 -3.801725e+00 -6.901954e+00 -5.243966e+00 2.319458e+00 4.234200e+00 -3.209070e+00 1.057915e-01 3.549393e+00 3.313272e+00 -2.736866e+00 -1.404539e+00 3.047572e+00 -1.520216e-03 -7.182857e-03 -4.401040e-02 -1.560670e-01 -3.171028e-01 -3.864205e-01 -2.635093e-01 -1.485945e-01 -1.119955e-01 -1.060645e-01 -9.506595e-02 -3.558779e-02 -1.606654e-03
<VARIANCE> 25
 7.384878e+00 1.268992e+01 1.392924e+01 1.502550e+01 2.480701e+01 2.364875e+01 2.271297e+01 2.818674e+01 3.116102e+01 2.625527e+01 2.169185e+01 1.916232e+01 1.700044e-01 3.496231e-01 4.881127e-01 5.638614e-01 7.580333e-01 9.935256e-01 1.130679e+00 1.264863e+00 1.320629e+00 1.330886e+00 1.206185e+00 1.144744e+00 2.114777e-04
<GCONST> 6.979053e+01
<MIXTURE> 127 2.402244e-03
<MEAN> 25
 -3.801725e+00 -6.901954e+00 -5.243966e+00 2.319458e+00 4.234200e+00 -3.209070e+00 1.057915e-01 3.549393e+00 3.313272e+00 -2.736866e+00 -1.404539e+00 3.047572e+00 -1.520216e-03 -7.182857e-03 -4.401040e-02 -1.560670e-01 -3.171028e-01 -3.864205e-01 -2.635093e-01 -1.485945e-01 -1.119955e-01 -1.060645e-01 -9.506595e-02 -3.558779e-02 -1.606654e-03
<VARIANCE> 25
 7.384878e+00 1.268992e+01 1.392924e+01 1.502550e+01 2.480701e+01 2.364875e+01 2.271297e+01 2.818674e+01 3.116102e+01 2.625527e+01 2.169185e+01 1.916232e+01 1.700044e-01 3.496231e-01 4.881127e-01 5.638614e-01 7.580333e-01 9.935256e-01 1.130679e+00 1.264863e+00 1.320629e+00 1.330886e+00 1.206185e+00 1.144744e+00 2.114777e-04
<GCONST> 6.979053e+01
<MIXTURE> 128 3.790457e-03
<MEAN> 25
 -3.934460e+00 1.532602e+00 -3.419529e-01 6.569599e+00 3.607090e+00 1.853843e+00 3.578080e+00 2.373399e+00 3.959600e+00 3.690006e+00 3.767849e+00 3.534317e+00 -3.962091e-01 -1.974905e-01 9.605534e-02 7.248436e-01 1.183863e+00 1.135340e+00 7.184236e-01 1.335095e-01 -4.367659e-01 -7.879183e-01 -6.999777e-01 -3.937663e-01 -3.830833e-05
<VARIANCE> 25
 1.020148e+01 1.175040e+01 1.497047e+01 1.931121e+01 2.016356e+01 2.116638e+01 2.427357e+01 2.464090e+01 2.638295e+01 2.391191e+01 2.676637e+01 1.823600e+01 8.912565e-01 1.145040e+00 1.368519e+00 1.502899e+00 1.578659e+00 1.860125e+00 2.245949e+00 2.325769e+00 2.148785e+00 1.854960e+00 1.746087e+00 1.745825e+00 1.001264e-06
<GCONST> 7.364280e+01
<TRANSP> 3
 0.000000e+00 1.000000e+00 0.000000e+00
 0.000000e+00 9.999990e-01 9.999998e-07
 0.000000e+00 0.000000e+00 0.000000e+00
<ENDHMM>
