~o
<STREAMINFO> 1 25
<VECSIZE> 25<NULLD><MFCC_E_D_N><DIAGC>
~h "jmodel"
<BEGINHMM>
<NUMSTATES> 3
<STATE> 2
<NUMMIXES> 128
<MIXTURE> 1 5.748963e-03
<MEAN> 25
 -2.580492e+00 3.179690e+00 2.305568e+00 8.752726e+00 4.370317e+00 3.451837e+00 4.062186e+00 3.927005e+00 5.830872e+00 5.254427e+00 5.879444e+00 3.075060e+00 -2.003089e+00 -1.633914e+00 -8.665099e-01 1.072773e+00 1.558357e+00 2.230176e+00 2.152817e+00 2.085832e+00 1.691368e+00 1.269276e+00 1.567368e+00 6.136038e-01 -4.688458e-02
<VARIANCE> 25
 1.006854e+01 1.175210e+01 1.497828e+01 1.867621e+01 2.317609e+01 2.215081e+01 2.188295e+01 2.202562e+01 2.098418e+01 2.251956e+01 2.095613e+01 1.709666e+01 1.790064e+00 2.110644e+00 3.029798e+00 3.219609e+00 3.742484e+00 3.359298e+00 3.318701e+00 3.378369e+00 3.523226e+00 3.723947e+00 3.510350e+00 2.832353e+00 3.120691e-03
<GCONST> 8.846933e+01
<MIXTURE> 2 4.549242e-03
<MEAN> 25
 -4.862772e+00 1.297972e+00 1.001655e+00 9.931366e+00 6.666762e+00 7.438512e+00 7.871638e+00 6.895979e+00 8.367295e+00 6.363019e+00 7.572308e+00 3.041917e+00 -6.396288e-02 4.169822e-02 1.426660e-01 2.254777e-01 2.622781e-01 2.824349e-01 2.996329e-01 3.205084e-01 3.499762e-01 3.079572e-01 1.917598e-01 7.936673e-02 -8.413434e-06
<VARIANCE> 25
 6.945426e+00 8.881166e+00 1.061532e+01 1.600348e+01 1.724624e+01 1.555035e+01 1.692451e+01 1.909124e+01 1.659648e+01 1.731739e+01 1.847516e+01 1.450884e+01 1.261823e-01 2.257529e-01 3.350246e-01 4.658195e-01 6.473473e-01 8.110873e-01 9.323113e-01 1.000034e+00 1.048311e+00 1.072634e+00 1.075787e+00 1.013273e+00 1.037540e-06
<GCONST> 5.812050e+01
<MIXTURE> 3 4.549242e-03
<MEAN> 25
 -4.862772e+00 1.297972e+00 1.001655e+00 9.931366e+00 6.666762e+00 7.438512e+00 7.871638e+00 6.895979e+00 8.367295e+00 6.363019e+00 7.572308e+00 3.041917e+00 -6.396288e-02 4.169822e-02 1.426660e-01 2.254777e-01 2.622781e-01 2.824349e-01 2.996329e-01 3.205084e-01 3.499762e-01 3.079572e-01 1.917598e-01 7.936673e-02 -8.413434e-06
<VARIANCE> 25
 6.945426e+00 8.881166e+00 1.061532e+01 1.600348e+01 1.724624e+01 1.555035e+01 1.692451e+01 1.909124e+01 1.659648e+01 1.731739e+01 1.847516e+01 1.450884e+01 1.261823e-01 2.257529e-01 3.350246e-01 4.658195e-01 6.473473e-01 8.110873e-01 9.323113e-01 1.000034e+00 1.048311e+00 1.072634e+00 1.075787e+00 1.013273e+00 1.037540e-06
<GCONST> 5.812050e+01
<MIXTURE> 4 1.671429e-02
<MEAN> 25
 3.559765e+00 2.539898e+00 -4.108369e+00 2.916194e-01 4.052670e+00 -2.809332e-01 2.514447e-01 -5.090018e-01 1.222863e+00 1.609821e+00 -1.331336e+00 3.888235e-01 -2.910642e+00 1.216089e+00 1.453842e+00 3.296516e+00 8.907470e-01 2.123478e-01 1.750269e+00 8.816959e-01 1.004454e+00 2.574961e-01 9.623907e-01 9.403404e-01 -9.566505e-02
<VARIANCE> 25
 1.909051e+01 2.593000e+01 2.690415e+01 3.964478e+01 4.101452e+01 6.169552e+01 5.817051e+01 5.102628e+01 5.216821e+01 5.531188e+01 4.698129e+01 3.460091e+01 2.746177e+00 4.509070e+00 4.050926e+00 4.762197e+00 4.569913e+00 7.046908e+00 5.719116e+00 5.494547e+00 5.290735e+00 6.028660e+00 6.354771e+00 4.012688e+00 6.110454e-03
<GCONST> 1.043157e+02
<MIXTURE> 5 3.206198e-03
<MEAN> 25
 -3.411963e+00 2.170002e+00 6.072755e-01 9.438684e+00 6.685103e+00 6.315278e+00 7.126516e+00 4.701316e+00 5.490562e+00 3.846940e+00 4.637364e+00 2.585332e+00 -3.253728e-01 7.514645e-01 1.223191e+00 1.030744e+00 3.060905e-01 -9.803253e-02 -8.349250e-02 3.465297e-02 4.608543e-01 6.837351e-01 4.021032e-01 8.506651e-02 -2.437539e-05
<VARIANCE> 25
 1.023510e+01 1.395191e+01 2.343026e+01 2.558908e+01 2.021881e+01 1.937522e+01 2.013602e+01 2.049530e+01 2.137710e+01 2.122903e+01 2.420580e+01 1.652661e+01 1.207224e+00 1.242221e+00 1.355719e+00 1.670962e+00 2.280171e+00 2.372009e+00 2.296708e+00 2.270196e+00 2.313875e+00 2.233630e+00 2.081703e+00 1.874994e+00 1.004527e-06
<GCONST> 7.516274e+01
<MIXTURE> 6 5.475854e-03
<MEAN> 25
 9.450730e+00 -3.140821e-01 -6.561554e+00 -1.235707e+01 -2.234441e+00 6.503604e+00 -6.486217e+00 -4.608083e+00 -3.480774e+00 1.910387e+00 3.970911e+00 -1.461342e+00 4.755296e-01 9.608524e-01 -3.185011e-01 -1.497849e+00 -5.655988e-01 1.111188e+00 1.581087e+00 2.508228e-01 -1.320656e+00 -1.059641e+00 3.186069e-01 1.138930e+00 -7.858769e-03
<VARIANCE> 25
 8.845755e+00 1.585051e+01 2.219417e+01 5.262822e+01 3.383843e+01 2.850712e+01 4.508837e+01 3.936253e+01 3.781659e+01 3.639394e+01 4.367374e+01 2.760157e+01 2.880068e-01 8.736523e-01 8.821738e-01 1.895996e+00 1.528683e+00 2.399763e+00 1.953439e+00 1.883012e+00 2.331275e+00 2.043688e+00 2.131346e+00 1.394654e+00 5.570622e-04
<GCONST> 8.352264e+01
<MIXTURE> 7 5.475854e-03
<MEAN> 25
 9.450730e+00 -3.140821e-01 -6.561554e+00 -1.235707e+01 -2.234441e+00 6.503604e+00 -6.486217e+00 -4.608083e+00 -3.480774e+00 1.910387e+00 3.970911e+00 -1.461342e+00 4.755296e-01 9.608524e-01 -3.185011e-01 -1.497849e+00 -5.655988e-01 1.111188e+00 1.581087e+00 2.508228e-01 -1.320656e+00 -1.059641e+00 3.186069e-01 1.138930e+00 -7.858769e-03
<VARIANCE> 25
 8.845755e+00 1.585051e+01 2.219417e+01 5.262822e+01 3.383843e+01 2.850712e+01 4.508837e+01 3.936253e+01 3.781659e+01 3.639394e+01 4.367374e+01 2.760157e+01 2.880068e-01 8.736523e-01 8.821738e-01 1.895996e+00 1.528683e+00 2.399763e+00 1.953439e+00 1.883012e+00 2.331275e+00 2.043688e+00 2.131346e+00 1.394654e+00 5.570622e-04
<GCONST> 8.352264e+01
<MIXTURE> 8 1.165917e-02
<MEAN> 25
 -4.592719e+00 1.315393e+00 1.199451e+00 9.578011e+00 6.412931e+00 6.404350e+00 6.717871e+00 5.389675e+00 6.591926e+00 5.583351e+00 6.271970e+00 3.032616e+00 -6.476004e-01 -1.381424e+00 -1.029954e+00 -1.750625e+00 -1.837527e-01 -9.495301e-01 -1.841152e-01 -1.888469e-01 -2.889915e-01 -2.198230e-01 -2.354140e-01 3.434024e-02 9.761337e-02
<VARIANCE> 25
 9.646192e+00 9.608782e+00 1.157627e+01 1.581207e+01 1.689642e+01 1.611253e+01 2.003450e+01 1.958470e+01 1.665134e+01 1.697906e+01 2.098528e+01 1.400111e+01 2.696040e+00 2.782355e+00 3.952952e+00 3.653302e+00 3.458907e+00 3.222140e+00 3.033711e+00 3.297846e+00 2.829620e+00 2.680254e+00 2.435184e+00 1.974365e+00 6.555563e-03
<GCONST> 8.656034e+01
<MIXTURE> 9 1.199672e-02
<MEAN> 25
 8.859800e+00 2.985099e+00 -4.878063e+00 -1.220429e+01 -2.207637e+00 3.467767e+00 -4.929706e+00 -8.602098e-02 -4.693748e+00 -1.140603e+00 1.813674e+00 -2.642194e-01 1.464230e+00 6.160122e-02 -1.226141e-01 -4.084578e+00 -1.522918e+00 9.651844e-01 -1.803555e+00 4.951303e-01 -1.084745e+00 -2.667697e-02 4.781350e-01 8.071357e-02 7.769905e-02
<VARIANCE> 25
 8.625091e+00 1.543906e+01 2.471352e+01 5.858753e+01 3.363124e+01 2.613646e+01 4.679818e+01 3.985737e+01 3.975445e+01 3.040525e+01 3.111527e+01 2.381603e+01 1.775344e+00 1.783935e+00 3.165862e+00 6.352201e+00 3.365059e+00 3.195942e+00 4.353805e+00 4.783101e+00 4.297211e+00 3.395772e+00 3.702963e+00 1.953144e+00 1.943516e-03
<GCONST> 9.411304e+01
<MIXTURE> 10 6.596976e-03
<MEAN> 25
 8.528349e-01 7.587397e+00 5.413436e+00 7.162652e+00 1.572253e+00 -2.133509e+00 -4.326254e-01 -1.715115e+00 8.378330e-01 9.087344e-01 7.825081e-01 5.768490e-01 -1.903586e+00 -6.511558e-01 -4.790888e-01 3.030778e+00 2.438400e+00 2.696833e+00 2.379018e+00 2.239868e+00 1.869587e+00 1.558369e+00 2.307504e+00 5.270892e-01 -1.378603e-01
<VARIANCE> 25
 1.942858e+01 2.066805e+01 2.234434e+01 2.880466e+01 3.794207e+01 3.472001e+01 3.565022e+01 3.361681e+01 2.748338e+01 2.899559e+01 2.700028e+01 2.535419e+01 2.261972e+00 3.435738e+00 5.537975e+00 5.121534e+00 5.550575e+00 4.439956e+00 4.653239e+00 4.929154e+00 4.354830e+00 4.998427e+00 4.470884e+00 3.158498e+00 2.676366e-03
<GCONST> 9.742867e+01
<MIXTURE> 11 1.633820e-02
<MEAN> 25
 6.815324e+00 3.866495e+00 2.774251e+00 5.423695e+00 -3.413034e+00 -1.457012e+00 -9.004707e-01 -6.649340e+00 -3.113342e+00 9.787996e-01 -1.985711e+00 -1.951364e+00 -4.507284e-01 4.397411e-01 -5.065331e-02 6.059941e-01 4.137522e-01 3.423009e-02 3.868067e-01 -1.545553e-01 1.419200e-02 1.851537e-02 -8.619455e-02 2.357876e-01 -2.287848e-02
<VARIANCE> 25
 1.068145e+01 1.872576e+01 2.040357e+01 2.681355e+01 3.244854e+01 3.123426e+01 4.501393e+01 3.414084e+01 3.538445e+01 2.936866e+01 3.024804e+01 2.884867e+01 9.496772e-01 1.162030e+00 1.735328e+00 2.176838e+00 1.839393e+00 1.743073e+00 1.768950e+00 2.552670e+00 2.160328e+00 1.668633e+00 1.523043e+00 1.321057e+00 1.019205e-03
<GCONST> 8.471917e+01
<MIXTURE> 12 5.904134e-03
<MEAN> 25
 1.063221e+01 3.626862e+00 -4.468161e+00 -1.626590e+01 -8.358303e+00 8.099439e+00 -1.273811e+00 -1.504762e+00 -1.948518e+00 -4.371168e+00 2.051495e+00 8.880925e-01 7.755291e-02 2.601144e-01 5.862208e-02 -2.978899e-01 -2.757448e-01 3.253169e-02 3.384774e-01 3.595262e-01 1.863817e-01 -2.923736e-01 -3.260093e-01 8.116695e-02 -5.819237e-03
<VARIANCE> 25
 8.578841e+00 1.948364e+01 2.168497e+01 3.528516e+01 3.999363e+01 3.142238e+01 4.366629e+01 4.793494e+01 4.293872e+01 3.758007e+01 3.625057e+01 2.771421e+01 2.385052e-01 6.747611e-01 6.466513e-01 1.305343e+00 1.163642e+00 1.007249e+00 1.166023e+00 1.463533e+00 1.246427e+00 1.297646e+00 1.195250e+00 9.270222e-01 5.906360e-04
<GCONST> 7.863326e+01
<MIXTURE> 13 5.904134e-03
<MEAN> 25
 1.063221e+01 3.626862e+00 -4.468161e+00 -1.626590e+01 -8.358303e+00 8.099439e+00 -1.273811e+00 -1.504762e+00 -1.948518e+00 -4.371168e+00 2.051495e+00 8.880925e-01 7.755291e-02 2.601144e-01 5.862208e-02 -2.978899e-01 -2.757448e-01 3.253169e-02 3.384774e-01 3.595262e-01 1.863817e-01 -2.923736e-01 -3.260093e-01 8.116695e-02 -5.819237e-03
<VARIANCE> 25
 8.578841e+00 1.948364e+01 2.168497e+01 3.528516e+01 3.999363e+01 3.142238e+01 4.366629e+01 4.793494e+01 4.293872e+01 3.758007e+01 3.625057e+01 2.771421e+01 2.385052e-01 6.747611e-01 6.466513e-01 1.305343e+00 1.163642e+00 1.007249e+00 1.166023e+00 1.463533e+00 1.246427e+00 1.297646e+00 1.195250e+00 9.270222e-01 5.906360e-04
<GCONST> 7.863326e+01
<MIXTURE> 14 6.488954e-03
<MEAN> 25
 -4.299324e+00 -3.878018e-01 -3.179654e-01 8.943250e+00 7.490066e+00 7.379402e+00 7.872785e+00 7.267463e+00 7.230737e+00 5.199872e+00 6.815184e+00 4.088229e+00 -2.727235e-01 1.932157e-01 3.638410e-01 3.045160e-01 5.019851e-03 6.118858e-02 9.747429e-02 1.789922e-01 2.911574e-01 5.385432e-01 5.055174e-01 7.042116e-02 -9.260097e-03
<VARIANCE> 25
 9.311414e+00 1.379175e+01 1.854277e+01 1.793061e+01 2.089609e+01 1.950315e+01 2.171070e+01 2.112149e+01 2.007152e+01 2.391734e+01 2.171821e+01 1.594938e+01 9.620999e-01 1.632016e+00 1.774409e+00 1.936022e+00 2.236268e+00 2.259173e+00 2.248884e+00 2.240122e+00 2.293858e+00 2.507897e+00 2.187698e+00 1.825560e+00 1.027977e-03
<GCONST> 8.194485e+01
<MIXTURE> 15 2.475190e-03
<MEAN> 25
 -5.077267e+00 -7.231053e-01 -1.688771e-01 7.845634e+00 5.567429e+00 5.856972e+00 6.583532e+00 4.320124e+00 5.029316e+00 3.813044e+00 4.925220e+00 2.427811e+00 -1.273999e-01 -2.739496e-03 1.268494e-01 2.523496e-01 4.369006e-01 8.010274e-01 1.061262e+00 1.195568e+00 1.071995e+00 7.704542e-01 4.167275e-01 6.748785e-02 2.205929e-04
<VARIANCE> 25
 7.887945e+00 5.280637e+00 8.504293e+00 1.462014e+01 1.322714e+01 1.369333e+01 1.677693e+01 1.856874e+01 1.405646e+01 1.469193e+01 1.772369e+01 1.223626e+01 1.340541e-01 2.046194e-01 3.436709e-01 4.697001e-01 7.023936e-01 7.709935e-01 7.236822e-01 7.732756e-01 8.662577e-01 1.010873e+00 1.001381e+00 1.255671e+00 2.827350e-05
<GCONST> 5.915862e+01
<MIXTURE> 16 2.475190e-03
<MEAN> 25
 -5.077267e+00 -7.231053e-01 -1.688771e-01 7.845634e+00 5.567429e+00 5.856972e+00 6.583532e+00 4.320124e+00 5.029316e+00 3.813044e+00 4.925220e+00 2.427811e+00 -1.273999e-01 -2.739496e-03 1.268494e-01 2.523496e-01 4.369006e-01 8.010274e-01 1.061262e+00 1.195568e+00 1.071995e+00 7.704542e-01 4.167275e-01 6.748785e-02 2.205929e-04
<VARIANCE> 25
 7.887945e+00 5.280637e+00 8.504293e+00 1.462014e+01 1.322714e+01 1.369333e+01 1.677693e+01 1.856874e+01 1.405646e+01 1.469193e+01 1.772369e+01 1.223626e+01 1.340541e-01 2.046194e-01 3.436709e-01 4.697001e-01 7.023936e-01 7.709935e-01 7.236822e-01 7.732756e-01 8.662577e-01 1.010873e+00 1.001381e+00 1.255671e+00 2.827350e-05
<GCONST> 5.915862e+01
<MIXTURE> 17 9.518312e-03
<MEAN> 25
 3.756970e+00 -7.739699e-01 6.381721e+00 2.425779e+00 -5.970509e+00 -6.364949e+00 -3.104549e+00 -1.611239e-01 -2.652371e+00 -3.266824e+00 6.566945e-02 -8.646196e-03 -7.618291e-01 -1.211721e+00 1.309227e+00 -2.141472e+00 -2.354022e+00 -1.646499e-01 1.724567e-01 7.733617e-01 -2.797520e-01 -1.888341e-01 1.039072e+00 3.970986e-01 8.260529e-02
<VARIANCE> 25
 1.653388e+01 3.154696e+01 3.035935e+01 3.983715e+01 4.509793e+01 4.897474e+01 4.281352e+01 3.431794e+01 3.557877e+01 2.693868e+01 2.801631e+01 2.805929e+01 1.846083e+00 2.714401e+00 4.009153e+00 3.086797e+00 4.123084e+00 5.485702e+00 5.013140e+00 4.718867e+00 4.085792e+00 4.037217e+00 3.060579e+00 2.732927e+00 2.124023e-03
<GCONST> 9.700914e+01
<MIXTURE> 18 1.221018e-02
<MEAN> 25
 3.357407e+00 3.674385e+00 7.515398e+00 4.309436e+00 -4.978303e+00 -8.359284e+00 -1.151193e+00 -1.153656e+00 -3.880650e+00 -2.894724e+00 -8.950464e-01 5.350585e-01 -7.494358e-01 2.276410e+00 -6.785669e-01 2.079098e+00 2.987313e+00 1.648924e+00 1.274168e+00 -5.519766e-01 1.060498e+00 8.032512e-01 -3.713402e-01 -4.594768e-03 -1.165354e-01
<VARIANCE> 25
 1.493266e+01 2.505734e+01 2.927097e+01 2.631862e+01 3.768034e+01 2.906697e+01 4.026117e+01 2.987522e+01 3.979431e+01 3.732998e+01 2.777456e+01 3.138045e+01 2.590219e+00 2.647098e+00 4.768267e+00 3.909798e+00 3.898992e+00 4.138352e+00 5.297786e+00 4.070042e+00 4.328264e+00 4.345820e+00 3.925029e+00 3.020050e+00 4.249256e-03
<GCONST> 9.733214e+01
<MIXTURE> 19 9.912824e-03
<MEAN> 25
 -1.002318e+01 1.812250e+00 2.082695e-01 1.264944e+00 3.978177e+00 1.530145e+00 3.414221e+00 1.130223e+00 2.081193e+00 1.150281e+00 1.094595e+00 1.976246e+00 2.092691e+00 1.726349e+00 2.145119e+00 7.205883e-01 -1.048105e+00 -1.007734e+00 -1.069928e+00 -1.412517e+00 -1.480567e+00 -1.169380e+00 -8.085560e-01 -7.953395e-01 1.684522e-03
<VARIANCE> 25
 5.441990e+01 2.986089e+01 4.798355e+01 5.379031e+01 3.322237e+01 3.262239e+01 3.100017e+01 3.046129e+01 2.868524e+01 2.676140e+01 2.975031e+01 1.984198e+01 2.377575e+00 2.187469e+00 2.190481e+00 2.408865e+00 2.578202e+00 2.209320e+00 2.485944e+00 2.447556e+00 2.079388e+00 2.056154e+00 2.257920e+00 1.766477e+00 2.483433e-03
<GCONST> 9.175466e+01
<MIXTURE> 20 6.308331e-03
<MEAN> 25
 -1.418903e+01 7.377946e+00 8.257017e-01 6.097338e+00 4.865875e+00 1.619290e+00 5.197897e+00 9.305001e-01 9.447815e-01 7.820282e-01 2.568932e+00 -3.126856e-01 -3.276875e+00 -8.604327e-01 -1.566044e+00 3.339655e-01 1.531641e+00 2.049098e+00 1.965868e+00 2.058715e+00 2.147389e+00 2.026802e+00 1.678328e+00 9.427427e-01 4.755656e-02
<VARIANCE> 25
 1.957241e+01 2.362752e+01 3.108197e+01 3.751228e+01 3.074687e+01 2.783322e+01 2.984587e+01 3.271363e+01 2.796423e+01 2.818411e+01 2.507194e+01 2.085203e+01 2.097018e+00 2.181938e+00 1.909594e+00 2.528615e+00 2.708421e+00 2.341771e+00 2.325953e+00 2.315639e+00 2.240576e+00 2.665520e+00 2.237692e+00 1.858896e+00 1.890253e-03
<GCONST> 8.927740e+01
<MIXTURE> 21 7.928653e-03
<MEAN> 25
 3.968486e+00 -6.087239e+00 7.564072e+00 -1.615567e+00 -1.100554e+01 -1.013471e+01 -5.580730e+00 5.344152e+00 -3.381648e+00 -3.543849e+00 8.887206e-01 -2.930527e-01 -6.806130e-01 1.335974e+00 2.621083e+00 -1.736223e-01 -1.559060e+00 2.629801e-01 9.017066e-01 -1.637202e+00 -2.484100e+00 -1.319108e-01 1.501360e+00 1.022456e-01 -1.117450e-02
<VARIANCE> 25
 7.324263e+00 2.446503e+01 3.755949e+01 2.339963e+01 2.441211e+01 3.533193e+01 6.818750e+01 3.824357e+01 4.612165e+01 2.641127e+01 3.049227e+01 2.080731e+01 3.151688e-01 9.585825e-01 1.634114e+00 1.199655e+00 1.882016e+00 2.234777e+00 3.533507e+00 2.340141e+00 3.038023e+00 2.883680e+00 1.859527e+00 2.060812e+00 3.992927e-04
<GCONST> 8.481103e+01
<MIXTURE> 22 8.827789e-03
<MEAN> 25
 -1.791157e+01 7.151124e+00 -4.132959e+00 7.380092e+00 4.609889e+00 2.745148e+00 8.398617e+00 1.754556e+00 5.375483e+00 3.294288e+00 5.709958e+00 1.189865e+00 -3.088709e-01 -2.078764e-01 -1.262500e-01 -1.462368e-01 -8.268360e-03 1.364552e-01 1.805005e-01 1.769966e-01 2.496584e-01 2.058179e-01 1.721131e-01 1.923944e-01 8.843789e-03
<VARIANCE> 25
 8.194329e+00 1.686067e+01 1.738857e+01 2.522164e+01 2.289413e+01 2.095135e+01 1.941535e+01 1.894629e+01 1.817054e+01 2.087106e+01 1.923806e+01 1.383161e+01 1.089749e+00 1.357283e+00 1.363056e+00 1.574541e+00 1.407397e+00 1.524628e+00 1.508100e+00 1.537818e+00 1.614780e+00 1.544269e+00 1.357745e+00 1.166499e+00 1.744352e-03
<GCONST> 7.834367e+01
<MIXTURE> 23 6.455497e-03
<MEAN> 25
 7.804626e+00 2.405707e+00 2.733786e+00 2.380560e+00 -4.855576e+00 -3.002288e+00 -3.887134e+00 -6.504714e+00 -3.373345e+00 -8.703392e-01 -3.995400e+00 -2.041895e+00 2.801519e-02 1.749147e-01 2.719565e-02 7.334842e-02 1.571743e-02 3.518404e-02 3.565732e-02 -1.172400e-02 3.989260e-02 2.050759e-02 -4.724812e-02 3.256742e-02 -4.879752e-03
<VARIANCE> 25
 1.076610e+01 2.164236e+01 2.654242e+01 3.995438e+01 3.694708e+01 5.276502e+01 6.123792e+01 5.335854e+01 4.685026e+01 4.647406e+01 4.756112e+01 3.944108e+01 1.174323e-01 2.902728e-01 3.965957e-01 4.912396e-01 5.880345e-01 7.068192e-01 7.589334e-01 9.145575e-01 9.089165e-01 8.890264e-01 9.090151e-01 7.718424e-01 9.242754e-05
<GCONST> 7.314011e+01
<MIXTURE> 24 6.455497e-03
<MEAN> 25
 7.804626e+00 2.405707e+00 2.733786e+00 2.380560e+00 -4.855576e+00 -3.002288e+00 -3.887134e+00 -6.504714e+00 -3.373345e+00 -8.703392e-01 -3.995400e+00 -2.041895e+00 2.801519e-02 1.749147e-01 2.719565e-02 7.334842e-02 1.571743e-02 3.518404e-02 3.565732e-02 -1.172400e-02 3.989260e-02 2.050759e-02 -4.724812e-02 3.256742e-02 -4.879752e-03
<VARIANCE> 25
 1.076610e+01 2.164236e+01 2.654242e+01 3.995438e+01 3.694708e+01 5.276502e+01 6.123792e+01 5.335854e+01 4.685026e+01 4.647406e+01 4.756112e+01 3.944108e+01 1.174323e-01 2.902728e-01 3.965957e-01 4.912396e-01 5.880345e-01 7.068192e-01 7.589334e-01 9.145575e-01 9.089165e-01 8.890264e-01 9.090151e-01 7.718424e-01 9.242754e-05
<GCONST> 7.314011e+01
<MIXTURE> 25 1.118642e-02
<MEAN> 25
 3.063660e-01 3.357601e+00 1.676253e+01 -1.011911e+00 -1.134719e+01 -1.919940e+00 -5.076277e+00 -2.843058e+00 -6.950028e+00 -5.493235e+00 4.073173e+00 -1.655455e+00 -1.275268e-01 4.280569e-01 1.647912e-01 1.515093e-01 2.058420e-01 1.095054e-01 1.859553e-01 -1.620813e-01 -2.299196e-01 9.100959e-02 -9.067484e-02 -9.153365e-02 -1.277882e-02
<VARIANCE> 25
 8.743296e+00 2.303543e+01 2.059751e+01 2.835481e+01 3.120906e+01 4.238066e+01 2.751305e+01 3.040692e+01 2.800904e+01 3.631667e+01 2.076793e+01 2.726904e+01 5.973169e-01 1.443266e+00 1.395030e+00 1.376118e+00 2.256537e+00 2.011743e+00 1.745131e+00 1.615772e+00 1.550634e+00 1.652333e+00 1.356324e+00 1.303276e+00 1.269985e-03
<GCONST> 8.269794e+01
<MIXTURE> 26 7.727677e-03
<MEAN> 25
 2.195218e+00 -6.343126e+00 -1.032691e+01 -6.564288e-01 7.886694e+00 5.463766e+00 4.089138e+00 -3.643628e-01 2.214648e+00 -8.840889e-01 -2.852495e+00 -9.536312e-01 -6.565149e-01 6.163351e-01 3.603128e-01 6.995091e-01 1.645835e-01 2.363555e-01 2.979127e-01 3.390740e-01 3.020921e-01 7.869668e-02 3.858657e-01 4.298253e-01 -5.242309e-02
<VARIANCE> 25
 2.491118e+01 3.448999e+01 2.586109e+01 6.211293e+01 3.968559e+01 4.206385e+01 4.597049e+01 4.415284e+01 3.938516e+01 5.426258e+01 4.015374e+01 4.672947e+01 1.640318e+00 1.955748e+00 1.925152e+00 1.989008e+00 2.328588e+00 2.354801e+00 2.507771e+00 2.718657e+00 2.347762e+00 2.323999e+00 2.147508e+00 1.985646e+00 3.320504e-03
<GCONST> 9.389367e+01
<MIXTURE> 27 7.727677e-03
<MEAN> 25
 2.195218e+00 -6.343126e+00 -1.032691e+01 -6.564288e-01 7.886694e+00 5.463766e+00 4.089138e+00 -3.643628e-01 2.214648e+00 -8.840889e-01 -2.852495e+00 -9.536312e-01 -6.565149e-01 6.163351e-01 3.603128e-01 6.995091e-01 1.645835e-01 2.363555e-01 2.979127e-01 3.390740e-01 3.020921e-01 7.869668e-02 3.858657e-01 4.298253e-01 -5.242309e-02
<VARIANCE> 25
 2.491118e+01 3.448999e+01 2.586109e+01 6.211293e+01 3.968559e+01 4.206385e+01 4.597049e+01 4.415284e+01 3.938516e+01 5.426258e+01 4.015374e+01 4.672947e+01 1.640318e+00 1.955748e+00 1.925152e+00 1.989008e+00 2.328588e+00 2.354801e+00 2.507771e+00 2.718657e+00 2.347762e+00 2.323999e+00 2.147508e+00 1.985646e+00 3.320504e-03
<GCONST> 9.389367e+01
<MIXTURE> 28 5.036674e-03
<MEAN> 25
 -5.235118e+00 -1.070265e-01 -1.521730e+00 6.987122e+00 5.065785e+00 3.630978e+00 5.804617e+00 2.765774e+00 3.871671e+00 2.435814e+00 2.317101e+00 2.798579e+00 -1.326581e-01 2.257373e-01 5.379099e-01 7.617196e-01 7.688425e-01 6.989306e-01 4.906302e-01 4.014334e-01 5.033292e-01 5.026695e-01 3.499860e-01 1.320790e-01 4.547630e-05
<VARIANCE> 25
 1.059809e+01 8.112734e+00 1.155527e+01 1.623264e+01 1.436565e+01 1.699100e+01 1.947216e+01 2.024466e+01 1.634060e+01 1.587416e+01 2.129072e+01 1.829999e+01 2.615128e-01 3.209937e-01 3.950645e-01 4.499918e-01 6.443540e-01 8.112721e-01 1.032062e+00 1.102823e+00 1.132508e+00 9.913612e-01 1.002096e+00 1.114841e+00 1.084529e-06
<GCONST> 6.040126e+01
<MIXTURE> 29 5.036674e-03
<MEAN> 25
 -5.235118e+00 -1.070265e-01 -1.521730e+00 6.987122e+00 5.065785e+00 3.630978e+00 5.804617e+00 2.765774e+00 3.871671e+00 2.435814e+00 2.317101e+00 2.798579e+00 -1.326581e-01 2.257373e-01 5.379099e-01 7.617196e-01 7.688425e-01 6.989306e-01 4.906302e-01 4.014334e-01 5.033292e-01 5.026695e-01 3.499860e-01 1.320790e-01 4.547630e-05
<VARIANCE> 25
 1.059809e+01 8.112734e+00 1.155527e+01 1.623264e+01 1.436565e+01 1.699100e+01 1.947216e+01 2.024466e+01 1.634060e+01 1.587416e+01 2.129072e+01 1.829999e+01 2.615128e-01 3.209937e-01 3.950645e-01 4.499918e-01 6.443540e-01 8.112721e-01 1.032062e+00 1.102823e+00 1.132508e+00 9.913612e-01 1.002096e+00 1.114841e+00 1.084529e-06
<GCONST> 6.040126e+01
<MIXTURE> 30 8.917812e-03
<MEAN> 25
 -3.965335e+00 -6.401431e-01 5.417674e-01 1.007942e+01 6.803622e+00 7.742657e+00 8.717814e+00 4.961054e+00 6.372701e+00 4.068124e+00 4.845300e+00 2.767138e+00 -3.840433e-02 4.704285e-02 3.640407e-02 1.455657e-01 1.055956e-01 8.897751e-02 2.184165e-02 4.621661e-03 2.901708e-02 1.134711e-01 4.878987e-02 2.840103e-02 -1.285872e-03
<VARIANCE> 25
 6.430331e+00 8.562050e+00 9.275574e+00 1.464721e+01 1.513037e+01 1.436222e+01 1.949767e+01 2.552765e+01 1.647752e+01 1.781434e+01 2.980930e+01 1.655694e+01 1.196694e-01 1.800174e-01 2.911581e-01 4.134225e-01 5.515449e-01 6.740289e-01 7.489138e-01 8.119913e-01 7.966198e-01 8.472964e-01 8.397348e-01 8.797452e-01 4.323842e-05
<GCONST> 6.015546e+01
<MIXTURE> 31 4.136493e-03
<MEAN> 25
 -3.262217e+00 -5.622161e+00 1.918616e-02 5.053501e+00 3.675927e+00 1.838750e+00 5.513531e+00 6.438383e+00 2.717078e+00 1.163672e+00 6.268876e+00 3.109392e+00 2.552274e-01 4.719370e-01 -2.066554e-01 3.086613e-01 1.268243e-01 4.398744e-01 1.858906e-01 2.533416e-02 3.711108e-01 3.988926e-01 1.188790e-01 1.064586e-01 -1.804590e-02
<VARIANCE> 25
 7.065761e+00 1.514279e+01 1.708126e+01 1.861733e+01 2.476794e+01 2.414533e+01 2.563956e+01 2.653782e+01 2.533109e+01 2.765893e+01 2.245900e+01 1.873840e+01 1.877838e-01 4.828685e-01 5.991820e-01 7.540740e-01 9.476520e-01 1.082841e+00 1.196547e+00 1.400019e+00 1.317373e+00 1.303757e+00 1.230361e+00 1.119518e+00 2.548417e-04
<GCONST> 7.182544e+01
<MIXTURE> 32 4.136493e-03
<MEAN> 25
 -3.262217e+00 -5.622161e+00 1.918616e-02 5.053501e+00 3.675927e+00 1.838750e+00 5.513531e+00 6.438383e+00 2.717078e+00 1.163672e+00 6.268876e+00 3.109392e+00 2.552274e-01 4.719370e-01 -2.066554e-01 3.086613e-01 1.268243e-01 4.398744e-01 1.858906e-01 2.533416e-02 3.711108e-01 3.988926e-01 1.188790e-01 1.064586e-01 -1.804590e-02
<VARIANCE> 25
 7.065761e+00 1.514279e+01 1.708126e+01 1.861733e+01 2.476794e+01 2.414533e+01 2.563956e+01 2.653782e+01 2.533109e+01 2.765893e+01 2.245900e+01 1.873840e+01 1.877838e-01 4.828685e-01 5.991820e-01 7.540740e-01 9.476520e-01 1.082841e+00 1.196547e+00 1.400019e+00 1.317373e+00 1.303757e+00 1.230361e+00 1.119518e+00 2.548417e-04
<GCONST> 7.182544e+01
<MIXTURE> 33 1.508826e-02
<MEAN> 25
 6.612069e+00 -4.195968e+00 -2.379256e+00 -2.751710e+00 -1.850039e+00 -5.910628e+00 -7.850275e+00 1.963476e+00 2.358584e+00 -4.853153e-01 -4.864500e+00 -3.275874e+00 7.706504e-01 -1.164917e+00 -2.396677e+00 -1.791500e+00 1.389498e+00 1.334086e+00 -7.049918e-01 5.684370e-01 8.505921e-01 6.662974e-01 -2.535000e-01 -1.259950e+00 3.534199e-02
<VARIANCE> 25
 9.348742e+00 2.045448e+01 2.764641e+01 3.542580e+01 3.825925e+01 4.338770e+01 4.538215e+01 4.455334e+01 3.806923e+01 4.142872e+01 3.330492e+01 2.776629e+01 1.335029e+00 1.834894e+00 2.147245e+00 2.216853e+00 4.042122e+00 3.387868e+00 4.145627e+00 5.414857e+00 3.969123e+00 4.299142e+00 3.227429e+00 2.577083e+00 1.474008e-03
<GCONST> 9.392649e+01
<MIXTURE> 34 1.588179e-02
<MEAN> 25
 8.450332e+00 1.097313e-01 -9.815599e-01 -9.581024e-02 -1.633179e+00 -6.493888e-01 -6.289118e+00 -4.964976e+00 -1.511094e+00 2.118915e+00 -1.746224e+00 -3.145344e+00 -1.420259e-01 1.434015e+00 1.037459e+00 2.707854e+00 -1.770305e-01 6.433762e-01 1.764282e+00 -2.272518e+00 -7.386467e-01 4.109707e-01 -2.805742e-02 6.307553e-01 -7.518581e-02
<VARIANCE> 25
 5.764448e+00 2.702796e+01 2.646285e+01 4.692135e+01 3.274714e+01 4.116048e+01 5.419888e+01 5.078068e+01 4.267194e+01 3.649619e+01 3.622457e+01 2.871635e+01 9.816287e-01 1.661845e+00 3.572514e+00 3.328489e+00 4.172223e+00 5.782556e+00 5.141562e+00 4.900949e+00 3.753785e+00 3.701474e+00 4.383905e+00 3.228698e+00 1.136764e-03
<GCONST> 9.542134e+01
<MIXTURE> 35 1.467755e-02
<MEAN> 25
 -2.139848e+00 -5.078660e+00 -9.764512e+00 5.418687e-01 9.426856e+00 6.909160e-01 2.027502e+00 2.274384e+00 1.656934e+00 4.340607e+00 1.817844e-01 1.916859e+00 5.651227e-01 -1.069919e+00 -1.334680e+00 -1.492447e+00 3.934753e-01 -8.302532e-01 -7.501989e-01 -2.844872e-03 -1.228078e-01 1.271489e-01 -5.453865e-01 -5.333173e-01 1.072280e-01
<VARIANCE> 25
 1.898821e+01 2.877618e+01 4.244855e+01 6.144692e+01 4.209735e+01 5.755291e+01 5.257548e+01 4.352536e+01 4.969960e+01 3.830758e+01 3.615860e+01 3.035795e+01 3.551429e+00 3.510350e+00 6.667696e+00 5.761325e+00 5.035060e+00 5.500628e+00 4.949070e+00 4.877102e+00 4.998213e+00 4.402323e+00 4.167126e+00 3.670047e+00 5.231886e-03
<GCONST> 1.034398e+02
<MIXTURE> 36 1.093293e-02
<MEAN> 25
 4.243058e+00 -4.054289e+00 8.719019e+00 2.390906e+00 -1.081250e+01 -9.809192e+00 -7.278552e+00 3.714195e+00 -3.002167e+00 -5.307476e+00 2.348898e+00 -4.260986e-01 2.759023e-01 1.078317e-01 -8.845930e-01 1.661368e-01 6.003329e-01 4.784323e-02 -2.626298e-01 8.707427e-03 7.286937e-01 5.879111e-01 -6.524784e-01 9.738687e-02 -1.492675e-02
<VARIANCE> 25
 9.643413e+00 1.411579e+01 2.538197e+01 2.266990e+01 2.613893e+01 2.749568e+01 3.963469e+01 2.937434e+01 3.478556e+01 2.783178e+01 2.314418e+01 2.167459e+01 4.868204e-01 6.736199e-01 1.352645e+00 1.188094e+00 1.534272e+00 1.296450e+00 2.099353e+00 1.437325e+00 2.047199e+00 1.468095e+00 1.327349e+00 1.781983e+00 6.155598e-04
<GCONST> 7.966605e+01
<MIXTURE> 37 1.246826e-02
<MEAN> 25
 5.613755e-01 7.736360e+00 1.204066e+01 -5.495263e+00 -7.996829e+00 -1.079392e+00 -5.016572e+00 -8.292087e+00 -3.729136e+00 -8.984433e-01 -3.653533e+00 -1.304811e+00 1.821339e-01 6.557773e-01 -1.363269e+00 3.582364e+00 1.982284e+00 -2.890208e-01 1.107655e+00 4.200095e-01 5.421243e-01 -3.041971e-01 5.286551e-01 -9.410733e-02 -9.506857e-02
<VARIANCE> 25
 1.590223e+01 2.604882e+01 3.079572e+01 5.147454e+01 3.399831e+01 3.197897e+01 4.451891e+01 3.502525e+01 3.857127e+01 3.606678e+01 3.761722e+01 3.087513e+01 2.941154e+00 3.410908e+00 3.017847e+00 4.069970e+00 4.609313e+00 3.750689e+00 4.238614e+00 3.830331e+00 3.465549e+00 3.664459e+00 3.863578e+00 2.779132e+00 3.910908e-03
<GCONST> 9.780296e+01
<MIXTURE> 38 1.154525e-02
<MEAN> 25
 -5.227052e+00 7.922594e+00 5.368717e+00 3.675085e+00 2.696902e-01 -4.266362e+00 -7.193812e-01 -2.101697e+00 -2.070455e+00 -3.984338e+00 -1.339942e+00 -9.251033e-02 -4.459078e+00 1.642352e+00 -1.833841e-01 7.586564e-01 2.931136e+00 1.627415e+00 1.220944e+00 5.950726e-01 5.061582e-01 2.219784e-01 7.104858e-01 9.545787e-02 5.497235e-02
<VARIANCE> 25
 3.093554e+01 2.576403e+01 3.625231e+01 3.007910e+01 4.559857e+01 3.374052e+01 3.946421e+01 3.474509e+01 2.775179e+01 3.036552e+01 1.971605e+01 2.457611e+01 1.832079e+00 3.249468e+00 2.838408e+00 4.649350e+00 3.521376e+00 5.672891e+00 4.559108e+00 3.777888e+00 3.382037e+00 3.785507e+00 3.865154e+00 2.496608e+00 2.228732e-03
<GCONST> 9.601898e+01
<MIXTURE> 39 9.501865e-03
<MEAN> 25
 1.340997e+00 2.605193e+00 1.021566e+01 -9.219269e+00 -1.129335e+01 -9.902295e-01 -2.965273e+00 -6.575943e+00 -4.524427e+00 8.718804e-01 -3.681974e+00 -2.295589e+00 -7.291375e-01 1.523065e+00 1.626344e+00 -1.390219e+00 7.888729e-02 1.222999e+00 -1.200543e+00 -1.252969e+00 4.299031e-01 4.456794e-01 -5.055201e-01 1.235882e-01 1.319134e-03
<VARIANCE> 25
 8.907972e+00 3.009446e+01 3.165511e+01 3.826901e+01 3.718282e+01 4.271565e+01 4.444893e+01 3.347625e+01 3.943467e+01 3.322268e+01 3.620495e+01 2.945080e+01 6.916799e-01 1.547077e+00 1.512623e+00 2.926056e+00 2.418057e+00 2.822739e+00 3.052681e+00 2.748477e+00 2.436006e+00 2.617703e+00 2.121428e+00 2.070110e+00 1.184626e-03
<GCONST> 8.966014e+01
<MIXTURE> 40 1.030800e-02
<MEAN> 25
 -8.949699e+00 2.084574e+00 -1.153651e+00 8.171719e+00 3.582754e+00 5.428031e+00 5.466320e+00 3.923700e+00 4.516404e+00 4.186930e+00 5.464322e+00 1.689237e+00 -9.702218e-02 -2.291848e-01 -3.558253e-02 -1.762339e-01 -8.234583e-02 -1.050102e-01 5.362421e-02 3.216514e-02 -1.695486e-02 -1.887134e-02 7.933627e-02 2.209303e-02 3.225059e-03
<VARIANCE> 25
 4.487092e+01 2.019126e+01 2.883765e+01 2.748574e+01 2.679310e+01 1.888646e+01 2.021641e+01 2.098712e+01 1.694941e+01 1.826033e+01 1.967781e+01 1.439466e+01 7.273198e-01 7.196230e-01 8.771500e-01 1.174198e+00 1.127269e+00 1.223227e+00 1.284299e+00 1.323510e+00 1.253536e+00 1.223116e+00 1.149984e+00 1.072884e+00 8.421536e-04
<GCONST> 7.688141e+01
<MIXTURE> 41 6.713375e-03
<MEAN> 25
 1.310405e+00 1.785348e+00 1.047383e+01 -6.965234e+00 -1.047072e+01 -3.856735e+00 -2.487900e+00 -5.041388e+00 -4.653944e+00 2.661944e+00 -1.742854e+00 -9.517791e-01 7.878445e-02 -7.603272e-01 1.696832e+00 -3.560872e+00 -2.460973e+00 -1.125978e-01 -5.078673e-01 -3.564911e-01 -8.275586e-01 1.087015e+00 -1.045627e+00 8.311503e-02 8.630412e-02
<VARIANCE> 25
 1.170339e+01 2.964971e+01 3.264543e+01 4.005333e+01 3.869756e+01 4.015522e+01 3.715742e+01 2.988551e+01 3.310670e+01 2.877135e+01 3.187937e+01 2.719011e+01 3.180312e+00 3.311394e+00 3.824210e+00 3.800350e+00 4.903220e+00 5.874594e+00 4.720122e+00 4.558871e+00 3.975667e+00 4.219529e+00 3.832987e+00 3.222917e+00 2.929209e-03
<GCONST> 9.791824e+01
<MIXTURE> 42 1.106211e-02
<MEAN> 25
 -2.970721e+00 3.823917e+00 4.570679e+00 3.415479e+00 2.458069e-01 -5.813041e+00 -1.948869e+00 -5.549654e-01 -2.449029e-01 -2.567880e+00 -2.335300e+00 7.809468e-01 4.421536e+00 -7.646130e-01 7.300359e-01 -3.226213e-01 -2.823220e+00 -1.662356e+00 -2.361953e+00 -5.847911e-01 -7.543156e-01 -1.922919e-01 4.636411e-01 -1.455361e+00 5.013876e-04
<VARIANCE> 25
 3.487010e+01 1.996201e+01 4.018547e+01 2.278468e+01 3.464119e+01 3.566321e+01 4.073007e+01 2.670445e+01 4.489943e+01 2.794208e+01 1.665381e+01 1.772387e+01 3.161285e+00 4.348465e+00 8.052409e+00 4.682195e+00 4.006985e+00 5.625135e+00 4.297308e+00 4.306194e+00 4.067372e+00 6.330643e+00 3.557037e+00 3.960153e+00 4.019164e-03
<GCONST> 9.890584e+01
<MIXTURE> 43 7.108249e-03
<MEAN> 25
 3.168661e+00 -6.294074e+00 -2.251565e+00 -5.178113e+00 -7.396635e+00 -3.397066e+00 4.146329e+00 1.302766e+00 -5.058119e+00 -7.074720e+00 -4.321398e+00 -1.238286e+00 2.358700e-01 2.162256e+00 1.913344e+00 -1.312682e-01 -1.428339e+00 -7.933199e-01 -9.681219e-01 -7.785456e-01 8.227549e-01 1.467529e+00 3.425092e-01 2.132242e-02 -4.507724e-02
<VARIANCE> 25
 9.585448e+00 1.977471e+01 2.729831e+01 3.521589e+01 3.834685e+01 3.660281e+01 3.324175e+01 3.977297e+01 3.960474e+01 3.880855e+01 2.649861e+01 2.957401e+01 6.913675e-01 1.251777e+00 1.567814e+00 2.489113e+00 2.373609e+00 2.379926e+00 2.650437e+00 3.022188e+00 2.602776e+00 2.573997e+00 2.327888e+00 1.916319e+00 9.419899e-04
<GCONST> 8.795443e+01
<MIXTURE> 44 7.328289e-03
<MEAN> 25
 -1.559539e+01 2.858837e+00 5.168163e+00 -2.055124e+00 3.350944e+00 2.322860e+00 -2.625484e+00 1.761126e+00 1.772386e+00 -2.897437e+00 1.847363e+00 2.294266e+00 -2.498321e-01 -2.334556e-01 5.106981e-02 5.023335e-01 8.863349e-02 2.027446e-01 2.531487e-01 1.913498e-01 5.246532e-01 -1.453040e-01 -4.094291e-01 2.335775e-01 5.285621e-03
<VARIANCE> 25
 3.065317e+01 2.411388e+01 3.497303e+01 2.631025e+01 2.420996e+01 2.515255e+01 4.127403e+01 2.845380e+01 2.397406e+01 3.224248e+01 2.726797e+01 1.733706e+01 1.298460e+00 1.427560e+00 1.129804e+00 1.287468e+00 1.801203e+00 1.272438e+00 1.503076e+00 1.603866e+00 1.526595e+00 1.500002e+00 2.537852e+00 9.737170e-01 1.144718e-03
<GCONST> 8.332782e+01
<MIXTURE> 45 1.364932e-02
<MEAN> 25
 -1.209190e+01 4.183496e+00 -1.973318e+00 2.031376e+00 5.913031e+00 -1.360579e+00 4.989202e+00 3.398282e+00 2.981596e+00 8.505871e-01 1.355876e+00 2.362955e+00 -3.091477e+00 7.651231e-01 -4.390035e-01 -2.167550e-01 5.610018e-01 -3.702506e-01 4.699122e-01 3.444779e-01 9.197094e-02 -1.365636e-01 1.350274e-01 5.818844e-02 1.116829e-01
<VARIANCE> 25
 2.982710e+01 2.996422e+01 3.268470e+01 3.009723e+01 2.457130e+01 2.889076e+01 2.248756e+01 3.711165e+01 2.485316e+01 2.036855e+01 2.524861e+01 1.886538e+01 2.364662e+00 2.540826e+00 2.519545e+00 3.248648e+00 2.587824e+00 2.593510e+00 2.391828e+00 3.151546e+00 2.648943e+00 1.663358e+00 1.800852e+00 1.563733e+00 3.827063e-03
<GCONST> 9.009064e+01
<MIXTURE> 46 9.336259e-03
<MEAN> 25
 -9.434417e+00 2.244039e+00 8.360105e-01 7.367308e+00 6.053057e+00 2.961554e+00 7.060910e+00 4.487887e+00 5.865379e+00 4.560063e+00 4.913188e+00 3.020121e+00 1.128972e+00 -3.054938e-01 5.286451e-02 9.119855e-01 5.676037e-01 9.772939e-01 3.183957e-01 7.061079e-01 4.245562e-01 5.318263e-01 7.042544e-01 4.513078e-01 -1.023181e-01
<VARIANCE> 25
 3.307404e+01 4.242930e+01 4.106126e+01 4.856505e+01 4.936759e+01 4.250860e+01 3.560988e+01 3.478671e+01 3.434807e+01 3.076704e+01 2.794996e+01 1.976607e+01 3.926287e+00 4.061708e+00 3.724028e+00 4.171121e+00 4.089199e+00 3.649899e+00 3.339410e+00 3.040428e+00 2.974338e+00 2.782671e+00 2.322443e+00 1.847507e+00 7.825865e-03
<GCONST> 9.809241e+01
<MIXTURE> 47 7.116147e-03
<MEAN> 25
 7.176871e+00 -7.145410e+00 -7.748603e+00 -6.194592e+00 1.418535e+00 8.741326e-01 -2.344791e+00 1.175240e+00 2.933358e+00 3.429469e-01 -4.236948e+00 -6.761744e+00 -1.726334e-01 -1.244266e+00 -7.296538e-01 -4.324414e-01 5.858170e-01 7.944773e-01 8.744280e-01 3.347585e-01 7.982936e-02 -8.850089e-01 -4.431641e-01 -4.219939e-01 2.983232e-02
<VARIANCE> 25
 1.130634e+01 2.246078e+01 2.005256e+01 3.485579e+01 3.554596e+01 5.145669e+01 4.426038e+01 3.986899e+01 4.253086e+01 4.715208e+01 4.742039e+01 3.301797e+01 5.111855e-01 7.578853e-01 1.158931e+00 1.643767e+00 1.978307e+00 2.166165e+00 2.262612e+00 2.467333e+00 2.191803e+00 2.091068e+00 2.154774e+00 2.005857e+00 5.392620e-04
<GCONST> 8.631257e+01
<MIXTURE> 48 7.116147e-03
<MEAN> 25
 7.176871e+00 -7.145410e+00 -7.748603e+00 -6.194592e+00 1.418535e+00 8.741326e-01 -2.344791e+00 1.175240e+00 2.933358e+00 3.429469e-01 -4.236948e+00 -6.761744e+00 -1.726334e-01 -1.244266e+00 -7.296538e-01 -4.324414e-01 5.858170e-01 7.944773e-01 8.744280e-01 3.347585e-01 7.982936e-02 -8.850089e-01 -4.431641e-01 -4.219939e-01 2.983232e-02
<VARIANCE> 25
 1.130634e+01 2.246078e+01 2.005256e+01 3.485579e+01 3.554596e+01 5.145669e+01 4.426038e+01 3.986899e+01 4.253086e+01 4.715208e+01 4.742039e+01 3.301797e+01 5.111855e-01 7.578853e-01 1.158931e+00 1.643767e+00 1.978307e+00 2.166165e+00 2.262612e+00 2.467333e+00 2.191803e+00 2.091068e+00 2.154774e+00 2.005857e+00 5.392620e-04
<GCONST> 8.631257e+01
<MIXTURE> 49 5.548473e-03
<MEAN> 25
 -4.504379e+00 -2.229389e-01 -1.524652e-01 9.299297e+00 5.662066e+00 5.616237e+00 7.188254e+00 3.395917e+00 4.846138e+00 2.818440e+00 3.617536e+00 2.550160e+00 3.271759e-01 6.072742e-01 6.144959e-01 4.088917e-01 -1.137498e-01 -6.708855e-01 -9.655780e-01 -1.094959e+00 -8.733370e-01 -5.842668e-01 -5.018603e-01 -1.846703e-01 -6.820363e-04
<VARIANCE> 25
 9.278650e+00 9.981999e+00 1.237213e+01 1.641529e+01 1.444058e+01 1.458017e+01 2.192818e+01 2.253516e+01 1.617212e+01 1.882665e+01 2.461829e+01 1.351675e+01 2.402582e-01 2.424830e-01 3.483045e-01 5.486727e-01 8.137600e-01 9.052665e-01 9.637314e-01 9.510229e-01 1.081714e+00 1.178962e+00 1.472386e+00 1.198789e+00 1.577756e-05
<GCONST> 6.373150e+01
<MIXTURE> 50 6.234641e-03
<MEAN> 25
 -4.273776e+00 -9.677801e-02 -1.449482e+00 6.823991e+00 3.936765e+00 2.808235e+00 4.896602e+00 1.260686e+00 2.914820e+00 1.222883e+00 1.423910e+00 2.656359e+00 6.511533e-02 1.942754e-01 7.552473e-02 -1.726405e-01 -4.825657e-01 -5.880510e-01 -4.873410e-01 -1.084579e-01 4.041937e-01 7.200437e-01 7.650024e-01 5.766383e-01 -1.757375e-04
<VARIANCE> 25
 9.834470e+00 9.933363e+00 1.248703e+01 1.564871e+01 1.383462e+01 1.785113e+01 2.379459e+01 2.055418e+01 1.768680e+01 1.537654e+01 2.200869e+01 1.372527e+01 1.335164e-01 2.261082e-01 3.341327e-01 4.781071e-01 5.991531e-01 6.607824e-01 8.779268e-01 1.155262e+00 9.936032e-01 8.292108e-01 8.875999e-01 1.189391e+00 1.144419e-06
<GCONST> 5.875494e+01
<MIXTURE> 51 6.234641e-03
<MEAN> 25
 -4.273776e+00 -9.677801e-02 -1.449482e+00 6.823991e+00 3.936765e+00 2.808235e+00 4.896602e+00 1.260686e+00 2.914820e+00 1.222883e+00 1.423910e+00 2.656359e+00 6.511533e-02 1.942754e-01 7.552473e-02 -1.726405e-01 -4.825657e-01 -5.880510e-01 -4.873410e-01 -1.084579e-01 4.041937e-01 7.200437e-01 7.650024e-01 5.766383e-01 -1.757375e-04
<VARIANCE> 25
 9.834470e+00 9.933363e+00 1.248703e+01 1.564871e+01 1.383462e+01 1.785113e+01 2.379459e+01 2.055418e+01 1.768680e+01 1.537654e+01 2.200869e+01 1.372527e+01 1.335164e-01 2.261082e-01 3.341327e-01 4.781071e-01 5.991531e-01 6.607824e-01 8.779268e-01 1.155262e+00 9.936032e-01 8.292108e-01 8.875999e-01 1.189391e+00 1.144419e-06
<GCONST> 5.875494e+01
<MIXTURE> 52 6.367945e-03
<MEAN> 25
 9.865056e+00 2.074310e+00 -5.875319e+00 -1.528663e+01 -3.797070e+00 7.498204e+00 -3.439134e+00 -2.343480e+00 -4.423595e+00 -1.049486e+00 3.480194e+00 8.447959e-01 -4.041642e-01 -4.256936e-01 -7.923216e-02 1.131193e+00 1.321695e+00 -5.719377e-01 -4.017832e-01 -5.959690e-01 2.931058e-02 1.176547e+00 3.279341e-01 -4.213875e-01 -1.621162e-02
<VARIANCE> 25
 8.353741e+00 1.745745e+01 2.231131e+01 4.211213e+01 3.987707e+01 3.016928e+01 4.546577e+01 4.473627e+01 3.994664e+01 4.374298e+01 3.600503e+01 2.678091e+01 4.543629e-01 1.294730e+00 1.108084e+00 2.563664e+00 2.131952e+00 2.306230e+00 2.808241e+00 2.442455e+00 2.880489e+00 2.331465e+00 2.178125e+00 2.035614e+00 1.498322e-03
<GCONST> 8.774446e+01
<MIXTURE> 53 6.367945e-03
<MEAN> 25
 9.865056e+00 2.074310e+00 -5.875319e+00 -1.528663e+01 -3.797070e+00 7.498204e+00 -3.439134e+00 -2.343480e+00 -4.423595e+00 -1.049486e+00 3.480194e+00 8.447959e-01 -4.041642e-01 -4.256936e-01 -7.923216e-02 1.131193e+00 1.321695e+00 -5.719377e-01 -4.017832e-01 -5.959690e-01 2.931058e-02 1.176547e+00 3.279341e-01 -4.213875e-01 -1.621162e-02
<VARIANCE> 25
 8.353741e+00 1.745745e+01 2.231131e+01 4.211213e+01 3.987707e+01 3.016928e+01 4.546577e+01 4.473627e+01 3.994664e+01 4.374298e+01 3.600503e+01 2.678091e+01 4.543629e-01 1.294730e+00 1.108084e+00 2.563664e+00 2.131952e+00 2.306230e+00 2.808241e+00 2.442455e+00 2.880489e+00 2.331465e+00 2.178125e+00 2.035614e+00 1.498322e-03
<GCONST> 8.774446e+01
<MIXTURE> 54 7.368620e-03
<MEAN> 25
 -3.444097e+00 -8.045361e-02 -6.775758e-01 8.509823e+00 6.326283e+00 4.714393e+00 5.052854e+00 3.937814e+00 3.932920e+00 3.400476e+00 4.105470e+00 2.403133e+00 -9.042993e-03 2.900140e-02 5.304722e-02 3.716403e-02 3.282783e-02 5.728038e-02 7.577011e-02 -3.440090e-02 -6.215559e-03 4.924642e-02 3.378248e-02 -4.398610e-03 1.909863e-05
<VARIANCE> 25
 8.946253e+00 9.932939e+00 8.646657e+00 1.979492e+01 1.270765e+01 1.268528e+01 1.296795e+01 1.657969e+01 1.078063e+01 1.356686e+01 1.853888e+01 1.192034e+01 3.921561e-02 8.466731e-02 1.511866e-01 2.133922e-01 3.047359e-01 3.728690e-01 4.591779e-01 5.362340e-01 5.282305e-01 5.044406e-01 4.844581e-01 6.220711e-01 9.978942e-07
<GCONST> 4.735594e+01
<MIXTURE> 55 7.368620e-03
<MEAN> 25
 -3.444097e+00 -8.045361e-02 -6.775758e-01 8.509823e+00 6.326283e+00 4.714393e+00 5.052854e+00 3.937814e+00 3.932920e+00 3.400476e+00 4.105470e+00 2.403133e+00 -9.042993e-03 2.900140e-02 5.304722e-02 3.716403e-02 3.282783e-02 5.728038e-02 7.577011e-02 -3.440090e-02 -6.215559e-03 4.924642e-02 3.378248e-02 -4.398610e-03 1.909863e-05
<VARIANCE> 25
 8.946253e+00 9.932939e+00 8.646657e+00 1.979492e+01 1.270765e+01 1.268528e+01 1.296795e+01 1.657969e+01 1.078063e+01 1.356686e+01 1.853888e+01 1.192034e+01 3.921561e-02 8.466731e-02 1.511866e-01 2.133922e-01 3.047359e-01 3.728690e-01 4.591779e-01 5.362340e-01 5.282305e-01 5.044406e-01 4.844581e-01 6.220711e-01 9.978942e-07
<GCONST> 4.735594e+01
<MIXTURE> 56 6.132464e-03
<MEAN> 25
 7.404892e+00 -6.484320e+00 -9.199292e+00 -8.371920e+00 3.638506e+00 3.874259e+00 -1.999417e+00 -1.468128e+00 1.805493e+00 8.116831e-01 -2.377678e+00 -6.814930e+00 -6.295272e-03 1.502813e-02 -6.040775e-02 6.449410e-02 2.560617e-01 2.869324e-02 1.084396e-01 -1.138461e-01 -4.383757e-02 -9.388579e-02 -1.251400e-01 1.743373e-02 -6.779253e-03
<VARIANCE> 25
 9.525718e+00 2.417407e+01 1.974782e+01 4.201488e+01 3.412833e+01 4.896137e+01 6.096969e+01 3.634639e+01 3.788819e+01 3.677954e+01 3.896302e+01 3.243039e+01 2.008551e-01 4.227543e-01 4.569833e-01 7.967830e-01 7.702896e-01 1.102379e+00 8.872571e-01 9.187558e-01 9.146003e-01 9.727688e-01 1.081978e+00 7.732035e-01 2.485772e-04
<GCONST> 7.517384e+01
<MIXTURE> 57 6.132464e-03
<MEAN> 25
 7.404892e+00 -6.484320e+00 -9.199292e+00 -8.371920e+00 3.638506e+00 3.874259e+00 -1.999417e+00 -1.468128e+00 1.805493e+00 8.116831e-01 -2.377678e+00 -6.814930e+00 -6.295272e-03 1.502813e-02 -6.040775e-02 6.449410e-02 2.560617e-01 2.869324e-02 1.084396e-01 -1.138461e-01 -4.383757e-02 -9.388579e-02 -1.251400e-01 1.743373e-02 -6.779253e-03
<VARIANCE> 25
 9.525718e+00 2.417407e+01 1.974782e+01 4.201488e+01 3.412833e+01 4.896137e+01 6.096969e+01 3.634639e+01 3.788819e+01 3.677954e+01 3.896302e+01 3.243039e+01 2.008551e-01 4.227543e-01 4.569833e-01 7.967830e-01 7.702896e-01 1.102379e+00 8.872571e-01 9.187558e-01 9.146003e-01 9.727688e-01 1.081978e+00 7.732035e-01 2.485772e-04
<GCONST> 7.517384e+01
<MIXTURE> 58 6.172147e-03
<MEAN> 25
 2.588857e+00 -3.065582e+00 7.305226e+00 -5.201106e+00 -1.339574e+01 -5.581915e+00 1.664518e+00 8.077350e-01 -2.410076e+00 1.840075e+00 5.353051e-01 -8.084422e-01 -3.354862e-02 -1.356064e-01 -6.359230e-02 -1.484514e-01 -1.938830e-02 2.310199e-01 3.713921e-01 2.190966e-01 3.120812e-02 2.397032e-02 -8.102483e-02 -1.348239e-01 -3.078968e-03
<VARIANCE> 25
 7.321691e+00 1.518410e+01 2.118222e+01 2.729660e+01 2.352784e+01 4.649506e+01 3.317755e+01 3.463570e+01 3.204805e+01 3.145769e+01 2.263866e+01 2.019872e+01 3.089923e-01 7.979277e-01 7.581179e-01 1.028158e+00 8.829428e-01 1.197223e+00 1.145082e+00 1.295723e+00 1.082424e+00 1.064482e+00 9.186564e-01 8.755122e-01 7.207646e-04
<GCONST> 7.559283e+01
<MIXTURE> 59 6.172147e-03
<MEAN> 25
 2.588857e+00 -3.065582e+00 7.305226e+00 -5.201106e+00 -1.339574e+01 -5.581915e+00 1.664518e+00 8.077350e-01 -2.410076e+00 1.840075e+00 5.353051e-01 -8.084422e-01 -3.354862e-02 -1.356064e-01 -6.359230e-02 -1.484514e-01 -1.938830e-02 2.310199e-01 3.713921e-01 2.190966e-01 3.120812e-02 2.397032e-02 -8.102483e-02 -1.348239e-01 -3.078968e-03
<VARIANCE> 25
 7.321691e+00 1.518410e+01 2.118222e+01 2.729660e+01 2.352784e+01 4.649506e+01 3.317755e+01 3.463570e+01 3.204805e+01 3.145769e+01 2.263866e+01 2.019872e+01 3.089923e-01 7.979277e-01 7.581179e-01 1.028158e+00 8.829428e-01 1.197223e+00 1.145082e+00 1.295723e+00 1.082424e+00 1.064482e+00 9.186564e-01 8.755122e-01 7.207646e-04
<GCONST> 7.559283e+01
<MIXTURE> 60 4.479129e-03
<MEAN> 25
 -4.132533e+00 -7.216663e-01 -1.084573e+00 4.171872e+00 1.827552e+00 2.308951e+00 2.101550e+00 1.170722e+00 2.131799e+00 1.206944e+00 2.147188e+00 1.981477e+00 -1.449160e-02 5.264782e-02 1.057043e-01 1.544266e-01 1.166642e-01 1.417020e-01 1.462648e-01 2.672749e-01 5.175171e-01 6.736711e-01 5.702279e-01 3.117360e-01 -4.743440e-04
<VARIANCE> 25
 6.861575e+00 4.389134e+00 9.777071e+00 1.440385e+01 1.307105e+01 1.684936e+01 1.718707e+01 1.362888e+01 1.222508e+01 1.284930e+01 1.647868e+01 1.233504e+01 8.802041e-02 1.645955e-01 2.775379e-01 4.239119e-01 5.834088e-01 7.095653e-01 8.483442e-01 1.006244e+00 9.046074e-01 8.141723e-01 8.133099e-01 8.652934e-01 2.311779e-05
<GCONST> 5.677513e+01
<MIXTURE> 61 4.479129e-03
<MEAN> 25
 -4.132533e+00 -7.216663e-01 -1.084573e+00 4.171872e+00 1.827552e+00 2.308951e+00 2.101550e+00 1.170722e+00 2.131799e+00 1.206944e+00 2.147188e+00 1.981477e+00 -1.449160e-02 5.264782e-02 1.057043e-01 1.544266e-01 1.166642e-01 1.417020e-01 1.462648e-01 2.672749e-01 5.175171e-01 6.736711e-01 5.702279e-01 3.117360e-01 -4.743440e-04
<VARIANCE> 25
 6.861575e+00 4.389134e+00 9.777071e+00 1.440385e+01 1.307105e+01 1.684936e+01 1.718707e+01 1.362888e+01 1.222508e+01 1.284930e+01 1.647868e+01 1.233504e+01 8.802041e-02 1.645955e-01 2.775379e-01 4.239119e-01 5.834088e-01 7.095653e-01 8.483442e-01 1.006244e+00 9.046074e-01 8.141723e-01 8.133099e-01 8.652934e-01 2.311779e-05
<GCONST> 5.677513e+01
<MIXTURE> 62 3.278034e-03
<MEAN> 25
 -5.079959e+00 1.236314e+00 1.020460e+00 8.824550e+00 6.122513e+00 5.056526e+00 5.510414e+00 4.014874e+00 4.986279e+00 3.917056e+00 4.954636e+00 2.946684e+00 -1.002223e+00 -1.165648e+00 -9.531565e-01 -2.758260e-01 4.277403e-01 1.003099e+00 1.383692e+00 1.550865e+00 1.476350e+00 1.239934e+00 1.064994e+00 7.261885e-01 -1.261944e-03
<VARIANCE> 25
 9.922797e+00 9.950447e+00 1.313492e+01 1.675091e+01 1.741094e+01 1.752544e+01 1.973637e+01 1.926797e+01 1.886088e+01 1.869995e+01 2.158442e+01 1.481100e+01 4.015355e-01 4.326845e-01 5.568954e-01 7.813488e-01 1.035494e+00 1.192449e+00 1.250420e+00 1.279327e+00 1.330111e+00 1.370501e+00 1.400194e+00 1.371460e+00 1.631332e-05
<GCONST> 6.755550e+01
<MIXTURE> 63 4.351215e-03
<MEAN> 25
 -3.363468e+00 -1.590044e+00 -4.347450e+00 3.374040e+00 2.832185e+00 8.895463e-03 4.397789e+00 2.776373e-01 2.176263e+00 -3.547288e-01 -1.228142e+00 2.613317e+00 -8.467611e-02 3.535307e-01 4.534568e-01 5.598958e-01 3.735965e-01 4.163367e-01 4.014801e-01 4.516758e-02 1.422250e-01 2.450121e-01 1.608639e-01 1.085423e-01 -6.034535e-03
<VARIANCE> 25
 1.295265e+01 1.768599e+01 1.510542e+01 2.303238e+01 1.910238e+01 2.693742e+01 2.680928e+01 2.386583e+01 2.071906e+01 2.138031e+01 1.825230e+01 1.542722e+01 2.478788e-01 4.125210e-01 5.887490e-01 6.494597e-01 7.667286e-01 9.680855e-01 1.070080e+00 1.612723e+00 1.218507e+00 1.277966e+00 1.294337e+00 1.159318e+00 1.723986e-04
<GCONST> 7.086039e+01
<MIXTURE> 64 4.351215e-03
<MEAN> 25
 -3.363468e+00 -1.590044e+00 -4.347450e+00 3.374040e+00 2.832185e+00 8.895463e-03 4.397789e+00 2.776373e-01 2.176263e+00 -3.547288e-01 -1.228142e+00 2.613317e+00 -8.467611e-02 3.535307e-01 4.534568e-01 5.598958e-01 3.735965e-01 4.163367e-01 4.014801e-01 4.516758e-02 1.422250e-01 2.450121e-01 1.608639e-01 1.085423e-01 -6.034535e-03
<VARIANCE> 25
 1.295265e+01 1.768599e+01 1.510542e+01 2.303238e+01 1.910238e+01 2.693742e+01 2.680928e+01 2.386583e+01 2.071906e+01 2.138031e+01 1.825230e+01 1.542722e+01 2.478788e-01 4.125210e-01 5.887490e-01 6.494597e-01 7.667286e-01 9.680855e-01 1.070080e+00 1.612723e+00 1.218507e+00 1.277966e+00 1.294337e+00 1.159318e+00 1.723986e-04
<GCONST> 7.086039e+01
<MIXTURE> 65 1.721197e-02
<MEAN> 25
 7.743509e+00 2.065458e+00 1.379933e+00 5.911268e-01 -5.325366e+00 -3.842533e+00 -4.908997e+00 -6.856148e+00 -3.824988e+00 -1.672983e+00 -4.880991e+00 -1.489033e+00 1.266062e-01 8.058234e-02 -8.733501e-03 2.021705e-01 -2.172010e-01 2.225374e-01 -5.870948e-02 -1.104115e-01 2.896286e-01 1.464185e-03 -6.105065e-02 -1.254640e-01 -6.056016e-03
<VARIANCE> 25
 1.024146e+01 1.784392e+01 2.792391e+01 3.418745e+01 3.566727e+01 5.701714e+01 6.477148e+01 5.538603e+01 5.261225e+01 5.903559e+01 5.838158e+01 5.079239e+01 5.514325e-01 9.220383e-01 1.573809e+00 1.758870e+00 2.050540e+00 2.078795e+00 2.172331e+00 2.876805e+00 2.554045e+00 2.372306e+00 2.370973e+00 2.064857e+00 4.257984e-04
<GCONST> 8.910749e+01
<MIXTURE> 66 1.191532e-02
<MEAN> 25
 6.736158e+00 -4.048170e+00 -5.460354e+00 -4.995598e+00 1.284749e+00 -4.932232e+00 -7.342628e+00 1.199749e+00 7.409802e-01 -1.634293e+00 -5.876698e+00 -3.516688e+00 -5.186106e-02 1.667734e+00 2.147662e+00 2.335060e+00 -1.145934e+00 -1.065994e+00 2.210456e-01 -6.875445e-01 -1.567008e-01 -1.492199e-01 -1.998164e-01 1.039279e+00 -6.536190e-02
<VARIANCE> 25
 8.532188e+00 2.170820e+01 2.715890e+01 3.500302e+01 3.651756e+01 5.195739e+01 5.712290e+01 4.350815e+01 5.172226e+01 6.694434e+01 3.626088e+01 3.479573e+01 1.226821e+00 2.351147e+00 2.391874e+00 2.414679e+00 4.181293e+00 4.931945e+00 4.634473e+00 4.959793e+00 4.041512e+00 4.875098e+00 3.806166e+00 3.116917e+00 1.450959e-03
<GCONST> 9.657486e+01
<MIXTURE> 67 1.559142e-02
<MEAN> 25
 8.279453e+00 2.155758e+00 -5.091394e+00 -1.034293e+01 1.205678e+00 1.659031e+00 -4.339983e+00 -2.179533e+00 -4.224367e+00 2.202250e+00 -4.728365e-01 -1.755293e+00 -1.004102e+00 1.327828e+00 6.413586e-01 3.874645e+00 1.032462e+00 -1.469501e-01 2.103947e+00 -9.064198e-01 -2.100371e-02 1.055865e-01 5.520402e-02 8.972559e-01 -1.216156e-01
<VARIANCE> 25
 8.009385e+00 2.579880e+01 2.385361e+01 7.221695e+01 3.335563e+01 4.748494e+01 5.501928e+01 4.647484e+01 5.341778e+01 4.009203e+01 3.792572e+01 3.640778e+01 2.046502e+00 2.831541e+00 2.560639e+00 4.233665e+00 3.603000e+00 4.815499e+00 4.131634e+00 5.676871e+00 3.962951e+00 3.382974e+00 4.115264e+00 2.863997e+00 2.316023e-03
<GCONST> 9.798717e+01
<MIXTURE> 68 1.485092e-02
<MEAN> 25
 -1.704859e+00 -1.970057e+00 -4.418658e+00 1.647859e+00 5.037981e+00 -1.133114e+00 2.018481e+00 1.308836e+00 2.691886e+00 1.062690e+00 1.350945e+00 1.418517e+00 3.006892e+00 4.404200e-01 3.049350e-01 -3.282788e+00 -2.252178e+00 -1.072049e+00 -2.928511e+00 -1.355023e+00 -1.585082e+00 -1.062060e+00 -1.445027e+00 -1.272177e+00 9.672136e-02
<VARIANCE> 25
 2.536259e+01 2.619557e+01 4.568444e+01 4.931224e+01 4.100607e+01 4.682346e+01 4.492811e+01 3.788799e+01 3.478149e+01 3.726853e+01 3.865105e+01 2.661887e+01 2.195151e+00 3.182123e+00 5.144055e+00 6.711157e+00 4.069240e+00 5.474028e+00 5.436304e+00 5.629814e+00 4.166690e+00 5.104420e+00 5.024986e+00 2.997428e+00 5.589536e-03
<GCONST> 1.018616e+02
<MIXTURE> 69 1.204884e-02
<MEAN> 25
 4.685875e+00 -4.220025e+00 -3.594903e+00 -3.603298e+00 -3.450975e+00 -7.881731e+00 -1.327204e+00 2.224916e+00 -2.590418e-01 -4.664880e+00 -5.620197e+00 7.854364e-01 1.734045e+00 -2.224343e+00 -1.340065e+00 -2.259447e+00 -5.498551e-01 -3.759816e-01 -5.223026e-01 5.971389e-01 -6.642201e-01 -1.387743e+00 -2.172197e+00 -2.241799e-01 6.177454e-02
<VARIANCE> 25
 8.866999e+00 2.157152e+01 2.633146e+01 2.564023e+01 4.206812e+01 3.521675e+01 5.093467e+01 3.107917e+01 3.950947e+01 3.755735e+01 3.080925e+01 2.592179e+01 3.647209e+00 2.876263e+00 3.372000e+00 3.716315e+00 5.701757e+00 4.997207e+00 7.188573e+00 5.997818e+00 5.835867e+00 6.027081e+00 4.340649e+00 3.775990e+00 2.462685e-03
<GCONST> 9.871147e+01
<MIXTURE> 70 1.329190e-02
<MEAN> 25
 7.132821e+00 -2.368750e+00 -3.841614e+00 -5.863975e+00 -7.854430e-01 -1.089857e+00 -9.055608e+00 -1.752087e+00 1.681919e+00 2.600253e+00 -3.690042e-01 -4.992147e+00 2.277423e+00 -1.187784e+00 -2.063518e-01 -3.017231e+00 -1.639793e+00 7.536358e-01 -2.405185e+00 1.335580e-01 3.095639e-02 4.656371e-01 -1.202928e-01 -1.646699e+00 6.292135e-02
<VARIANCE> 25
 8.256446e+00 1.873238e+01 2.158181e+01 5.741823e+01 2.648724e+01 3.710631e+01 4.883207e+01 3.892449e+01 3.618365e+01 2.696256e+01 3.548761e+01 2.290223e+01 3.500007e+00 2.741096e+00 5.241307e+00 6.859861e+00 3.988503e+00 5.271463e+00 7.478134e+00 6.250206e+00 5.379900e+00 4.209271e+00 5.617220e+00 3.770663e+00 2.197801e-03
<GCONST> 9.892075e+01
<MIXTURE> 71 1.406903e-02
<MEAN> 25
 6.220551e+00 5.133971e+00 4.220941e+00 3.310722e+00 -3.654774e+00 -3.324258e+00 -2.936752e+00 -6.575683e+00 -4.557935e+00 -2.399640e+00 -4.999810e+00 -3.045828e+00 -1.640291e+00 -6.241184e-01 -3.051621e-01 -1.724751e+00 1.145567e+00 -1.553832e-01 2.824921e-02 1.507990e+00 2.880636e-01 -2.491874e-01 6.341913e-01 2.288761e-01 4.083319e-02
<VARIANCE> 25
 1.897470e+01 2.489631e+01 2.346054e+01 4.425253e+01 4.064980e+01 3.971028e+01 4.724117e+01 4.015200e+01 3.795988e+01 4.286723e+01 3.682018e+01 3.430761e+01 1.803891e+00 3.091513e+00 5.194021e+00 4.807105e+00 4.548508e+00 4.608148e+00 4.717397e+00 5.289611e+00 4.169565e+00 4.065217e+00 3.576828e+00 3.244578e+00 1.415249e-03
<GCONST> 9.843770e+01
<MIXTURE> 72 8.134747e-03
<MEAN> 25
 3.785416e+00 -3.690791e+00 5.483049e+00 -2.456743e+00 -1.041457e+01 -9.634407e+00 -2.474450e+00 1.935589e+00 -4.949727e+00 -2.214439e+00 -1.880853e+00 6.130680e-01 9.296135e-01 -7.839619e-01 -2.572795e+00 4.646413e-01 2.130476e+00 -6.531864e-01 -1.311413e+00 1.520988e+00 1.815704e+00 -5.937742e-01 -1.290906e+00 4.064642e-01 -6.154599e-03
<VARIANCE> 25
 1.077542e+01 1.944685e+01 3.304876e+01 3.836929e+01 3.225048e+01 3.332602e+01 4.117521e+01 3.618278e+01 4.359596e+01 4.134307e+01 3.871458e+01 2.845114e+01 4.352803e-01 1.025911e+00 2.024987e+00 1.467499e+00 2.195750e+00 2.350795e+00 3.068166e+00 2.733430e+00 2.598309e+00 2.957901e+00 2.020059e+00 2.129627e+00 5.398201e-04
<GCONST> 8.724967e+01
<MIXTURE> 73 1.213625e-02
<MEAN> 25
 -5.127701e+00 -9.283885e-01 -1.686489e+00 5.259404e+00 4.238143e+00 1.850012e+00 6.260406e+00 2.433010e+00 4.377359e+00 2.747349e+00 3.904435e+00 3.179591e+00 6.826600e-01 -8.474181e-01 -7.267393e-01 -2.802872e+00 -9.849056e-01 -1.795303e+00 -1.118779e+00 8.146204e-02 -6.349058e-01 -7.231290e-01 -6.412571e-01 -4.149075e-01 1.500142e-01
<VARIANCE> 25
 1.387520e+01 1.171456e+01 1.435820e+01 2.052820e+01 2.165137e+01 2.831916e+01 2.157298e+01 2.567294e+01 1.618468e+01 1.941896e+01 2.339819e+01 1.540695e+01 4.496907e+00 2.807489e+00 5.368301e+00 4.284139e+00 5.764507e+00 4.351190e+00 4.087473e+00 5.521036e+00 4.204800e+00 3.732302e+00 4.279570e+00 2.447999e+00 4.097460e-03
<GCONST> 9.271201e+01
<MIXTURE> 74 1.756491e-02
<MEAN> 25
 4.020179e+00 -2.383854e+00 7.526796e+00 -1.176985e+00 -9.620929e+00 -8.566715e+00 -3.767300e+00 1.130096e+00 -5.617755e+00 -3.889892e+00 -8.396856e-01 -4.875149e-01 5.744806e-02 2.352711e+00 -3.669258e-01 1.548816e+00 1.489537e+00 8.519942e-01 1.037293e+00 -1.628285e+00 4.297254e-01 2.215644e-01 -3.562882e-01 1.041846e-01 -7.933103e-02
<VARIANCE> 25
 1.048462e+01 2.159603e+01 4.991575e+01 3.619967e+01 3.537506e+01 3.358498e+01 5.144370e+01 3.859623e+01 5.509636e+01 4.217801e+01 3.850214e+01 3.160682e+01 1.959813e+00 2.051490e+00 3.702360e+00 2.648694e+00 3.539229e+00 3.791444e+00 8.271909e+00 3.907664e+00 4.288362e+00 3.710506e+00 3.257050e+00 2.698520e+00 1.835529e-03
<GCONST> 9.678461e+01
<MIXTURE> 75 9.711651e-03
<MEAN> 25
 2.065660e+00 -1.692029e+00 1.152381e+01 1.926854e+00 -1.179248e+01 -8.498196e+00 -5.086034e+00 4.043403e-01 -5.183911e+00 -6.008417e+00 3.287237e+00 -4.041764e-01 1.915112e+00 -1.955011e+00 4.434930e-01 -5.195878e-01 -2.394667e+00 -6.142452e-01 -1.899977e+00 8.205628e-01 -1.408436e-01 -2.915873e-01 9.952282e-01 -4.883178e-01 4.158636e-02
<VARIANCE> 25
 1.096571e+01 1.621907e+01 2.632571e+01 2.420753e+01 2.241790e+01 2.996875e+01 2.826766e+01 2.915957e+01 3.014818e+01 3.426493e+01 1.722200e+01 1.944771e+01 2.173678e+00 1.737605e+00 3.831601e+00 2.360331e+00 3.317756e+00 3.733855e+00 4.312411e+00 3.035717e+00 3.296258e+00 2.862016e+00 2.640023e+00 2.172260e+00 1.325897e-03
<GCONST> 8.954868e+01
<MIXTURE> 76 1.052359e-02
<MEAN> 25
 -6.111524e+00 -8.120452e-01 -3.213533e+00 4.700204e+00 4.031310e+00 1.847505e+00 5.571320e+00 1.163561e+00 2.486657e+00 7.274140e-01 1.234374e+00 2.655366e+00 -4.885108e-02 -5.967120e-01 -3.643574e-01 -6.763169e-01 -5.069560e-01 -8.565027e-01 -5.629031e-01 -2.268520e-01 -4.646908e-01 -6.251971e-01 -2.616183e-01 -5.520551e-02 1.791949e-02
<VARIANCE> 25
 3.465248e+01 2.979841e+01 2.698599e+01 3.235425e+01 2.717726e+01 3.395649e+01 3.699141e+01 2.928444e+01 2.067376e+01 2.228995e+01 2.465076e+01 2.152481e+01 9.828199e-01 1.053404e+00 1.402702e+00 1.477737e+00 1.332262e+00 1.456112e+00 1.425702e+00 1.835297e+00 1.981293e+00 1.538930e+00 1.381237e+00 1.315181e+00 1.191293e-03
<GCONST> 8.324824e+01
<MIXTURE> 77 1.244626e-02
<MEAN> 25
 -4.663171e-01 8.588011e+00 1.246261e+01 -1.161999e+01 -7.007329e+00 9.582319e-01 -9.279576e+00 -7.239191e+00 -3.376777e+00 -1.966961e-01 -4.657059e+00 -1.485935e+00 6.802835e-02 1.373717e-01 7.356900e-02 2.510062e-01 -2.202730e-02 7.824976e-02 -6.479295e-02 -6.212064e-02 8.263437e-02 -4.488403e-02 2.587649e-02 1.181571e-01 -9.917513e-03
<VARIANCE> 25
 1.044183e+01 2.005635e+01 2.753405e+01 4.160368e+01 3.318764e+01 3.379908e+01 3.674389e+01 3.176937e+01 3.524557e+01 3.322802e+01 3.756870e+01 3.494861e+01 2.988800e-01 7.781395e-01 6.455609e-01 1.086462e+00 1.238029e+00 9.854584e-01 1.223401e+00 1.074330e+00 1.043665e+00 1.065936e+00 9.713857e-01 9.222537e-01 5.400726e-04
<GCONST> 7.779754e+01
<MIXTURE> 78 9.702551e-03
<MEAN> 25
 -1.141024e+01 1.960267e+00 -1.839077e+00 3.078677e+00 4.969378e+00 -2.948620e+00 3.531584e+00 2.125324e+00 4.191757e+00 -1.003261e+00 -1.100696e+00 4.235008e+00 2.209487e+00 -7.901571e-01 -1.000911e-01 4.958804e-01 -3.094928e-02 1.023150e-01 -3.506588e-01 3.342941e-01 4.224158e-01 3.047121e-01 -1.222601e-01 -5.306352e-01 -5.564880e-02
<VARIANCE> 25
 3.181957e+01 2.914242e+01 4.523086e+01 2.481892e+01 3.003397e+01 3.971068e+01 4.559062e+01 3.721802e+01 2.986665e+01 4.326328e+01 2.612251e+01 1.748618e+01 4.308477e+00 2.517557e+00 2.591945e+00 2.558542e+00 2.500828e+00 3.354443e+00 2.642037e+00 3.450397e+00 2.189335e+00 2.063491e+00 2.539914e+00 1.727514e+00 3.542378e-03
<GCONST> 9.356779e+01
<MIXTURE> 79 1.156824e-02
<MEAN> 25
 2.428318e+00 1.581697e+00 9.173856e+00 -6.599837e+00 -1.206314e+01 -1.815194e+00 -1.907563e+00 -6.477091e+00 -6.576655e+00 3.337568e-01 -3.507093e+00 -3.295433e+00 1.218187e+00 -5.239712e-01 -1.432330e+00 2.355265e+00 3.793831e-01 -1.470936e+00 5.367260e-01 8.841970e-01 -4.340111e-01 -5.407442e-01 3.579839e-01 2.800580e-01 -3.635803e-02
<VARIANCE> 25
 1.422880e+01 2.410127e+01 3.810776e+01 5.019112e+01 3.344528e+01 4.346069e+01 4.288602e+01 3.675240e+01 3.890423e+01 3.977740e+01 4.391854e+01 3.069562e+01 9.478926e-01 2.261447e+00 1.892745e+00 2.083207e+00 2.473111e+00 2.821756e+00 3.193576e+00 3.536593e+00 2.522645e+00 2.733523e+00 2.314435e+00 2.028477e+00 1.231526e-03
<GCONST> 9.181550e+01
<MIXTURE> 80 7.550998e-03
<MEAN> 25
 -1.434468e+01 3.218745e+00 4.390545e-01 3.634248e+00 2.664226e+00 4.368725e-01 5.883617e+00 4.104521e+00 2.857135e+00 7.598352e-01 4.096018e+00 6.943381e-01 4.351203e+00 -8.197066e-02 1.371170e+00 -1.173024e+00 -3.112670e+00 -2.321498e+00 -2.566952e+00 -2.188563e+00 -1.663028e+00 -1.579096e+00 -1.629945e+00 -6.328747e-01 -4.797724e-02
<VARIANCE> 25
 1.762205e+01 2.005594e+01 3.569769e+01 3.068776e+01 2.553263e+01 2.722020e+01 2.457639e+01 3.503905e+01 3.447039e+01 3.402942e+01 2.436842e+01 1.813083e+01 2.176540e+00 2.336791e+00 2.441211e+00 4.647786e+00 3.012861e+00 3.387316e+00 3.003283e+00 3.886764e+00 2.765438e+00 2.518081e+00 2.325367e+00 2.097302e+00 1.365407e-03
<GCONST> 9.103848e+01
<MIXTURE> 81 8.025434e-03
<MEAN> 25
 -1.118372e+00 4.067092e+00 1.017966e+01 -1.480564e+01 -9.080743e+00 -1.422463e+00 -6.768365e+00 -8.426179e+00 -4.151512e+00 -4.160067e-01 -7.575302e+00 -2.247200e+00 1.339844e-01 -5.872691e-01 -2.672394e-03 -5.566687e-01 -4.640732e-01 3.352363e-01 3.198434e-01 1.369755e-01 -1.404553e-01 1.067357e-01 -4.694895e-01 -1.252944e-01 1.151460e-02
<VARIANCE> 25
 1.015370e+01 3.280793e+01 2.646189e+01 2.926072e+01 3.370527e+01 3.052360e+01 4.545333e+01 2.825779e+01 3.799369e+01 3.188985e+01 2.529670e+01 3.105194e+01 7.722861e-01 2.277374e+00 1.545960e+00 2.873623e+00 2.663242e+00 2.126158e+00 3.280860e+00 2.287937e+00 2.355580e+00 2.539369e+00 2.298604e+00 2.078556e+00 1.183480e-03
<GCONST> 8.868649e+01
<MIXTURE> 82 8.213053e-03
<MEAN> 25
 -9.930608e+00 -3.868483e+00 1.606504e+00 -2.865595e+00 3.150928e+00 6.331940e-01 2.062949e+00 9.551209e-01 2.961513e+00 1.673992e+00 1.735559e+00 3.072013e+00 -1.328647e+00 -1.221371e-01 2.780597e-01 -2.612576e+00 -1.071364e+00 -1.281541e+00 -1.029394e+00 -7.991393e-01 -2.933367e-01 -4.810041e-01 -2.855010e-01 -1.005805e-01 1.783774e-01
<VARIANCE> 25
 1.820739e+01 2.485723e+01 3.221473e+01 3.141207e+01 3.283115e+01 3.215978e+01 3.186316e+01 3.325932e+01 3.075804e+01 2.506932e+01 3.058787e+01 1.743221e+01 3.795981e+00 3.015206e+00 3.303791e+00 3.253881e+00 3.625707e+00 3.279868e+00 2.932755e+00 3.395979e+00 2.827623e+00 2.466626e+00 2.511677e+00 1.848383e+00 3.401511e-03
<GCONST> 9.321706e+01
<MIXTURE> 83 1.167529e-02
<MEAN> 25
 -1.981264e+01 5.067391e+00 -1.720995e+00 -1.142358e-01 8.128141e+00 -1.445694e+00 5.501323e+00 4.151788e+00 1.135827e+00 1.663041e+00 1.050958e+00 2.396775e+00 2.025632e-02 -4.919559e-01 -5.277240e-02 -1.428621e-01 -5.755528e-01 -1.420580e-01 -1.417770e-01 -1.305712e-02 4.880211e-02 -1.550797e-01 -2.256781e-02 -5.256160e-02 3.310426e-03
<VARIANCE> 25
 8.438841e+00 1.806681e+01 3.006717e+01 2.110558e+01 1.982389e+01 2.182481e+01 1.997454e+01 3.607075e+01 2.612064e+01 2.194092e+01 2.138188e+01 1.718974e+01 9.801482e-01 9.451727e-01 1.189006e+00 1.330677e+00 1.265166e+00 1.163572e+00 1.287935e+00 1.388947e+00 1.364062e+00 1.269093e+00 1.435985e+00 9.879307e-01 8.296697e-04
<GCONST> 7.748930e+01
<MIXTURE> 84 1.066614e-02
<MEAN> 25
 1.285224e+00 8.629893e+00 6.973934e+00 8.063618e+00 2.739276e+00 -7.040956e-01 -1.474259e+00 -4.714943e+00 -3.792901e+00 -2.625561e+00 -2.713578e+00 -1.885970e+00 -1.784705e+00 -1.040383e+00 -1.113105e+00 1.318812e+00 2.132232e+00 1.473596e+00 1.513871e+00 1.199366e+00 1.164409e+00 4.005927e-01 3.780130e-01 4.524207e-01 -7.274605e-02
<VARIANCE> 25
 2.308612e+01 1.913424e+01 2.208809e+01 2.269552e+01 2.798413e+01 2.789358e+01 2.791365e+01 2.598779e+01 2.534578e+01 2.541836e+01 2.391646e+01 2.468554e+01 2.050817e+00 2.685035e+00 3.882107e+00 3.150958e+00 3.268003e+00 3.192003e+00 3.176785e+00 3.338722e+00 3.304370e+00 3.148693e+00 3.400786e+00 2.636194e+00 3.385740e-03
<GCONST> 9.211420e+01
<MIXTURE> 85 7.591393e-03
<MEAN> 25
 -3.147845e+00 7.644894e+00 5.427050e+00 1.259955e+00 -3.485986e+00 -5.295990e+00 -3.029206e+00 -5.679792e+00 -3.432991e+00 -3.412042e+00 -5.790026e-01 -2.040063e+00 4.010495e+00 2.289184e-01 1.665490e+00 -2.298933e+00 -3.402796e+00 -2.440198e+00 -3.030725e+00 -2.303786e+00 -2.194918e+00 -1.174367e+00 -2.232619e+00 -6.566167e-01 9.992295e-03
<VARIANCE> 25
 4.108928e+01 2.300860e+01 3.884430e+01 3.836890e+01 3.755364e+01 4.028900e+01 3.261391e+01 2.951358e+01 2.733348e+01 2.538135e+01 2.493443e+01 1.972084e+01 2.649016e+00 4.276857e+00 3.985557e+00 6.459467e+00 4.174565e+00 4.175468e+00 3.992801e+00 4.036843e+00 3.799805e+00 4.136339e+00 3.779202e+00 3.356517e+00 5.178814e-03
<GCONST> 9.838267e+01
<MIXTURE> 86 1.273941e-02
<MEAN> 25
 -4.298904e+00 -1.518345e+00 -7.811823e-01 7.614295e+00 4.475657e+00 5.144506e+00 6.625541e+00 3.126461e+00 4.661340e+00 3.291561e+00 4.011897e+00 2.384155e+00 -2.431720e-03 3.865946e-02 -3.329543e-02 9.686038e-03 -1.308235e-02 -1.944565e-01 -2.659574e-01 -4.190737e-01 -4.158514e-01 -2.845485e-01 -1.956045e-01 -8.187246e-02 -1.392658e-03
<VARIANCE> 25
 7.669726e+00 5.517379e+00 8.264335e+00 1.542314e+01 1.443647e+01 1.235827e+01 1.693156e+01 1.820893e+01 1.244110e+01 1.308631e+01 1.792449e+01 1.284532e+01 1.082305e-01 1.727061e-01 2.795288e-01 4.493086e-01 6.689332e-01 7.413167e-01 6.793003e-01 7.259533e-01 7.936817e-01 8.385756e-01 1.003261e+00 9.930367e-01 4.574448e-05
<GCONST> 5.812082e+01
<MIXTURE> 87 1.100681e-02
<MEAN> 25
 -4.122487e+00 3.432346e+00 3.014878e+00 6.634401e+00 5.763641e+00 1.040266e+00 2.828806e+00 -4.661269e-01 -7.306717e-01 -1.176781e+00 -8.316237e-01 1.889634e-01 -2.388579e+00 -2.320593e+00 -1.849791e+00 -2.350750e+00 3.768722e-01 -7.316402e-01 6.741056e-02 2.115848e+00 1.245518e+00 6.466333e-01 1.137309e+00 7.563058e-01 1.169973e-01
<VARIANCE> 25
 3.764755e+01 2.867547e+01 2.645125e+01 2.873576e+01 2.655259e+01 2.861758e+01 3.149908e+01 3.093785e+01 2.364420e+01 2.186881e+01 2.233343e+01 2.002255e+01 3.543427e+00 2.856295e+00 3.546313e+00 3.182424e+00 4.470304e+00 4.592423e+00 4.489270e+00 5.471048e+00 3.348063e+00 3.285139e+00 2.974285e+00 2.393596e+00 5.110421e-03
<GCONST> 9.547620e+01
<MIXTURE> 88 1.256585e-02
<MEAN> 25
 -3.627220e+00 -7.817547e-01 -1.786740e+00 5.906457e+00 4.029133e+00 3.637313e+00 5.247454e+00 2.447623e+00 3.210820e+00 2.500251e+00 2.534950e+00 2.285144e+00 8.215083e-02 1.614269e-01 2.959090e-01 3.225046e-01 3.476644e-01 1.025143e-01 -1.194719e-01 -1.381807e-01 -3.273265e-01 -4.563676e-01 -1.402941e-03 -2.472656e-02 -1.691222e-03
<VARIANCE> 25
 1.129979e+01 9.142593e+00 1.482103e+01 1.629028e+01 2.064625e+01 2.031430e+01 2.141113e+01 2.095218e+01 1.732218e+01 1.670232e+01 1.984724e+01 1.461184e+01 1.382472e+00 1.504149e+00 2.170353e+00 2.278305e+00 2.400467e+00 2.437883e+00 2.378130e+00 2.549655e+00 2.225300e+00 2.861465e+00 2.184365e+00 1.960914e+00 1.555576e-03
<GCONST> 8.229325e+01
<MIXTURE> 89 9.333527e-03
<MEAN> 25
 5.924915e+00 -8.049877e+00 -7.009977e-01 -3.828439e+00 -2.743895e+00 -6.153013e+00 -9.885311e+00 5.638783e+00 3.936848e+00 -1.115683e+00 -5.776718e+00 -3.990973e+00 -6.111457e-01 -1.886645e-01 2.084774e+00 1.351161e+00 -1.980639e+00 -1.894258e+00 4.597813e-01 1.281362e+00 -1.351189e+00 -1.570809e+00 6.245592e-01 1.402951e+00 -3.233125e-04
<VARIANCE> 25
 6.810356e+00 2.280866e+01 3.999158e+01 2.779590e+01 3.115059e+01 3.200032e+01 7.275480e+01 3.783476e+01 3.221362e+01 3.921068e+01 2.801528e+01 2.688281e+01 2.700569e-01 9.164067e-01 1.164562e+00 1.545224e+00 1.461057e+00 1.686582e+00 2.452601e+00 1.584261e+00 3.133764e+00 1.781791e+00 2.730332e+00 1.283487e+00 3.130520e-04
<GCONST> 8.295149e+01
<MIXTURE> 90 7.114505e-03
<MEAN> 25
 2.449892e+00 -9.715320e+00 -4.755335e+00 -3.974578e+00 -3.384381e+00 -1.810511e+00 3.370045e+00 1.177312e+00 -7.528416e+00 -1.020662e+01 -3.428323e+00 -7.385994e-01 -1.636915e-01 9.085851e-01 1.168866e+00 -8.527315e-01 -1.611555e+00 -2.120995e-01 6.447495e-01 -2.089944e-01 -1.682171e-01 7.360186e-01 1.814684e-01 -5.494561e-01 -1.115811e-02
<VARIANCE> 25
 8.488009e+00 1.786229e+01 1.979906e+01 2.801518e+01 3.681113e+01 3.216195e+01 3.850804e+01 3.639879e+01 3.521067e+01 2.780566e+01 2.698440e+01 2.612506e+01 2.236741e-01 6.125554e-01 7.861494e-01 1.043860e+00 1.471597e+00 1.590496e+00 1.779033e+00 1.654933e+00 1.809760e+00 1.679199e+00 1.498195e+00 1.308345e+00 2.149135e-04
<GCONST> 7.813749e+01
<MIXTURE> 91 7.852945e-03
<MEAN> 25
 6.381936e+00 -7.588488e+00 -8.569920e+00 -5.160943e+00 3.914337e+00 -1.142680e-01 -2.166083e+00 7.026802e-01 7.634662e-01 -2.895866e+00 -4.905041e+00 -5.153354e+00 2.576167e-01 9.986538e-01 1.943816e-01 4.516129e-01 -6.769308e-02 -5.578924e-01 -3.783264e-01 -9.727822e-02 -1.010936e-01 4.512899e-01 -1.240877e-01 2.103159e-01 -3.493517e-02
<VARIANCE> 25
 1.006574e+01 2.301150e+01 1.982440e+01 4.099380e+01 3.536368e+01 5.518084e+01 5.474266e+01 3.962122e+01 5.168625e+01 6.411842e+01 3.817065e+01 4.141271e+01 4.447599e-01 8.878268e-01 1.124497e+00 1.380757e+00 2.183424e+00 2.393332e+00 2.377083e+00 2.393199e+00 2.245229e+00 2.218402e+00 2.020355e+00 1.812379e+00 5.860819e-04
<GCONST> 8.718658e+01
<MIXTURE> 92 7.852945e-03
<MEAN> 25
 6.381936e+00 -7.588488e+00 -8.569920e+00 -5.160943e+00 3.914337e+00 -1.142680e-01 -2.166083e+00 7.026802e-01 7.634662e-01 -2.895866e+00 -4.905041e+00 -5.153354e+00 2.576167e-01 9.986538e-01 1.943816e-01 4.516129e-01 -6.769308e-02 -5.578924e-01 -3.783264e-01 -9.727822e-02 -1.010936e-01 4.512899e-01 -1.240877e-01 2.103159e-01 -3.493517e-02
<VARIANCE> 25
 1.006574e+01 2.301150e+01 1.982440e+01 4.099380e+01 3.536368e+01 5.518084e+01 5.474266e+01 3.962122e+01 5.168625e+01 6.411842e+01 3.817065e+01 4.141271e+01 4.447599e-01 8.878268e-01 1.124497e+00 1.380757e+00 2.183424e+00 2.393332e+00 2.377083e+00 2.393199e+00 2.245229e+00 2.218402e+00 2.020355e+00 1.812379e+00 5.860819e-04
<GCONST> 8.718658e+01
<MIXTURE> 93 6.122769e-03
<MEAN> 25
 -6.626736e+00 -9.899767e-01 -2.341885e+00 6.032147e+00 5.745777e+00 4.021797e+00 6.316999e+00 3.249540e+00 4.024288e+00 2.393905e+00 1.678158e+00 3.639293e+00 -6.070302e-02 -1.409909e-01 -2.510693e-01 -3.453762e-01 -3.331079e-01 -2.788783e-01 -2.268929e-01 -2.017692e-01 -1.685520e-01 -1.401607e-01 -9.153870e-02 -2.057221e-02 -4.815402e-05
<VARIANCE> 25
 9.620629e+00 5.873314e+00 8.062841e+00 1.232876e+01 1.171783e+01 1.562026e+01 1.564622e+01 1.893527e+01 1.465564e+01 1.446340e+01 1.668751e+01 1.316198e+01 8.033623e-02 1.569068e-01 2.573780e-01 3.841275e-01 4.926613e-01 6.289799e-01 7.670513e-01 8.846679e-01 8.886683e-01 8.554522e-01 9.141299e-01 1.008459e+00 1.073422e-06
<GCONST> 5.388269e+01
<MIXTURE> 94 6.122769e-03
<MEAN> 25
 -6.626736e+00 -9.899767e-01 -2.341885e+00 6.032147e+00 5.745777e+00 4.021797e+00 6.316999e+00 3.249540e+00 4.024288e+00 2.393905e+00 1.678158e+00 3.639293e+00 -6.070302e-02 -1.409909e-01 -2.510693e-01 -3.453762e-01 -3.331079e-01 -2.788783e-01 -2.268929e-01 -2.017692e-01 -1.685520e-01 -1.401607e-01 -9.153870e-02 -2.057221e-02 -4.815402e-05
<VARIANCE> 25
 9.620629e+00 5.873314e+00 8.062841e+00 1.232876e+01 1.171783e+01 1.562026e+01 1.564622e+01 1.893527e+01 1.465564e+01 1.446340e+01 1.668751e+01 1.316198e+01 8.033623e-02 1.569068e-01 2.573780e-01 3.841275e-01 4.926613e-01 6.289799e-01 7.670513e-01 8.846679e-01 8.886683e-01 8.554522e-01 9.141299e-01 1.008459e+00 1.073422e-06
<GCONST> 5.388269e+01
<MIXTURE> 95 5.258835e-03
<MEAN> 25
 -5.030328e+00 -1.135961e+00 -1.818813e+00 6.524778e+00 3.869430e+00 3.350557e+00 5.773856e+00 7.178494e-01 2.294872e+00 4.132231e-01 6.056970e-01 2.234344e+00 1.504238e-01 1.792275e-01 7.471757e-02 4.516286e-04 -2.357810e-01 -7.463925e-01 -9.954441e-01 -1.280050e+00 -1.239328e+00 -8.614097e-01 -6.479821e-01 -1.761456e-01 -1.216328e-03
<VARIANCE> 25
 1.023121e+01 6.596020e+00 1.024337e+01 1.925397e+01 1.209968e+01 1.587313e+01 2.458840e+01 1.731300e+01 1.319183e+01 1.526427e+01 1.802090e+01 1.311956e+01 1.737492e-01 2.821387e-01 4.306477e-01 6.595616e-01 8.119994e-01 8.417193e-01 8.053538e-01 8.469655e-01 9.001307e-01 1.108407e+00 1.660912e+00 1.186409e+00 3.917909e-05
<GCONST> 6.301682e+01
<MIXTURE> 96 7.034694e-03
<MEAN> 25
 -4.932717e+00 -4.978510e-01 -2.105621e+00 5.534255e+00 3.731149e+00 2.054437e+00 3.807852e+00 1.313087e+00 2.477046e+00 1.077755e+00 1.163081e+00 2.806781e+00 -1.762108e-02 9.337462e-02 2.108909e-01 3.679269e-01 4.937483e-01 5.129467e-01 3.199761e-01 -1.127136e-01 -4.561749e-01 -6.385738e-01 -6.263826e-01 -3.719338e-01 -4.081008e-05
<VARIANCE> 25
 1.099664e+01 9.317059e+00 1.270934e+01 1.624325e+01 1.476748e+01 1.989674e+01 1.867581e+01 2.302775e+01 1.725180e+01 1.628522e+01 1.906510e+01 1.410632e+01 1.226349e-01 2.138801e-01 3.050080e-01 4.146248e-01 5.208540e-01 6.480445e-01 9.864786e-01 9.750504e-01 9.196896e-01 8.435705e-01 8.820583e-01 9.336248e-01 1.057033e-06
<GCONST> 5.784426e+01
<MIXTURE> 97 7.034694e-03
<MEAN> 25
 -4.932717e+00 -4.978510e-01 -2.105621e+00 5.534255e+00 3.731149e+00 2.054437e+00 3.807852e+00 1.313087e+00 2.477046e+00 1.077755e+00 1.163081e+00 2.806781e+00 -1.762108e-02 9.337462e-02 2.108909e-01 3.679269e-01 4.937483e-01 5.129467e-01 3.199761e-01 -1.127136e-01 -4.561749e-01 -6.385738e-01 -6.263826e-01 -3.719338e-01 -4.081008e-05
<VARIANCE> 25
 1.099664e+01 9.317059e+00 1.270934e+01 1.624325e+01 1.476748e+01 1.989674e+01 1.867581e+01 2.302775e+01 1.725180e+01 1.628522e+01 1.906510e+01 1.410632e+01 1.226349e-01 2.138801e-01 3.050080e-01 4.146248e-01 5.208540e-01 6.480445e-01 9.864786e-01 9.750504e-01 9.196896e-01 8.435705e-01 8.820583e-01 9.336248e-01 1.057033e-06
<GCONST> 5.784426e+01
<MIXTURE> 98 9.917808e-03
<MEAN> 25
 -1.104883e+00 1.021643e+00 -1.014868e+00 4.799776e+00 3.312985e+00 2.626197e+00 3.662939e+00 2.949054e-01 1.437079e+00 1.557450e+00 7.114126e-01 1.170515e+00 -1.637745e+00 -1.435180e+00 -1.141035e+00 6.574339e-03 4.827915e-01 5.118122e-01 1.126528e+00 1.613016e+00 1.591227e+00 9.489518e-01 1.276194e+00 8.304462e-01 -2.704554e-02
<VARIANCE> 25
 1.468498e+01 1.700639e+01 3.063518e+01 2.923075e+01 3.763367e+01 3.559639e+01 3.135061e+01 3.195760e+01 2.710088e+01 2.793090e+01 2.340225e+01 2.417850e+01 1.323493e+00 1.404803e+00 2.323921e+00 2.502482e+00 2.783328e+00 3.116573e+00 2.535633e+00 2.573384e+00 2.655135e+00 2.873315e+00 2.338614e+00 2.008494e+00 2.653986e-03
<GCONST> 8.940605e+01
<MIXTURE> 99 6.696178e-03
<MEAN> 25
 -8.347806e+00 9.401774e+00 7.072773e+00 3.712480e+00 1.754644e+00 -4.866965e+00 -8.680409e-01 -3.389098e+00 -4.218564e+00 -3.973032e+00 -1.132200e+00 -1.487278e-01 5.269885e-01 -8.232227e-01 4.191146e-01 -1.682892e-01 -1.161810e+00 -5.447984e-01 -1.660383e-01 -2.359408e-02 -1.699120e-01 -1.641384e-01 5.458617e-01 2.119193e-01 7.587224e-03
<VARIANCE> 25
 4.411261e+01 2.245161e+01 4.336246e+01 2.704878e+01 3.416717e+01 3.116540e+01 3.228300e+01 2.781046e+01 2.948492e+01 2.481236e+01 2.525514e+01 3.043452e+01 2.468801e+00 1.680878e+00 1.454764e+00 1.641495e+00 2.637319e+00 1.884115e+00 1.525044e+00 1.745439e+00 1.535156e+00 1.390494e+00 1.961576e+00 1.098558e+00 2.026845e-03
<GCONST> 8.712314e+01
<MIXTURE> 100 4.498084e-03
<MEAN> 25
 -1.598976e+00 6.344699e+00 1.027646e+01 -7.462289e+00 -1.078167e+01 -5.075299e+00 -4.941634e+00 -9.968237e+00 -4.718072e+00 -8.555021e-01 -2.733276e+00 -2.708342e+00 2.918020e+00 -1.260455e+00 1.299600e+00 -2.186151e+00 -3.419475e+00 -7.840799e-01 -1.219017e+00 -8.198410e-01 -1.475481e+00 3.466960e-01 -1.655593e+00 -2.863019e-01 2.016953e-03
<VARIANCE> 25
 1.362685e+01 2.105836e+01 2.246881e+01 2.643193e+01 2.301993e+01 2.372204e+01 2.911176e+01 2.171258e+01 2.748328e+01 2.265296e+01 2.241028e+01 2.134017e+01 1.799338e+00 3.953628e+00 2.919908e+00 4.287655e+00 4.184220e+00 4.537212e+00 4.016302e+00 4.340446e+00 4.167774e+00 3.896028e+00 3.910179e+00 3.224933e+00 1.674798e-03
<GCONST> 9.256982e+01
<MIXTURE> 101 6.007792e-03
<MEAN> 25
 8.037038e+00 -3.533234e+00 -6.285489e+00 -7.144411e+00 7.745418e-01 -1.397452e+00 -1.085955e+01 -1.807764e+00 1.612816e+00 2.589931e+00 -2.578157e+00 -5.153932e+00 7.086275e-01 6.335565e-01 -1.439959e+00 -1.602530e+00 1.013117e+00 2.238659e+00 2.296233e-01 -1.421943e+00 -1.092275e+00 1.069789e+00 1.338713e+00 -3.886617e-01 -4.586481e-03
<VARIANCE> 25
 9.001784e+00 1.648866e+01 2.872516e+01 4.751988e+01 3.494347e+01 3.698567e+01 3.727649e+01 3.632735e+01 3.647290e+01 4.268316e+01 5.063751e+01 2.334263e+01 3.456661e-01 7.241503e-01 1.158929e+00 1.598482e+00 1.629920e+00 2.168735e+00 2.065827e+00 1.966501e+00 2.274729e+00 2.170103e+00 1.744718e+00 1.873858e+00 3.489690e-04
<GCONST> 8.368317e+01
<MIXTURE> 102 6.007792e-03
<MEAN> 25
 8.037038e+00 -3.533234e+00 -6.285489e+00 -7.144411e+00 7.745418e-01 -1.397452e+00 -1.085955e+01 -1.807764e+00 1.612816e+00 2.589931e+00 -2.578157e+00 -5.153932e+00 7.086275e-01 6.335565e-01 -1.439959e+00 -1.602530e+00 1.013117e+00 2.238659e+00 2.296233e-01 -1.421943e+00 -1.092275e+00 1.069789e+00 1.338713e+00 -3.886617e-01 -4.586481e-03
<VARIANCE> 25
 9.001784e+00 1.648866e+01 2.872516e+01 4.751988e+01 3.494347e+01 3.698567e+01 3.727649e+01 3.632735e+01 3.647290e+01 4.268316e+01 5.063751e+01 2.334263e+01 3.456661e-01 7.241503e-01 1.158929e+00 1.598482e+00 1.629920e+00 2.168735e+00 2.065827e+00 1.966501e+00 2.274729e+00 2.170103e+00 1.744718e+00 1.873858e+00 3.489690e-04
<GCONST> 8.368317e+01
<MIXTURE> 103 5.694618e-03
<MEAN> 25
 3.367097e+00 -9.473202e+00 -6.134139e+00 -3.086180e+00 -1.332924e+00 -1.968589e+00 2.439578e+00 2.512000e+00 -4.610921e+00 -9.249575e+00 -5.059433e+00 3.630226e-01 -1.576131e-01 -1.488444e+00 -9.808707e-01 3.760086e-01 1.213525e+00 1.019413e+00 1.589467e-01 -2.671533e-01 -7.813279e-01 -9.466762e-01 -3.492408e-02 1.208108e-01 2.693211e-02
<VARIANCE> 25
 1.033215e+01 2.039077e+01 2.290068e+01 3.169446e+01 4.802037e+01 3.500313e+01 4.640028e+01 3.672023e+01 4.210139e+01 2.941912e+01 3.006282e+01 2.640429e+01 6.436867e-01 1.251288e+00 1.537468e+00 1.939848e+00 2.925604e+00 2.410760e+00 2.888880e+00 2.576109e+00 2.562379e+00 2.522733e+00 2.096050e+00 2.015854e+00 8.074083e-04
<GCONST> 8.757348e+01
<MIXTURE> 104 5.694618e-03
<MEAN> 25
 3.367097e+00 -9.473202e+00 -6.134139e+00 -3.086180e+00 -1.332924e+00 -1.968589e+00 2.439578e+00 2.512000e+00 -4.610921e+00 -9.249575e+00 -5.059433e+00 3.630226e-01 -1.576131e-01 -1.488444e+00 -9.808707e-01 3.760086e-01 1.213525e+00 1.019413e+00 1.589467e-01 -2.671533e-01 -7.813279e-01 -9.466762e-01 -3.492408e-02 1.208108e-01 2.693211e-02
<VARIANCE> 25
 1.033215e+01 2.039077e+01 2.290068e+01 3.169446e+01 4.802037e+01 3.500313e+01 4.640028e+01 3.672023e+01 4.210139e+01 2.941912e+01 3.006282e+01 2.640429e+01 6.436867e-01 1.251288e+00 1.537468e+00 1.939848e+00 2.925604e+00 2.410760e+00 2.888880e+00 2.576109e+00 2.562379e+00 2.522733e+00 2.096050e+00 2.015854e+00 8.074083e-04
<GCONST> 8.757348e+01
<MIXTURE> 105 4.710235e-03
<MEAN> 25
 2.224265e+00 -1.503957e+00 9.252923e+00 -2.684376e+00 -1.160133e+01 -5.032506e+00 -4.176284e+00 -7.696510e-01 -3.825628e+00 -3.209553e+00 1.513326e+00 -1.157544e+00 1.071728e-02 2.929026e-02 4.965440e-02 -4.659877e-02 3.512964e-03 4.832132e-02 -1.325300e-02 5.191657e-02 -3.669793e-02 2.954903e-02 2.703642e-02 -2.739565e-02 -2.179481e-03
<VARIANCE> 25
 1.331130e+01 2.857740e+01 4.086276e+01 4.494901e+01 3.776050e+01 5.371992e+01 4.129437e+01 4.332678e+01 3.969315e+01 4.201056e+01 4.189814e+01 3.070980e+01 8.460890e-02 1.870288e-01 3.419622e-01 2.908659e-01 3.731078e-01 4.288431e-01 4.714644e-01 4.912356e-01 4.930399e-01 4.442211e-01 4.222423e-01 3.983469e-01 8.924168e-05
<GCONST> 6.671255e+01
<MIXTURE> 106 4.710235e-03
<MEAN> 25
 2.224265e+00 -1.503957e+00 9.252923e+00 -2.684376e+00 -1.160133e+01 -5.032506e+00 -4.176284e+00 -7.696510e-01 -3.825628e+00 -3.209553e+00 1.513326e+00 -1.157544e+00 1.071728e-02 2.929026e-02 4.965440e-02 -4.659877e-02 3.512964e-03 4.832132e-02 -1.325300e-02 5.191657e-02 -3.669793e-02 2.954903e-02 2.703642e-02 -2.739565e-02 -2.179481e-03
<VARIANCE> 25
 1.331130e+01 2.857740e+01 4.086276e+01 4.494901e+01 3.776050e+01 5.371992e+01 4.129437e+01 4.332678e+01 3.969315e+01 4.201056e+01 4.189814e+01 3.070980e+01 8.460890e-02 1.870288e-01 3.419622e-01 2.908659e-01 3.731078e-01 4.288431e-01 4.714644e-01 4.912356e-01 4.930399e-01 4.442211e-01 4.222423e-01 3.983469e-01 8.924168e-05
<GCONST> 6.671255e+01
<MIXTURE> 107 5.452374e-03
<MEAN> 25
 8.475108e+00 -2.104660e+00 -6.974877e+00 -1.031867e+01 1.506327e+00 2.862667e+00 -9.077411e+00 -3.519290e+00 -9.972735e-01 4.338351e+00 1.242365e+00 -4.602260e+00 -5.915781e-01 -6.909704e-01 8.630834e-01 1.644399e+00 2.476313e-01 -1.773008e+00 -9.641282e-01 7.602835e-01 1.923133e+00 7.040323e-02 -1.709218e+00 -8.381038e-01 -3.207788e-03
<VARIANCE> 25
 8.343215e+00 1.838734e+01 3.029851e+01 4.525076e+01 3.171274e+01 3.258190e+01 5.468078e+01 3.853256e+01 4.271340e+01 3.879079e+01 4.626465e+01 2.887279e+01 3.012244e-01 9.459347e-01 1.384772e+00 2.143387e+00 2.013829e+00 2.637059e+00 2.434291e+00 2.290716e+00 2.147630e+00 2.620827e+00 1.675522e+00 1.915817e+00 6.986179e-04
<GCONST> 8.625522e+01
<MIXTURE> 108 5.452374e-03
<MEAN> 25
 8.475108e+00 -2.104660e+00 -6.974877e+00 -1.031867e+01 1.506327e+00 2.862667e+00 -9.077411e+00 -3.519290e+00 -9.972735e-01 4.338351e+00 1.242365e+00 -4.602260e+00 -5.915781e-01 -6.909704e-01 8.630834e-01 1.644399e+00 2.476313e-01 -1.773008e+00 -9.641282e-01 7.602835e-01 1.923133e+00 7.040323e-02 -1.709218e+00 -8.381038e-01 -3.207788e-03
<VARIANCE> 25
 8.343215e+00 1.838734e+01 3.029851e+01 4.525076e+01 3.171274e+01 3.258190e+01 5.468078e+01 3.853256e+01 4.271340e+01 3.879079e+01 4.626465e+01 2.887279e+01 3.012244e-01 9.459347e-01 1.384772e+00 2.143387e+00 2.013829e+00 2.637059e+00 2.434291e+00 2.290716e+00 2.147630e+00 2.620827e+00 1.675522e+00 1.915817e+00 6.986179e-04
<GCONST> 8.625522e+01
<MIXTURE> 109 6.661064e-03
<MEAN> 25
 4.070084e+00 -1.040159e+01 -8.360566e+00 -1.354527e+00 2.672385e+00 -1.026344e-03 -6.729705e-02 1.459128e+00 -2.551564e+00 -8.184280e+00 -5.310730e+00 8.788388e-02 -2.912211e-02 -1.366950e-01 -2.552139e-02 2.677453e-01 1.953043e-01 1.035373e-01 -1.285711e-01 -1.054098e-01 -4.817402e-02 -1.526614e-01 2.094018e-01 1.609305e-02 -3.276668e-03
<VARIANCE> 25
 8.975244e+00 1.943829e+01 2.007955e+01 3.108755e+01 4.069336e+01 3.637012e+01 4.619651e+01 3.405930e+01 4.542737e+01 3.719442e+01 2.953138e+01 2.782792e+01 1.917671e-01 4.195617e-01 5.363010e-01 6.475300e-01 1.213909e+00 9.967192e-01 1.242863e+00 1.083012e+00 1.110359e+00 9.728014e-01 8.796386e-01 8.759077e-01 1.863736e-04
<GCONST> 7.448840e+01
<MIXTURE> 110 6.661064e-03
<MEAN> 25
 4.070084e+00 -1.040159e+01 -8.360566e+00 -1.354527e+00 2.672385e+00 -1.026344e-03 -6.729705e-02 1.459128e+00 -2.551564e+00 -8.184280e+00 -5.310730e+00 8.788388e-02 -2.912211e-02 -1.366950e-01 -2.552139e-02 2.677453e-01 1.953043e-01 1.035373e-01 -1.285711e-01 -1.054098e-01 -4.817402e-02 -1.526614e-01 2.094018e-01 1.609305e-02 -3.276668e-03
<VARIANCE> 25
 8.975244e+00 1.943829e+01 2.007955e+01 3.108755e+01 4.069336e+01 3.637012e+01 4.619651e+01 3.405930e+01 4.542737e+01 3.719442e+01 2.953138e+01 2.782792e+01 1.917671e-01 4.195617e-01 5.363010e-01 6.475300e-01 1.213909e+00 9.967192e-01 1.242863e+00 1.083012e+00 1.110359e+00 9.728014e-01 8.796386e-01 8.759077e-01 1.863736e-04
<GCONST> 7.448840e+01
<MIXTURE> 111 4.337247e-03
<MEAN> 25
 -4.451419e+00 -9.153564e-01 -1.723814e+00 1.766820e+00 9.664152e-01 1.013856e+00 4.136025e-01 1.347069e-01 9.296115e-02 -5.337202e-01 -6.622877e-01 1.953388e+00 -2.204148e-02 -3.585164e-02 -7.442942e-02 -7.700754e-02 -3.461512e-02 4.787907e-03 1.902125e-03 -5.449891e-02 -1.407351e-01 -2.084988e-01 -1.944872e-01 -1.033652e-01 -1.996216e-04
<VARIANCE> 25
 6.990176e+00 4.951656e+00 1.013266e+01 9.991479e+00 1.300529e+01 2.388793e+01 1.558196e+01 1.367731e+01 1.151417e+01 1.184929e+01 1.364840e+01 1.154323e+01 7.925007e-02 1.647239e-01 2.741350e-01 4.220698e-01 5.670209e-01 7.027379e-01 7.984347e-01 8.643023e-01 8.859805e-01 8.612186e-01 8.651141e-01 8.476844e-01 2.228121e-05
<GCONST> 5.610600e+01
<MIXTURE> 112 4.337247e-03
<MEAN> 25
 -4.451419e+00 -9.153564e-01 -1.723814e+00 1.766820e+00 9.664152e-01 1.013856e+00 4.136025e-01 1.347069e-01 9.296115e-02 -5.337202e-01 -6.622877e-01 1.953388e+00 -2.204148e-02 -3.585164e-02 -7.442942e-02 -7.700754e-02 -3.461512e-02 4.787907e-03 1.902125e-03 -5.449891e-02 -1.407351e-01 -2.084988e-01 -1.944872e-01 -1.033652e-01 -1.996216e-04
<VARIANCE> 25
 6.990176e+00 4.951656e+00 1.013266e+01 9.991479e+00 1.300529e+01 2.388793e+01 1.558196e+01 1.367731e+01 1.151417e+01 1.184929e+01 1.364840e+01 1.154323e+01 7.925007e-02 1.647239e-01 2.741350e-01 4.220698e-01 5.670209e-01 7.027379e-01 7.984347e-01 8.643023e-01 8.859805e-01 8.612186e-01 8.651141e-01 8.476844e-01 2.228121e-05
<GCONST> 5.610600e+01
<MIXTURE> 113 5.938666e-03
<MEAN> 25
 9.842076e+00 1.701267e+00 -7.464509e+00 -1.785508e+01 -1.586822e+00 4.885120e+00 -5.949197e+00 -1.409927e-01 -5.761033e+00 2.503783e-01 1.357005e+00 2.578702e-01 6.605650e-02 -3.873887e-02 -1.052000e-01 -6.164424e-05 1.876351e-01 2.077813e-01 2.066530e-01 -2.016960e-01 6.960674e-02 1.706956e-01 1.461948e-01 4.409120e-02 -2.244818e-04
<VARIANCE> 25
 7.264462e+00 1.321499e+01 2.946219e+01 3.112195e+01 4.268138e+01 2.845228e+01 3.829200e+01 3.791901e+01 3.515260e+01 3.924250e+01 3.307357e+01 2.354187e+01 1.223399e-01 3.327014e-01 2.778043e-01 7.248415e-01 7.930734e-01 5.532451e-01 8.031314e-01 9.165015e-01 9.765947e-01 1.179413e+00 6.298339e-01 6.176465e-01 1.737756e-04
<GCONST> 7.020708e+01
<MIXTURE> 114 5.938666e-03
<MEAN> 25
 9.842076e+00 1.701267e+00 -7.464509e+00 -1.785508e+01 -1.586822e+00 4.885120e+00 -5.949197e+00 -1.409927e-01 -5.761033e+00 2.503783e-01 1.357005e+00 2.578702e-01 6.605650e-02 -3.873887e-02 -1.052000e-01 -6.164424e-05 1.876351e-01 2.077813e-01 2.066530e-01 -2.016960e-01 6.960674e-02 1.706956e-01 1.461948e-01 4.409120e-02 -2.244818e-04
<VARIANCE> 25
 7.264462e+00 1.321499e+01 2.946219e+01 3.112195e+01 4.268138e+01 2.845228e+01 3.829200e+01 3.791901e+01 3.515260e+01 3.924250e+01 3.307357e+01 2.354187e+01 1.223399e-01 3.327014e-01 2.778043e-01 7.248415e-01 7.930734e-01 5.532451e-01 8.031314e-01 9.165015e-01 9.765947e-01 1.179413e+00 6.298339e-01 6.176465e-01 1.737756e-04
<GCONST> 7.020708e+01
<MIXTURE> 115 2.935202e-03
<MEAN> 25
 -4.002248e+00 -7.643892e-01 -3.073127e+00 3.768635e+00 2.392625e+00 -3.357385e-01 2.344172e+00 3.173973e-01 1.367820e+00 -2.395023e-02 2.062790e-02 2.684905e+00 3.003857e-02 -6.997334e-02 -2.302898e-01 -4.475542e-01 -6.299404e-01 -6.601487e-01 -5.891353e-01 -5.140415e-01 -4.827118e-01 -4.485924e-01 -3.432216e-01 -1.666286e-01 -2.389147e-05
<VARIANCE> 25
 9.214385e+00 9.777912e+00 1.350134e+01 1.350039e+01 1.334772e+01 1.796651e+01 1.774928e+01 2.121083e+01 1.778312e+01 1.701176e+01 1.897911e+01 1.449423e+01 2.016029e-01 3.428539e-01 4.798007e-01 5.645161e-01 6.331310e-01 7.990941e-01 9.991014e-01 1.122322e+00 1.063971e+00 9.901956e-01 1.032903e+00 1.093104e+00 1.033157e-06
<GCONST> 6.023902e+01
<MIXTURE> 116 2.935202e-03
<MEAN> 25
 -4.002248e+00 -7.643892e-01 -3.073127e+00 3.768635e+00 2.392625e+00 -3.357385e-01 2.344172e+00 3.173973e-01 1.367820e+00 -2.395023e-02 2.062790e-02 2.684905e+00 3.003857e-02 -6.997334e-02 -2.302898e-01 -4.475542e-01 -6.299404e-01 -6.601487e-01 -5.891353e-01 -5.140415e-01 -4.827118e-01 -4.485924e-01 -3.432216e-01 -1.666286e-01 -2.389147e-05
<VARIANCE> 25
 9.214385e+00 9.777912e+00 1.350134e+01 1.350039e+01 1.334772e+01 1.796651e+01 1.774928e+01 2.121083e+01 1.778312e+01 1.701176e+01 1.897911e+01 1.449423e+01 2.016029e-01 3.428539e-01 4.798007e-01 5.645161e-01 6.331310e-01 7.990941e-01 9.991014e-01 1.122322e+00 1.063971e+00 9.901956e-01 1.032903e+00 1.093104e+00 1.033157e-06
<GCONST> 6.023902e+01
<MIXTURE> 117 6.506003e-03
<MEAN> 25
 -4.431488e+00 1.054821e+00 1.075808e+00 9.944682e+00 5.982944e+00 6.399384e+00 6.741822e+00 4.193630e+00 6.180422e+00 5.062448e+00 6.065110e+00 2.496575e+00 -8.310913e-02 -2.226961e-01 -3.489705e-01 -4.557656e-01 -3.853992e-01 -2.499977e-01 -2.566943e-01 -3.509082e-01 -3.462086e-01 -3.516512e-01 -3.369750e-01 -2.077694e-01 5.702222e-05
<VARIANCE> 25
 7.359616e+00 8.286522e+00 9.206397e+00 1.391937e+01 1.574601e+01 1.470603e+01 1.776681e+01 2.680438e+01 1.623653e+01 1.647517e+01 1.705057e+01 1.471214e+01 2.079175e-01 2.960432e-01 4.035161e-01 6.060778e-01 8.061217e-01 1.031885e+00 1.174579e+00 1.173031e+00 1.183350e+00 1.128034e+00 1.182078e+00 1.204668e+00 1.182529e-06
<GCONST> 6.057012e+01
<MIXTURE> 118 6.506003e-03
<MEAN> 25
 -4.431488e+00 1.054821e+00 1.075808e+00 9.944682e+00 5.982944e+00 6.399384e+00 6.741822e+00 4.193630e+00 6.180422e+00 5.062448e+00 6.065110e+00 2.496575e+00 -8.310913e-02 -2.226961e-01 -3.489705e-01 -4.557656e-01 -3.853992e-01 -2.499977e-01 -2.566943e-01 -3.509082e-01 -3.462086e-01 -3.516512e-01 -3.369750e-01 -2.077694e-01 5.702222e-05
<VARIANCE> 25
 7.359616e+00 8.286522e+00 9.206397e+00 1.391937e+01 1.574601e+01 1.470603e+01 1.776681e+01 2.680438e+01 1.623653e+01 1.647517e+01 1.705057e+01 1.471214e+01 2.079175e-01 2.960432e-01 4.035161e-01 6.060778e-01 8.061217e-01 1.031885e+00 1.174579e+00 1.173031e+00 1.183350e+00 1.128034e+00 1.182078e+00 1.204668e+00 1.182529e-06
<GCONST> 6.057012e+01
<MIXTURE> 119 4.297961e-03
<MEAN> 25
 -4.968753e+00 -7.625981e+00 2.221983e+00 2.040025e+00 2.237723e+00 2.249483e-01 5.297866e+00 5.919632e+00 1.173829e+00 9.634247e-01 6.594177e+00 1.569751e+00 -4.972631e-02 -7.834050e-02 3.719166e-02 -5.606797e-02 -1.240269e-01 -1.803510e-01 -6.863461e-02 -1.439552e-02 -9.329680e-02 -1.128794e-01 -5.754908e-02 -5.891943e-02 1.096795e-03
<VARIANCE> 25
 8.499824e+00 9.825604e+00 1.656019e+01 2.035277e+01 2.282646e+01 2.327533e+01 2.514739e+01 2.660147e+01 2.501860e+01 2.802041e+01 2.054155e+01 2.038247e+01 1.602340e-01 2.824499e-01 4.591143e-01 6.322470e-01 8.043295e-01 1.004588e+00 1.097594e+00 1.277522e+00 1.284564e+00 1.246178e+00 1.195945e+00 1.111005e+00 2.311625e-04
<GCONST> 6.973779e+01
<MIXTURE> 120 4.297961e-03
<MEAN> 25
 -4.968753e+00 -7.625981e+00 2.221983e+00 2.040025e+00 2.237723e+00 2.249483e-01 5.297866e+00 5.919632e+00 1.173829e+00 9.634247e-01 6.594177e+00 1.569751e+00 -4.972631e-02 -7.834050e-02 3.719166e-02 -5.606797e-02 -1.240269e-01 -1.803510e-01 -6.863461e-02 -1.439552e-02 -9.329680e-02 -1.128794e-01 -5.754908e-02 -5.891943e-02 1.096795e-03
<VARIANCE> 25
 8.499824e+00 9.825604e+00 1.656019e+01 2.035277e+01 2.282646e+01 2.327533e+01 2.514739e+01 2.660147e+01 2.501860e+01 2.802041e+01 2.054155e+01 2.038247e+01 1.602340e-01 2.824499e-01 4.591143e-01 6.322470e-01 8.043295e-01 1.004588e+00 1.097594e+00 1.277522e+00 1.284564e+00 1.246178e+00 1.195945e+00 1.111005e+00 2.311625e-04
<GCONST> 6.973779e+01
<MIXTURE> 121 4.567511e-03
<MEAN> 25
 2.083047e-01 -2.523186e+00 5.150351e+00 -1.289989e+01 -1.264511e+01 -1.664461e+00 1.000218e+00 -5.108307e+00 -4.198854e+00 -4.888564e-01 -5.506765e+00 -4.312394e+00 2.404361e-02 1.323506e-01 -4.138596e-02 7.974619e-02 1.585757e-01 7.830174e-02 -7.933138e-02 -1.829542e-01 -2.681986e-01 -2.578414e-01 -1.149182e-01 7.586865e-04 -7.437199e-03
<VARIANCE> 25
 7.733504e+00 1.560498e+01 1.730750e+01 2.039809e+01 2.441758e+01 2.924638e+01 2.953878e+01 2.457468e+01 3.528168e+01 2.833778e+01 1.974806e+01 2.117950e+01 1.549865e-01 6.429564e-01 6.230533e-01 7.048010e-01 7.704668e-01 1.149844e+00 1.117882e+00 1.121175e+00 1.217760e+00 1.192615e+00 9.424295e-01 8.719774e-01 2.108189e-04
<GCONST> 7.139677e+01
<MIXTURE> 122 4.567511e-03
<MEAN> 25
 2.083047e-01 -2.523186e+00 5.150351e+00 -1.289989e+01 -1.264511e+01 -1.664461e+00 1.000218e+00 -5.108307e+00 -4.198854e+00 -4.888564e-01 -5.506765e+00 -4.312394e+00 2.404361e-02 1.323506e-01 -4.138596e-02 7.974619e-02 1.585757e-01 7.830174e-02 -7.933138e-02 -1.829542e-01 -2.681986e-01 -2.578414e-01 -1.149182e-01 7.586865e-04 -7.437199e-03
<VARIANCE> 25
 7.733504e+00 1.560498e+01 1.730750e+01 2.039809e+01 2.441758e+01 2.924638e+01 2.953878e+01 2.457468e+01 3.528168e+01 2.833778e+01 1.974806e+01 2.117950e+01 1.549865e-01 6.429564e-01 6.230533e-01 7.048010e-01 7.704668e-01 1.149844e+00 1.117882e+00 1.121175e+00 1.217760e+00 1.192615e+00 9.424295e-01 8.719774e-01 2.108189e-04
<GCONST> 7.139677e+01
<MIXTURE> 123 4.393044e-03
<MEAN> 25
 -3.913246e+00 7.768608e-01 -1.404618e-01 6.457792e+00 4.992713e+00 3.700778e+00 3.824563e+00 8.828470e-02 3.328118e-01 -3.783094e-01 -2.175114e-01 7.279841e-01 -4.363098e-01 -7.452270e-01 -8.745819e-01 -5.618134e-01 -2.032920e-01 6.576691e-02 3.561952e-01 6.317567e-01 7.249297e-01 6.946564e-01 6.839892e-01 5.426486e-01 -2.645058e-03
<VARIANCE> 25
 1.111597e+01 1.012082e+01 1.549010e+01 1.760130e+01 2.147731e+01 2.617267e+01 2.526481e+01 1.980482e+01 1.788310e+01 1.764035e+01 2.140211e+01 2.014869e+01 3.721167e-01 3.752049e-01 5.449075e-01 7.884228e-01 9.923024e-01 1.078117e+00 1.160870e+00 1.220508e+00 1.197098e+00 1.257605e+00 1.167535e+00 1.161103e+00 9.949078e-05
<GCONST> 6.974595e+01
<MIXTURE> 124 4.069876e-03
<MEAN> 25
 -5.860213e+00 -1.407449e+00 -2.716961e+00 5.913454e+00 4.616334e+00 4.050354e+00 6.487616e+00 1.362193e+00 3.009060e+00 1.136373e+00 3.078849e-01 2.611254e+00 -1.960511e-01 -3.086762e-01 -3.445234e-01 -2.089870e-01 1.686972e-01 4.441175e-01 7.347448e-01 8.440552e-01 5.805468e-01 1.931525e-01 -1.985902e-02 -4.961947e-02 3.088908e-05
<VARIANCE> 25
 1.173802e+01 6.341810e+00 9.826315e+00 1.396998e+01 1.175569e+01 1.909166e+01 1.944684e+01 2.328642e+01 1.432595e+01 1.415388e+01 1.980090e+01 1.467505e+01 1.049404e-01 1.819706e-01 2.507965e-01 4.020211e-01 5.366914e-01 6.980882e-01 6.956679e-01 7.894552e-01 8.459386e-01 1.084393e+00 9.784020e-01 9.566846e-01 1.856638e-05
<GCONST> 5.881175e+01
<MIXTURE> 125 4.069876e-03
<MEAN> 25
 -5.860213e+00 -1.407449e+00 -2.716961e+00 5.913454e+00 4.616334e+00 4.050354e+00 6.487616e+00 1.362193e+00 3.009060e+00 1.136373e+00 3.078849e-01 2.611254e+00 -1.960511e-01 -3.086762e-01 -3.445234e-01 -2.089870e-01 1.686972e-01 4.441175e-01 7.347448e-01 8.440552e-01 5.805468e-01 1.931525e-01 -1.985902e-02 -4.961947e-02 3.088908e-05
<VARIANCE> 25
 1.173802e+01 6.341810e+00 9.826315e+00 1.396998e+01 1.175569e+01 1.909166e+01 1.944684e+01 2.328642e+01 1.432595e+01 1.415388e+01 1.980090e+01 1.467505e+01 1.049404e-01 1.819706e-01 2.507965e-01 4.020211e-01 5.366914e-01 6.980882e-01 6.956679e-01 7.894552e-01 8.459386e-01 1.084393e+00 9.784020e-01 9.566846e-01 1.856638e-05
<GCONST> 5.881175e+01
<MIXTURE> 126 2.402244e-03
<MEAN> 25
 -3.783518e+00 -6.931178e+00 -5.283350e+00 2.328325e+00 4.271152e+00 -3.231024e+00 7.982833e-02 3.543401e+00 3.336516e+00 -2.692013e+00 -1.431708e+00 3.052937e+00 -1.926359e-03 -6.586865e-03 -3.525570e-02 -1.568280e-01 -3.178722e-01 -3.893059e-01 -2.735755e-01 -1.574257e-01 -1.134246e-01 -1.164299e-01 -9.873459e-02 -3.068275e-02 -1.466301e-03
<VARIANCE> 25
 7.453546e+00 1.263360e+01 1.386349e+01 1.523760e+01 2.467455e+01 2.373403e+01 2.283569e+01 2.846517e+01 3.125155e+01 2.624062e+01 2.174999e+01 1.917194e+01 1.704889e-01 3.516431e-01 4.828613e-01 5.679432e-01 7.530657e-01 9.948801e-01 1.120675e+00 1.261941e+00 1.327648e+00 1.310859e+00 1.214326e+00 1.146031e+00 2.107722e-04
<GCONST> 6.980685e+01
<MIXTURE> 127 2.402244e-03
<MEAN> 25
 -3.783518e+00 -6.931178e+00 -5.283350e+00 2.328325e+00 4.271152e+00 -3.231024e+00 7.982833e-02 3.543401e+00 3.336516e+00 -2.692013e+00 -1.431708e+00 3.052937e+00 -1.926359e-03 -6.586865e-03 -3.525570e-02 -1.568280e-01 -3.178722e-01 -3.893059e-01 -2.735755e-01 -1.574257e-01 -1.134246e-01 -1.164299e-01 -9.873459e-02 -3.068275e-02 -1.466301e-03
<VARIANCE> 25
 7.453546e+00 1.263360e+01 1.386349e+01 1.523760e+01 2.467455e+01 2.373403e+01 2.283569e+01 2.846517e+01 3.125155e+01 2.624062e+01 2.174999e+01 1.917194e+01 1.704889e-01 3.516431e-01 4.828613e-01 5.679432e-01 7.530657e-01 9.948801e-01 1.120675e+00 1.261941e+00 1.327648e+00 1.310859e+00 1.214326e+00 1.146031e+00 2.107722e-04
<GCONST> 6.980685e+01
<MIXTURE> 128 3.790457e-03
<MEAN> 25
 -3.518608e+00 1.329566e+00 -6.067445e-01 6.781970e+00 3.437911e+00 2.075771e+00 4.011455e+00 1.583796e+00 3.783348e+00 3.654875e+00 3.560403e+00 3.609968e+00 -4.022768e-01 -2.693564e-01 1.290000e-02 7.224852e-01 1.200861e+00 1.033409e+00 7.505219e-01 1.335222e-01 -3.875345e-01 -8.502495e-01 -6.606928e-01 -2.716244e-01 5.487778e-05
<VARIANCE> 25
 1.171718e+01 1.143797e+01 1.505643e+01 1.858006e+01 1.904987e+01 2.034219e+01 2.493374e+01 3.052710e+01 2.499533e+01 2.224539e+01 2.548157e+01 1.712243e+01 8.363560e-01 1.150128e+00 1.376069e+00 1.414041e+00 1.509000e+00 1.874639e+00 2.118495e+00 2.166054e+00 2.032855e+00 1.789852e+00 1.658162e+00 1.847355e+00 1.068069e-06
<GCONST> 7.332429e+01
<TRANSP> 3
 0.000000e+00 1.000000e+00 0.000000e+00
 0.000000e+00 9.999990e-01 9.999998e-07
 0.000000e+00 0.000000e+00 0.000000e+00
<ENDHMM>
