~o
<STREAMINFO> 1 25
<VECSIZE> 25<NULLD><MFCC_E_D_N><DIAGC>
~h "jmodel"
<BEGINHMM>
<NUMSTATES> 3
<STATE> 2
<NUMMIXES> 128
<MIXTURE> 1 5.748963e-03
<MEAN> 25
 -2.577986e+00 3.180104e+00 2.302370e+00 8.746850e+00 4.366228e+00 3.444737e+00 4.069828e+00 3.924390e+00 5.831722e+00 5.247535e+00 5.872740e+00 3.081547e+00 -2.002243e+00 -1.628841e+00 -8.641508e-01 1.072499e+00 1.558441e+00 2.233971e+00 2.154583e+00 2.078223e+00 1.692728e+00 1.267525e+00 1.563345e+00 6.117443e-01 -4.694487e-02
<VARIANCE> 25
 1.006812e+01 1.176678e+01 1.499273e+01 1.870600e+01 2.323438e+01 2.219374e+01 2.195835e+01 2.205984e+01 2.100190e+01 2.255044e+01 2.099612e+01 1.710617e+01 1.790656e+00 2.128284e+00 3.022736e+00 3.216691e+00 3.738697e+00 3.357568e+00 3.320608e+00 3.404788e+00 3.519870e+00 3.725216e+00 3.518834e+00 2.831815e+00 3.126256e-03
<GCONST> 8.850285e+01
<MIXTURE> 2 4.549242e-03
<MEAN> 25
 -4.875671e+00 1.311720e+00 9.943511e-01 9.899809e+00 6.692275e+00 7.424650e+00 7.847087e+00 6.958091e+00 8.373269e+00 6.373019e+00 7.624402e+00 3.074697e+00 -6.200235e-02 4.161923e-02 1.425301e-01 2.258583e-01 2.652900e-01 2.813653e-01 2.954302e-01 3.195550e-01 3.497573e-01 3.089160e-01 1.971766e-01 8.006547e-02 1.228299e-06
<VARIANCE> 25
 6.952293e+00 8.901894e+00 1.065126e+01 1.591096e+01 1.723581e+01 1.556308e+01 1.689898e+01 1.848562e+01 1.658668e+01 1.738619e+01 1.811029e+01 1.434002e+01 1.252503e-01 2.266278e-01 3.364712e-01 4.671271e-01 6.492781e-01 8.148874e-01 9.298787e-01 1.003176e+00 1.051662e+00 1.077774e+00 1.075658e+00 1.013934e+00 1.000000e-06
<GCONST> 5.804302e+01
<MIXTURE> 3 4.549242e-03
<MEAN> 25
 -4.875671e+00 1.311720e+00 9.943511e-01 9.899809e+00 6.692275e+00 7.424650e+00 7.847087e+00 6.958091e+00 8.373269e+00 6.373019e+00 7.624402e+00 3.074697e+00 -6.200235e-02 4.161923e-02 1.425301e-01 2.258583e-01 2.652900e-01 2.813653e-01 2.954302e-01 3.195550e-01 3.497573e-01 3.089160e-01 1.971766e-01 8.006547e-02 1.228299e-06
<VARIANCE> 25
 6.952293e+00 8.901894e+00 1.065126e+01 1.591096e+01 1.723581e+01 1.556308e+01 1.689898e+01 1.848562e+01 1.658668e+01 1.738619e+01 1.811029e+01 1.434002e+01 1.252503e-01 2.266278e-01 3.364712e-01 4.671271e-01 6.492781e-01 8.148874e-01 9.298787e-01 1.003176e+00 1.051662e+00 1.077774e+00 1.075658e+00 1.013934e+00 1.000000e-06
<GCONST> 5.804302e+01
<MIXTURE> 4 1.671429e-02
<MEAN> 25
 3.190991e+00 2.184068e+00 -3.879290e+00 2.108810e+00 5.144107e+00 -6.696942e-01 2.717971e-01 -3.813550e-01 2.281196e+00 2.484565e-01 -3.510455e+00 3.542256e-01 -2.304262e+00 1.439458e+00 1.116473e+00 3.041103e+00 4.926863e-01 9.338153e-01 2.160599e+00 5.000907e-01 9.871846e-01 3.212217e-01 1.123936e+00 8.157883e-01 -9.257460e-02
<VARIANCE> 25
 1.638630e+01 2.525710e+01 2.263718e+01 3.784371e+01 4.166095e+01 6.113889e+01 5.427327e+01 4.393056e+01 4.569535e+01 5.704681e+01 4.980256e+01 2.910743e+01 2.237022e+00 5.142099e+00 3.587009e+00 4.705410e+00 5.333023e+00 6.942484e+00 7.094735e+00 5.899559e+00 5.100742e+00 4.933993e+00 5.465100e+00 3.611531e+00 5.642788e-03
<GCONST> 1.031349e+02
<MIXTURE> 5 3.206198e-03
<MEAN> 25
 -3.416520e+00 2.180860e+00 6.084791e-01 9.428020e+00 6.697056e+00 6.315405e+00 7.110910e+00 4.721734e+00 5.496228e+00 3.847090e+00 4.658561e+00 2.606636e+00 -3.245620e-01 7.526704e-01 1.224572e+00 1.032224e+00 3.075698e-01 -1.000051e-01 -8.381856e-02 3.368179e-02 4.579430e-01 6.840209e-01 4.039745e-01 8.817773e-02 -2.755028e-05
<VARIANCE> 25
 1.025583e+01 1.394133e+01 2.350087e+01 2.561826e+01 2.023390e+01 1.942515e+01 2.014076e+01 2.037127e+01 2.142110e+01 2.129255e+01 2.409514e+01 1.635897e+01 1.210000e+00 1.244841e+00 1.357287e+00 1.674204e+00 2.284552e+00 2.377609e+00 2.301190e+00 2.274970e+00 2.315147e+00 2.238164e+00 2.085230e+00 1.874063e+00 1.000142e-06
<GCONST> 7.517115e+01
<MIXTURE> 6 5.475854e-03
<MEAN> 25
 9.464411e+00 -4.332268e-01 -6.828547e+00 -1.074005e+01 -1.277613e+00 6.935928e+00 -6.366553e+00 -4.702263e+00 -2.664016e+00 2.601381e+00 4.802258e+00 -8.895894e-01 4.865453e-01 8.202031e-01 -4.056428e-01 -1.354324e+00 -7.224576e-01 1.235435e+00 1.555176e+00 7.151632e-02 -1.080262e+00 -1.018588e+00 3.415033e-01 1.209706e+00 -8.829768e-03
<VARIANCE> 25
 8.809249e+00 1.564202e+01 2.323031e+01 4.196854e+01 4.009357e+01 2.838127e+01 5.024252e+01 3.823195e+01 4.629141e+01 4.124395e+01 3.933725e+01 2.738984e+01 3.078328e-01 8.565168e-01 1.089867e+00 2.108846e+00 1.542194e+00 2.019107e+00 1.874097e+00 2.273771e+00 2.386171e+00 2.202472e+00 2.168308e+00 1.374378e+00 6.741828e-04
<GCONST> 8.442310e+01
<MIXTURE> 7 5.475854e-03
<MEAN> 25
 9.464411e+00 -4.332268e-01 -6.828547e+00 -1.074005e+01 -1.277613e+00 6.935928e+00 -6.366553e+00 -4.702263e+00 -2.664016e+00 2.601381e+00 4.802258e+00 -8.895894e-01 4.865453e-01 8.202031e-01 -4.056428e-01 -1.354324e+00 -7.224576e-01 1.235435e+00 1.555176e+00 7.151632e-02 -1.080262e+00 -1.018588e+00 3.415033e-01 1.209706e+00 -8.829768e-03
<VARIANCE> 25
 8.809249e+00 1.564202e+01 2.323031e+01 4.196854e+01 4.009357e+01 2.838127e+01 5.024252e+01 3.823195e+01 4.629141e+01 4.124395e+01 3.933725e+01 2.738984e+01 3.078328e-01 8.565168e-01 1.089867e+00 2.108846e+00 1.542194e+00 2.019107e+00 1.874097e+00 2.273771e+00 2.386171e+00 2.202472e+00 2.168308e+00 1.374378e+00 6.741828e-04
<GCONST> 8.442310e+01
<MIXTURE> 8 1.165917e-02
<MEAN> 25
 -4.710443e+00 1.393541e+00 1.261973e+00 9.549014e+00 6.569479e+00 6.251753e+00 6.499780e+00 5.631764e+00 6.670193e+00 5.634295e+00 6.539790e+00 3.171183e+00 -6.367629e-01 -1.419052e+00 -1.062335e+00 -1.730567e+00 -2.265905e-01 -9.372549e-01 -1.814013e-01 -2.852769e-01 -2.466685e-01 -1.743498e-01 -2.125186e-01 7.242328e-02 9.874707e-02
<VARIANCE> 25
 9.411803e+00 1.000005e+01 1.175284e+01 1.600940e+01 1.658882e+01 1.570288e+01 1.817979e+01 1.815005e+01 1.701410e+01 1.733453e+01 1.903617e+01 1.402737e+01 2.762034e+00 2.814929e+00 3.907445e+00 3.751845e+00 3.450108e+00 3.334289e+00 3.123012e+00 3.072257e+00 2.875978e+00 2.646852e+00 2.424741e+00 1.911730e+00 6.661283e-03
<GCONST> 8.635639e+01
<MIXTURE> 9 1.199672e-02
<MEAN> 25
 8.958224e+00 3.223253e+00 -6.082282e+00 -1.004569e+01 -1.282828e+00 5.138007e+00 -2.246593e+00 -2.276957e+00 -4.544665e+00 -6.332433e-01 6.943949e-01 -8.273795e-02 1.347215e+00 -2.052629e-01 -3.169698e-01 -2.629406e+00 -1.623265e+00 8.951458e-01 -1.072404e+00 -9.659640e-02 -1.605862e-01 -3.901023e-01 6.052789e-01 -1.366525e-01 7.006429e-02
<VARIANCE> 25
 1.224226e+01 1.967162e+01 3.258849e+01 5.939758e+01 5.468922e+01 3.148712e+01 4.741634e+01 4.745056e+01 4.512884e+01 4.183125e+01 3.289754e+01 2.545178e+01 2.063502e+00 2.304562e+00 5.039032e+00 4.727450e+00 4.551064e+00 3.865545e+00 4.395950e+00 5.715677e+00 4.934979e+00 4.379587e+00 3.676764e+00 2.709944e+00 2.118502e-03
<GCONST> 9.847893e+01
<MIXTURE> 10 6.596976e-03
<MEAN> 25
 7.791471e-01 7.462148e+00 5.121572e+00 7.155739e+00 1.670569e+00 -2.078668e+00 -4.531240e-01 -1.805013e+00 8.736660e-01 7.691470e-01 7.610033e-01 7.292402e-01 -1.870296e+00 -5.767347e-01 -4.923622e-01 2.890358e+00 2.378068e+00 2.733459e+00 2.382565e+00 2.126202e+00 1.859382e+00 1.559210e+00 2.294572e+00 5.102294e-01 -1.372832e-01
<VARIANCE> 25
 1.907874e+01 2.105451e+01 2.373062e+01 2.829604e+01 3.766303e+01 3.423029e+01 3.459644e+01 3.383286e+01 2.718510e+01 2.854635e+01 2.665865e+01 2.483371e+01 2.276049e+00 3.631902e+00 5.419584e+00 5.769139e+00 5.671372e+00 4.384845e+00 4.623797e+00 5.483587e+00 4.295664e+00 4.945711e+00 4.431725e+00 3.111786e+00 2.657848e-03
<GCONST> 9.757977e+01
<MIXTURE> 11 1.633820e-02
<MEAN> 25
 7.207211e+00 4.531347e+00 2.738702e+00 5.430333e+00 -2.617622e+00 -2.081861e+00 -1.247818e+00 -6.334302e+00 -2.613858e+00 5.319770e-01 -2.397692e+00 -1.659300e+00 -3.015100e-01 4.711860e-01 1.331989e-01 2.824031e-01 4.669723e-01 -1.018702e-01 1.928630e-01 -2.118765e-01 -2.291181e-01 -2.276047e-02 -1.459829e-01 8.253647e-02 -1.729971e-02
<VARIANCE> 25
 1.278485e+01 2.147290e+01 2.287190e+01 2.840894e+01 3.895266e+01 3.575710e+01 5.240009e+01 4.322592e+01 4.695478e+01 3.450250e+01 3.229509e+01 2.992623e+01 8.909125e-01 1.171304e+00 1.724591e+00 2.109229e+00 2.038322e+00 2.398570e+00 2.377290e+00 2.749559e+00 2.176107e+00 1.906700e+00 1.808042e+00 1.716755e+00 1.141488e-03
<GCONST> 8.784539e+01
<MIXTURE> 12 5.904134e-03
<MEAN> 25
 1.076490e+01 3.742829e+00 -4.503062e+00 -1.599237e+01 -8.693189e+00 8.642652e+00 -8.987783e-01 -1.921233e+00 -1.721323e+00 -4.883386e+00 1.775267e+00 7.172209e-01 6.788038e-02 2.936461e-01 7.954742e-02 -3.683012e-01 -3.106374e-01 2.961306e-02 3.055075e-01 4.475341e-01 1.410283e-01 -3.843707e-01 -3.853688e-01 5.410542e-02 -6.300483e-03
<VARIANCE> 25
 8.884067e+00 2.100195e+01 2.335820e+01 3.504309e+01 4.210393e+01 3.095377e+01 4.182840e+01 4.897790e+01 4.407036e+01 3.743294e+01 3.799284e+01 2.892351e+01 2.468493e-01 6.883379e-01 6.860572e-01 1.169776e+00 1.186791e+00 1.053960e+00 1.171713e+00 1.386829e+00 1.240364e+00 1.222620e+00 1.221717e+00 9.566602e-01 5.785865e-04
<GCONST> 7.892561e+01
<MIXTURE> 13 5.904134e-03
<MEAN> 25
 1.076490e+01 3.742829e+00 -4.503062e+00 -1.599237e+01 -8.693189e+00 8.642652e+00 -8.987783e-01 -1.921233e+00 -1.721323e+00 -4.883386e+00 1.775267e+00 7.172209e-01 6.788038e-02 2.936461e-01 7.954742e-02 -3.683012e-01 -3.106374e-01 2.961306e-02 3.055075e-01 4.475341e-01 1.410283e-01 -3.843707e-01 -3.853688e-01 5.410542e-02 -6.300483e-03
<VARIANCE> 25
 8.884067e+00 2.100195e+01 2.335820e+01 3.504309e+01 4.210393e+01 3.095377e+01 4.182840e+01 4.897790e+01 4.407036e+01 3.743294e+01 3.799284e+01 2.892351e+01 2.468493e-01 6.883379e-01 6.860572e-01 1.169776e+00 1.186791e+00 1.053960e+00 1.171713e+00 1.386829e+00 1.240364e+00 1.222620e+00 1.221717e+00 9.566602e-01 5.785865e-04
<GCONST> 7.892561e+01
<MIXTURE> 14 6.488954e-03
<MEAN> 25
 -4.345004e+00 -2.750564e-01 -4.094130e-01 8.889505e+00 7.426062e+00 7.303531e+00 7.846008e+00 7.219058e+00 7.307188e+00 5.150915e+00 6.795895e+00 4.088674e+00 -2.737974e-01 1.995958e-01 3.724841e-01 3.105754e-01 2.012808e-02 5.467510e-02 8.466882e-02 1.718571e-01 2.967325e-01 5.547186e-01 5.016770e-01 5.683495e-02 -9.149805e-03
<VARIANCE> 25
 9.392129e+00 1.438854e+01 1.893308e+01 1.761851e+01 2.132690e+01 1.976474e+01 2.125839e+01 2.129897e+01 2.004439e+01 2.396371e+01 2.138470e+01 1.583873e+01 9.498897e-01 1.634756e+00 1.762594e+00 1.954936e+00 2.234023e+00 2.350285e+00 2.303766e+00 2.235177e+00 2.253795e+00 2.489676e+00 2.164711e+00 1.818154e+00 1.045727e-03
<GCONST> 8.202827e+01
<MIXTURE> 15 2.475190e-03
<MEAN> 25
 -5.424032e+00 -6.444212e-01 -2.012692e-01 7.368026e+00 5.719771e+00 5.701489e+00 6.060499e+00 4.979569e+00 5.164866e+00 4.154547e+00 5.502420e+00 2.539956e+00 -1.212344e-01 -2.916119e-02 7.500179e-02 2.436760e-01 4.894161e-01 7.865220e-01 1.072423e+00 1.182131e+00 1.059315e+00 7.561438e-01 4.197403e-01 1.533892e-01 -8.267332e-05
<VARIANCE> 25
 6.984709e+00 5.606027e+00 9.033465e+00 1.281355e+01 1.407843e+01 1.429725e+01 1.492144e+01 1.489921e+01 1.410035e+01 1.418364e+01 1.510183e+01 1.250863e+01 1.247596e-01 2.061923e-01 3.197791e-01 5.030917e-01 6.996105e-01 7.936928e-01 7.632116e-01 7.916191e-01 9.090386e-01 1.023957e+00 1.071342e+00 1.041247e+00 2.795577e-05
<GCONST> 5.858743e+01
<MIXTURE> 16 2.475190e-03
<MEAN> 25
 -5.424032e+00 -6.444212e-01 -2.012692e-01 7.368026e+00 5.719771e+00 5.701489e+00 6.060499e+00 4.979569e+00 5.164866e+00 4.154547e+00 5.502420e+00 2.539956e+00 -1.212344e-01 -2.916119e-02 7.500179e-02 2.436760e-01 4.894161e-01 7.865220e-01 1.072423e+00 1.182131e+00 1.059315e+00 7.561438e-01 4.197403e-01 1.533892e-01 -8.267332e-05
<VARIANCE> 25
 6.984709e+00 5.606027e+00 9.033465e+00 1.281355e+01 1.407843e+01 1.429725e+01 1.492144e+01 1.489921e+01 1.410035e+01 1.418364e+01 1.510183e+01 1.250863e+01 1.247596e-01 2.061923e-01 3.197791e-01 5.030917e-01 6.996105e-01 7.936928e-01 7.632116e-01 7.916191e-01 9.090386e-01 1.023957e+00 1.071342e+00 1.041247e+00 2.795577e-05
<GCONST> 5.858743e+01
<MIXTURE> 17 9.518312e-03
<MEAN> 25
 3.090375e+00 -8.993829e-01 5.227835e+00 2.498481e+00 -5.363951e+00 -7.523259e+00 -1.797073e+00 3.095143e-01 -2.576189e+00 -1.916879e+00 8.314789e-01 4.791152e-01 -3.769135e-01 -1.375555e+00 1.443638e+00 -1.983443e+00 -2.070021e+00 -6.733367e-01 -3.172189e-02 1.080759e+00 -7.786801e-01 -1.601512e-01 1.148998e+00 2.533697e-01 7.668684e-02
<VARIANCE> 25
 1.471114e+01 2.775039e+01 3.122477e+01 3.790107e+01 3.835738e+01 5.221309e+01 4.071627e+01 3.247198e+01 4.131112e+01 2.734935e+01 2.745297e+01 2.516535e+01 1.886102e+00 2.152689e+00 3.462237e+00 2.693466e+00 3.373694e+00 5.966547e+00 5.370920e+00 3.969720e+00 4.594904e+00 3.170340e+00 2.596316e+00 2.138322e+00 2.071310e-03
<GCONST> 9.530121e+01
<MIXTURE> 18 1.221018e-02
<MEAN> 25
 2.670194e+00 3.687154e+00 3.513972e+00 5.071652e+00 -2.765052e+00 -6.704518e+00 9.658852e-01 -5.427362e-01 -2.073870e+00 -1.954923e+00 1.549803e-01 1.615458e+00 -5.113830e-01 2.166485e+00 -5.188236e-01 1.556303e+00 2.514739e+00 2.261942e+00 1.137433e+00 -1.223443e+00 7.855418e-01 3.491322e-01 -5.243988e-01 1.517103e-01 -1.199766e-01
<VARIANCE> 25
 1.303507e+01 1.990556e+01 3.524476e+01 1.998335e+01 3.705747e+01 3.999186e+01 5.095323e+01 3.206042e+01 3.734381e+01 2.432312e+01 3.165674e+01 3.122536e+01 1.853159e+00 2.366307e+00 3.686254e+00 4.302150e+00 3.565673e+00 5.106418e+00 3.887401e+00 5.558200e+00 4.363134e+00 3.304025e+00 3.671023e+00 3.060502e+00 3.003558e-03
<GCONST> 9.596647e+01
<MIXTURE> 19 9.912824e-03
<MEAN> 25
 -9.621095e+00 2.277787e+00 -3.289011e-01 1.683150e+00 3.808477e+00 1.802379e+00 4.246735e+00 7.312425e-01 1.781851e+00 8.555582e-01 9.325021e-01 1.835339e+00 1.883380e+00 1.496604e+00 2.186297e+00 7.343643e-01 -1.042495e+00 -1.050046e+00 -9.311883e-01 -1.161019e+00 -1.682097e+00 -1.140895e+00 -6.778958e-01 -7.502701e-01 6.006353e-03
<VARIANCE> 25
 5.142106e+01 3.055717e+01 4.475880e+01 5.038487e+01 3.126851e+01 3.292443e+01 3.350358e+01 2.821499e+01 3.006815e+01 2.734224e+01 2.995096e+01 1.877658e+01 2.568326e+00 2.367018e+00 2.029740e+00 2.222673e+00 2.422020e+00 2.030915e+00 2.679291e+00 2.597378e+00 2.306319e+00 2.247272e+00 2.452959e+00 1.810387e+00 2.279890e-03
<GCONST> 9.175719e+01
<MIXTURE> 20 6.308331e-03
<MEAN> 25
 -1.414904e+01 7.410832e+00 8.106273e-01 6.141205e+00 4.825592e+00 1.634020e+00 5.209783e+00 8.429806e-01 9.501887e-01 7.736223e-01 2.562374e+00 -2.830569e-01 -3.281255e+00 -8.577532e-01 -1.560248e+00 3.346415e-01 1.535717e+00 2.058489e+00 1.975330e+00 2.052738e+00 2.140951e+00 2.033466e+00 1.681496e+00 9.403988e-01 4.731632e-02
<VARIANCE> 25
 1.987807e+01 2.339398e+01 3.126195e+01 3.711721e+01 3.087580e+01 2.788204e+01 2.986097e+01 3.141282e+01 2.811350e+01 2.829247e+01 2.509501e+01 2.096378e+01 2.090560e+00 2.198603e+00 1.911489e+00 2.547547e+00 2.703495e+00 2.315622e+00 2.307682e+00 2.317511e+00 2.231983e+00 2.660438e+00 2.238040e+00 1.865921e+00 1.880932e-03
<GCONST> 8.924551e+01
<MIXTURE> 21 7.928653e-03
<MEAN> 25
 4.003598e+00 -4.531411e+00 5.774225e+00 -1.546070e+00 -1.057705e+01 -8.731227e+00 -2.611761e+00 4.178945e+00 -2.073318e+00 -3.404607e+00 2.438108e-01 3.435322e-01 -7.191653e-01 1.340364e+00 2.586874e+00 -4.408097e-02 -1.551037e+00 3.351676e-01 5.897084e-01 -1.495728e+00 -1.956300e+00 3.132910e-01 1.326762e+00 2.466248e-01 -1.277282e-02
<VARIANCE> 25
 8.899328e+00 1.873043e+01 2.964954e+01 2.840602e+01 2.859125e+01 3.318910e+01 4.294065e+01 3.936369e+01 4.291063e+01 3.161318e+01 3.382865e+01 2.322592e+01 3.765139e-01 9.509311e-01 1.861609e+00 1.292244e+00 2.211755e+00 2.196468e+00 3.641496e+00 2.506183e+00 2.169745e+00 2.593720e+00 2.017897e+00 2.283336e+00 4.301218e-04
<GCONST> 8.511282e+01
<MIXTURE> 22 8.827789e-03
<MEAN> 25
 -1.747319e+01 7.383683e+00 -4.207885e+00 7.460885e+00 4.477768e+00 2.914642e+00 8.672489e+00 1.392815e+00 5.074805e+00 3.045273e+00 5.838932e+00 1.247575e+00 -3.522107e-01 -1.899204e-01 6.906313e-03 -6.585891e-02 -2.587205e-02 8.943169e-02 2.334206e-01 2.124760e-01 9.193137e-02 9.613260e-02 1.897954e-01 1.145241e-01 1.149024e-02
<VARIANCE> 25
 1.056207e+01 1.676231e+01 1.672664e+01 2.400501e+01 2.197291e+01 2.026594e+01 1.954018e+01 1.983453e+01 1.960405e+01 2.157852e+01 1.862368e+01 1.315013e+01 1.085829e+00 1.314541e+00 1.541762e+00 1.658643e+00 1.352434e+00 1.486388e+00 1.528379e+00 1.463825e+00 1.963769e+00 1.745872e+00 1.293600e+00 1.207629e+00 1.770706e-03
<GCONST> 7.886565e+01
<MIXTURE> 23 6.455497e-03
<MEAN> 25
 7.948316e+00 2.447315e+00 3.034752e+00 2.415390e+00 -4.876374e+00 -3.145576e+00 -4.289837e+00 -6.535507e+00 -3.416818e+00 -1.032287e+00 -4.159271e+00 -2.144885e+00 3.656411e-02 1.759479e-01 6.334909e-03 5.263651e-02 3.922562e-03 4.984286e-02 1.829937e-02 -4.639840e-02 1.496109e-02 5.395780e-02 5.503928e-03 3.782162e-02 -4.368715e-03
<VARIANCE> 25
 1.042869e+01 2.227944e+01 2.458701e+01 4.082396e+01 3.802104e+01 5.396356e+01 5.914139e+01 5.503124e+01 4.855214e+01 4.698206e+01 4.876814e+01 4.030109e+01 1.200017e-01 2.947679e-01 3.802371e-01 4.909417e-01 5.984008e-01 7.146073e-01 7.750749e-01 8.765252e-01 8.911358e-01 8.863631e-01 8.200236e-01 7.582948e-01 8.773128e-05
<GCONST> 7.302825e+01
<MIXTURE> 24 6.455497e-03
<MEAN> 25
 7.948316e+00 2.447315e+00 3.034752e+00 2.415390e+00 -4.876374e+00 -3.145576e+00 -4.289837e+00 -6.535507e+00 -3.416818e+00 -1.032287e+00 -4.159271e+00 -2.144885e+00 3.656411e-02 1.759479e-01 6.334909e-03 5.263651e-02 3.922562e-03 4.984286e-02 1.829937e-02 -4.639840e-02 1.496109e-02 5.395780e-02 5.503928e-03 3.782162e-02 -4.368715e-03
<VARIANCE> 25
 1.042869e+01 2.227944e+01 2.458701e+01 4.082396e+01 3.802104e+01 5.396356e+01 5.914139e+01 5.503124e+01 4.855214e+01 4.698206e+01 4.876814e+01 4.030109e+01 1.200017e-01 2.947679e-01 3.802371e-01 4.909417e-01 5.984008e-01 7.146073e-01 7.750749e-01 8.765252e-01 8.911358e-01 8.863631e-01 8.200236e-01 7.582948e-01 8.773128e-05
<GCONST> 7.302825e+01
<MIXTURE> 25 1.118642e-02
<MEAN> 25
 2.964728e-01 3.471005e+00 1.677223e+01 -1.057270e+00 -1.131789e+01 -1.748826e+00 -4.993730e+00 -2.938733e+00 -6.948509e+00 -5.424272e+00 4.107922e+00 -1.653422e+00 -1.349773e-01 4.393266e-01 1.683489e-01 1.501661e-01 2.172644e-01 1.105958e-01 1.915245e-01 -1.685725e-01 -2.491756e-01 7.419787e-02 -7.534632e-02 -1.072508e-01 -1.288983e-02
<VARIANCE> 25
 8.828554e+00 2.224484e+01 2.088206e+01 2.895572e+01 3.171038e+01 4.136237e+01 2.748697e+01 2.999958e+01 2.844976e+01 3.681586e+01 2.097201e+01 2.767301e+01 5.947664e-01 1.443487e+00 1.403392e+00 1.383513e+00 2.272741e+00 2.040780e+00 1.750086e+00 1.632018e+00 1.541995e+00 1.647259e+00 1.350834e+00 1.296237e+00 1.282556e-03
<GCONST> 8.277158e+01
<MIXTURE> 26 7.727677e-03
<MEAN> 25
 2.053855e+00 -5.045505e+00 -9.710814e+00 3.352754e-01 7.334244e+00 4.514507e+00 3.799247e+00 -2.203746e-01 2.956843e+00 -7.586784e-01 -2.843396e+00 -6.942613e-01 -6.308770e-01 7.446747e-01 1.660540e-01 6.635327e-01 3.404276e-02 2.926705e-01 4.476853e-01 1.847647e-02 1.889159e-01 1.571428e-01 3.824006e-01 4.331307e-01 -4.871055e-02
<VARIANCE> 25
 2.363334e+01 3.904047e+01 2.551765e+01 5.963200e+01 3.731208e+01 4.367227e+01 4.348738e+01 3.952565e+01 3.634059e+01 5.322351e+01 3.674581e+01 4.087286e+01 1.587345e+00 1.955446e+00 2.051514e+00 2.142001e+00 2.145345e+00 2.437850e+00 2.763888e+00 3.152231e+00 2.217811e+00 2.176086e+00 2.036722e+00 2.059645e+00 3.324442e-03
<GCONST> 9.356276e+01
<MIXTURE> 27 7.727677e-03
<MEAN> 25
 2.053855e+00 -5.045505e+00 -9.710814e+00 3.352754e-01 7.334244e+00 4.514507e+00 3.799247e+00 -2.203746e-01 2.956843e+00 -7.586784e-01 -2.843396e+00 -6.942613e-01 -6.308770e-01 7.446747e-01 1.660540e-01 6.635327e-01 3.404276e-02 2.926705e-01 4.476853e-01 1.847647e-02 1.889159e-01 1.571428e-01 3.824006e-01 4.331307e-01 -4.871055e-02
<VARIANCE> 25
 2.363334e+01 3.904047e+01 2.551765e+01 5.963200e+01 3.731208e+01 4.367227e+01 4.348738e+01 3.952565e+01 3.634059e+01 5.322351e+01 3.674581e+01 4.087286e+01 1.587345e+00 1.955446e+00 2.051514e+00 2.142001e+00 2.145345e+00 2.437850e+00 2.763888e+00 3.152231e+00 2.217811e+00 2.176086e+00 2.036722e+00 2.059645e+00 3.324442e-03
<GCONST> 9.356276e+01
<MIXTURE> 28 5.036674e-03
<MEAN> 25
 -5.451490e+00 1.173333e-02 -1.569460e+00 6.616324e+00 5.232635e+00 3.518191e+00 5.416204e+00 3.130020e+00 3.922903e+00 2.394217e+00 2.638432e+00 3.220402e+00 -1.152255e-01 2.232330e-01 5.287443e-01 7.848637e-01 8.221684e-01 7.029859e-01 5.231735e-01 3.920046e-01 4.448457e-01 4.824477e-01 3.710382e-01 1.896221e-01 -1.245293e-05
<VARIANCE> 25
 1.043492e+01 8.352237e+00 1.216098e+01 1.484348e+01 1.471188e+01 1.773180e+01 1.804306e+01 1.901650e+01 1.718441e+01 1.673125e+01 2.060888e+01 1.500353e+01 2.565430e-01 3.365531e-01 4.068448e-01 4.642113e-01 6.216276e-01 8.471054e-01 1.056501e+00 1.144781e+00 1.102576e+00 1.029926e+00 1.036732e+00 1.066794e+00 1.000105e-06
<GCONST> 6.025286e+01
<MIXTURE> 29 5.036674e-03
<MEAN> 25
 -5.451490e+00 1.173333e-02 -1.569460e+00 6.616324e+00 5.232635e+00 3.518191e+00 5.416204e+00 3.130020e+00 3.922903e+00 2.394217e+00 2.638432e+00 3.220402e+00 -1.152255e-01 2.232330e-01 5.287443e-01 7.848637e-01 8.221684e-01 7.029859e-01 5.231735e-01 3.920046e-01 4.448457e-01 4.824477e-01 3.710382e-01 1.896221e-01 -1.245293e-05
<VARIANCE> 25
 1.043492e+01 8.352237e+00 1.216098e+01 1.484348e+01 1.471188e+01 1.773180e+01 1.804306e+01 1.901650e+01 1.718441e+01 1.673125e+01 2.060888e+01 1.500353e+01 2.565430e-01 3.365531e-01 4.068448e-01 4.642113e-01 6.216276e-01 8.471054e-01 1.056501e+00 1.144781e+00 1.102576e+00 1.029926e+00 1.036732e+00 1.066794e+00 1.000105e-06
<GCONST> 6.025286e+01
<MIXTURE> 30 8.917812e-03
<MEAN> 25
 -4.494535e+00 -1.955952e-01 6.545752e-01 9.089440e+00 7.776388e+00 7.510715e+00 7.584035e+00 6.880790e+00 6.534036e+00 4.896990e+00 7.013466e+00 3.502763e+00 -2.377688e-02 3.042827e-02 5.647546e-02 8.879472e-02 8.164077e-02 4.438136e-02 1.344765e-02 -3.020374e-03 1.725778e-02 5.160790e-02 6.152251e-02 3.482292e-02 -5.558741e-04
<VARIANCE> 25
 6.940269e+00 9.864122e+00 1.040038e+01 1.374157e+01 1.575153e+01 1.641897e+01 1.913235e+01 1.818610e+01 1.628313e+01 1.836709e+01 2.123828e+01 1.436327e+01 9.738775e-02 1.995855e-01 3.249996e-01 4.815237e-01 6.195607e-01 7.242435e-01 7.725532e-01 8.124385e-01 8.761994e-01 9.373371e-01 9.205539e-01 8.626698e-01 5.096702e-05
<GCONST> 6.058989e+01
<MIXTURE> 31 4.136493e-03
<MEAN> 25
 -3.388642e+00 -5.880477e+00 -9.023925e-02 5.217590e+00 3.764189e+00 1.174498e+00 4.917900e+00 6.668353e+00 2.828083e+00 1.033267e+00 6.335623e+00 3.046626e+00 2.534128e-01 4.986841e-01 -2.534784e-01 2.234223e-01 1.389430e-01 5.217741e-01 2.207477e-01 2.220174e-02 3.198787e-01 4.061343e-01 4.694860e-02 9.521519e-02 -2.006351e-02
<VARIANCE> 25
 7.133147e+00 1.542469e+01 1.720621e+01 1.945010e+01 2.442845e+01 2.820719e+01 2.485261e+01 2.447870e+01 2.488430e+01 2.769382e+01 2.038355e+01 1.811725e+01 1.833405e-01 4.844881e-01 6.104227e-01 8.786505e-01 9.315690e-01 1.227764e+00 1.196552e+00 1.329021e+00 1.353367e+00 1.275420e+00 1.268009e+00 1.093562e+00 3.036256e-04
<GCONST> 7.218108e+01
<MIXTURE> 32 4.136493e-03
<MEAN> 25
 -3.388642e+00 -5.880477e+00 -9.023925e-02 5.217590e+00 3.764189e+00 1.174498e+00 4.917900e+00 6.668353e+00 2.828083e+00 1.033267e+00 6.335623e+00 3.046626e+00 2.534128e-01 4.986841e-01 -2.534784e-01 2.234223e-01 1.389430e-01 5.217741e-01 2.207477e-01 2.220174e-02 3.198787e-01 4.061343e-01 4.694860e-02 9.521519e-02 -2.006351e-02
<VARIANCE> 25
 7.133147e+00 1.542469e+01 1.720621e+01 1.945010e+01 2.442845e+01 2.820719e+01 2.485261e+01 2.447870e+01 2.488430e+01 2.769382e+01 2.038355e+01 1.811725e+01 1.833405e-01 4.844881e-01 6.104227e-01 8.786505e-01 9.315690e-01 1.227764e+00 1.196552e+00 1.329021e+00 1.353367e+00 1.275420e+00 1.268009e+00 1.093562e+00 3.036256e-04
<GCONST> 7.218108e+01
<MIXTURE> 33 1.508826e-02
<MEAN> 25
 6.178010e+00 -4.145367e+00 -1.721640e+00 -3.862573e+00 -6.849944e-01 -4.050693e+00 -8.525033e+00 1.410179e+00 2.717706e+00 -6.165631e-01 -5.316360e+00 -3.606338e+00 6.288415e-01 -1.339169e+00 -2.030027e+00 -1.928889e+00 1.696613e+00 9.825340e-01 -1.200598e+00 1.595190e+00 4.810459e-01 4.147796e-01 -3.821214e-02 -1.190041e+00 4.079076e-02
<VARIANCE> 25
 8.971013e+00 1.892528e+01 2.457732e+01 3.831259e+01 4.070281e+01 4.577360e+01 4.188038e+01 4.926404e+01 3.316098e+01 4.065891e+01 3.471450e+01 2.659981e+01 9.907306e-01 1.737812e+00 2.447616e+00 1.889233e+00 4.389579e+00 3.546533e+00 4.433359e+00 8.228196e+00 4.223559e+00 3.975549e+00 3.340033e+00 2.144524e+00 1.301158e-03
<GCONST> 9.368745e+01
<MIXTURE> 34 1.588179e-02
<MEAN> 25
 7.912893e+00 1.548695e-01 -6.025177e-01 5.945312e-01 -2.089891e+00 -7.434776e-01 -5.561472e+00 -4.796222e+00 -7.351189e-01 7.896929e-02 -3.444084e+00 -3.353627e+00 -5.337639e-03 1.347294e+00 9.001283e-01 2.255708e+00 -2.251490e-01 8.831991e-02 1.184830e+00 -2.065658e+00 -3.833088e-01 2.909712e-01 -6.489396e-01 8.646603e-02 -6.045023e-02
<VARIANCE> 25
 1.094038e+01 2.750556e+01 2.970726e+01 4.607592e+01 4.151217e+01 4.854033e+01 5.929255e+01 6.497684e+01 5.121720e+01 5.022922e+01 5.821412e+01 2.851147e+01 1.045555e+00 1.643544e+00 5.076496e+00 3.480975e+00 4.729595e+00 5.397216e+00 5.222170e+00 7.735326e+00 6.826240e+00 4.284578e+00 4.150837e+00 3.669770e+00 1.131027e-03
<GCONST> 9.967384e+01
<MIXTURE> 35 1.467755e-02
<MEAN> 25
 -1.859412e+00 -4.322893e+00 -9.412732e+00 8.060198e-01 9.282775e+00 9.061553e-01 1.417985e+00 2.076107e+00 1.859947e+00 4.322794e+00 -2.299334e-02 1.780981e+00 5.245281e-01 -1.130690e+00 -1.143860e+00 -1.335993e+00 2.717655e-01 -8.270815e-01 -7.181419e-01 6.188071e-03 -2.132343e-01 2.258474e-01 -6.140165e-01 -4.488338e-01 1.015310e-01
<VARIANCE> 25
 1.985334e+01 3.375952e+01 4.295221e+01 6.066518e+01 4.152124e+01 6.130737e+01 5.083491e+01 4.329922e+01 4.796551e+01 3.829512e+01 3.501987e+01 2.881559e+01 3.331136e+00 3.323129e+00 6.857630e+00 5.487869e+00 5.050842e+00 5.713634e+00 5.024862e+00 4.401980e+00 5.175096e+00 4.278422e+00 3.772600e+00 3.495633e+00 5.145970e-03
<GCONST> 1.031896e+02
<MIXTURE> 36 1.093293e-02
<MEAN> 25
 4.437405e+00 -3.447463e+00 6.994626e+00 2.243231e+00 -8.773842e+00 -9.190800e+00 -7.059908e+00 3.403682e+00 -1.537702e+00 -3.797741e+00 2.557008e+00 -8.320087e-02 4.210615e-01 1.765113e-01 -8.294778e-01 -2.446755e-02 9.508401e-01 2.054152e-01 -4.191271e-01 6.834254e-02 5.151566e-01 5.141500e-01 -4.723684e-01 -2.862038e-01 -1.558041e-02
<VARIANCE> 25
 1.050732e+01 1.622694e+01 1.958202e+01 2.743071e+01 4.518527e+01 2.968778e+01 5.418514e+01 3.266603e+01 4.782737e+01 3.679555e+01 2.751830e+01 2.442915e+01 4.641328e-01 6.659852e-01 1.382032e+00 1.138544e+00 1.550340e+00 1.940276e+00 2.001749e+00 1.610875e+00 1.856649e+00 1.537421e+00 1.563581e+00 1.304942e+00 6.738283e-04
<GCONST> 8.204662e+01
<MIXTURE> 37 1.246826e-02
<MEAN> 25
 2.075922e-01 6.614172e+00 1.152544e+01 -6.074491e+00 -7.650536e+00 1.273389e+00 -5.845228e+00 -8.944889e+00 -3.989273e+00 -7.995554e-01 -2.929618e+00 -1.579793e+00 2.782896e-01 4.886549e-01 -1.571528e+00 3.638958e+00 1.477867e+00 -8.669503e-01 1.823582e+00 3.098092e-01 4.374775e-01 -8.509411e-01 3.444277e-01 3.602595e-01 -9.451128e-02
<VARIANCE> 25
 1.373934e+01 2.612743e+01 2.899397e+01 4.726115e+01 2.900239e+01 5.214648e+01 4.872227e+01 3.440713e+01 3.406105e+01 3.545279e+01 3.310954e+01 2.839747e+01 2.464629e+00 2.974559e+00 2.734140e+00 3.502265e+00 5.669120e+00 4.430375e+00 5.842972e+00 4.653954e+00 3.169966e+00 4.255687e+00 3.362906e+00 3.435296e+00 3.308939e-03
<GCONST> 9.785685e+01
<MIXTURE> 38 1.154525e-02
<MEAN> 25
 -4.441303e+00 8.878217e+00 4.467665e+00 3.258962e+00 8.609316e-01 -5.142272e+00 -5.442586e-01 -2.737648e+00 -2.773926e+00 -3.154305e+00 -1.478006e+00 -4.910941e-01 -4.473174e+00 1.233423e+00 -3.129068e-01 1.459848e+00 2.544547e+00 1.362322e+00 2.015324e+00 9.634742e-01 8.112913e-01 6.217450e-01 9.886043e-01 3.219235e-01 4.840428e-02
<VARIANCE> 25
 3.115964e+01 2.996971e+01 3.986456e+01 3.291838e+01 4.829315e+01 3.571642e+01 3.624052e+01 4.133329e+01 3.533644e+01 3.244788e+01 2.419221e+01 2.868179e+01 2.456203e+00 3.953089e+00 3.864053e+00 5.208286e+00 4.272513e+00 5.083070e+00 4.819658e+00 4.631366e+00 4.461637e+00 4.904075e+00 4.379231e+00 3.228962e+00 2.031651e-03
<GCONST> 9.931180e+01
<MIXTURE> 39 9.501865e-03
<MEAN> 25
 1.140350e+00 2.761847e+00 1.073665e+01 -1.035917e+01 -8.920658e+00 2.189806e+00 -4.631155e+00 -6.215562e+00 -5.522535e+00 1.171031e+00 -3.044672e+00 -3.646152e+00 -7.999886e-01 1.304583e+00 1.410307e+00 -1.643743e+00 5.904389e-03 1.217621e+00 -1.608009e+00 -1.079496e+00 2.030899e-01 2.793548e-01 -3.741924e-01 2.493828e-03 7.371941e-03
<VARIANCE> 25
 7.593919e+00 2.511238e+01 2.796576e+01 3.656167e+01 5.218861e+01 7.333100e+01 5.151531e+01 2.889578e+01 4.468351e+01 2.765312e+01 3.188952e+01 3.116554e+01 6.760550e-01 1.572783e+00 1.660097e+00 3.999843e+00 2.151638e+00 2.648822e+00 3.491086e+00 2.394188e+00 2.811696e+00 2.578833e+00 2.241534e+00 1.836264e+00 1.147991e-03
<GCONST> 9.014835e+01
<MIXTURE> 40 1.030800e-02
<MEAN> 25
 -8.885649e+00 2.500793e+00 -1.495971e+00 8.169315e+00 3.624767e+00 5.240718e+00 5.514068e+00 3.978506e+00 4.991495e+00 4.045229e+00 5.480620e+00 1.724831e+00 -9.179714e-02 -2.306322e-01 7.930226e-02 -1.467278e-01 -7.394622e-02 -2.021081e-01 1.001479e-02 1.453244e-01 -2.483074e-02 6.548733e-02 6.185549e-02 -1.017490e-01 5.823526e-03
<VARIANCE> 25
 4.568578e+01 2.094362e+01 2.940522e+01 2.539314e+01 2.619405e+01 1.914726e+01 2.114148e+01 1.862204e+01 1.966699e+01 2.038604e+01 1.858240e+01 1.447628e+01 7.186558e-01 7.081921e-01 9.841693e-01 1.284690e+00 1.203331e+00 1.411692e+00 1.527933e+00 1.280610e+00 1.210043e+00 1.347271e+00 1.107782e+00 1.236695e+00 8.510291e-04
<GCONST> 7.770274e+01
<MIXTURE> 41 6.713375e-03
<MEAN> 25
 1.474728e+00 1.325763e+00 1.074344e+01 -6.613220e+00 -9.355356e+00 -2.161618e+00 -2.258809e+00 -4.662563e+00 -4.486442e+00 2.716138e+00 -8.112231e-01 -1.849387e+00 -7.957940e-02 -7.376640e-01 2.024659e+00 -3.823602e+00 -2.189590e+00 1.153513e-01 -1.213557e+00 -1.892357e-01 -9.787823e-01 8.588105e-01 -9.484209e-01 -3.918701e-02 8.443813e-02
<VARIANCE> 25
 1.114970e+01 2.774843e+01 3.027620e+01 3.936653e+01 4.122966e+01 6.337922e+01 3.547672e+01 2.804307e+01 2.964743e+01 2.533664e+01 3.268478e+01 3.042195e+01 3.360639e+00 3.198841e+00 4.224703e+00 4.076488e+00 4.732612e+00 6.408893e+00 6.856339e+00 4.398520e+00 3.588932e+00 4.194796e+00 3.394047e+00 2.901248e+00 2.589043e-03
<GCONST> 9.814151e+01
<MIXTURE> 42 1.106211e-02
<MEAN> 25
 -2.558512e+00 4.175663e+00 3.708189e+00 2.924401e+00 -1.124058e-01 -5.088645e+00 3.414262e-01 -1.656234e+00 -1.023326e+00 -1.412687e+00 -1.302608e+00 5.828587e-01 3.698492e+00 -9.548621e-01 2.074873e+00 -4.066583e-01 -2.849544e+00 -1.612106e+00 -2.537792e+00 -2.838502e-01 -1.310368e+00 -2.191408e-01 5.814660e-01 -1.029427e+00 2.387166e-02
<VARIANCE> 25
 2.991926e+01 1.930540e+01 4.488315e+01 2.409365e+01 3.508166e+01 4.779869e+01 4.407277e+01 2.281265e+01 3.437815e+01 2.168930e+01 1.943468e+01 1.603867e+01 3.206424e+00 4.836693e+00 5.229300e+00 4.860167e+00 6.310091e+00 5.104945e+00 6.573114e+00 4.589822e+00 5.060305e+00 4.735818e+00 3.772214e+00 2.711031e+00 3.830280e-03
<GCONST> 9.877863e+01
<MIXTURE> 43 7.108249e-03
<MEAN> 25
 3.155977e+00 -6.308167e+00 -2.247660e+00 -5.159950e+00 -7.377394e+00 -3.405846e+00 4.137289e+00 1.313032e+00 -5.051313e+00 -7.093743e+00 -4.330233e+00 -1.247068e+00 2.381806e-01 2.165293e+00 1.908771e+00 -1.342601e-01 -1.427435e+00 -7.903426e-01 -9.679211e-01 -7.840340e-01 8.195433e-01 1.468659e+00 3.430556e-01 2.212775e-02 -4.517169e-02
<VARIANCE> 25
 9.642417e+00 1.967437e+01 2.731246e+01 3.566460e+01 3.863554e+01 3.659473e+01 3.326301e+01 3.982777e+01 3.967817e+01 3.860110e+01 2.653815e+01 2.951184e+01 6.904342e-01 1.249246e+00 1.581899e+00 2.488952e+00 2.375886e+00 2.394469e+00 2.651620e+00 3.039258e+00 2.610395e+00 2.574014e+00 2.328325e+00 1.916869e+00 9.473599e-04
<GCONST> 8.800134e+01
<MIXTURE> 44 7.328289e-03
<MEAN> 25
 -1.492346e+01 2.105700e+00 3.003608e+00 -3.237688e+00 3.905084e+00 2.762304e+00 3.717969e-01 1.977761e+00 2.314401e+00 -9.387869e-01 1.443670e+00 2.073184e+00 -1.500610e-01 7.183093e-02 2.330843e-01 3.474444e-01 -2.248235e-01 1.772711e-01 6.007681e-01 1.344013e-01 1.969343e-01 1.363356e-01 7.926469e-02 -4.267212e-02 7.722615e-03
<VARIANCE> 25
 4.020826e+01 2.868068e+01 3.576374e+01 2.862464e+01 3.120437e+01 3.365198e+01 2.469921e+01 3.136097e+01 3.173840e+01 2.554817e+01 2.642046e+01 1.805152e+01 1.205667e+00 1.489473e+00 1.356842e+00 1.306334e+00 2.189423e+00 1.555954e+00 1.625579e+00 1.533503e+00 1.510969e+00 1.424349e+00 1.271150e+00 1.334329e+00 1.288452e-03
<GCONST> 8.434033e+01
<MIXTURE> 45 1.364932e-02
<MEAN> 25
 -9.849802e+00 4.574648e+00 -2.975935e+00 3.202857e+00 4.579829e+00 1.813709e+00 5.655452e+00 -7.968503e-02 4.080085e+00 7.669543e-01 1.931597e+00 3.147935e+00 -2.673196e+00 7.985746e-01 -2.137587e-01 -3.974460e-01 2.215261e-01 3.983016e-01 4.282231e-01 2.313469e-01 6.451569e-02 -2.681156e-01 4.826827e-01 -2.717843e-01 9.802439e-02
<VARIANCE> 25
 3.291137e+01 2.385649e+01 3.116413e+01 2.942154e+01 2.540408e+01 2.993405e+01 2.901602e+01 2.710626e+01 2.203796e+01 2.427214e+01 2.199542e+01 1.600942e+01 1.719741e+00 2.743191e+00 2.270168e+00 2.724976e+00 1.994142e+00 2.696269e+00 1.928288e+00 2.034219e+00 2.215772e+00 2.015228e+00 1.686034e+00 1.365677e+00 3.096047e-03
<GCONST> 8.785660e+01
<MIXTURE> 46 9.336259e-03
<MEAN> 25
 -8.360456e+00 1.826298e+00 1.240759e+00 6.634511e+00 4.372649e+00 3.244074e+00 8.053484e+00 4.350954e+00 5.267991e+00 4.559342e+00 4.624649e+00 2.786855e+00 8.861306e-01 -1.377113e-01 -1.513186e-01 7.400298e-01 5.093752e-01 1.360401e+00 6.795411e-01 5.597012e-01 3.619126e-01 3.926197e-01 4.660933e-01 4.539491e-01 -9.694456e-02
<VARIANCE> 25
 3.667715e+01 4.163721e+01 3.690578e+01 5.369281e+01 6.441422e+01 4.331068e+01 4.868068e+01 3.311910e+01 3.160501e+01 3.075963e+01 2.834049e+01 1.819716e+01 3.578775e+00 3.976580e+00 3.761689e+00 4.099197e+00 3.680897e+00 4.846898e+00 3.643454e+00 3.281476e+00 2.778100e+00 2.827425e+00 2.305990e+00 1.588930e+00 7.557664e-03
<GCONST> 9.854225e+01
<MIXTURE> 47 7.116147e-03
<MEAN> 25
 7.097175e+00 -7.505256e+00 -7.474613e+00 -6.791767e+00 2.019966e+00 8.111603e-01 -3.331113e+00 1.651144e+00 2.776043e+00 -2.843994e-01 -4.781489e+00 -6.820597e+00 -1.938119e-01 -1.231514e+00 -7.180504e-01 -4.433446e-01 6.638796e-01 6.245503e-01 8.036861e-01 4.092383e-01 1.374155e-02 -9.058076e-01 -5.659521e-01 -3.963312e-01 3.074065e-02
<VARIANCE> 25
 1.076684e+01 2.072204e+01 2.040976e+01 3.348245e+01 3.707545e+01 5.000934e+01 5.471205e+01 4.070551e+01 4.189206e+01 4.776760e+01 5.102073e+01 3.201857e+01 4.996601e-01 7.649052e-01 1.068380e+00 1.697897e+00 1.961680e+00 2.565978e+00 2.299978e+00 2.762006e+00 2.228351e+00 2.060156e+00 2.188334e+00 1.945776e+00 5.435097e-04
<GCONST> 8.666931e+01
<MIXTURE> 48 7.116147e-03
<MEAN> 25
 7.097175e+00 -7.505256e+00 -7.474613e+00 -6.791767e+00 2.019966e+00 8.111603e-01 -3.331113e+00 1.651144e+00 2.776043e+00 -2.843994e-01 -4.781489e+00 -6.820597e+00 -1.938119e-01 -1.231514e+00 -7.180504e-01 -4.433446e-01 6.638796e-01 6.245503e-01 8.036861e-01 4.092383e-01 1.374155e-02 -9.058076e-01 -5.659521e-01 -3.963312e-01 3.074065e-02
<VARIANCE> 25
 1.076684e+01 2.072204e+01 2.040976e+01 3.348245e+01 3.707545e+01 5.000934e+01 5.471205e+01 4.070551e+01 4.189206e+01 4.776760e+01 5.102073e+01 3.201857e+01 4.996601e-01 7.649052e-01 1.068380e+00 1.697897e+00 1.961680e+00 2.565978e+00 2.299978e+00 2.762006e+00 2.228351e+00 2.060156e+00 2.188334e+00 1.945776e+00 5.435097e-04
<GCONST> 8.666931e+01
<MIXTURE> 49 5.548473e-03
<MEAN> 25
 -5.086374e+00 3.546448e-01 1.694200e-01 8.453835e+00 6.149154e+00 5.620129e+00 6.067439e+00 4.487068e+00 5.026548e+00 3.723448e+00 4.935293e+00 2.862681e+00 3.659796e-01 6.560122e-01 7.025232e-01 3.534037e-01 -1.963259e-01 -6.692404e-01 -1.009143e+00 -1.121455e+00 -9.560037e-01 -6.804072e-01 -4.926874e-01 -2.716927e-01 -2.075716e-05
<VARIANCE> 25
 9.605739e+00 1.003521e+01 1.426558e+01 1.587122e+01 1.589537e+01 1.713638e+01 1.945085e+01 1.944005e+01 1.822825e+01 1.794678e+01 2.063097e+01 1.428743e+01 2.803889e-01 2.632031e-01 3.595284e-01 6.114740e-01 8.699172e-01 9.746348e-01 9.924313e-01 1.052739e+00 1.135360e+00 1.220242e+00 1.280923e+00 1.208660e+00 1.434419e-05
<GCONST> 6.432517e+01
<MIXTURE> 50 6.234641e-03
<MEAN> 25
 -4.667061e+00 9.275559e-02 -1.451707e+00 6.200829e+00 4.221247e+00 2.276478e+00 3.704821e+00 1.987043e+00 2.779890e+00 1.405001e+00 2.157674e+00 2.846806e+00 5.633479e-02 1.759588e-01 9.538341e-02 -1.773108e-01 -5.118079e-01 -6.151494e-01 -4.266507e-01 -5.123494e-02 4.410547e-01 7.741449e-01 7.390727e-01 4.451402e-01 -1.301783e-05
<VARIANCE> 25
 1.053952e+01 1.115856e+01 1.434796e+01 1.541836e+01 1.534635e+01 1.857891e+01 1.857289e+01 1.948836e+01 1.854642e+01 1.748963e+01 2.164979e+01 1.520328e+01 1.447969e-01 2.394482e-01 3.785457e-01 5.174164e-01 5.987505e-01 7.352418e-01 9.567986e-01 1.118121e+00 1.060223e+00 9.097090e-01 9.181964e-01 9.894214e-01 9.999708e-07
<GCONST> 5.954345e+01
<MIXTURE> 51 6.234641e-03
<MEAN> 25
 -4.667061e+00 9.275559e-02 -1.451707e+00 6.200829e+00 4.221247e+00 2.276478e+00 3.704821e+00 1.987043e+00 2.779890e+00 1.405001e+00 2.157674e+00 2.846806e+00 5.633479e-02 1.759588e-01 9.538341e-02 -1.773108e-01 -5.118079e-01 -6.151494e-01 -4.266507e-01 -5.123494e-02 4.410547e-01 7.741449e-01 7.390727e-01 4.451402e-01 -1.301783e-05
<VARIANCE> 25
 1.053952e+01 1.115856e+01 1.434796e+01 1.541836e+01 1.534635e+01 1.857891e+01 1.857289e+01 1.948836e+01 1.854642e+01 1.748963e+01 2.164979e+01 1.520328e+01 1.447969e-01 2.394482e-01 3.785457e-01 5.174164e-01 5.987505e-01 7.352418e-01 9.567986e-01 1.118121e+00 1.060223e+00 9.097090e-01 9.181964e-01 9.894214e-01 9.999708e-07
<GCONST> 5.954345e+01
<MIXTURE> 52 6.367945e-03
<MEAN> 25
 1.005005e+01 2.014783e+00 -6.159481e+00 -1.427814e+01 -4.021163e+00 8.492735e+00 -2.951327e+00 -3.014047e+00 -4.284639e+00 -1.989031e+00 3.398896e+00 7.693244e-01 -3.744525e-01 -4.719848e-01 -8.728506e-02 1.135675e+00 1.298615e+00 -4.528882e-01 -5.930454e-01 -6.510994e-01 4.639978e-02 1.243137e+00 3.968852e-01 -5.332761e-01 -1.395719e-02
<VARIANCE> 25
 9.477930e+00 2.026729e+01 2.524830e+01 3.846958e+01 4.742830e+01 3.045772e+01 4.907672e+01 4.857112e+01 4.335216e+01 4.675433e+01 3.961824e+01 2.960209e+01 4.528446e-01 1.470042e+00 1.346596e+00 2.740796e+00 2.393743e+00 2.203370e+00 3.104548e+00 2.837607e+00 2.959524e+00 2.667346e+00 2.502402e+00 2.262231e+00 1.557784e-03
<GCONST> 8.988971e+01
<MIXTURE> 53 6.367945e-03
<MEAN> 25
 1.005005e+01 2.014783e+00 -6.159481e+00 -1.427814e+01 -4.021163e+00 8.492735e+00 -2.951327e+00 -3.014047e+00 -4.284639e+00 -1.989031e+00 3.398896e+00 7.693244e-01 -3.744525e-01 -4.719848e-01 -8.728506e-02 1.135675e+00 1.298615e+00 -4.528882e-01 -5.930454e-01 -6.510994e-01 4.639978e-02 1.243137e+00 3.968852e-01 -5.332761e-01 -1.395719e-02
<VARIANCE> 25
 9.477930e+00 2.026729e+01 2.524830e+01 3.846958e+01 4.742830e+01 3.045772e+01 4.907672e+01 4.857112e+01 4.335216e+01 4.675433e+01 3.961824e+01 2.960209e+01 4.528446e-01 1.470042e+00 1.346596e+00 2.740796e+00 2.393743e+00 2.203370e+00 3.104548e+00 2.837607e+00 2.959524e+00 2.667346e+00 2.502402e+00 2.262231e+00 1.557784e-03
<GCONST> 8.988971e+01
<MIXTURE> 54 7.368620e-03
<MEAN> 25
 -3.633801e+00 4.931954e-02 -6.831419e-01 8.036570e+00 6.484003e+00 4.625407e+00 4.675332e+00 4.601055e+00 4.053099e+00 3.593801e+00 4.457477e+00 2.326298e+00 -2.133210e-03 2.653849e-02 3.415401e-02 4.748240e-02 5.136495e-02 4.707923e-02 3.888674e-02 2.892036e-02 3.080963e-02 2.506088e-02 1.452187e-02 1.778039e-03 -1.219590e-05
<VARIANCE> 25
 9.137465e+00 1.036359e+01 9.295803e+00 1.818508e+01 1.332127e+01 1.353345e+01 1.197145e+01 1.128198e+01 1.134292e+01 1.354989e+01 1.780268e+01 1.253449e+01 4.087522e-02 8.734614e-02 1.540843e-01 2.265825e-01 3.079380e-01 3.969485e-01 4.608482e-01 5.215847e-01 5.420835e-01 5.211474e-01 5.144392e-01 5.164422e-01 1.000000e-06
<GCONST> 4.724841e+01
<MIXTURE> 55 7.368620e-03
<MEAN> 25
 -3.633801e+00 4.931954e-02 -6.831419e-01 8.036570e+00 6.484003e+00 4.625407e+00 4.675332e+00 4.601055e+00 4.053099e+00 3.593801e+00 4.457477e+00 2.326298e+00 -2.133210e-03 2.653849e-02 3.415401e-02 4.748240e-02 5.136495e-02 4.707923e-02 3.888674e-02 2.892036e-02 3.080963e-02 2.506088e-02 1.452187e-02 1.778039e-03 -1.219590e-05
<VARIANCE> 25
 9.137465e+00 1.036359e+01 9.295803e+00 1.818508e+01 1.332127e+01 1.353345e+01 1.197145e+01 1.128198e+01 1.134292e+01 1.354989e+01 1.780268e+01 1.253449e+01 4.087522e-02 8.734614e-02 1.540843e-01 2.265825e-01 3.079380e-01 3.969485e-01 4.608482e-01 5.215847e-01 5.420835e-01 5.211474e-01 5.144392e-01 5.164422e-01 1.000000e-06
<GCONST> 4.724841e+01
<MIXTURE> 56 6.132464e-03
<MEAN> 25
 7.523206e+00 -6.734611e+00 -9.128515e+00 -8.604376e+00 4.020486e+00 3.919089e+00 -2.278679e+00 -1.443137e+00 1.987217e+00 6.783943e-01 -2.479766e+00 -7.070770e+00 -9.866817e-03 2.461486e-02 -9.011981e-02 2.636501e-02 2.588874e-01 6.296095e-02 1.098681e-01 -1.383230e-01 -4.841540e-02 -3.179283e-02 -8.242157e-02 1.710177e-02 -6.889953e-03
<VARIANCE> 25
 9.377301e+00 2.336519e+01 1.998549e+01 4.219201e+01 3.305182e+01 5.061018e+01 6.271589e+01 3.684052e+01 3.882173e+01 3.798342e+01 4.097388e+01 3.153321e+01 2.076777e-01 4.306969e-01 4.538646e-01 7.779942e-01 8.239871e-01 1.131647e+00 9.252982e-01 9.098344e-01 9.030973e-01 9.379635e-01 1.052855e+00 7.988833e-01 2.404499e-04
<GCONST> 7.533208e+01
<MIXTURE> 57 6.132464e-03
<MEAN> 25
 7.523206e+00 -6.734611e+00 -9.128515e+00 -8.604376e+00 4.020486e+00 3.919089e+00 -2.278679e+00 -1.443137e+00 1.987217e+00 6.783943e-01 -2.479766e+00 -7.070770e+00 -9.866817e-03 2.461486e-02 -9.011981e-02 2.636501e-02 2.588874e-01 6.296095e-02 1.098681e-01 -1.383230e-01 -4.841540e-02 -3.179283e-02 -8.242157e-02 1.710177e-02 -6.889953e-03
<VARIANCE> 25
 9.377301e+00 2.336519e+01 1.998549e+01 4.219201e+01 3.305182e+01 5.061018e+01 6.271589e+01 3.684052e+01 3.882173e+01 3.798342e+01 4.097388e+01 3.153321e+01 2.076777e-01 4.306969e-01 4.538646e-01 7.779942e-01 8.239871e-01 1.131647e+00 9.252982e-01 9.098344e-01 9.030973e-01 9.379635e-01 1.052855e+00 7.988833e-01 2.404499e-04
<GCONST> 7.533208e+01
<MIXTURE> 58 6.172147e-03
<MEAN> 25
 2.318791e+00 -2.790584e+00 7.545373e+00 -4.353514e+00 -1.275563e+01 -5.941005e+00 2.939278e+00 1.316296e+00 -2.195708e+00 3.374403e+00 2.737392e+00 3.356611e-01 -1.009533e-01 -1.988976e-01 -1.200502e-01 -2.882363e-01 -2.754741e-02 5.933795e-01 5.628686e-01 2.050220e-01 2.502169e-01 -4.657301e-04 -2.522051e-01 -1.936660e-01 -5.080936e-03
<VARIANCE> 25
 5.821808e+00 1.232420e+01 1.749235e+01 2.266947e+01 1.930052e+01 4.592315e+01 3.331120e+01 2.712962e+01 2.535386e+01 2.886227e+01 3.029404e+01 1.852928e+01 2.619753e-01 7.997670e-01 8.438715e-01 9.479094e-01 8.035812e-01 1.721640e+00 1.660806e+00 1.298385e+00 1.202644e+00 9.354900e-01 8.985054e-01 8.119966e-01 7.307449e-04
<GCONST> 7.461021e+01
<MIXTURE> 59 6.172147e-03
<MEAN> 25
 2.318791e+00 -2.790584e+00 7.545373e+00 -4.353514e+00 -1.275563e+01 -5.941005e+00 2.939278e+00 1.316296e+00 -2.195708e+00 3.374403e+00 2.737392e+00 3.356611e-01 -1.009533e-01 -1.988976e-01 -1.200502e-01 -2.882363e-01 -2.754741e-02 5.933795e-01 5.628686e-01 2.050220e-01 2.502169e-01 -4.657301e-04 -2.522051e-01 -1.936660e-01 -5.080936e-03
<VARIANCE> 25
 5.821808e+00 1.232420e+01 1.749235e+01 2.266947e+01 1.930052e+01 4.592315e+01 3.331120e+01 2.712962e+01 2.535386e+01 2.886227e+01 3.029404e+01 1.852928e+01 2.619753e-01 7.997670e-01 8.438715e-01 9.479094e-01 8.035812e-01 1.721640e+00 1.660806e+00 1.298385e+00 1.202644e+00 9.354900e-01 8.985054e-01 8.119966e-01 7.307449e-04
<GCONST> 7.461021e+01
<MIXTURE> 60 4.479129e-03
<MEAN> 25
 -4.251696e+00 -6.645847e-01 -1.098113e+00 3.704490e+00 1.747031e+00 2.118170e+00 1.625472e+00 1.519863e+00 2.166666e+00 1.268362e+00 2.394304e+00 1.915691e+00 -2.862245e-02 5.779789e-02 1.005967e-01 1.305415e-01 1.325811e-01 1.314314e-01 1.757126e-01 3.220090e-01 5.448577e-01 6.663810e-01 5.570780e-01 3.001561e-01 -3.982297e-04
<VARIANCE> 25
 7.015523e+00 4.516637e+00 1.036822e+01 1.131821e+01 1.369352e+01 1.697222e+01 1.405944e+01 1.191236e+01 1.274359e+01 1.318428e+01 1.596210e+01 1.227224e+01 8.679777e-02 1.690851e-01 2.790630e-01 4.315357e-01 5.910719e-01 7.294033e-01 8.323998e-01 8.975963e-01 9.011762e-01 8.365237e-01 8.381229e-01 8.669294e-01 2.294951e-05
<GCONST> 5.638373e+01
<MIXTURE> 61 4.479129e-03
<MEAN> 25
 -4.251696e+00 -6.645847e-01 -1.098113e+00 3.704490e+00 1.747031e+00 2.118170e+00 1.625472e+00 1.519863e+00 2.166666e+00 1.268362e+00 2.394304e+00 1.915691e+00 -2.862245e-02 5.779789e-02 1.005967e-01 1.305415e-01 1.325811e-01 1.314314e-01 1.757126e-01 3.220090e-01 5.448577e-01 6.663810e-01 5.570780e-01 3.001561e-01 -3.982297e-04
<VARIANCE> 25
 7.015523e+00 4.516637e+00 1.036822e+01 1.131821e+01 1.369352e+01 1.697222e+01 1.405944e+01 1.191236e+01 1.274359e+01 1.318428e+01 1.596210e+01 1.227224e+01 8.679777e-02 1.690851e-01 2.790630e-01 4.315357e-01 5.910719e-01 7.294033e-01 8.323998e-01 8.975963e-01 9.011762e-01 8.365237e-01 8.381229e-01 8.669294e-01 2.294951e-05
<GCONST> 5.638373e+01
<MIXTURE> 62 3.278034e-03
<MEAN> 25
 -5.084054e+00 1.240691e+00 1.020140e+00 8.814978e+00 6.127928e+00 5.041913e+00 5.509871e+00 4.026145e+00 4.980770e+00 3.909796e+00 4.959518e+00 2.950286e+00 -1.003539e+00 -1.165750e+00 -9.541272e-01 -2.772810e-01 4.265255e-01 1.005079e+00 1.382058e+00 1.550695e+00 1.478799e+00 1.240527e+00 1.068166e+00 7.273414e-01 -1.273935e-03
<VARIANCE> 25
 9.890226e+00 9.944031e+00 1.312217e+01 1.671948e+01 1.739921e+01 1.754904e+01 1.974062e+01 1.912251e+01 1.885155e+01 1.874349e+01 2.156108e+01 1.477414e+01 4.011467e-01 4.320146e-01 5.538665e-01 7.783403e-01 1.034202e+00 1.190612e+00 1.255487e+00 1.278693e+00 1.327649e+00 1.367589e+00 1.398837e+00 1.370285e+00 1.635339e-05
<GCONST> 6.752586e+01
<MIXTURE> 63 4.351215e-03
<MEAN> 25
 -3.706185e+00 -2.166271e+00 -5.114660e+00 3.054339e+00 3.630552e+00 1.940392e-01 2.823923e+00 8.862642e-01 2.973946e+00 -5.470206e-01 -1.163970e+00 2.248700e+00 -1.113257e-01 3.837834e-01 3.886107e-01 4.837520e-01 4.862149e-01 5.233709e-01 3.136103e-01 1.128149e-01 1.138638e-01 2.772797e-01 1.711835e-01 3.048319e-02 -4.898518e-03
<VARIANCE> 25
 1.068998e+01 1.448897e+01 1.624340e+01 1.576159e+01 1.817570e+01 2.777156e+01 2.502607e+01 2.609166e+01 2.505336e+01 2.158241e+01 2.069835e+01 1.625052e+01 2.535879e-01 4.835575e-01 5.903198e-01 8.262460e-01 9.402819e-01 1.214121e+00 1.285779e+00 1.269792e+00 1.258201e+00 1.435997e+00 1.396382e+00 1.290116e+00 1.653462e-04
<GCONST> 7.163034e+01
<MIXTURE> 64 4.351215e-03
<MEAN> 25
 -3.706185e+00 -2.166271e+00 -5.114660e+00 3.054339e+00 3.630552e+00 1.940392e-01 2.823923e+00 8.862642e-01 2.973946e+00 -5.470206e-01 -1.163970e+00 2.248700e+00 -1.113257e-01 3.837834e-01 3.886107e-01 4.837520e-01 4.862149e-01 5.233709e-01 3.136103e-01 1.128149e-01 1.138638e-01 2.772797e-01 1.711835e-01 3.048319e-02 -4.898518e-03
<VARIANCE> 25
 1.068998e+01 1.448897e+01 1.624340e+01 1.576159e+01 1.817570e+01 2.777156e+01 2.502607e+01 2.609166e+01 2.505336e+01 2.158241e+01 2.069835e+01 1.625052e+01 2.535879e-01 4.835575e-01 5.903198e-01 8.262460e-01 9.402819e-01 1.214121e+00 1.285779e+00 1.269792e+00 1.258201e+00 1.435997e+00 1.396382e+00 1.290116e+00 1.653462e-04
<GCONST> 7.163034e+01
<MIXTURE> 65 1.721197e-02
<MEAN> 25
 7.523754e+00 1.889354e+00 1.721776e+00 3.142523e-01 -5.212706e+00 -3.535645e+00 -5.746569e+00 -7.283766e+00 -2.542559e+00 -2.179758e+00 -6.268375e+00 -2.155559e+00 2.226719e-01 8.912463e-02 -4.437945e-02 8.562724e-02 -1.348409e-01 2.681508e-01 -1.369005e-01 -1.551996e-01 3.424873e-01 1.708803e-01 3.389756e-02 -2.219132e-01 -4.176579e-03
<VARIANCE> 25
 1.120803e+01 1.878451e+01 2.450301e+01 3.541395e+01 3.595278e+01 5.932372e+01 5.952282e+01 5.924876e+01 6.407928e+01 5.559779e+01 6.203909e+01 4.898558e+01 5.453446e-01 8.992795e-01 1.558895e+00 1.770588e+00 1.898682e+00 2.211816e+00 2.299608e+00 3.033051e+00 2.628180e+00 2.544803e+00 2.265710e+00 2.022626e+00 4.140247e-04
<GCONST> 8.940646e+01
<MIXTURE> 66 1.191532e-02
<MEAN> 25
 6.324434e+00 -4.441031e+00 -5.586588e+00 -5.160126e+00 2.213127e+00 -4.958630e+00 -7.450243e+00 1.577021e+00 7.828793e-01 -2.711913e+00 -7.190450e+00 -3.637704e+00 -5.532169e-02 1.838968e+00 1.915596e+00 2.571534e+00 -1.009170e+00 -1.144094e+00 5.098278e-01 -8.410206e-01 1.338803e-01 -3.437217e-02 -9.898069e-02 1.212871e+00 -6.621458e-02
<VARIANCE> 25
 8.687517e+00 2.222158e+01 2.416010e+01 3.138488e+01 3.961862e+01 4.869304e+01 5.368250e+01 4.320796e+01 4.841516e+01 6.527153e+01 4.273631e+01 3.334463e+01 1.130389e+00 2.432119e+00 2.749295e+00 2.869714e+00 4.091263e+00 4.092369e+00 5.106750e+00 4.884828e+00 4.379203e+00 4.574107e+00 3.609681e+00 3.283555e+00 1.452822e-03
<GCONST> 9.652230e+01
<MIXTURE> 67 1.559142e-02
<MEAN> 25
 8.362757e+00 1.828515e+00 -7.058512e+00 -8.150724e+00 2.153488e+00 4.314917e+00 -5.497153e+00 -2.741726e+00 -2.354144e+00 2.641014e+00 1.659032e+00 -1.316178e-01 -9.051453e-01 1.642582e+00 4.427304e-01 3.241956e+00 1.192912e+00 -5.072993e-01 1.865467e+00 -5.496457e-01 6.189902e-02 2.136357e-02 -3.662015e-01 7.294724e-01 -1.190475e-01
<VARIANCE> 25
 9.861550e+00 3.084354e+01 2.930495e+01 4.799690e+01 4.320464e+01 4.717650e+01 7.086411e+01 4.722160e+01 5.672789e+01 5.536053e+01 5.453207e+01 4.371154e+01 1.714991e+00 2.845267e+00 3.916182e+00 3.682419e+00 3.659276e+00 3.742810e+00 4.359091e+00 5.393150e+00 4.247830e+00 3.844446e+00 4.027644e+00 3.375352e+00 2.793448e-03
<GCONST> 1.000279e+02
<MIXTURE> 68 1.485092e-02
<MEAN> 25
 -2.591097e+00 -1.623522e+00 -3.893988e+00 1.958166e+00 4.752031e+00 -6.331487e-01 2.280715e+00 1.754692e+00 2.027609e+00 9.229380e-01 2.916538e-01 1.496402e+00 2.662269e+00 1.501943e-01 6.979276e-01 -2.460521e+00 -2.188006e+00 -1.651086e+00 -2.643725e+00 -1.314673e+00 -1.866751e+00 -1.071042e+00 -1.444269e+00 -1.208867e+00 9.199201e-02
<VARIANCE> 25
 2.478547e+01 3.080997e+01 4.942924e+01 4.777784e+01 4.177031e+01 6.037524e+01 4.898490e+01 3.562214e+01 4.656725e+01 3.939763e+01 3.194171e+01 2.385852e+01 1.635181e+00 3.911312e+00 6.424456e+00 4.979995e+00 5.571716e+00 4.878218e+00 6.197755e+00 4.824900e+00 4.625803e+00 5.321688e+00 5.509204e+00 2.997970e+00 5.491694e-03
<GCONST> 1.026249e+02
<MIXTURE> 69 1.204884e-02
<MEAN> 25
 4.481457e+00 -4.153558e+00 -3.287448e+00 -3.578260e+00 -3.255384e+00 -7.875058e+00 -1.319608e+00 2.334762e+00 -2.583135e-01 -4.460999e+00 -5.535628e+00 9.035885e-01 1.653121e+00 -2.206861e+00 -1.166697e+00 -2.234874e+00 -4.543201e-01 -4.027946e-01 -6.160195e-01 6.562098e-01 -7.011616e-01 -1.366044e+00 -2.102132e+00 -2.034959e-01 6.220722e-02
<VARIANCE> 25
 9.304735e+00 2.128405e+01 2.732261e+01 2.562325e+01 4.236121e+01 3.623255e+01 5.156187e+01 3.088870e+01 3.974890e+01 3.819563e+01 3.061377e+01 2.406212e+01 3.403917e+00 2.803591e+00 3.815975e+00 3.567346e+00 5.706646e+00 5.002350e+00 7.462334e+00 5.994177e+00 5.794676e+00 5.775146e+00 4.367601e+00 3.550466e+00 2.386668e-03
<GCONST> 9.865635e+01
<MIXTURE> 70 1.329190e-02
<MEAN> 25
 7.239489e+00 -1.441857e+00 -3.626817e+00 -3.523445e+00 5.358788e-01 3.900565e-01 -6.583921e+00 -3.373808e+00 9.941771e-01 3.666853e+00 1.127905e-02 -4.421796e+00 1.542643e+00 -1.172243e+00 -1.893273e-01 -2.197300e+00 -1.380762e+00 1.295129e+00 -1.687875e+00 2.002600e-01 5.859736e-02 4.683017e-02 7.574050e-01 -1.315202e+00 5.609133e-02
<VARIANCE> 25
 8.776961e+00 1.996407e+01 2.605046e+01 5.473692e+01 3.543475e+01 4.295086e+01 7.809329e+01 4.015693e+01 3.998801e+01 3.108505e+01 3.844211e+01 2.527300e+01 3.508717e+00 2.669444e+00 6.813632e+00 4.671388e+00 4.605533e+00 5.617769e+00 6.521305e+00 6.895688e+00 5.902858e+00 5.224613e+00 4.866818e+00 3.714368e+00 2.137107e-03
<GCONST> 1.006901e+02
<MIXTURE> 71 1.406903e-02
<MEAN> 25
 6.073401e+00 4.724011e+00 3.810289e+00 3.371969e+00 -2.966412e+00 -3.037827e+00 -2.853967e+00 -6.413944e+00 -4.245492e+00 -2.505559e+00 -5.084483e+00 -3.176404e+00 -1.501485e+00 -7.883221e-01 -1.011259e-01 -1.580553e+00 1.177089e+00 -1.935857e-01 -1.580107e-01 1.590302e+00 3.667639e-01 -1.991293e-01 6.286501e-01 1.367742e-01 4.142146e-02
<VARIANCE> 25
 1.904366e+01 2.706575e+01 2.490567e+01 4.395626e+01 4.059445e+01 4.039440e+01 4.578965e+01 4.084337e+01 3.872924e+01 4.562711e+01 3.675154e+01 3.381503e+01 1.731396e+00 2.919255e+00 5.673139e+00 6.114473e+00 4.714494e+00 4.993966e+00 5.066224e+00 5.539815e+00 4.921878e+00 3.886366e+00 3.594975e+00 3.151486e+00 1.347964e-03
<GCONST> 9.915803e+01
<MIXTURE> 72 8.134747e-03
<MEAN> 25
 2.911304e+00 -5.487552e+00 6.204873e+00 -4.023346e+00 -9.500960e+00 -9.120725e+00 -3.898613e+00 6.633452e+00 -6.558040e+00 -3.179452e+00 -1.996229e+00 -4.568195e-01 8.649561e-01 -5.612448e-01 -2.270946e+00 3.799978e-01 2.207720e+00 -4.116129e-01 -8.569689e-01 1.273535e+00 2.076905e+00 -6.848353e-01 -2.032420e+00 3.716507e-01 -6.137407e-03
<VARIANCE> 25
 7.697562e+00 1.581829e+01 2.271397e+01 2.798464e+01 2.416786e+01 2.675108e+01 3.629524e+01 4.959172e+01 5.342846e+01 4.288248e+01 3.252293e+01 2.053095e+01 3.869981e-01 7.766114e-01 1.971789e+00 1.780373e+00 1.663007e+00 1.804428e+00 2.234307e+00 2.870433e+00 2.120712e+00 1.930945e+00 2.468567e+00 1.497526e+00 5.490364e-04
<GCONST> 8.363219e+01
<MIXTURE> 73 1.213625e-02
<MEAN> 25
 -5.759686e+00 4.207844e-02 -1.730186e+00 5.172721e+00 3.715748e+00 1.944294e+00 6.279409e+00 2.985542e+00 4.456656e+00 2.721349e+00 3.493324e+00 3.008285e+00 9.546075e-01 -1.242964e+00 -2.349072e-01 -2.516562e+00 -1.229889e+00 -1.931510e+00 -1.316772e+00 -2.271764e-01 -1.114295e+00 -2.686463e-01 -9.569237e-01 -4.697811e-01 1.386306e-01
<VARIANCE> 25
 1.292628e+01 1.538726e+01 1.431784e+01 2.259802e+01 2.388436e+01 2.962551e+01 2.256903e+01 2.016063e+01 2.319910e+01 1.905038e+01 2.410474e+01 1.496167e+01 3.699461e+00 2.909236e+00 7.194418e+00 4.403115e+00 6.375453e+00 4.115829e+00 5.010107e+00 3.903544e+00 4.006994e+00 4.639328e+00 3.303350e+00 2.476120e+00 4.744547e-03
<GCONST> 9.342619e+01
<MIXTURE> 74 1.756491e-02
<MEAN> 25
 3.591960e+00 -2.617423e+00 3.529992e+00 -5.565988e-01 -5.667603e+00 -7.858291e+00 -1.906821e+00 3.450525e+00 -2.384934e+00 -2.234033e+00 -2.222715e+00 6.553977e-01 1.797061e-01 1.989513e+00 -8.142236e-01 1.645108e+00 1.080496e+00 1.211740e+00 9.763619e-01 -2.166382e+00 9.041872e-01 2.626786e-01 -4.903055e-01 7.693217e-02 -8.347774e-02
<VARIANCE> 25
 8.815453e+00 2.151610e+01 3.039470e+01 3.552709e+01 3.956847e+01 3.799895e+01 6.647764e+01 4.855661e+01 5.070184e+01 3.530088e+01 4.708643e+01 2.821280e+01 1.388867e+00 1.550630e+00 3.353478e+00 2.580059e+00 2.734636e+00 5.201550e+00 4.205712e+00 5.872543e+00 5.364263e+00 2.744564e+00 2.678171e+00 2.360690e+00 1.442436e-03
<GCONST> 9.503232e+01
<MIXTURE> 75 9.711651e-03
<MEAN> 25
 1.624049e+00 -2.242153e+00 1.055538e+01 2.015175e-01 -1.154335e+01 -7.329407e+00 -3.806286e+00 8.100058e-01 -7.213436e+00 -2.934163e+00 4.698364e+00 -7.388990e-01 1.683284e+00 -1.730585e+00 9.436945e-01 -9.092582e-01 -2.317924e+00 -1.125943e+00 -1.657983e+00 1.630985e+00 -5.917332e-01 -5.393080e-02 1.000405e+00 -3.103391e-01 4.712108e-02
<VARIANCE> 25
 8.526531e+00 1.624566e+01 2.764164e+01 2.741533e+01 1.893554e+01 3.321795e+01 2.894974e+01 3.064073e+01 4.475570e+01 3.434611e+01 1.790770e+01 2.527057e+01 1.914498e+00 1.574891e+00 3.875236e+00 2.841624e+00 3.251937e+00 3.349811e+00 4.652165e+00 3.473672e+00 3.830844e+00 2.610115e+00 2.872583e+00 2.092154e+00 1.609497e-03
<GCONST> 9.053033e+01
<MIXTURE> 76 1.052359e-02
<MEAN> 25
 -6.230539e+00 -5.610068e-02 -3.323785e+00 4.946255e+00 2.472861e+00 1.002843e+00 5.916553e+00 9.179761e-01 2.414772e+00 -8.788413e-01 1.477121e+00 2.906188e+00 -9.373476e-02 -5.808669e-01 1.323254e-01 -6.143257e-01 -6.411791e-01 -1.009654e+00 -6.375733e-01 -3.067422e-02 -5.087107e-01 -2.905813e-01 8.984621e-02 -4.800641e-02 2.277260e-02
<VARIANCE> 25
 3.128770e+01 3.260978e+01 2.340239e+01 2.671203e+01 2.868726e+01 3.371665e+01 3.627033e+01 2.386868e+01 3.544930e+01 2.860384e+01 2.493921e+01 1.575222e+01 1.055686e+00 1.170441e+00 1.677311e+00 1.438030e+00 1.192862e+00 1.883736e+00 1.708176e+00 1.628183e+00 2.060836e+00 2.232352e+00 1.788189e+00 1.334536e+00 1.205682e-03
<GCONST> 8.444556e+01
<MIXTURE> 77 1.244626e-02
<MEAN> 25
 -4.928985e-01 7.099336e+00 1.214235e+01 -1.292284e+01 -4.703209e+00 4.629281e+00 -1.048695e+01 -6.647041e+00 -6.301695e+00 1.611092e-01 -3.665639e+00 -4.142226e+00 -3.061987e-02 7.736837e-02 1.238425e-01 2.979493e-01 3.939393e-02 1.003491e-01 -3.617061e-01 -2.455325e-01 -9.580707e-02 1.221360e-01 2.798353e-02 1.298959e-01 -2.798924e-03
<VARIANCE> 25
 7.647219e+00 1.913433e+01 2.027616e+01 3.387516e+01 3.560036e+01 5.285042e+01 3.817527e+01 2.423495e+01 4.241408e+01 2.482041e+01 3.176966e+01 3.775936e+01 2.799376e-01 6.996540e-01 5.373198e-01 8.886741e-01 1.748926e+00 1.347236e+00 1.537163e+00 8.490482e-01 2.747757e+00 9.529598e-01 1.024124e+00 7.222098e-01 5.693118e-04
<GCONST> 7.782732e+01
<MIXTURE> 78 9.702551e-03
<MEAN> 25
 -1.001992e+01 9.447121e-01 -1.980178e+00 3.443559e+00 4.256511e+00 -2.493639e+00 3.656890e+00 2.520241e+00 2.960724e+00 1.179088e-01 -8.781823e-01 2.745661e+00 2.006257e+00 1.506992e-03 1.083018e-01 4.143157e-01 -2.482376e-02 1.870194e-01 -9.663371e-02 -3.040270e-01 1.918602e-01 2.764330e-01 -2.685324e-01 -3.695757e-01 -5.900227e-02
<VARIANCE> 25
 4.493153e+01 3.253996e+01 2.905556e+01 3.598215e+01 3.652415e+01 3.423302e+01 3.683522e+01 3.050240e+01 2.822011e+01 2.821967e+01 2.725768e+01 1.914647e+01 4.811629e+00 3.164167e+00 2.865607e+00 3.079607e+00 2.479221e+00 4.315154e+00 3.615372e+00 3.328530e+00 2.306294e+00 2.329199e+00 2.173009e+00 1.897493e+00 4.925449e-03
<GCONST> 9.482249e+01
<MIXTURE> 79 1.156824e-02
<MEAN> 25
 1.898007e+00 1.216355e+00 8.622611e+00 -5.812793e+00 -1.155601e+01 -3.862407e-01 -8.710110e-01 -6.843319e+00 -7.036418e+00 -4.655266e-01 -2.105724e+00 -2.539017e+00 1.183443e+00 -5.120662e-01 -1.750871e+00 2.691385e+00 5.632383e-01 -1.997202e+00 1.150195e+00 1.160977e+00 -3.478253e-01 -8.023266e-01 1.901096e-01 5.774924e-01 -4.676944e-02
<VARIANCE> 25
 1.214566e+01 2.033881e+01 3.290651e+01 4.720677e+01 3.080865e+01 4.765676e+01 5.362153e+01 4.140446e+01 3.268174e+01 3.865065e+01 3.997324e+01 2.875572e+01 8.580757e-01 1.856546e+00 1.820889e+00 2.266590e+00 2.926957e+00 3.113655e+00 4.052773e+00 4.198122e+00 2.332918e+00 3.507133e+00 2.008584e+00 2.243571e+00 1.312468e-03
<GCONST> 9.188885e+01
<MIXTURE> 80 7.550998e-03
<MEAN> 25
 -1.456119e+01 3.982699e+00 6.644060e-01 2.880954e+00 2.437585e+00 1.430931e+00 6.476936e+00 2.471288e+00 2.690047e+00 2.314463e+00 4.831048e+00 1.165980e+00 4.267003e+00 -4.477719e-02 1.657245e+00 -1.157954e+00 -2.892553e+00 -2.777720e+00 -2.333864e+00 -1.988238e+00 -1.964648e+00 -1.641812e+00 -1.630400e+00 -6.080282e-01 -4.328750e-02
<VARIANCE> 25
 2.095684e+01 1.972601e+01 3.416546e+01 3.440998e+01 3.013486e+01 2.924620e+01 2.879962e+01 2.834337e+01 2.699228e+01 2.887358e+01 2.669299e+01 1.805057e+01 2.369521e+00 2.726620e+00 2.685670e+00 4.148672e+00 3.395493e+00 2.690790e+00 3.044154e+00 3.276259e+00 2.760936e+00 2.877932e+00 2.810706e+00 2.133944e+00 1.583253e-03
<GCONST> 9.156758e+01
<MIXTURE> 81 8.025434e-03
<MEAN> 25
 -1.181647e+00 3.891103e+00 1.061757e+01 -1.512827e+01 -7.080036e+00 2.070065e+00 -8.509161e+00 -8.045269e+00 -5.605859e+00 3.900836e-01 -5.978084e+00 -3.932571e+00 3.844701e-03 -4.872908e-01 -5.929875e-02 -4.946932e-01 -5.911294e-01 2.702125e-01 1.400258e-01 -8.827049e-02 5.165836e-02 8.059185e-02 -3.916495e-01 1.669378e-02 1.075051e-02
<VARIANCE> 25
 8.653177e+00 2.694408e+01 2.229977e+01 2.417807e+01 4.126435e+01 6.487936e+01 5.049441e+01 2.430075e+01 4.214874e+01 2.882780e+01 2.969532e+01 3.451194e+01 7.181109e-01 2.001311e+00 1.338679e+00 2.993629e+00 2.600352e+00 2.257402e+00 4.226035e+00 2.154975e+00 3.191113e+00 2.212902e+00 2.319935e+00 2.016260e+00 1.124901e-03
<GCONST> 8.916550e+01
<MIXTURE> 82 8.213053e-03
<MEAN> 25
 -9.912277e+00 -3.770915e+00 1.465602e+00 -2.678765e+00 2.772755e+00 6.720089e-01 2.084970e+00 6.390355e-01 2.710557e+00 1.516575e+00 1.468369e+00 2.968218e+00 -1.357794e+00 -2.537385e-01 2.640788e-01 -2.491184e+00 -1.079135e+00 -1.187547e+00 -9.807466e-01 -6.097918e-01 -3.521465e-01 -5.615557e-01 -2.267139e-01 -1.490774e-01 1.746792e-01
<VARIANCE> 25
 1.749703e+01 2.551969e+01 3.102028e+01 3.141422e+01 3.425334e+01 3.264931e+01 3.110829e+01 3.269405e+01 3.204436e+01 2.418588e+01 3.067657e+01 1.699811e+01 3.604985e+00 3.224711e+00 3.166277e+00 3.378536e+00 3.539111e+00 3.502942e+00 2.782773e+00 3.776633e+00 2.863250e+00 2.429577e+00 2.483817e+00 1.790874e+00 3.432624e-03
<GCONST> 9.323474e+01
<MIXTURE> 83 1.167529e-02
<MEAN> 25
 -2.003165e+01 5.506835e+00 -1.789861e+00 -4.043822e-01 7.829604e+00 -1.224891e+00 5.462148e+00 3.039128e+00 1.197067e+00 2.185000e+00 7.239567e-01 2.881086e+00 -2.594223e-02 -4.496044e-01 6.177599e-03 -3.650040e-01 -4.984495e-01 -1.259874e-01 -1.326346e-01 -9.882144e-02 -4.191501e-02 -3.909519e-02 -3.047902e-02 -3.581450e-02 4.428458e-03
<VARIANCE> 25
 8.899458e+00 1.644587e+01 2.848857e+01 2.251097e+01 2.128124e+01 2.417027e+01 2.203631e+01 2.337550e+01 2.048964e+01 2.224715e+01 2.319890e+01 1.447662e+01 1.060407e+00 9.367146e-01 1.241614e+00 1.066462e+00 1.359560e+00 1.290452e+00 1.286657e+00 1.387474e+00 1.348220e+00 1.310400e+00 1.219811e+00 1.072612e+00 8.925403e-04
<GCONST> 7.705479e+01
<MIXTURE> 84 1.066614e-02
<MEAN> 25
 1.118370e+00 8.532787e+00 6.724649e+00 7.983805e+00 2.844378e+00 -9.819918e-01 -1.210362e+00 -4.420673e+00 -4.117883e+00 -3.094469e+00 -2.246564e+00 -1.426597e+00 -1.691638e+00 -1.169226e+00 -1.197376e+00 1.354220e+00 2.276665e+00 1.363693e+00 1.335016e+00 1.296333e+00 1.256456e+00 3.402274e-01 2.885541e-01 4.270611e-01 -6.905311e-02
<VARIANCE> 25
 2.206082e+01 2.088380e+01 2.404264e+01 2.290211e+01 2.750644e+01 2.680910e+01 2.801573e+01 2.722886e+01 2.434286e+01 2.518340e+01 2.302268e+01 2.396091e+01 2.106005e+00 2.542119e+00 3.628284e+00 3.772395e+00 3.299643e+00 3.946513e+00 3.380213e+00 3.798817e+00 3.668475e+00 3.210496e+00 3.664770e+00 2.666188e+00 3.584378e-03
<GCONST> 9.289027e+01
<MIXTURE> 85 7.591393e-03
<MEAN> 25
 -3.145070e+00 7.750937e+00 5.719256e+00 1.284516e+00 -3.561425e+00 -5.165554e+00 -2.737241e+00 -6.023360e+00 -3.596264e+00 -3.167359e+00 -3.614326e-01 -1.928336e+00 3.908543e+00 2.207879e-01 1.831082e+00 -2.095931e+00 -3.437044e+00 -2.597366e+00 -2.908748e+00 -2.217467e+00 -2.278680e+00 -1.184801e+00 -2.188195e+00 -6.259584e-01 1.106793e-02
<VARIANCE> 25
 4.123697e+01 2.365108e+01 3.585312e+01 3.725666e+01 3.897441e+01 4.126459e+01 3.392233e+01 2.744504e+01 2.782737e+01 2.535519e+01 2.584944e+01 2.008715e+01 2.652988e+00 4.588207e+00 4.089560e+00 5.110800e+00 4.546556e+00 3.771863e+00 4.028930e+00 4.308238e+00 3.861884e+00 4.183743e+00 4.281785e+00 3.399481e+00 5.379752e-03
<GCONST> 9.852766e+01
<MIXTURE> 86 1.273941e-02
<MEAN> 25
 -4.974145e+00 -1.208700e+00 -7.967820e-01 6.336096e+00 5.018371e+00 4.673806e+00 5.317582e+00 4.571415e+00 4.661347e+00 3.915995e+00 5.338377e+00 2.701008e+00 -6.765176e-03 -8.634686e-03 -3.817957e-02 -6.555551e-02 -1.175631e-01 -1.848263e-01 -2.674001e-01 -3.320339e-01 -3.532621e-01 -3.192085e-01 -2.301371e-01 -1.066312e-01 -5.508548e-04
<VARIANCE> 25
 7.891497e+00 5.632860e+00 9.985535e+00 1.230299e+01 1.587654e+01 1.433499e+01 1.354722e+01 1.305957e+01 1.319192e+01 1.423935e+01 1.433187e+01 1.277645e+01 9.991767e-02 1.930225e-01 3.184859e-01 4.834568e-01 6.365663e-01 7.347553e-01 7.435302e-01 7.640958e-01 8.305199e-01 8.848177e-01 9.116281e-01 9.033099e-01 5.341359e-05
<GCONST> 5.811689e+01
<MIXTURE> 87 1.100681e-02
<MEAN> 25
 -3.502971e+00 3.657650e+00 2.188187e+00 7.342781e+00 4.575125e+00 8.864306e-01 2.424688e+00 -1.810760e+00 -9.709167e-01 -1.121454e+00 -1.674676e+00 1.813637e-03 -2.141342e+00 -2.845589e+00 -1.743215e+00 -1.728899e+00 -5.051934e-01 -6.579879e-01 5.566027e-01 1.485362e+00 8.810584e-01 6.613726e-01 9.501182e-01 8.244277e-01 1.082235e-01
<VARIANCE> 25
 3.344233e+01 3.179664e+01 2.939665e+01 3.155993e+01 3.166756e+01 3.301969e+01 2.770696e+01 2.989621e+01 2.586764e+01 2.364745e+01 2.362326e+01 2.000303e+01 3.205842e+00 2.543465e+00 3.707432e+00 4.118987e+00 5.209754e+00 4.729403e+00 3.649493e+00 3.483526e+00 4.697568e+00 3.378713e+00 3.026910e+00 2.392360e+00 4.649322e-03
<GCONST> 9.593980e+01
<MIXTURE> 88 1.256585e-02
<MEAN> 25
 -3.496688e+00 -2.550106e-01 -2.783010e+00 5.056885e+00 3.477859e+00 2.371488e+00 5.625899e+00 2.235555e+00 4.305346e+00 1.155566e+00 1.638551e+00 2.938972e+00 -6.172642e-02 4.032671e-01 1.107793e-01 1.428841e-01 2.226850e-01 2.494316e-01 -1.291705e-01 -4.959765e-01 -4.015972e-01 -8.316847e-02 1.363001e-02 2.323679e-02 -8.133763e-03
<VARIANCE> 25
 9.266363e+00 1.102042e+01 1.474638e+01 1.324367e+01 2.150562e+01 2.285152e+01 2.012559e+01 2.000704e+01 1.614058e+01 2.037499e+01 2.084657e+01 1.353987e+01 1.541552e+00 1.604639e+00 2.347828e+00 2.176606e+00 1.973379e+00 3.136368e+00 2.861234e+00 2.235348e+00 3.235702e+00 3.361320e+00 1.936436e+00 1.596415e+00 1.734505e-03
<GCONST> 8.285503e+01
<MIXTURE> 89 9.333527e-03
<MEAN> 25
 5.812112e+00 -6.886688e+00 -3.019898e+00 -3.221684e+00 -1.560074e+00 -5.928931e+00 -5.837415e+00 4.500638e+00 2.952775e+00 -2.505271e+00 -5.977618e+00 -2.958678e+00 -5.903234e-01 1.409016e-01 1.842191e+00 9.523209e-01 -1.797073e+00 -1.701885e+00 8.882712e-01 1.285955e+00 -6.406877e-01 -1.246030e+00 5.127977e-01 1.457943e+00 -2.978225e-03
<VARIANCE> 25
 9.617300e+00 2.545852e+01 3.434712e+01 2.896417e+01 3.450446e+01 4.152968e+01 5.852576e+01 4.237473e+01 4.137021e+01 4.185739e+01 3.434179e+01 3.275920e+01 3.401801e-01 7.988721e-01 1.735390e+00 1.286937e+00 1.897830e+00 2.050228e+00 2.431975e+00 1.950639e+00 2.507613e+00 2.090672e+00 2.467418e+00 1.491815e+00 4.046840e-04
<GCONST> 8.547978e+01
<MIXTURE> 90 7.114505e-03
<MEAN> 25
 2.447983e+00 -9.724312e+00 -4.754747e+00 -3.977265e+00 -3.383339e+00 -1.814061e+00 3.366371e+00 1.181897e+00 -7.532335e+00 -1.021731e+01 -3.430226e+00 -7.393594e-01 -1.636602e-01 9.089869e-01 1.168752e+00 -8.539617e-01 -1.612937e+00 -2.118211e-01 6.448345e-01 -2.099136e-01 -1.688862e-01 7.371477e-01 1.829711e-01 -5.502023e-01 -1.115011e-02
<VARIANCE> 25
 8.494606e+00 1.778032e+01 1.981277e+01 2.803941e+01 3.684174e+01 3.217786e+01 3.852105e+01 3.640758e+01 3.521985e+01 2.769048e+01 2.700393e+01 2.613624e+01 2.237376e-01 6.128730e-01 7.868208e-01 1.042813e+00 1.470243e+00 1.591770e+00 1.780296e+00 1.654579e+00 1.810297e+00 1.678311e+00 1.495330e+00 1.308594e+00 2.149856e-04
<GCONST> 7.813381e+01
<MIXTURE> 91 7.852945e-03
<MEAN> 25
 6.338431e+00 -7.441224e+00 -8.426269e+00 -5.267666e+00 4.203807e+00 -5.973932e-02 -2.689322e+00 9.077758e-01 1.024476e+00 -2.673129e+00 -5.027923e+00 -4.929403e+00 2.358633e-01 1.031873e+00 1.479918e-01 5.143998e-01 -8.676950e-02 -6.341868e-01 -1.585498e-01 -2.284858e-01 -7.221506e-02 4.622659e-01 -1.594572e-01 2.766022e-01 -3.426346e-02
<VARIANCE> 25
 9.772805e+00 2.380495e+01 1.993053e+01 4.049228e+01 3.341916e+01 5.379100e+01 5.606501e+01 3.972039e+01 5.213453e+01 6.732108e+01 4.543468e+01 4.190097e+01 4.289127e-01 8.680528e-01 1.152938e+00 1.397903e+00 2.131348e+00 2.386796e+00 2.938616e+00 2.454320e+00 2.197217e+00 2.096303e+00 1.914729e+00 1.892205e+00 5.870421e-04
<GCONST> 8.747332e+01
<MIXTURE> 92 7.852945e-03
<MEAN> 25
 6.338431e+00 -7.441224e+00 -8.426269e+00 -5.267666e+00 4.203807e+00 -5.973932e-02 -2.689322e+00 9.077758e-01 1.024476e+00 -2.673129e+00 -5.027923e+00 -4.929403e+00 2.358633e-01 1.031873e+00 1.479918e-01 5.143998e-01 -8.676950e-02 -6.341868e-01 -1.585498e-01 -2.284858e-01 -7.221506e-02 4.622659e-01 -1.594572e-01 2.766022e-01 -3.426346e-02
<VARIANCE> 25
 9.772805e+00 2.380495e+01 1.993053e+01 4.049228e+01 3.341916e+01 5.379100e+01 5.606501e+01 3.972039e+01 5.213453e+01 6.732108e+01 4.543468e+01 4.190097e+01 4.289127e-01 8.680528e-01 1.152938e+00 1.397903e+00 2.131348e+00 2.386796e+00 2.938616e+00 2.454320e+00 2.197217e+00 2.096303e+00 1.914729e+00 1.892205e+00 5.870421e-04
<GCONST> 8.747332e+01
<MIXTURE> 93 6.122769e-03
<MEAN> 25
 -6.825819e+00 -9.612056e-01 -2.402231e+00 5.798120e+00 5.908294e+00 3.922797e+00 6.123493e+00 3.609040e+00 4.119614e+00 2.509350e+00 1.818382e+00 3.705910e+00 -6.164000e-02 -1.543872e-01 -2.573870e-01 -3.317066e-01 -3.337587e-01 -2.844732e-01 -2.177871e-01 -1.742780e-01 -1.667204e-01 -1.506447e-01 -1.044153e-01 -3.554936e-02 -3.837683e-06
<VARIANCE> 25
 9.093901e+00 6.027777e+00 8.185111e+00 1.136881e+01 1.149258e+01 1.598249e+01 1.527640e+01 1.644382e+01 1.475774e+01 1.454170e+01 1.678724e+01 1.344866e+01 8.272374e-02 1.533694e-01 2.637162e-01 3.805642e-01 4.977629e-01 6.423341e-01 7.793725e-01 8.873125e-01 9.166239e-01 8.761251e-01 8.923470e-01 9.178919e-01 1.000000e-06
<GCONST> 5.360219e+01
<MIXTURE> 94 6.122769e-03
<MEAN> 25
 -6.825819e+00 -9.612056e-01 -2.402231e+00 5.798120e+00 5.908294e+00 3.922797e+00 6.123493e+00 3.609040e+00 4.119614e+00 2.509350e+00 1.818382e+00 3.705910e+00 -6.164000e-02 -1.543872e-01 -2.573870e-01 -3.317066e-01 -3.337587e-01 -2.844732e-01 -2.177871e-01 -1.742780e-01 -1.667204e-01 -1.506447e-01 -1.044153e-01 -3.554936e-02 -3.837683e-06
<VARIANCE> 25
 9.093901e+00 6.027777e+00 8.185111e+00 1.136881e+01 1.149258e+01 1.598249e+01 1.527640e+01 1.644382e+01 1.475774e+01 1.454170e+01 1.678724e+01 1.344866e+01 8.272374e-02 1.533694e-01 2.637162e-01 3.805642e-01 4.977629e-01 6.423341e-01 7.793725e-01 8.873125e-01 9.166239e-01 8.761251e-01 8.923470e-01 9.178919e-01 1.000000e-06
<GCONST> 5.360219e+01
<MIXTURE> 95 5.258835e-03
<MEAN> 25
 -5.808353e+00 -7.091509e-01 -1.993403e+00 4.892737e+00 4.228573e+00 2.840201e+00 4.189857e+00 1.635156e+00 2.228697e+00 8.720918e-01 1.168732e+00 2.588944e+00 1.439708e-01 1.449370e-01 8.864233e-02 -7.788444e-02 -3.817765e-01 -7.184044e-01 -1.054609e+00 -1.280684e+00 -1.273043e+00 -9.923112e-01 -6.544492e-01 -3.053184e-01 -5.971818e-05
<VARIANCE> 25
 1.027770e+01 6.680267e+00 1.218494e+01 1.273154e+01 1.395571e+01 1.849267e+01 1.790933e+01 1.702036e+01 1.536470e+01 1.536217e+01 2.007780e+01 1.431460e+01 2.092892e-01 2.928227e-01 4.563833e-01 6.347986e-01 8.014143e-01 8.939386e-01 9.085481e-01 9.205352e-01 9.903640e-01 1.073810e+00 1.162277e+00 1.111579e+00 4.396263e-05
<GCONST> 6.336043e+01
<MIXTURE> 96 7.034694e-03
<MEAN> 25
 -5.096676e+00 -4.548352e-01 -2.243811e+00 5.163478e+00 3.866032e+00 1.791501e+00 3.541566e+00 1.804465e+00 2.453365e+00 9.499912e-01 1.147341e+00 2.837089e+00 -2.968468e-02 8.781838e-02 2.134370e-01 4.057707e-01 5.389143e-01 4.999281e-01 2.461946e-01 -1.265887e-01 -4.634765e-01 -6.517613e-01 -6.085039e-01 -3.674167e-01 -1.581863e-05
<VARIANCE> 25
 1.101202e+01 9.725837e+00 1.288803e+01 1.428365e+01 1.502163e+01 1.952112e+01 1.807648e+01 1.930171e+01 1.800599e+01 1.660915e+01 1.976787e+01 1.453510e+01 1.204457e-01 2.181627e-01 3.166818e-01 3.977631e-01 4.946318e-01 6.606247e-01 8.674675e-01 9.963827e-01 9.568194e-01 8.641353e-01 8.866712e-01 9.406826e-01 1.000000e-06
<GCONST> 5.757094e+01
<MIXTURE> 97 7.034694e-03
<MEAN> 25
 -5.096676e+00 -4.548352e-01 -2.243811e+00 5.163478e+00 3.866032e+00 1.791501e+00 3.541566e+00 1.804465e+00 2.453365e+00 9.499912e-01 1.147341e+00 2.837089e+00 -2.968468e-02 8.781838e-02 2.134370e-01 4.057707e-01 5.389143e-01 4.999281e-01 2.461946e-01 -1.265887e-01 -4.634765e-01 -6.517613e-01 -6.085039e-01 -3.674167e-01 -1.581863e-05
<VARIANCE> 25
 1.101202e+01 9.725837e+00 1.288803e+01 1.428365e+01 1.502163e+01 1.952112e+01 1.807648e+01 1.930171e+01 1.800599e+01 1.660915e+01 1.976787e+01 1.453510e+01 1.204457e-01 2.181627e-01 3.166818e-01 3.977631e-01 4.946318e-01 6.606247e-01 8.674675e-01 9.963827e-01 9.568194e-01 8.641353e-01 8.866712e-01 9.406826e-01 1.000000e-06
<GCONST> 5.757094e+01
<MIXTURE> 98 9.917808e-03
<MEAN> 25
 -1.678409e+00 5.379236e-01 -1.086738e+00 5.226072e+00 2.643182e+00 1.400974e+00 4.354902e+00 1.712990e+00 2.395192e+00 -7.573755e-01 -3.559881e-01 1.126281e+00 -1.726861e+00 -1.253946e+00 -9.876847e-01 8.732094e-02 -1.325429e-02 6.481779e-01 1.403800e+00 1.339872e+00 1.534789e+00 7.089788e-01 1.249864e+00 8.503672e-01 -2.059077e-02
<VARIANCE> 25
 1.225577e+01 2.325084e+01 3.337724e+01 4.012339e+01 4.391401e+01 4.868803e+01 4.418457e+01 2.467825e+01 2.478446e+01 4.000451e+01 2.696261e+01 1.959918e+01 1.139550e+00 1.595350e+00 1.889021e+00 2.574204e+00 3.916948e+00 4.654212e+00 3.475035e+00 2.428602e+00 2.313107e+00 2.882977e+00 3.196752e+00 1.731487e+00 2.285096e-03
<GCONST> 9.137273e+01
<MIXTURE> 99 6.696178e-03
<MEAN> 25
 -6.088253e+00 9.555487e+00 5.364960e+00 4.271983e+00 9.770588e-01 -5.121624e+00 -8.956035e-01 -4.400193e+00 -2.827285e+00 -3.378409e+00 -1.116567e+00 7.456282e-01 4.367982e-01 -7.118005e-01 4.216096e-01 -3.523553e-01 -1.055241e+00 -6.301573e-01 -3.626579e-01 -2.001620e-01 -3.181206e-02 -1.019864e-02 3.316329e-01 1.451702e-01 1.279050e-02
<VARIANCE> 25
 3.417766e+01 2.365400e+01 5.413401e+01 3.172202e+01 3.267526e+01 3.469821e+01 3.474790e+01 2.914254e+01 3.000865e+01 2.863894e+01 2.125140e+01 2.791363e+01 2.149054e+00 1.729261e+00 1.439953e+00 1.800997e+00 2.540324e+00 2.390411e+00 1.570948e+00 1.603752e+00 1.742193e+00 1.592393e+00 1.474658e+00 1.160815e+00 1.585747e-03
<GCONST> 8.729061e+01
<MIXTURE> 100 4.498084e-03
<MEAN> 25
 -1.651016e+00 6.316513e+00 1.032054e+01 -7.387006e+00 -1.075789e+01 -4.889300e+00 -4.764688e+00 -9.866203e+00 -4.640913e+00 -8.682837e-01 -2.586963e+00 -2.703739e+00 2.924087e+00 -1.289739e+00 1.341710e+00 -2.138267e+00 -3.484355e+00 -8.310031e-01 -1.185351e+00 -7.880647e-01 -1.534825e+00 3.556742e-01 -1.583932e+00 -2.814272e-01 2.598904e-03
<VARIANCE> 25
 1.357001e+01 2.112433e+01 2.245844e+01 2.636085e+01 2.284055e+01 2.510148e+01 3.036010e+01 2.191758e+01 2.758335e+01 2.224230e+01 2.315084e+01 2.094921e+01 1.767409e+00 3.934668e+00 2.993222e+00 4.342117e+00 4.362127e+00 4.564934e+00 4.036333e+00 4.311527e+00 4.286340e+00 3.833692e+00 4.109667e+00 3.174137e+00 1.683985e-03
<GCONST> 9.277708e+01
<MIXTURE> 101 6.007792e-03
<MEAN> 25
 7.775581e+00 -3.172706e+00 -6.219583e+00 -6.476395e+00 1.702842e+00 -5.873020e-01 -1.093117e+01 -1.956767e+00 1.807922e+00 3.063157e+00 -1.626496e+00 -4.625592e+00 6.784759e-01 6.019492e-01 -1.403433e+00 -1.525815e+00 8.825461e-01 2.302297e+00 8.611048e-02 -1.261092e+00 -9.490389e-01 1.073063e+00 1.365228e+00 -3.832732e-01 -4.579787e-03
<VARIANCE> 25
 9.519115e+00 1.607147e+01 2.872277e+01 5.439181e+01 4.122431e+01 3.649292e+01 3.948935e+01 3.665893e+01 3.490748e+01 4.255684e+01 5.454679e+01 2.450180e+01 2.727070e-01 6.724093e-01 1.112579e+00 1.568815e+00 1.864404e+00 1.968112e+00 2.114590e+00 2.189891e+00 2.267218e+00 2.061632e+00 1.683097e+00 1.773843e+00 3.372229e-04
<GCONST> 8.376092e+01
<MIXTURE> 102 6.007792e-03
<MEAN> 25
 7.775581e+00 -3.172706e+00 -6.219583e+00 -6.476395e+00 1.702842e+00 -5.873020e-01 -1.093117e+01 -1.956767e+00 1.807922e+00 3.063157e+00 -1.626496e+00 -4.625592e+00 6.784759e-01 6.019492e-01 -1.403433e+00 -1.525815e+00 8.825461e-01 2.302297e+00 8.611048e-02 -1.261092e+00 -9.490389e-01 1.073063e+00 1.365228e+00 -3.832732e-01 -4.579787e-03
<VARIANCE> 25
 9.519115e+00 1.607147e+01 2.872277e+01 5.439181e+01 4.122431e+01 3.649292e+01 3.948935e+01 3.665893e+01 3.490748e+01 4.255684e+01 5.454679e+01 2.450180e+01 2.727070e-01 6.724093e-01 1.112579e+00 1.568815e+00 1.864404e+00 1.968112e+00 2.114590e+00 2.189891e+00 2.267218e+00 2.061632e+00 1.683097e+00 1.773843e+00 3.372229e-04
<GCONST> 8.376092e+01
<MIXTURE> 103 5.694618e-03
<MEAN> 25
 3.312870e+00 -9.419765e+00 -6.046010e+00 -3.091051e+00 -1.375607e+00 -1.866979e+00 2.540327e+00 2.550857e+00 -4.534420e+00 -9.144713e+00 -5.033008e+00 3.854377e-01 -1.601452e-01 -1.470625e+00 -9.885194e-01 3.719205e-01 1.200629e+00 1.027535e+00 1.654117e-01 -2.538297e-01 -7.739428e-01 -9.496895e-01 -5.690170e-02 1.208530e-01 2.640785e-02
<VARIANCE> 25
 1.039715e+01 2.030625e+01 2.305780e+01 3.250768e+01 4.867859e+01 3.653836e+01 4.963301e+01 3.626424e+01 4.198226e+01 3.027641e+01 3.029824e+01 2.648321e+01 6.405364e-01 1.265896e+00 1.531962e+00 1.939009e+00 2.898812e+00 2.547945e+00 2.861481e+00 2.564332e+00 2.575162e+00 2.499432e+00 2.104415e+00 1.986235e+00 8.350310e-04
<GCONST> 8.780907e+01
<MIXTURE> 104 5.694618e-03
<MEAN> 25
 3.312870e+00 -9.419765e+00 -6.046010e+00 -3.091051e+00 -1.375607e+00 -1.866979e+00 2.540327e+00 2.550857e+00 -4.534420e+00 -9.144713e+00 -5.033008e+00 3.854377e-01 -1.601452e-01 -1.470625e+00 -9.885194e-01 3.719205e-01 1.200629e+00 1.027535e+00 1.654117e-01 -2.538297e-01 -7.739428e-01 -9.496895e-01 -5.690170e-02 1.208530e-01 2.640785e-02
<VARIANCE> 25
 1.039715e+01 2.030625e+01 2.305780e+01 3.250768e+01 4.867859e+01 3.653836e+01 4.963301e+01 3.626424e+01 4.198226e+01 3.027641e+01 3.029824e+01 2.648321e+01 6.405364e-01 1.265896e+00 1.531962e+00 1.939009e+00 2.898812e+00 2.547945e+00 2.861481e+00 2.564332e+00 2.575162e+00 2.499432e+00 2.104415e+00 1.986235e+00 8.350310e-04
<GCONST> 8.780907e+01
<MIXTURE> 105 4.710235e-03
<MEAN> 25
 2.228227e+00 -1.497881e+00 9.250377e+00 -2.697152e+00 -1.160910e+01 -5.025713e+00 -4.170821e+00 -7.725016e-01 -3.822129e+00 -3.193192e+00 1.522013e+00 -1.154016e+00 9.231080e-03 3.032288e-02 4.891077e-02 -4.633541e-02 4.529665e-03 4.834617e-02 -1.142584e-02 5.026412e-02 -3.694164e-02 2.679037e-02 2.864146e-02 -2.849982e-02 -2.200733e-03
<VARIANCE> 25
 1.332031e+01 2.859963e+01 4.083704e+01 4.484737e+01 3.771210e+01 5.366943e+01 4.120610e+01 4.335879e+01 3.971740e+01 4.208099e+01 4.196330e+01 3.075815e+01 8.373691e-02 1.863193e-01 3.426825e-01 2.910385e-01 3.729739e-01 4.295200e-01 4.708022e-01 4.913275e-01 4.938660e-01 4.406776e-01 4.210202e-01 3.982496e-01 8.939252e-05
<GCONST> 6.669366e+01
<MIXTURE> 106 4.710235e-03
<MEAN> 25
 2.228227e+00 -1.497881e+00 9.250377e+00 -2.697152e+00 -1.160910e+01 -5.025713e+00 -4.170821e+00 -7.725016e-01 -3.822129e+00 -3.193192e+00 1.522013e+00 -1.154016e+00 9.231080e-03 3.032288e-02 4.891077e-02 -4.633541e-02 4.529665e-03 4.834617e-02 -1.142584e-02 5.026412e-02 -3.694164e-02 2.679037e-02 2.864146e-02 -2.849982e-02 -2.200733e-03
<VARIANCE> 25
 1.332031e+01 2.859963e+01 4.083704e+01 4.484737e+01 3.771210e+01 5.366943e+01 4.120610e+01 4.335879e+01 3.971740e+01 4.208099e+01 4.196330e+01 3.075815e+01 8.373691e-02 1.863193e-01 3.426825e-01 2.910385e-01 3.729739e-01 4.295200e-01 4.708022e-01 4.913275e-01 4.938660e-01 4.406776e-01 4.210202e-01 3.982496e-01 8.939252e-05
<GCONST> 6.669366e+01
<MIXTURE> 107 5.452374e-03
<MEAN> 25
 8.298238e+00 -2.015756e+00 -8.131407e+00 -8.592148e+00 2.354392e+00 3.000749e+00 -8.132842e+00 -4.611262e+00 -4.787880e-01 3.513146e+00 1.239888e+00 -4.105395e+00 -6.111933e-01 -7.699840e-01 8.566843e-01 1.916866e+00 2.021506e-01 -1.990652e+00 -5.915396e-01 8.965500e-01 1.735362e+00 -1.365263e-01 -1.675013e+00 -9.002802e-01 -3.799871e-03
<VARIANCE> 25
 9.609632e+00 1.980388e+01 2.620920e+01 4.913448e+01 3.413755e+01 3.529802e+01 5.110198e+01 3.490680e+01 4.353518e+01 3.968484e+01 4.862728e+01 3.697410e+01 3.334650e-01 9.139897e-01 1.345460e+00 2.474716e+00 2.114150e+00 2.609771e+00 3.564094e+00 2.355150e+00 2.186179e+00 3.230367e+00 1.884511e+00 2.105933e+00 7.057536e-04
<GCONST> 8.781297e+01
<MIXTURE> 108 5.452374e-03
<MEAN> 25
 8.298238e+00 -2.015756e+00 -8.131407e+00 -8.592148e+00 2.354392e+00 3.000749e+00 -8.132842e+00 -4.611262e+00 -4.787880e-01 3.513146e+00 1.239888e+00 -4.105395e+00 -6.111933e-01 -7.699840e-01 8.566843e-01 1.916866e+00 2.021506e-01 -1.990652e+00 -5.915396e-01 8.965500e-01 1.735362e+00 -1.365263e-01 -1.675013e+00 -9.002802e-01 -3.799871e-03
<VARIANCE> 25
 9.609632e+00 1.980388e+01 2.620920e+01 4.913448e+01 3.413755e+01 3.529802e+01 5.110198e+01 3.490680e+01 4.353518e+01 3.968484e+01 4.862728e+01 3.697410e+01 3.334650e-01 9.139897e-01 1.345460e+00 2.474716e+00 2.114150e+00 2.609771e+00 3.564094e+00 2.355150e+00 2.186179e+00 3.230367e+00 1.884511e+00 2.105933e+00 7.057536e-04
<GCONST> 8.781297e+01
<MIXTURE> 109 6.661064e-03
<MEAN> 25
 4.042672e+00 -1.044536e+01 -8.277557e+00 -1.235031e+00 2.816001e+00 -6.003119e-02 -9.212729e-02 1.446466e+00 -2.435517e+00 -8.294862e+00 -5.379862e+00 4.421514e-02 -3.817453e-02 -1.346432e-01 -3.409646e-02 2.666360e-01 2.174443e-01 1.252089e-01 -1.317967e-01 -9.846327e-02 -4.386186e-02 -1.309225e-01 2.191662e-01 -1.288862e-02 -3.603751e-03
<VARIANCE> 25
 9.198797e+00 1.888516e+01 1.997538e+01 3.241350e+01 4.047290e+01 3.654117e+01 4.623175e+01 3.424804e+01 4.664018e+01 3.543646e+01 2.943629e+01 2.784545e+01 1.916921e-01 4.185898e-01 5.322657e-01 6.682968e-01 1.246219e+00 9.929221e-01 1.249076e+00 1.080357e+00 1.103286e+00 9.489196e-01 8.701097e-01 9.157884e-01 1.815008e-04
<GCONST> 7.452377e+01
<MIXTURE> 110 6.661064e-03
<MEAN> 25
 4.042672e+00 -1.044536e+01 -8.277557e+00 -1.235031e+00 2.816001e+00 -6.003119e-02 -9.212729e-02 1.446466e+00 -2.435517e+00 -8.294862e+00 -5.379862e+00 4.421514e-02 -3.817453e-02 -1.346432e-01 -3.409646e-02 2.666360e-01 2.174443e-01 1.252089e-01 -1.317967e-01 -9.846327e-02 -4.386186e-02 -1.309225e-01 2.191662e-01 -1.288862e-02 -3.603751e-03
<VARIANCE> 25
 9.198797e+00 1.888516e+01 1.997538e+01 3.241350e+01 4.047290e+01 3.654117e+01 4.623175e+01 3.424804e+01 4.664018e+01 3.543646e+01 2.943629e+01 2.784545e+01 1.916921e-01 4.185898e-01 5.322657e-01 6.682968e-01 1.246219e+00 9.929221e-01 1.249076e+00 1.080357e+00 1.103286e+00 9.489196e-01 8.701097e-01 9.157884e-01 1.815008e-04
<GCONST> 7.452377e+01
<MIXTURE> 111 4.337247e-03
<MEAN> 25
 -4.473496e+00 -9.063351e-01 -1.721373e+00 1.688252e+00 9.650333e-01 9.644509e-01 3.141929e-01 2.108972e-01 8.937824e-02 -5.414096e-01 -6.301759e-01 1.964437e+00 -2.109248e-02 -3.248477e-02 -7.232659e-02 -7.342746e-02 -3.718460e-02 6.419824e-03 -1.146613e-03 -5.924258e-02 -1.404446e-01 -2.029884e-01 -1.901119e-01 -1.065356e-01 -2.149250e-04
<VARIANCE> 25
 7.003978e+00 4.976732e+00 1.021490e+01 9.407482e+00 1.311021e+01 2.384122e+01 1.466601e+01 1.316629e+01 1.160347e+01 1.191145e+01 1.362861e+01 1.158830e+01 7.918076e-02 1.635642e-01 2.752552e-01 4.207767e-01 5.696332e-01 7.053719e-01 8.005973e-01 8.582276e-01 8.927524e-01 8.559186e-01 8.621067e-01 8.479568e-01 2.231615e-05
<GCONST> 5.598063e+01
<MIXTURE> 112 4.337247e-03
<MEAN> 25
 -4.473496e+00 -9.063351e-01 -1.721373e+00 1.688252e+00 9.650333e-01 9.644509e-01 3.141929e-01 2.108972e-01 8.937824e-02 -5.414096e-01 -6.301759e-01 1.964437e+00 -2.109248e-02 -3.248477e-02 -7.232659e-02 -7.342746e-02 -3.718460e-02 6.419824e-03 -1.146613e-03 -5.924258e-02 -1.404446e-01 -2.029884e-01 -1.901119e-01 -1.065356e-01 -2.149250e-04
<VARIANCE> 25
 7.003978e+00 4.976732e+00 1.021490e+01 9.407482e+00 1.311021e+01 2.384122e+01 1.466601e+01 1.316629e+01 1.160347e+01 1.191145e+01 1.362861e+01 1.158830e+01 7.918076e-02 1.635642e-01 2.752552e-01 4.207767e-01 5.696332e-01 7.053719e-01 8.005973e-01 8.582276e-01 8.927524e-01 8.559186e-01 8.621067e-01 8.479568e-01 2.231615e-05
<GCONST> 5.598063e+01
<MIXTURE> 113 5.938666e-03
<MEAN> 25
 9.971847e+00 1.749316e+00 -8.766520e+00 -1.704643e+01 -1.018186e+00 5.661058e+00 -5.315072e+00 -1.451015e+00 -5.676968e+00 -4.700305e-01 3.112605e-01 -1.944128e-01 6.347401e-03 1.250535e-02 -6.168197e-02 -1.127704e-01 1.000310e-01 1.529429e-01 5.545314e-02 3.765299e-02 -5.683944e-02 -4.961677e-02 1.834595e-01 3.520375e-02 -1.409334e-03
<VARIANCE> 25
 8.874535e+00 1.637456e+01 2.973423e+01 3.414152e+01 5.275520e+01 3.379947e+01 4.022804e+01 3.917733e+01 3.747732e+01 4.658547e+01 3.629826e+01 2.839167e+01 1.226901e-01 3.208076e-01 3.179658e-01 6.305003e-01 6.205806e-01 6.554082e-01 7.833443e-01 8.456060e-01 9.575655e-01 9.047676e-01 7.303463e-01 7.124985e-01 1.245483e-04
<GCONST> 7.115929e+01
<MIXTURE> 114 5.938666e-03
<MEAN> 25
 9.971847e+00 1.749316e+00 -8.766520e+00 -1.704643e+01 -1.018186e+00 5.661058e+00 -5.315072e+00 -1.451015e+00 -5.676968e+00 -4.700305e-01 3.112605e-01 -1.944128e-01 6.347401e-03 1.250535e-02 -6.168197e-02 -1.127704e-01 1.000310e-01 1.529429e-01 5.545314e-02 3.765299e-02 -5.683944e-02 -4.961677e-02 1.834595e-01 3.520375e-02 -1.409334e-03
<VARIANCE> 25
 8.874535e+00 1.637456e+01 2.973423e+01 3.414152e+01 5.275520e+01 3.379947e+01 4.022804e+01 3.917733e+01 3.747732e+01 4.658547e+01 3.629826e+01 2.839167e+01 1.226901e-01 3.208076e-01 3.179658e-01 6.305003e-01 6.205806e-01 6.554082e-01 7.833443e-01 8.456060e-01 9.575655e-01 9.047676e-01 7.303463e-01 7.124985e-01 1.245483e-04
<GCONST> 7.115929e+01
<MIXTURE> 115 2.935202e-03
<MEAN> 25
 -4.031531e+00 -7.523159e-01 -3.108338e+00 3.656925e+00 2.413494e+00 -4.277803e-01 2.235088e+00 4.127989e-01 1.388333e+00 -1.987136e-02 4.044751e-02 2.687757e+00 3.160951e-02 -7.213204e-02 -2.307735e-01 -4.387005e-01 -6.334519e-01 -6.703834e-01 -5.921469e-01 -5.095030e-01 -4.866813e-01 -4.566399e-01 -3.437279e-01 -1.649332e-01 -3.152892e-06
<VARIANCE> 25
 9.267216e+00 9.883607e+00 1.353208e+01 1.270432e+01 1.348844e+01 1.756108e+01 1.708458e+01 2.080703e+01 1.793171e+01 1.721400e+01 1.919540e+01 1.466584e+01 2.037677e-01 3.456757e-01 4.855058e-01 5.616021e-01 6.341578e-01 7.980165e-01 1.008021e+00 1.130848e+00 1.075164e+00 9.944084e-01 1.025558e+00 1.064839e+00 1.000022e-06
<GCONST> 6.016152e+01
<MIXTURE> 116 2.935202e-03
<MEAN> 25
 -4.031531e+00 -7.523159e-01 -3.108338e+00 3.656925e+00 2.413494e+00 -4.277803e-01 2.235088e+00 4.127989e-01 1.388333e+00 -1.987136e-02 4.044751e-02 2.687757e+00 3.160951e-02 -7.213204e-02 -2.307735e-01 -4.387005e-01 -6.334519e-01 -6.703834e-01 -5.921469e-01 -5.095030e-01 -4.866813e-01 -4.566399e-01 -3.437279e-01 -1.649332e-01 -3.152892e-06
<VARIANCE> 25
 9.267216e+00 9.883607e+00 1.353208e+01 1.270432e+01 1.348844e+01 1.756108e+01 1.708458e+01 2.080703e+01 1.793171e+01 1.721400e+01 1.919540e+01 1.466584e+01 2.037677e-01 3.456757e-01 4.855058e-01 5.616021e-01 6.341578e-01 7.980165e-01 1.008021e+00 1.130848e+00 1.075164e+00 9.944084e-01 1.025558e+00 1.064839e+00 1.000022e-06
<GCONST> 6.016152e+01
<MIXTURE> 117 6.506003e-03
<MEAN> 25
 -4.644592e+00 1.117793e+00 1.054499e+00 9.758447e+00 6.260121e+00 6.256477e+00 6.463082e+00 5.044496e+00 6.385674e+00 4.929173e+00 6.367208e+00 2.709929e+00 -7.503008e-02 -2.341336e-01 -3.583474e-01 -4.199596e-01 -3.675186e-01 -3.027199e-01 -2.873273e-01 -3.314594e-01 -3.917833e-01 -3.689738e-01 -2.631080e-01 -1.159785e-01 -9.052962e-06
<VARIANCE> 25
 7.187259e+00 8.753097e+00 9.809425e+00 1.430823e+01 1.561781e+01 1.534934e+01 1.772638e+01 1.796108e+01 1.640261e+01 1.637152e+01 1.674076e+01 1.475332e+01 2.166086e-01 3.075042e-01 4.261350e-01 6.171185e-01 8.536685e-01 1.055364e+00 1.177562e+00 1.232911e+00 1.223976e+00 1.194855e+00 1.167213e+00 1.113683e+00 1.000000e-06
<GCONST> 6.042865e+01
<MIXTURE> 118 6.506003e-03
<MEAN> 25
 -4.644592e+00 1.117793e+00 1.054499e+00 9.758447e+00 6.260121e+00 6.256477e+00 6.463082e+00 5.044496e+00 6.385674e+00 4.929173e+00 6.367208e+00 2.709929e+00 -7.503008e-02 -2.341336e-01 -3.583474e-01 -4.199596e-01 -3.675186e-01 -3.027199e-01 -2.873273e-01 -3.314594e-01 -3.917833e-01 -3.689738e-01 -2.631080e-01 -1.159785e-01 -9.052962e-06
<VARIANCE> 25
 7.187259e+00 8.753097e+00 9.809425e+00 1.430823e+01 1.561781e+01 1.534934e+01 1.772638e+01 1.796108e+01 1.640261e+01 1.637152e+01 1.674076e+01 1.475332e+01 2.166086e-01 3.075042e-01 4.261350e-01 6.171185e-01 8.536685e-01 1.055364e+00 1.177562e+00 1.232911e+00 1.223976e+00 1.194855e+00 1.167213e+00 1.113683e+00 1.000000e-06
<GCONST> 6.042865e+01
<MIXTURE> 119 4.297961e-03
<MEAN> 25
 -4.973021e+00 -7.636623e+00 2.228077e+00 2.033795e+00 2.241687e+00 1.934298e-01 5.272676e+00 5.943662e+00 1.169835e+00 9.510527e-01 6.588560e+00 1.564623e+00 -5.055925e-02 -8.010761e-02 3.625316e-02 -5.836004e-02 -1.254042e-01 -1.772913e-01 -6.822585e-02 -1.290528e-02 -9.280413e-02 -1.110016e-01 -5.479889e-02 -6.021169e-02 1.069542e-03
<VARIANCE> 25
 8.494463e+00 9.806769e+00 1.654971e+01 2.035279e+01 2.284361e+01 2.329913e+01 2.497186e+01 2.645236e+01 2.500994e+01 2.821746e+01 2.074964e+01 2.041058e+01 1.604251e-01 2.826385e-01 4.597025e-01 6.328755e-01 8.024332e-01 1.006945e+00 1.098796e+00 1.277071e+00 1.284555e+00 1.246794e+00 1.190797e+00 1.113799e+00 2.323920e-04
<GCONST> 6.975070e+01
<MIXTURE> 120 4.297961e-03
<MEAN> 25
 -4.973021e+00 -7.636623e+00 2.228077e+00 2.033795e+00 2.241687e+00 1.934298e-01 5.272676e+00 5.943662e+00 1.169835e+00 9.510527e-01 6.588560e+00 1.564623e+00 -5.055925e-02 -8.010761e-02 3.625316e-02 -5.836004e-02 -1.254042e-01 -1.772913e-01 -6.822585e-02 -1.290528e-02 -9.280413e-02 -1.110016e-01 -5.479889e-02 -6.021169e-02 1.069542e-03
<VARIANCE> 25
 8.494463e+00 9.806769e+00 1.654971e+01 2.035279e+01 2.284361e+01 2.329913e+01 2.497186e+01 2.645236e+01 2.500994e+01 2.821746e+01 2.074964e+01 2.041058e+01 1.604251e-01 2.826385e-01 4.597025e-01 6.328755e-01 8.024332e-01 1.006945e+00 1.098796e+00 1.277071e+00 1.284555e+00 1.246794e+00 1.190797e+00 1.113799e+00 2.323920e-04
<GCONST> 6.975070e+01
<MIXTURE> 121 4.567511e-03
<MEAN> 25
 1.870930e-01 -2.365999e+00 5.270844e+00 -1.307170e+01 -1.236373e+01 -1.265376e+00 7.056162e-01 -5.080735e+00 -4.400186e+00 -5.161707e-01 -5.332792e+00 -4.535408e+00 1.903875e-02 1.428962e-01 -6.023364e-02 9.049068e-02 1.751894e-01 2.174114e-02 -8.148432e-02 -1.902052e-01 -3.521462e-01 -2.705293e-01 -1.470786e-01 -3.550485e-03 -7.376930e-03
<VARIANCE> 25
 7.515954e+00 1.595796e+01 1.722524e+01 2.069057e+01 2.625098e+01 3.349864e+01 3.145380e+01 2.387894e+01 3.554038e+01 2.752684e+01 2.039335e+01 2.213165e+01 1.520634e-01 6.280791e-01 6.229101e-01 6.897897e-01 7.585642e-01 1.232232e+00 1.085342e+00 1.090632e+00 1.403714e+00 1.165718e+00 9.485192e-01 8.477386e-01 2.048730e-04
<GCONST> 7.169791e+01
<MIXTURE> 122 4.567511e-03
<MEAN> 25
 1.870930e-01 -2.365999e+00 5.270844e+00 -1.307170e+01 -1.236373e+01 -1.265376e+00 7.056162e-01 -5.080735e+00 -4.400186e+00 -5.161707e-01 -5.332792e+00 -4.535408e+00 1.903875e-02 1.428962e-01 -6.023364e-02 9.049068e-02 1.751894e-01 2.174114e-02 -8.148432e-02 -1.902052e-01 -3.521462e-01 -2.705293e-01 -1.470786e-01 -3.550485e-03 -7.376930e-03
<VARIANCE> 25
 7.515954e+00 1.595796e+01 1.722524e+01 2.069057e+01 2.625098e+01 3.349864e+01 3.145380e+01 2.387894e+01 3.554038e+01 2.752684e+01 2.039335e+01 2.213165e+01 1.520634e-01 6.280791e-01 6.229101e-01 6.897897e-01 7.585642e-01 1.232232e+00 1.085342e+00 1.090632e+00 1.403714e+00 1.165718e+00 9.485192e-01 8.477386e-01 2.048730e-04
<GCONST> 7.169791e+01
<MIXTURE> 123 4.393044e-03
<MEAN> 25
 -3.930721e+00 9.119776e-01 -1.756192e-01 6.254858e+00 5.198844e+00 3.088412e+00 4.064517e+00 3.219770e-01 4.230656e-01 -6.393808e-01 3.936969e-02 9.641095e-01 -5.434645e-01 -7.560453e-01 -9.214914e-01 -6.196829e-01 -2.593867e-01 1.339962e-01 3.062829e-01 6.423860e-01 8.600977e-01 6.440023e-01 8.184266e-01 6.187119e-01 -3.222462e-03
<VARIANCE> 25
 1.058297e+01 9.518119e+00 1.506199e+01 1.630257e+01 2.013203e+01 2.692250e+01 2.624555e+01 1.742700e+01 1.786707e+01 1.622256e+01 2.022919e+01 1.815004e+01 3.740016e-01 3.383712e-01 5.041990e-01 6.568573e-01 8.901249e-01 1.122500e+00 1.138857e+00 1.087753e+00 1.096205e+00 1.242168e+00 1.186594e+00 1.176468e+00 9.293910e-05
<GCONST> 6.845868e+01
<MIXTURE> 124 4.069876e-03
<MEAN> 25
 -6.563108e+00 -1.210443e+00 -2.923361e+00 5.106710e+00 4.972362e+00 3.389358e+00 5.391959e+00 2.564737e+00 3.192776e+00 1.278976e+00 1.127581e+00 3.043572e+00 -2.050887e-01 -3.230663e-01 -3.624780e-01 -2.167599e-01 1.279588e-01 5.197583e-01 8.100749e-01 8.600595e-01 6.550779e-01 3.271752e-01 7.273283e-02 -2.461410e-02 4.027554e-05
<VARIANCE> 25
 1.101882e+01 6.982401e+00 1.114100e+01 1.242916e+01 1.210493e+01 1.981795e+01 1.552697e+01 1.706871e+01 1.543844e+01 1.606733e+01 1.920084e+01 1.443710e+01 1.050219e-01 1.681067e-01 2.705722e-01 4.177249e-01 5.929881e-01 7.064280e-01 7.483706e-01 8.139217e-01 9.083889e-01 9.810438e-01 1.008688e+00 9.931496e-01 1.799396e-05
<GCONST> 5.879736e+01
<MIXTURE> 125 4.069876e-03
<MEAN> 25
 -6.563108e+00 -1.210443e+00 -2.923361e+00 5.106710e+00 4.972362e+00 3.389358e+00 5.391959e+00 2.564737e+00 3.192776e+00 1.278976e+00 1.127581e+00 3.043572e+00 -2.050887e-01 -3.230663e-01 -3.624780e-01 -2.167599e-01 1.279588e-01 5.197583e-01 8.100749e-01 8.600595e-01 6.550779e-01 3.271752e-01 7.273283e-02 -2.461410e-02 4.027554e-05
<VARIANCE> 25
 1.101882e+01 6.982401e+00 1.114100e+01 1.242916e+01 1.210493e+01 1.981795e+01 1.552697e+01 1.706871e+01 1.543844e+01 1.606733e+01 1.920084e+01 1.443710e+01 1.050219e-01 1.681067e-01 2.705722e-01 4.177249e-01 5.929881e-01 7.064280e-01 7.483706e-01 8.139217e-01 9.083889e-01 9.810438e-01 1.008688e+00 9.931496e-01 1.799396e-05
<GCONST> 5.879736e+01
<MIXTURE> 126 2.402244e-03
<MEAN> 25
 -3.790798e+00 -7.025587e+00 -5.080976e+00 2.737903e+00 4.271228e+00 -3.438983e+00 2.032334e-01 3.739945e+00 3.346061e+00 -2.972692e+00 -1.706375e+00 2.851058e+00 -1.586442e-02 -3.089302e-02 -5.559532e-02 -1.834330e-01 -2.931403e-01 -3.171432e-01 -2.451517e-01 -1.249705e-01 -1.374538e-01 -8.211001e-02 -9.013054e-02 -8.332929e-02 -2.363445e-03
<VARIANCE> 25
 7.171221e+00 1.239861e+01 1.430637e+01 1.894912e+01 2.384237e+01 2.390371e+01 2.246448e+01 2.818943e+01 3.011364e+01 2.720496e+01 2.282425e+01 1.966681e+01 1.692504e-01 3.554730e-01 4.747325e-01 5.608052e-01 7.404570e-01 1.083637e+00 1.102609e+00 1.247845e+00 1.292339e+00 1.316881e+00 1.168394e+00 1.179570e+00 2.215750e-04
<GCONST> 7.005119e+01
<MIXTURE> 127 2.402244e-03
<MEAN> 25
 -3.790798e+00 -7.025587e+00 -5.080976e+00 2.737903e+00 4.271228e+00 -3.438983e+00 2.032334e-01 3.739945e+00 3.346061e+00 -2.972692e+00 -1.706375e+00 2.851058e+00 -1.586442e-02 -3.089302e-02 -5.559532e-02 -1.834330e-01 -2.931403e-01 -3.171432e-01 -2.451517e-01 -1.249705e-01 -1.374538e-01 -8.211001e-02 -9.013054e-02 -8.332929e-02 -2.363445e-03
<VARIANCE> 25
 7.171221e+00 1.239861e+01 1.430637e+01 1.894912e+01 2.384237e+01 2.390371e+01 2.246448e+01 2.818943e+01 3.011364e+01 2.720496e+01 2.282425e+01 1.966681e+01 1.692504e-01 3.554730e-01 4.747325e-01 5.608052e-01 7.404570e-01 1.083637e+00 1.102609e+00 1.247845e+00 1.292339e+00 1.316881e+00 1.168394e+00 1.179570e+00 2.215750e-04
<GCONST> 7.005119e+01
<MIXTURE> 128 3.790457e-03
<MEAN> 25
 -3.904855e+00 1.532357e+00 -3.256197e-01 6.539070e+00 3.574602e+00 1.836493e+00 3.593950e+00 2.354637e+00 3.956362e+00 3.709814e+00 3.779381e+00 3.523268e+00 -3.966705e-01 -1.993465e-01 9.405818e-02 7.190782e-01 1.179662e+00 1.142194e+00 7.313302e-01 1.357150e-01 -4.311634e-01 -7.842249e-01 -7.044797e-01 -3.913353e-01 -3.979066e-05
<VARIANCE> 25
 1.033587e+01 1.166915e+01 1.508972e+01 1.960595e+01 2.079334e+01 2.125252e+01 2.445929e+01 2.464178e+01 2.630904e+01 2.379711e+01 2.669842e+01 1.813064e+01 8.900753e-01 1.144478e+00 1.364571e+00 1.509384e+00 1.579498e+00 1.864917e+00 2.295274e+00 2.320135e+00 2.154826e+00 1.855554e+00 1.741187e+00 1.742335e+00 9.989773e-07
<GCONST> 7.371658e+01
<TRANSP> 3
 0.000000e+00 1.000000e+00 0.000000e+00
 0.000000e+00 9.999990e-01 9.999998e-07
 0.000000e+00 0.000000e+00 0.000000e+00
<ENDHMM>
