~o
<STREAMINFO> 1 25
<VECSIZE> 25<NULLD><MFCC_E_D_N><DIAGC>
~h "jmodel"
<BEGINHMM>
<NUMSTATES> 3
<STATE> 2
<NUMMIXES> 128
<MIXTURE> 1 5.748963e-03
<MEAN> 25
 -2.292295e+00 3.004122e+00 2.281738e+00 8.821629e+00 4.251664e+00 3.922032e+00 4.319804e+00 3.899682e+00 6.007062e+00 4.872723e+00 5.628013e+00 2.766793e+00 -1.968990e+00 -1.507850e+00 -6.800684e-01 1.003441e+00 1.615010e+00 2.438361e+00 2.109384e+00 1.825844e+00 1.429434e+00 1.228120e+00 1.665788e+00 5.726082e-01 -4.879386e-02
<VARIANCE> 25
 1.027492e+01 1.122285e+01 1.385068e+01 1.738164e+01 2.166376e+01 2.316639e+01 2.101933e+01 2.035061e+01 1.980690e+01 2.249758e+01 2.014868e+01 1.689803e+01 1.667356e+00 2.132429e+00 3.182887e+00 3.024855e+00 3.489178e+00 3.588371e+00 3.093290e+00 3.874713e+00 4.033575e+00 3.467984e+00 3.362267e+00 2.638696e+00 2.936007e-03
<GCONST> 8.791965e+01
<MIXTURE> 2 4.549242e-03
<MEAN> 25
 -4.875671e+00 1.311720e+00 9.943511e-01 9.899809e+00 6.692275e+00 7.424650e+00 7.847087e+00 6.958091e+00 8.373269e+00 6.373019e+00 7.624402e+00 3.074697e+00 -6.200235e-02 4.161923e-02 1.425301e-01 2.258583e-01 2.652900e-01 2.813653e-01 2.954302e-01 3.195550e-01 3.497573e-01 3.089160e-01 1.971766e-01 8.006547e-02 1.228299e-06
<VARIANCE> 25
 6.952293e+00 8.901894e+00 1.065126e+01 1.591096e+01 1.723581e+01 1.556308e+01 1.689898e+01 1.848562e+01 1.658668e+01 1.738619e+01 1.811029e+01 1.434002e+01 1.252503e-01 2.266278e-01 3.364712e-01 4.671271e-01 6.492781e-01 8.148874e-01 9.298787e-01 1.003176e+00 1.051662e+00 1.077774e+00 1.075658e+00 1.013934e+00 1.000000e-06
<GCONST> 5.804302e+01
<MIXTURE> 3 4.549242e-03
<MEAN> 25
 -4.875671e+00 1.311720e+00 9.943511e-01 9.899809e+00 6.692275e+00 7.424650e+00 7.847087e+00 6.958091e+00 8.373269e+00 6.373019e+00 7.624402e+00 3.074697e+00 -6.200235e-02 4.161923e-02 1.425301e-01 2.258583e-01 2.652900e-01 2.813653e-01 2.954302e-01 3.195550e-01 3.497573e-01 3.089160e-01 1.971766e-01 8.006547e-02 1.228299e-06
<VARIANCE> 25
 6.952293e+00 8.901894e+00 1.065126e+01 1.591096e+01 1.723581e+01 1.556308e+01 1.689898e+01 1.848562e+01 1.658668e+01 1.738619e+01 1.811029e+01 1.434002e+01 1.252503e-01 2.266278e-01 3.364712e-01 4.671271e-01 6.492781e-01 8.148874e-01 9.298787e-01 1.003176e+00 1.051662e+00 1.077774e+00 1.075658e+00 1.013934e+00 1.000000e-06
<GCONST> 5.804302e+01
<MIXTURE> 4 1.671429e-02
<MEAN> 25
 3.823548e+00 9.872546e-01 -4.252708e+00 1.406030e+00 3.559178e+00 -1.143828e+00 2.429492e-01 9.445755e-01 3.027519e+00 1.960791e+00 -2.205038e+00 7.242075e-01 -2.961019e+00 1.806761e+00 7.278017e-01 2.656022e+00 7.312206e-01 3.240426e-01 1.803848e+00 8.844999e-01 7.941513e-01 -2.338577e-01 8.426306e-01 1.304664e+00 -8.194183e-02
<VARIANCE> 25
 2.210140e+01 3.730828e+01 2.858127e+01 3.214523e+01 3.718611e+01 6.231313e+01 5.983374e+01 4.259942e+01 4.840437e+01 4.842819e+01 3.862852e+01 3.371312e+01 2.606704e+00 4.788358e+00 6.700146e+00 4.712035e+00 4.439673e+00 8.931334e+00 5.698154e+00 4.983601e+00 5.251616e+00 6.669597e+00 5.540277e+00 5.235522e+00 5.467010e-03
<GCONST> 1.047254e+02
<MIXTURE> 5 3.206198e-03
<MEAN> 25
 -3.391060e+00 2.041305e+00 7.508726e-01 9.074125e+00 6.440989e+00 6.454882e+00 6.992137e+00 4.410058e+00 5.511371e+00 3.891510e+00 4.530624e+00 2.628183e+00 -3.449640e-01 7.780998e-01 1.226343e+00 9.780148e-01 3.218778e-01 -1.392233e-01 -1.847895e-01 -2.331863e-02 4.584202e-01 6.394254e-01 4.194418e-01 6.689819e-02 -2.243828e-05
<VARIANCE> 25
 9.977879e+00 1.415759e+01 2.355857e+01 2.888893e+01 2.176939e+01 1.949452e+01 2.005453e+01 2.301185e+01 2.081546e+01 2.072618e+01 2.391433e+01 1.589779e+01 1.202219e+00 1.232045e+00 1.319336e+00 1.721604e+00 2.225352e+00 2.371559e+00 2.563013e+00 2.335847e+00 2.267336e+00 2.236132e+00 2.045232e+00 1.835904e+00 9.972590e-07
<GCONST> 7.540774e+01
<MIXTURE> 6 5.475854e-03
<MEAN> 25
 9.706151e+00 -4.380453e-01 -6.670634e+00 -1.102396e+01 -2.115428e+00 6.743799e+00 -5.887454e+00 -5.304276e+00 -3.652837e+00 1.859280e+00 4.636373e+00 -1.267262e+00 4.850239e-01 8.955712e-01 -3.504935e-01 -1.463723e+00 -6.391295e-01 1.312634e+00 1.531719e+00 2.462204e-01 -1.216557e+00 -1.216018e+00 3.205565e-01 1.225480e+00 -8.190447e-03
<VARIANCE> 25
 8.947406e+00 1.724456e+01 2.410057e+01 3.923431e+01 3.670586e+01 3.063897e+01 4.404237e+01 3.804868e+01 4.067567e+01 3.980872e+01 4.203888e+01 2.846248e+01 3.117327e-01 8.578061e-01 9.455690e-01 1.985326e+00 1.604362e+00 2.019449e+00 1.927045e+00 2.053103e+00 2.396711e+00 1.966997e+00 2.244391e+00 1.442368e+00 5.850871e-04
<GCONST> 8.390701e+01
<MIXTURE> 7 5.475854e-03
<MEAN> 25
 9.706151e+00 -4.380453e-01 -6.670634e+00 -1.102396e+01 -2.115428e+00 6.743799e+00 -5.887454e+00 -5.304276e+00 -3.652837e+00 1.859280e+00 4.636373e+00 -1.267262e+00 4.850239e-01 8.955712e-01 -3.504935e-01 -1.463723e+00 -6.391295e-01 1.312634e+00 1.531719e+00 2.462204e-01 -1.216557e+00 -1.216018e+00 3.205565e-01 1.225480e+00 -8.190447e-03
<VARIANCE> 25
 8.947406e+00 1.724456e+01 2.410057e+01 3.923431e+01 3.670586e+01 3.063897e+01 4.404237e+01 3.804868e+01 4.067567e+01 3.980872e+01 4.203888e+01 2.846248e+01 3.117327e-01 8.578061e-01 9.455690e-01 1.985326e+00 1.604362e+00 2.019449e+00 1.927045e+00 2.053103e+00 2.396711e+00 1.966997e+00 2.244391e+00 1.442368e+00 5.850871e-04
<GCONST> 8.390701e+01
<MIXTURE> 8 1.165917e-02
<MEAN> 25
 -4.712528e+00 1.347093e+00 1.268678e+00 9.540157e+00 6.540816e+00 6.246545e+00 6.453960e+00 5.635747e+00 6.608833e+00 5.594213e+00 6.568834e+00 3.147661e+00 -6.512194e-01 -1.405852e+00 -1.067598e+00 -1.720436e+00 -2.210329e-01 -9.357560e-01 -1.809727e-01 -2.830184e-01 -2.348018e-01 -1.784434e-01 -2.094913e-01 9.384511e-02 9.922285e-02
<VARIANCE> 25
 9.352656e+00 9.819669e+00 1.171446e+01 1.604891e+01 1.667267e+01 1.565934e+01 1.816578e+01 1.777978e+01 1.724649e+01 1.742085e+01 1.875708e+01 1.398209e+01 2.795041e+00 2.842463e+00 3.892264e+00 3.788110e+00 3.441747e+00 3.310540e+00 3.122277e+00 3.070350e+00 2.919292e+00 2.693132e+00 2.454693e+00 1.927949e+00 6.669568e-03
<GCONST> 8.638364e+01
<MIXTURE> 9 1.199672e-02
<MEAN> 25
 9.299183e+00 3.337014e+00 -6.076422e+00 -1.052674e+01 -2.205911e+00 5.006801e+00 -2.142332e+00 -2.252059e+00 -5.351702e+00 -1.175692e+00 6.200846e-01 -5.956437e-02 1.422324e+00 -1.461077e-01 -4.442001e-01 -2.669687e+00 -1.647731e+00 8.583727e-01 -9.659370e-01 -2.377695e-01 -1.942350e-01 -5.760353e-01 5.930842e-01 -1.368489e-01 7.281892e-02
<VARIANCE> 25
 1.209658e+01 2.172785e+01 3.446827e+01 5.421704e+01 4.953023e+01 3.219741e+01 4.306798e+01 5.222137e+01 4.160909e+01 4.192475e+01 3.581068e+01 2.689587e+01 2.160100e+00 2.435126e+00 4.686170e+00 4.920372e+00 4.939569e+00 4.070641e+00 4.206531e+00 6.005823e+00 4.980797e+00 4.082766e+00 3.987397e+00 2.876709e+00 2.237585e-03
<GCONST> 9.885703e+01
<MIXTURE> 10 6.596976e-03
<MEAN> 25
 1.017998e+00 7.402752e+00 5.157883e+00 7.081998e+00 1.267057e+00 -2.100917e+00 -2.749352e-01 -1.321928e+00 1.078233e+00 6.983485e-01 6.662539e-01 4.505042e-01 -1.909659e+00 -6.471700e-01 -3.580952e-01 2.910031e+00 2.409682e+00 2.885891e+00 2.401659e+00 2.175488e+00 1.758217e+00 1.534626e+00 2.320565e+00 4.193117e-01 -1.363092e-01
<VARIANCE> 25
 1.984382e+01 2.117394e+01 2.248794e+01 2.799359e+01 3.884863e+01 3.442118e+01 3.514890e+01 3.555132e+01 2.752024e+01 2.836224e+01 2.657999e+01 2.516369e+01 2.150708e+00 3.320680e+00 5.567134e+00 5.260293e+00 5.391367e+00 4.969442e+00 4.531865e+00 4.868949e+00 4.443242e+00 4.809623e+00 4.286020e+00 3.297274e+00 2.655781e-03
<GCONST> 9.743160e+01
<MIXTURE> 11 1.633820e-02
<MEAN> 25
 8.227623e+00 4.331007e+00 3.569218e+00 4.897828e+00 -2.937978e+00 -6.435640e-01 -1.109353e+00 -4.792714e+00 -3.709504e+00 3.854244e-01 -1.345465e+00 -3.171200e+00 -1.185532e-01 4.522158e-01 -3.900660e-03 4.269831e-01 4.331390e-01 1.280125e-01 5.131466e-01 -6.139538e-02 -1.382878e-01 2.076278e-01 -1.417747e-01 5.966269e-02 -1.659133e-02
<VARIANCE> 25
 9.011994e+00 2.193758e+01 1.745436e+01 2.705403e+01 3.421608e+01 4.421186e+01 4.941904e+01 5.044343e+01 3.821219e+01 3.175520e+01 3.631642e+01 2.897855e+01 1.183334e+00 1.186068e+00 2.022467e+00 2.322122e+00 1.829029e+00 2.044795e+00 2.366634e+00 2.413448e+00 1.906850e+00 2.142736e+00 1.729581e+00 1.508577e+00 9.261518e-04
<GCONST> 8.692351e+01
<MIXTURE> 12 5.904134e-03
<MEAN> 25
 1.076538e+01 3.741616e+00 -4.500786e+00 -1.598917e+01 -8.695111e+00 8.641952e+00 -8.968573e-01 -1.922431e+00 -1.722663e+00 -4.883056e+00 1.774818e+00 7.140275e-01 6.775225e-02 2.937330e-01 7.937076e-02 -3.680632e-01 -3.101402e-01 2.977175e-02 3.054844e-01 4.477395e-01 1.412224e-01 -3.846848e-01 -3.858808e-01 5.409374e-02 -6.305882e-03
<VARIANCE> 25
 8.881072e+00 2.102081e+01 2.336138e+01 3.509610e+01 4.205489e+01 3.096722e+01 4.178648e+01 4.898010e+01 4.405231e+01 3.743302e+01 3.798772e+01 2.894421e+01 2.467881e-01 6.885116e-01 6.861139e-01 1.169816e+00 1.186360e+00 1.054097e+00 1.171224e+00 1.385876e+00 1.240390e+00 1.222210e+00 1.221579e+00 9.565234e-01 5.786329e-04
<GCONST> 7.892458e+01
<MIXTURE> 13 5.904134e-03
<MEAN> 25
 1.076538e+01 3.741616e+00 -4.500786e+00 -1.598917e+01 -8.695111e+00 8.641952e+00 -8.968573e-01 -1.922431e+00 -1.722663e+00 -4.883056e+00 1.774818e+00 7.140275e-01 6.775225e-02 2.937330e-01 7.937076e-02 -3.680632e-01 -3.101402e-01 2.977175e-02 3.054844e-01 4.477395e-01 1.412224e-01 -3.846848e-01 -3.858808e-01 5.409374e-02 -6.305882e-03
<VARIANCE> 25
 8.881072e+00 2.102081e+01 2.336138e+01 3.509610e+01 4.205489e+01 3.096722e+01 4.178648e+01 4.898010e+01 4.405231e+01 3.743302e+01 3.798772e+01 2.894421e+01 2.467881e-01 6.885116e-01 6.861139e-01 1.169816e+00 1.186360e+00 1.054097e+00 1.171224e+00 1.385876e+00 1.240390e+00 1.222210e+00 1.221579e+00 9.565234e-01 5.786329e-04
<GCONST> 7.892458e+01
<MIXTURE> 14 6.488954e-03
<MEAN> 25
 -4.264234e+00 -3.680437e-01 -3.020056e-01 8.892912e+00 7.446882e+00 7.378318e+00 7.821549e+00 7.276984e+00 7.212043e+00 5.178697e+00 6.840169e+00 4.060747e+00 -2.830610e-01 1.947785e-01 3.743086e-01 3.052208e-01 1.293975e-02 8.174125e-02 9.393511e-02 1.599282e-01 2.786186e-01 5.398327e-01 5.256901e-01 8.034971e-02 -9.585940e-03
<VARIANCE> 25
 9.511270e+00 1.386117e+01 1.858069e+01 1.779980e+01 2.116365e+01 1.958438e+01 2.156309e+01 2.069799e+01 2.016175e+01 2.401299e+01 2.143326e+01 1.601610e+01 9.713215e-01 1.632753e+00 1.769386e+00 1.921868e+00 2.246162e+00 2.309630e+00 2.246524e+00 2.263395e+00 2.300990e+00 2.486317e+00 2.217443e+00 1.804396e+00 1.031601e-03
<GCONST> 8.199049e+01
<MIXTURE> 15 2.475190e-03
<MEAN> 25
 -5.424104e+00 -6.444228e-01 -2.011948e-01 7.368020e+00 5.719728e+00 5.701523e+00 6.060597e+00 4.979655e+00 5.164851e+00 4.154551e+00 5.502402e+00 2.539962e+00 -1.212346e-01 -2.916862e-02 7.500418e-02 2.436760e-01 4.894040e-01 7.865168e-01 1.072446e+00 1.182141e+00 1.059321e+00 7.561350e-01 4.197349e-01 1.534032e-01 -8.263445e-05
<VARIANCE> 25
 6.984151e+00 5.606074e+00 9.032881e+00 1.281365e+01 1.407832e+01 1.429724e+01 1.492043e+01 1.489847e+01 1.410044e+01 1.418376e+01 1.510192e+01 1.250873e+01 1.247606e-01 2.061875e-01 3.197811e-01 5.030959e-01 6.995990e-01 7.936963e-01 7.631562e-01 7.916138e-01 9.090421e-01 1.023956e+00 1.071348e+00 1.041232e+00 2.795582e-05
<GCONST> 5.858709e+01
<MIXTURE> 16 2.475190e-03
<MEAN> 25
 -5.424104e+00 -6.444228e-01 -2.011948e-01 7.368020e+00 5.719728e+00 5.701523e+00 6.060597e+00 4.979655e+00 5.164851e+00 4.154551e+00 5.502402e+00 2.539962e+00 -1.212346e-01 -2.916862e-02 7.500418e-02 2.436760e-01 4.894040e-01 7.865168e-01 1.072446e+00 1.182141e+00 1.059321e+00 7.561350e-01 4.197349e-01 1.534032e-01 -8.263445e-05
<VARIANCE> 25
 6.984151e+00 5.606074e+00 9.032881e+00 1.281365e+01 1.407832e+01 1.429724e+01 1.492043e+01 1.489847e+01 1.410044e+01 1.418376e+01 1.510192e+01 1.250873e+01 1.247606e-01 2.061875e-01 3.197811e-01 5.030959e-01 6.995990e-01 7.936963e-01 7.631562e-01 7.916138e-01 9.090421e-01 1.023956e+00 1.071348e+00 1.041232e+00 2.795582e-05
<GCONST> 5.858709e+01
<MIXTURE> 17 9.518312e-03
<MEAN> 25
 4.674552e+00 -4.475826e-01 7.013758e+00 1.192141e+00 -5.995563e+00 -3.412010e+00 -2.176982e+00 1.444906e+00 -2.514772e+00 -2.920007e+00 1.501730e-01 1.311243e-01 -1.013195e+00 -1.097761e+00 2.117797e+00 -2.229052e+00 -2.007408e+00 -3.284016e-01 -5.620727e-01 5.838634e-01 -6.554246e-01 -8.824989e-01 6.238055e-01 8.696672e-01 8.748300e-02
<VARIANCE> 25
 1.549120e+01 2.514673e+01 3.539968e+01 3.844353e+01 3.780134e+01 5.009389e+01 3.994814e+01 2.898659e+01 2.842904e+01 2.379892e+01 2.387972e+01 3.050048e+01 2.055342e+00 2.207990e+00 4.021672e+00 2.309646e+00 3.696223e+00 4.178501e+00 4.489863e+00 3.486764e+00 3.472865e+00 3.835281e+00 2.963368e+00 3.257987e+00 1.622636e-03
<GCONST> 9.449865e+01
<MIXTURE> 18 1.221018e-02
<MEAN> 25
 3.378078e+00 4.320449e+00 4.742972e+00 4.850650e+00 -5.066172e+00 -9.122428e+00 -9.690099e-01 -6.507562e-01 -2.899808e+00 -2.717987e+00 -6.648152e-01 3.923997e-01 -8.707914e-01 2.229264e+00 -6.875777e-01 2.254967e+00 2.842071e+00 1.822136e+00 1.148226e+00 -1.865447e-01 8.667589e-01 5.127234e-01 -2.325601e-02 -3.663142e-01 -1.102420e-01
<VARIANCE> 25
 1.997737e+01 2.518608e+01 3.736156e+01 2.304139e+01 3.182596e+01 3.555777e+01 3.367665e+01 3.052683e+01 3.774349e+01 2.793978e+01 2.573130e+01 2.796690e+01 2.287860e+00 3.231575e+00 5.685904e+00 4.054909e+00 3.708320e+00 5.198041e+00 4.038773e+00 3.695914e+00 3.790787e+00 3.447480e+00 3.802078e+00 3.822674e+00 3.724319e-03
<GCONST> 9.688657e+01
<MIXTURE> 19 9.912824e-03
<MEAN> 25
 -9.388412e+00 2.733890e+00 1.318693e-02 6.428686e-01 4.268354e+00 1.842190e+00 3.009941e+00 1.369260e+00 2.277005e+00 1.010266e+00 1.692971e+00 1.370515e+00 2.152610e+00 1.618365e+00 2.307764e+00 5.132229e-01 -1.022445e+00 -9.248745e-01 -1.148847e+00 -1.074843e+00 -1.565859e+00 -1.175810e+00 -6.486875e-01 -8.708518e-01 -2.112107e-03
<VARIANCE> 25
 4.730134e+01 2.927759e+01 4.415995e+01 4.628456e+01 3.011023e+01 3.161506e+01 2.721832e+01 2.755009e+01 2.488227e+01 2.477600e+01 2.505645e+01 1.776181e+01 2.543691e+00 2.021553e+00 2.207577e+00 2.031416e+00 2.422242e+00 2.509702e+00 2.277626e+00 2.547280e+00 1.869436e+00 1.727674e+00 1.796891e+00 1.551407e+00 1.932954e-03
<GCONST> 8.945359e+01
<MIXTURE> 20 6.308331e-03
<MEAN> 25
 -1.451423e+01 8.181167e+00 6.083055e-01 6.150631e+00 5.129271e+00 1.595940e+00 5.108676e+00 -4.641041e-01 6.468613e-01 3.691956e-01 2.011412e+00 -2.050439e-01 -3.250448e+00 -8.337483e-01 -1.540480e+00 3.826449e-01 1.696533e+00 2.021722e+00 1.917631e+00 1.916906e+00 1.921415e+00 1.931010e+00 1.534468e+00 7.966557e-01 4.620215e-02
<VARIANCE> 25
 1.920785e+01 2.677034e+01 2.860748e+01 3.390855e+01 2.888140e+01 2.561715e+01 2.737204e+01 4.447108e+01 2.606056e+01 2.728209e+01 2.566729e+01 1.909626e+01 1.941506e+00 2.045920e+00 1.742714e+00 2.391799e+00 2.725883e+00 2.132867e+00 2.131439e+00 2.286764e+00 2.500299e+00 2.547874e+00 2.240116e+00 1.897415e+00 1.737047e-03
<GCONST> 8.863319e+01
<MIXTURE> 21 7.928653e-03
<MEAN> 25
 3.935291e+00 -4.097530e+00 5.217388e+00 -1.056441e+00 -9.931077e+00 -8.359626e+00 -2.539992e+00 4.138186e+00 -1.575515e+00 -2.515763e+00 9.342867e-01 6.023696e-01 -7.060640e-01 1.336039e+00 2.568978e+00 -9.210979e-02 -1.441882e+00 4.205616e-01 5.056230e-01 -1.415350e+00 -2.003473e+00 4.117244e-01 1.533663e+00 2.744557e-01 -1.580909e-02
<VARIANCE> 25
 8.253900e+00 1.928946e+01 3.078254e+01 2.886854e+01 3.084217e+01 3.212712e+01 3.978816e+01 3.625798e+01 4.222831e+01 3.780090e+01 3.631739e+01 2.213528e+01 3.519913e-01 8.757171e-01 1.714850e+00 1.213593e+00 2.176139e+00 2.096323e+00 3.435659e+00 2.379877e+00 2.015635e+00 2.498501e+00 2.319249e+00 2.115057e+00 4.970807e-04
<GCONST> 8.481982e+01
<MIXTURE> 22 8.827789e-03
<MEAN> 25
 -1.765520e+01 6.796999e+00 -4.571799e+00 7.572724e+00 4.585051e+00 2.386452e+00 8.249810e+00 1.410601e+00 5.576813e+00 2.636649e+00 5.232302e+00 1.110448e+00 -2.521747e-01 -2.756297e-01 -1.037105e-01 -2.038406e-01 -3.524930e-02 1.620633e-01 2.870203e-01 2.068785e-01 2.262946e-01 3.040356e-01 2.023728e-01 2.849208e-01 7.168483e-03
<VARIANCE> 25
 8.660150e+00 1.796408e+01 1.878521e+01 2.466170e+01 2.141226e+01 2.141551e+01 1.843269e+01 1.923766e+01 1.981557e+01 2.475059e+01 2.074100e+01 1.290121e+01 1.069079e+00 1.326416e+00 1.278569e+00 1.503381e+00 1.327734e+00 1.449235e+00 1.555131e+00 1.446227e+00 1.504458e+00 1.571039e+00 1.282533e+00 1.245336e+00 1.655982e-03
<GCONST> 7.830898e+01
<MIXTURE> 23 6.455497e-03
<MEAN> 25
 8.087812e+00 1.936981e+00 3.018917e+00 2.201467e+00 -4.729819e+00 -2.611188e+00 -4.096161e+00 -6.471873e+00 -3.298141e+00 -3.088061e-01 -3.839822e+00 -2.478416e+00 4.049832e-02 1.956701e-01 -1.384289e-02 6.332777e-02 -8.963325e-03 6.173623e-02 2.958169e-02 -6.886733e-02 3.116826e-02 4.133392e-02 -4.599053e-02 5.869136e-02 -4.868270e-03
<VARIANCE> 25
 1.021291e+01 2.753495e+01 2.346642e+01 3.997708e+01 3.687360e+01 5.784325e+01 5.679137e+01 5.337119e+01 4.622970e+01 5.644810e+01 4.757850e+01 4.041993e+01 1.153439e-01 2.914773e-01 3.810939e-01 4.755276e-01 5.909807e-01 7.173963e-01 7.649212e-01 8.706260e-01 8.521655e-01 8.659955e-01 8.420802e-01 7.436228e-01 9.305032e-05
<GCONST> 7.312083e+01
<MIXTURE> 24 6.455497e-03
<MEAN> 25
 8.087812e+00 1.936981e+00 3.018917e+00 2.201467e+00 -4.729819e+00 -2.611188e+00 -4.096161e+00 -6.471873e+00 -3.298141e+00 -3.088061e-01 -3.839822e+00 -2.478416e+00 4.049832e-02 1.956701e-01 -1.384289e-02 6.332777e-02 -8.963325e-03 6.173623e-02 2.958169e-02 -6.886733e-02 3.116826e-02 4.133392e-02 -4.599053e-02 5.869136e-02 -4.868270e-03
<VARIANCE> 25
 1.021291e+01 2.753495e+01 2.346642e+01 3.997708e+01 3.687360e+01 5.784325e+01 5.679137e+01 5.337119e+01 4.622970e+01 5.644810e+01 4.757850e+01 4.041993e+01 1.153439e-01 2.914773e-01 3.810939e-01 4.755276e-01 5.909807e-01 7.173963e-01 7.649212e-01 8.706260e-01 8.521655e-01 8.659955e-01 8.420802e-01 7.436228e-01 9.305032e-05
<GCONST> 7.312083e+01
<MIXTURE> 25 1.118642e-02
<MEAN> 25
 4.238317e-01 3.341604e+00 1.602892e+01 -3.229447e+00 -9.287461e+00 -1.126746e+00 -5.521456e+00 -1.675579e+00 -7.233467e+00 -6.184599e+00 3.820118e+00 -1.404114e+00 -3.097773e-01 5.587371e-01 1.432616e-03 1.339712e-01 2.332452e-01 -3.728138e-02 3.387717e-01 -4.864926e-01 -3.582068e-01 2.659240e-01 1.393999e-02 -2.880579e-01 -9.187112e-03
<VARIANCE> 25
 6.833027e+00 1.634453e+01 1.632659e+01 2.924212e+01 3.184049e+01 3.115624e+01 2.049502e+01 2.673751e+01 2.319881e+01 2.895113e+01 1.751997e+01 2.080410e+01 5.321259e-01 1.396017e+00 1.245547e+00 1.526672e+00 2.882230e+00 1.883101e+00 2.203812e+00 1.473558e+00 1.767791e+00 1.961006e+00 1.544879e+00 1.220390e+00 1.056432e-03
<GCONST> 8.068440e+01
<MIXTURE> 26 7.727677e-03
<MEAN> 25
 2.605671e+00 -6.781028e+00 -9.843163e+00 -8.529562e-02 7.792951e+00 4.626085e+00 4.081435e+00 5.031535e-01 2.770229e+00 -2.845555e-01 -3.217638e+00 -8.840752e-01 -8.016887e-01 7.546608e-01 5.010629e-01 7.418619e-01 -1.389611e-01 4.598809e-01 4.102367e-01 -1.452882e-02 6.881985e-02 1.069301e-01 6.535307e-01 5.070947e-01 -5.105172e-02
<VARIANCE> 25
 2.464179e+01 3.199762e+01 2.555305e+01 5.950222e+01 3.986138e+01 4.169199e+01 4.610573e+01 4.279861e+01 3.822910e+01 5.160709e+01 3.469533e+01 3.976316e+01 1.657750e+00 2.021701e+00 1.937950e+00 2.340525e+00 2.515117e+00 2.487218e+00 2.821030e+00 2.957131e+00 2.327838e+00 2.602180e+00 2.517851e+00 1.894340e+00 2.903538e-03
<GCONST> 9.396172e+01
<MIXTURE> 27 7.727677e-03
<MEAN> 25
 2.605671e+00 -6.781028e+00 -9.843163e+00 -8.529562e-02 7.792951e+00 4.626085e+00 4.081435e+00 5.031535e-01 2.770229e+00 -2.845555e-01 -3.217638e+00 -8.840752e-01 -8.016887e-01 7.546608e-01 5.010629e-01 7.418619e-01 -1.389611e-01 4.598809e-01 4.102367e-01 -1.452882e-02 6.881985e-02 1.069301e-01 6.535307e-01 5.070947e-01 -5.105172e-02
<VARIANCE> 25
 2.464179e+01 3.199762e+01 2.555305e+01 5.950222e+01 3.986138e+01 4.169199e+01 4.610573e+01 4.279861e+01 3.822910e+01 5.160709e+01 3.469533e+01 3.976316e+01 1.657750e+00 2.021701e+00 1.937950e+00 2.340525e+00 2.515117e+00 2.487218e+00 2.821030e+00 2.957131e+00 2.327838e+00 2.602180e+00 2.517851e+00 1.894340e+00 2.903538e-03
<GCONST> 9.396172e+01
<MIXTURE> 28 5.036674e-03
<MEAN> 25
 -5.451643e+00 1.172903e-02 -1.569330e+00 6.616287e+00 5.232500e+00 3.518181e+00 5.416431e+00 3.130172e+00 3.922906e+00 2.394200e+00 2.638351e+00 3.220446e+00 -1.152358e-01 2.232223e-01 5.287618e-01 7.848936e-01 8.221655e-01 7.029542e-01 5.231987e-01 3.920046e-01 4.448535e-01 4.824229e-01 3.710276e-01 1.896353e-01 -1.242595e-05
<VARIANCE> 25
 1.043377e+01 8.352378e+00 1.216023e+01 1.484366e+01 1.471105e+01 1.773206e+01 1.804039e+01 1.901551e+01 1.718463e+01 1.673153e+01 2.060886e+01 1.500367e+01 2.565389e-01 3.365524e-01 4.068339e-01 4.641571e-01 6.216307e-01 8.470523e-01 1.056479e+00 1.144800e+00 1.102591e+00 1.029909e+00 1.036744e+00 1.066795e+00 1.000000e-06
<GCONST> 6.025220e+01
<MIXTURE> 29 5.036674e-03
<MEAN> 25
 -5.451643e+00 1.172903e-02 -1.569330e+00 6.616287e+00 5.232500e+00 3.518181e+00 5.416431e+00 3.130172e+00 3.922906e+00 2.394200e+00 2.638351e+00 3.220446e+00 -1.152358e-01 2.232223e-01 5.287618e-01 7.848936e-01 8.221655e-01 7.029542e-01 5.231987e-01 3.920046e-01 4.448535e-01 4.824229e-01 3.710276e-01 1.896353e-01 -1.242595e-05
<VARIANCE> 25
 1.043377e+01 8.352378e+00 1.216023e+01 1.484366e+01 1.471105e+01 1.773206e+01 1.804039e+01 1.901551e+01 1.718463e+01 1.673153e+01 2.060886e+01 1.500367e+01 2.565389e-01 3.365524e-01 4.068339e-01 4.641571e-01 6.216307e-01 8.470523e-01 1.056479e+00 1.144800e+00 1.102591e+00 1.029909e+00 1.036744e+00 1.066795e+00 1.000000e-06
<GCONST> 6.025220e+01
<MIXTURE> 30 8.917812e-03
<MEAN> 25
 -4.493651e+00 -1.929110e-01 6.538942e-01 9.090274e+00 7.772799e+00 7.508806e+00 7.582817e+00 6.880145e+00 6.533330e+00 4.894575e+00 7.012066e+00 3.501045e+00 -2.399339e-02 3.059285e-02 5.669147e-02 8.828861e-02 8.148794e-02 4.395520e-02 1.340930e-02 -3.015856e-03 1.691724e-02 5.140711e-02 6.169765e-02 3.494506e-02 -5.512639e-04
<VARIANCE> 25
 6.939547e+00 9.881082e+00 1.039660e+01 1.373895e+01 1.577881e+01 1.642622e+01 1.912769e+01 1.817790e+01 1.628003e+01 1.837776e+01 2.123663e+01 1.436748e+01 9.748755e-02 1.996178e-01 3.250348e-01 4.820603e-01 6.192385e-01 7.243492e-01 7.722582e-01 8.122027e-01 8.762076e-01 9.369617e-01 9.203809e-01 8.623135e-01 5.101173e-05
<GCONST> 6.059426e+01
<MIXTURE> 31 4.136493e-03
<MEAN> 25
 -3.300099e+00 -5.684474e+00 5.992765e-02 4.887918e+00 3.684473e+00 1.693550e+00 5.244431e+00 6.649421e+00 2.734005e+00 1.231512e+00 6.536140e+00 3.153529e+00 2.522341e-01 4.742749e-01 -2.103061e-01 3.087663e-01 1.212439e-01 4.252012e-01 1.905033e-01 1.320344e-02 3.767473e-01 3.824978e-01 1.095138e-01 1.164641e-01 -1.842977e-02
<VARIANCE> 25
 7.172614e+00 1.535619e+01 1.749088e+01 1.799016e+01 2.530210e+01 2.388521e+01 2.361554e+01 2.532505e+01 2.590381e+01 2.801543e+01 2.030291e+01 1.871288e+01 1.919653e-01 4.937852e-01 6.038839e-01 7.663796e-01 9.664461e-01 1.091286e+00 1.220749e+00 1.393718e+00 1.350283e+00 1.314225e+00 1.251872e+00 1.134062e+00 2.564654e-04
<GCONST> 7.183881e+01
<MIXTURE> 32 4.136493e-03
<MEAN> 25
 -3.300099e+00 -5.684474e+00 5.992765e-02 4.887918e+00 3.684473e+00 1.693550e+00 5.244431e+00 6.649421e+00 2.734005e+00 1.231512e+00 6.536140e+00 3.153529e+00 2.522341e-01 4.742749e-01 -2.103061e-01 3.087663e-01 1.212439e-01 4.252012e-01 1.905033e-01 1.320344e-02 3.767473e-01 3.824978e-01 1.095138e-01 1.164641e-01 -1.842977e-02
<VARIANCE> 25
 7.172614e+00 1.535619e+01 1.749088e+01 1.799016e+01 2.530210e+01 2.388521e+01 2.361554e+01 2.532505e+01 2.590381e+01 2.801543e+01 2.030291e+01 1.871288e+01 1.919653e-01 4.937852e-01 6.038839e-01 7.663796e-01 9.664461e-01 1.091286e+00 1.220749e+00 1.393718e+00 1.350283e+00 1.314225e+00 1.251872e+00 1.134062e+00 2.564654e-04
<GCONST> 7.183881e+01
<MIXTURE> 33 1.508826e-02
<MEAN> 25
 7.168789e+00 -6.173882e+00 -2.409790e+00 -2.206908e+00 -1.319759e+00 -6.276076e+00 -6.462152e+00 3.540949e+00 3.662552e+00 8.317126e-01 -2.983019e+00 -1.606197e+00 6.936384e-01 -1.244321e+00 -2.255646e+00 -1.928025e+00 1.926180e+00 1.320667e+00 -6.464616e-01 9.403410e-01 1.465949e+00 8.636612e-01 -9.295289e-01 -1.492410e+00 3.180522e-02
<VARIANCE> 25
 7.896175e+00 2.615286e+01 2.572629e+01 3.211234e+01 5.164004e+01 3.716952e+01 3.382508e+01 4.259394e+01 3.414454e+01 3.852683e+01 4.278647e+01 2.522917e+01 1.288028e+00 2.537724e+00 2.152331e+00 1.767532e+00 3.712631e+00 2.632703e+00 3.813801e+00 4.763175e+00 5.249994e+00 3.584495e+00 4.063137e+00 2.030627e+00 1.808408e-03
<GCONST> 9.342253e+01
<MIXTURE> 34 1.588179e-02
<MEAN> 25
 8.838269e+00 -2.833325e+00 -3.005982e-01 -1.009812e-02 -1.015123e+00 5.496904e-01 -4.238775e+00 -3.257360e+00 -1.759540e-02 2.781932e+00 -1.372970e+00 -3.244298e+00 6.338841e-02 1.159668e+00 1.322477e+00 1.956629e+00 -8.438560e-01 7.880046e-01 8.107421e-01 -1.920736e+00 -7.814302e-01 5.455416e-01 -3.053423e-01 -1.794425e-01 -5.825954e-02
<VARIANCE> 25
 7.533523e+00 4.074916e+01 2.333050e+01 4.024908e+01 3.986710e+01 5.614754e+01 4.345155e+01 5.167014e+01 4.855579e+01 5.325359e+01 3.815951e+01 2.884551e+01 1.366036e+00 1.613160e+00 4.228495e+00 3.267970e+00 6.942472e+00 7.591580e+00 4.777880e+00 7.131089e+00 3.978790e+00 5.375140e+00 4.238276e+00 4.134075e+00 9.518109e-04
<GCONST> 9.868846e+01
<MIXTURE> 35 1.467755e-02
<MEAN> 25
 -8.813847e-01 -5.341738e+00 -9.862541e+00 3.210582e-01 9.460771e+00 1.656353e-01 1.468594e+00 2.736591e+00 2.601714e+00 4.129755e+00 -7.507182e-01 1.857887e+00 1.066272e+00 -1.479225e+00 -1.104334e+00 -1.614986e+00 8.767861e-01 -6.518969e-01 -7.121234e-01 6.724832e-02 -2.069355e-01 6.650234e-01 -6.641157e-01 -5.988072e-01 9.915337e-02
<VARIANCE> 25
 2.561741e+01 2.764583e+01 3.529319e+01 5.828688e+01 3.869139e+01 4.816305e+01 4.213222e+01 3.641323e+01 4.660247e+01 3.694938e+01 3.438384e+01 2.569965e+01 4.036787e+00 3.445719e+00 5.882130e+00 4.882406e+00 5.175745e+00 4.680332e+00 4.002518e+00 4.178609e+00 4.764415e+00 4.767560e+00 3.573348e+00 3.160419e+00 4.610814e-03
<GCONST> 1.014022e+02
<MIXTURE> 36 1.093293e-02
<MEAN> 25
 5.071778e+00 -3.490626e+00 7.027439e+00 2.688183e+00 -1.013280e+01 -8.880600e+00 -6.235086e+00 3.102926e+00 -1.896799e+00 -4.542487e+00 2.832142e+00 -2.578725e-01 3.592977e-01 1.572565e-01 -9.170210e-01 1.768445e-02 8.766986e-01 5.579144e-02 -4.608306e-01 2.521363e-02 4.281034e-01 5.647777e-01 -4.428894e-01 -3.109059e-01 -1.605779e-02
<VARIANCE> 25
 9.886059e+00 1.693383e+01 2.230246e+01 2.789685e+01 3.135827e+01 3.244141e+01 4.610209e+01 3.489643e+01 3.923428e+01 3.286143e+01 2.752059e+01 2.739408e+01 4.665095e-01 7.394730e-01 1.509137e+00 1.234056e+00 1.618237e+00 1.636960e+00 2.156559e+00 1.730589e+00 2.002072e+00 1.685654e+00 1.422280e+00 1.455377e+00 7.210086e-04
<GCONST> 8.215356e+01
<MIXTURE> 37 1.246826e-02
<MEAN> 25
 1.095392e-01 6.981968e+00 1.197031e+01 -5.828083e+00 -8.573455e+00 -1.446644e+00 -4.679260e+00 -8.080367e+00 -4.456614e+00 -2.088661e+00 -3.274327e+00 -1.411112e+00 -1.065950e-02 8.005984e-01 -1.623037e+00 3.601652e+00 1.778883e+00 -3.382697e-01 1.337169e+00 2.346819e-01 6.447750e-01 -3.273279e-01 4.524969e-01 -9.030572e-02 -8.274185e-02
<VARIANCE> 25
 1.698250e+01 2.715078e+01 2.974001e+01 4.475216e+01 3.097644e+01 2.998505e+01 3.955702e+01 3.260012e+01 3.698476e+01 3.953245e+01 3.377202e+01 3.140450e+01 2.944987e+00 3.260282e+00 3.044593e+00 3.577208e+00 4.584687e+00 3.289369e+00 3.980859e+00 3.518307e+00 3.132461e+00 3.191841e+00 3.402039e+00 2.930054e+00 4.275796e-03
<GCONST> 9.667413e+01
<MIXTURE> 38 1.154525e-02
<MEAN> 25
 -5.480733e+00 9.415560e+00 3.004449e+00 2.863414e+00 3.969022e-02 -5.210833e+00 2.726867e-01 -4.147574e+00 -3.106572e+00 -3.830374e+00 -2.045604e+00 1.157698e-01 -4.273252e+00 1.637711e+00 -9.681593e-01 1.969462e+00 3.007501e+00 1.410500e+00 1.973087e+00 5.453398e-01 9.385086e-01 7.193041e-01 7.151911e-01 4.412855e-01 4.469425e-02
<VARIANCE> 25
 3.127918e+01 2.670447e+01 4.153601e+01 3.154686e+01 4.785725e+01 2.937999e+01 2.945476e+01 3.932368e+01 3.499350e+01 3.095128e+01 2.078647e+01 2.438115e+01 2.027644e+00 3.554861e+00 4.139503e+00 4.546847e+00 4.292700e+00 4.121550e+00 3.749623e+00 3.966365e+00 3.658576e+00 4.577549e+00 3.570548e+00 2.696582e+00 1.912722e-03
<GCONST> 9.667822e+01
<MIXTURE> 39 9.501865e-03
<MEAN> 25
 1.054874e+00 2.034018e+00 9.730902e+00 -8.765940e+00 -1.034261e+01 4.047798e-01 -2.106705e+00 -5.710271e+00 -3.930155e+00 8.534560e-01 -3.003039e+00 -1.112578e+00 -8.836192e-01 1.481599e+00 1.452763e+00 -1.418738e+00 3.761648e-02 9.707453e-01 -1.436409e+00 -1.508044e+00 4.708957e-01 3.036126e-01 -3.636422e-01 2.641725e-01 4.205009e-03
<VARIANCE> 25
 8.124428e+00 2.815286e+01 3.136892e+01 3.592322e+01 3.553229e+01 4.924114e+01 5.064330e+01 3.427080e+01 3.986459e+01 3.300003e+01 3.329441e+01 3.118489e+01 7.439527e-01 1.311561e+00 1.706228e+00 2.485595e+00 2.144359e+00 3.105341e+00 2.946258e+00 2.650987e+00 2.231132e+00 2.307563e+00 2.196734e+00 2.054919e+00 1.085606e-03
<GCONST> 8.915220e+01
<MIXTURE> 40 1.030800e-02
<MEAN> 25
 -7.605076e+00 3.319758e+00 -1.869115e+00 8.490613e+00 2.999584e+00 4.116137e+00 4.471792e+00 4.214155e+00 4.700188e+00 2.796038e+00 5.193878e+00 9.979438e-01 -1.222114e-01 -2.358432e-01 1.741327e-01 -3.340551e-01 -1.143315e-01 -1.987007e-01 -4.108786e-03 1.326090e-01 -2.239948e-01 6.532823e-02 2.331441e-01 2.474312e-03 2.112226e-03
<VARIANCE> 25
 4.324737e+01 2.045583e+01 2.616518e+01 2.477438e+01 2.302515e+01 2.156998e+01 1.827106e+01 1.586467e+01 1.511460e+01 1.960817e+01 1.628363e+01 1.346034e+01 6.608273e-01 6.894473e-01 9.501042e-01 1.025815e+00 9.744908e-01 1.252550e+00 1.329285e+00 1.208686e+00 1.207793e+00 1.103524e+00 1.041978e+00 1.204139e+00 8.442516e-04
<GCONST> 7.546403e+01
<MIXTURE> 41 6.713375e-03
<MEAN> 25
 1.262026e+00 1.377757e+00 1.167511e+01 -7.073114e+00 -9.632387e+00 -2.545428e+00 -2.592015e+00 -2.977262e+00 -5.592447e+00 1.330604e+00 -1.218721e+00 -1.790341e+00 -2.389799e-01 -6.621352e-01 1.853135e+00 -3.637185e+00 -2.379982e+00 -5.922320e-01 -1.180497e+00 -6.098453e-01 -1.061779e+00 4.804688e-01 -1.199339e+00 5.542653e-01 8.650620e-02
<VARIANCE> 25
 1.069842e+01 2.531948e+01 3.177928e+01 3.374519e+01 3.530066e+01 3.798235e+01 3.090515e+01 3.849549e+01 3.070204e+01 2.875363e+01 2.825709e+01 3.368275e+01 3.938354e+00 2.868235e+00 3.449494e+00 3.314542e+00 4.026871e+00 5.443944e+00 5.217456e+00 5.249427e+00 3.468133e+00 4.480309e+00 3.336946e+00 3.420812e+00 2.398613e-03
<GCONST> 9.685416e+01
<MIXTURE> 42 1.106211e-02
<MEAN> 25
 -1.798068e+00 4.913485e+00 4.908350e+00 2.055957e+00 5.509421e-01 -5.156934e+00 -1.162643e+00 -1.194508e+00 -1.348924e+00 -1.720809e+00 -1.401405e+00 8.658968e-01 4.148562e+00 -3.865623e-01 1.710742e+00 6.957734e-02 -2.816320e+00 -9.107844e-01 -1.980440e+00 -5.554321e-01 -1.004645e+00 -8.103107e-01 3.854498e-01 -9.745746e-01 6.804364e-03
<VARIANCE> 25
 3.461780e+01 1.941754e+01 4.590491e+01 2.917049e+01 3.583875e+01 4.352432e+01 3.149997e+01 2.753501e+01 2.649187e+01 2.525188e+01 2.086484e+01 1.868100e+01 3.446105e+00 4.174996e+00 5.592456e+00 4.342247e+00 4.147704e+00 6.179730e+00 5.220994e+00 4.937450e+00 4.489603e+00 4.262658e+00 3.695098e+00 3.426911e+00 3.981371e-03
<GCONST> 9.856003e+01
<MIXTURE> 43 7.108249e-03
<MEAN> 25
 3.072535e+00 -5.957645e+00 -2.440496e+00 -4.454041e+00 -7.090101e+00 -3.554321e+00 4.149985e+00 1.315257e+00 -4.228292e+00 -6.807327e+00 -4.221188e+00 -1.087923e+00 2.253904e-01 2.191011e+00 1.914515e+00 -2.095861e-01 -1.513777e+00 -7.911162e-01 -9.195226e-01 -7.222660e-01 6.872000e-01 1.534966e+00 5.648892e-01 4.729220e-02 -4.751028e-02
<VARIANCE> 25
 9.285089e+00 2.095942e+01 2.665510e+01 4.317052e+01 3.817379e+01 3.571922e+01 3.180607e+01 3.779734e+01 5.008732e+01 3.826259e+01 2.539589e+01 2.853491e+01 6.689781e-01 1.199487e+00 1.490487e+00 2.470134e+00 2.381263e+00 2.287805e+00 2.568132e+00 2.962324e+00 2.803587e+00 2.533995e+00 3.102193e+00 1.835082e+00 1.010869e-03
<GCONST> 8.833034e+01
<MIXTURE> 44 7.328289e-03
<MEAN> 25
 -1.438432e+01 2.338492e+00 1.679729e+00 -3.238781e+00 4.045821e+00 1.877272e+00 -8.413667e-01 2.668864e+00 2.160895e+00 -7.438941e-01 2.535300e+00 2.015848e+00 -1.145952e-01 6.469040e-03 1.108445e-01 1.203454e-01 2.055747e-01 -3.338060e-02 6.434337e-01 4.537556e-01 1.368720e-01 2.651859e-01 1.333893e-01 -2.346885e-01 5.831225e-03
<VARIANCE> 25
 3.545720e+01 2.571485e+01 3.686158e+01 2.509768e+01 2.584007e+01 2.421292e+01 2.435198e+01 3.011531e+01 2.357461e+01 2.329011e+01 2.495430e+01 1.769212e+01 1.103917e+00 1.520769e+00 1.378511e+00 1.338898e+00 2.028456e+00 1.556991e+00 1.649294e+00 1.952564e+00 1.393855e+00 1.339010e+00 1.219691e+00 1.372117e+00 1.191768e-03
<GCONST> 8.288420e+01
<MIXTURE> 45 1.364932e-02
<MEAN> 25
 -1.104993e+01 3.290724e+00 -2.428872e+00 4.043025e+00 5.067522e+00 6.613861e-01 3.614300e+00 1.848666e+00 3.394270e+00 1.255011e+00 3.104454e+00 3.304464e+00 -2.888629e+00 7.635107e-01 -7.977029e-01 -1.661490e-01 3.545705e-01 -1.227671e-01 4.434011e-01 3.541594e-02 2.702518e-01 -7.199180e-01 -2.709939e-01 -1.367184e-02 1.124531e-01
<VARIANCE> 25
 3.203236e+01 2.583488e+01 3.301201e+01 3.814689e+01 2.463509e+01 2.494425e+01 2.810194e+01 2.417809e+01 1.962642e+01 2.121813e+01 2.526793e+01 1.748769e+01 1.898510e+00 2.466087e+00 2.418522e+00 3.078743e+00 2.029543e+00 2.598128e+00 2.665282e+00 1.857523e+00 2.452246e+00 3.036021e+00 2.492352e+00 1.516712e+00 3.603342e-03
<GCONST> 8.939353e+01
<MIXTURE> 46 9.336259e-03
<MEAN> 25
 -9.213228e+00 2.479335e+00 3.576519e-01 7.693198e+00 5.594833e+00 3.116072e+00 7.042864e+00 4.202095e+00 5.694213e+00 4.347731e+00 4.695737e+00 3.200666e+00 1.015925e+00 -9.200966e-02 5.036312e-02 9.893408e-01 5.449138e-01 1.008748e+00 3.845498e-01 6.338537e-01 4.102569e-01 4.582170e-01 6.343660e-01 4.765854e-01 -1.010433e-01
<VARIANCE> 25
 3.370683e+01 4.214725e+01 4.584116e+01 4.746068e+01 4.891824e+01 3.948547e+01 3.613982e+01 3.450176e+01 3.127366e+01 3.091450e+01 2.808168e+01 2.069115e+01 4.249876e+00 4.238329e+00 3.649623e+00 4.115255e+00 3.980770e+00 3.722679e+00 3.505678e+00 3.116253e+00 3.027750e+00 2.857760e+00 2.214696e+00 1.737485e+00 7.682173e-03
<GCONST> 9.814809e+01
<MIXTURE> 47 7.116147e-03
<MEAN> 25
 8.035150e+00 -8.346172e+00 -6.816450e+00 -5.980790e+00 1.578111e+00 2.741994e+00 -2.502525e+00 2.624403e-01 2.741373e+00 1.604173e+00 -3.426944e+00 -6.075935e+00 -9.994548e-02 -1.331557e+00 -5.946382e-01 -3.668737e-01 5.717386e-01 7.072393e-01 4.847040e-01 5.485559e-01 1.493608e-01 -7.922891e-01 -2.725642e-01 -5.358710e-01 2.903356e-02
<VARIANCE> 25
 1.110547e+01 2.230144e+01 2.365510e+01 2.872503e+01 4.173236e+01 6.977415e+01 3.839235e+01 4.783222e+01 3.658038e+01 4.926313e+01 4.471135e+01 3.006343e+01 5.174317e-01 7.396953e-01 1.110686e+00 1.488075e+00 1.849694e+00 2.342135e+00 2.720488e+00 2.698088e+00 2.024693e+00 2.218788e+00 2.194191e+00 1.708183e+00 5.041502e-04
<GCONST> 8.640519e+01
<MIXTURE> 48 7.116147e-03
<MEAN> 25
 8.035150e+00 -8.346172e+00 -6.816450e+00 -5.980790e+00 1.578111e+00 2.741994e+00 -2.502525e+00 2.624403e-01 2.741373e+00 1.604173e+00 -3.426944e+00 -6.075935e+00 -9.994548e-02 -1.331557e+00 -5.946382e-01 -3.668737e-01 5.717386e-01 7.072393e-01 4.847040e-01 5.485559e-01 1.493608e-01 -7.922891e-01 -2.725642e-01 -5.358710e-01 2.903356e-02
<VARIANCE> 25
 1.110547e+01 2.230144e+01 2.365510e+01 2.872503e+01 4.173236e+01 6.977415e+01 3.839235e+01 4.783222e+01 3.658038e+01 4.926313e+01 4.471135e+01 3.006343e+01 5.174317e-01 7.396953e-01 1.110686e+00 1.488075e+00 1.849694e+00 2.342135e+00 2.720488e+00 2.698088e+00 2.024693e+00 2.218788e+00 2.194191e+00 1.708183e+00 5.041502e-04
<GCONST> 8.640519e+01
<MIXTURE> 49 5.548473e-03
<MEAN> 25
 -5.105736e+00 3.435890e-01 1.581829e-01 8.295200e+00 6.120443e+00 5.646067e+00 6.034803e+00 4.459980e+00 5.018874e+00 3.703777e+00 4.906076e+00 2.862788e+00 3.626115e-01 6.676647e-01 7.136950e-01 3.540337e-01 -1.809836e-01 -6.843995e-01 -1.011849e+00 -1.112782e+00 -9.594969e-01 -6.838779e-01 -4.931664e-01 -2.854822e-01 -3.024006e-05
<VARIANCE> 25
 9.729725e+00 1.004029e+01 1.421644e+01 1.768850e+01 1.597478e+01 1.747465e+01 1.936995e+01 1.963589e+01 1.804209e+01 1.782220e+01 2.047346e+01 1.411115e+01 2.785322e-01 2.789592e-01 3.667973e-01 6.142799e-01 8.789049e-01 9.923751e-01 1.027648e+00 1.046976e+00 1.123575e+00 1.205792e+00 1.266154e+00 1.209431e+00 1.430544e-05
<GCONST> 6.453432e+01
<MIXTURE> 50 6.234641e-03
<MEAN> 25
 -4.663547e+00 8.925865e-02 -1.449897e+00 6.199238e+00 4.219866e+00 2.279006e+00 3.699425e+00 1.976884e+00 2.772074e+00 1.395211e+00 2.153990e+00 2.842232e+00 5.559064e-02 1.753151e-01 9.437082e-02 -1.778196e-01 -5.121515e-01 -6.168129e-01 -4.271919e-01 -5.187906e-02 4.410927e-01 7.732320e-01 7.377259e-01 4.432389e-01 -1.520955e-05
<VARIANCE> 25
 1.053482e+01 1.115347e+01 1.433005e+01 1.540034e+01 1.532498e+01 1.856023e+01 1.856993e+01 1.954368e+01 1.856974e+01 1.753987e+01 2.163087e+01 1.520013e+01 1.450005e-01 2.394395e-01 3.788739e-01 5.169321e-01 5.980347e-01 7.357503e-01 9.558378e-01 1.116990e+00 1.058854e+00 9.090934e-01 9.183979e-01 9.909431e-01 1.002358e-06
<GCONST> 5.954440e+01
<MIXTURE> 51 6.234641e-03
<MEAN> 25
 -4.663547e+00 8.925865e-02 -1.449897e+00 6.199238e+00 4.219866e+00 2.279006e+00 3.699425e+00 1.976884e+00 2.772074e+00 1.395211e+00 2.153990e+00 2.842232e+00 5.559064e-02 1.753151e-01 9.437082e-02 -1.778196e-01 -5.121515e-01 -6.168129e-01 -4.271919e-01 -5.187906e-02 4.410927e-01 7.732320e-01 7.377259e-01 4.432389e-01 -1.520955e-05
<VARIANCE> 25
 1.053482e+01 1.115347e+01 1.433005e+01 1.540034e+01 1.532498e+01 1.856023e+01 1.856993e+01 1.954368e+01 1.856974e+01 1.753987e+01 2.163087e+01 1.520013e+01 1.450005e-01 2.394395e-01 3.788739e-01 5.169321e-01 5.980347e-01 7.357503e-01 9.558378e-01 1.116990e+00 1.058854e+00 9.090934e-01 9.183979e-01 9.909431e-01 1.002358e-06
<GCONST> 5.954440e+01
<MIXTURE> 52 6.367945e-03
<MEAN> 25
 1.012627e+01 2.033848e+00 -6.188433e+00 -1.426716e+01 -4.218681e+00 8.547129e+00 -2.748256e+00 -3.070381e+00 -4.401530e+00 -2.112947e+00 3.353716e+00 7.394084e-01 -3.832320e-01 -4.817969e-01 -6.917858e-02 1.140020e+00 1.336167e+00 -4.701111e-01 -6.028962e-01 -6.591927e-01 4.221369e-02 1.245341e+00 3.859077e-01 -5.469633e-01 -1.378667e-02
<VARIANCE> 25
 9.277517e+00 2.064656e+01 2.536423e+01 3.876210e+01 4.567188e+01 3.074046e+01 4.650134e+01 4.896210e+01 4.303788e+01 4.623196e+01 3.989537e+01 2.999959e+01 4.537126e-01 1.481155e+00 1.309804e+00 2.754944e+00 2.334490e+00 2.206506e+00 2.983212e+00 2.801495e+00 3.003335e+00 2.666126e+00 2.518687e+00 2.275375e+00 1.545066e-03
<GCONST> 8.975534e+01
<MIXTURE> 53 6.367945e-03
<MEAN> 25
 1.012627e+01 2.033848e+00 -6.188433e+00 -1.426716e+01 -4.218681e+00 8.547129e+00 -2.748256e+00 -3.070381e+00 -4.401530e+00 -2.112947e+00 3.353716e+00 7.394084e-01 -3.832320e-01 -4.817969e-01 -6.917858e-02 1.140020e+00 1.336167e+00 -4.701111e-01 -6.028962e-01 -6.591927e-01 4.221369e-02 1.245341e+00 3.859077e-01 -5.469633e-01 -1.378667e-02
<VARIANCE> 25
 9.277517e+00 2.064656e+01 2.536423e+01 3.876210e+01 4.567188e+01 3.074046e+01 4.650134e+01 4.896210e+01 4.303788e+01 4.623196e+01 3.989537e+01 2.999959e+01 4.537126e-01 1.481155e+00 1.309804e+00 2.754944e+00 2.334490e+00 2.206506e+00 2.983212e+00 2.801495e+00 3.003335e+00 2.666126e+00 2.518687e+00 2.275375e+00 1.545066e-03
<GCONST> 8.975534e+01
<MIXTURE> 54 7.368620e-03
<MEAN> 25
 -3.633801e+00 4.931954e-02 -6.831419e-01 8.036570e+00 6.484003e+00 4.625407e+00 4.675332e+00 4.601055e+00 4.053099e+00 3.593801e+00 4.457477e+00 2.326298e+00 -2.133210e-03 2.653849e-02 3.415401e-02 4.748240e-02 5.136495e-02 4.707923e-02 3.888674e-02 2.892036e-02 3.080963e-02 2.506088e-02 1.452187e-02 1.778039e-03 -1.219590e-05
<VARIANCE> 25
 9.137465e+00 1.036359e+01 9.295803e+00 1.818508e+01 1.332127e+01 1.353345e+01 1.197145e+01 1.128198e+01 1.134292e+01 1.354989e+01 1.780268e+01 1.253449e+01 4.087522e-02 8.734614e-02 1.540843e-01 2.265825e-01 3.079380e-01 3.969485e-01 4.608482e-01 5.215847e-01 5.420835e-01 5.211474e-01 5.144392e-01 5.164422e-01 1.000000e-06
<GCONST> 4.724841e+01
<MIXTURE> 55 7.368620e-03
<MEAN> 25
 -3.633801e+00 4.931954e-02 -6.831419e-01 8.036570e+00 6.484003e+00 4.625407e+00 4.675332e+00 4.601055e+00 4.053099e+00 3.593801e+00 4.457477e+00 2.326298e+00 -2.133210e-03 2.653849e-02 3.415401e-02 4.748240e-02 5.136495e-02 4.707923e-02 3.888674e-02 2.892036e-02 3.080963e-02 2.506088e-02 1.452187e-02 1.778039e-03 -1.219590e-05
<VARIANCE> 25
 9.137465e+00 1.036359e+01 9.295803e+00 1.818508e+01 1.332127e+01 1.353345e+01 1.197145e+01 1.128198e+01 1.134292e+01 1.354989e+01 1.780268e+01 1.253449e+01 4.087522e-02 8.734614e-02 1.540843e-01 2.265825e-01 3.079380e-01 3.969485e-01 4.608482e-01 5.215847e-01 5.420835e-01 5.211474e-01 5.144392e-01 5.164422e-01 1.000000e-06
<GCONST> 4.724841e+01
<MIXTURE> 56 6.132464e-03
<MEAN> 25
 7.877940e+00 -7.158116e+00 -8.122182e+00 -8.208834e+00 3.626479e+00 4.484213e+00 -2.033406e+00 -2.016707e+00 1.736928e+00 2.094165e+00 -2.199275e+00 -7.238945e+00 1.304891e-02 7.818704e-02 -1.031336e-01 4.583578e-02 1.836919e-01 5.870651e-02 8.972538e-02 -1.693995e-01 -2.798983e-02 -5.409094e-02 -1.215837e-01 2.832952e-02 -7.430797e-03
<VARIANCE> 25
 9.479325e+00 2.286201e+01 2.899732e+01 3.971184e+01 3.200718e+01 5.010466e+01 5.671986e+01 3.760382e+01 3.602993e+01 5.429626e+01 3.759480e+01 2.872272e+01 1.963502e-01 4.361682e-01 4.336225e-01 7.419673e-01 7.838787e-01 1.061856e+00 8.680123e-01 9.163595e-01 8.514743e-01 9.105574e-01 9.959505e-01 7.312189e-01 2.248561e-04
<GCONST> 7.500742e+01
<MIXTURE> 57 6.132464e-03
<MEAN> 25
 7.877940e+00 -7.158116e+00 -8.122182e+00 -8.208834e+00 3.626479e+00 4.484213e+00 -2.033406e+00 -2.016707e+00 1.736928e+00 2.094165e+00 -2.199275e+00 -7.238945e+00 1.304891e-02 7.818704e-02 -1.031336e-01 4.583578e-02 1.836919e-01 5.870651e-02 8.972538e-02 -1.693995e-01 -2.798983e-02 -5.409094e-02 -1.215837e-01 2.832952e-02 -7.430797e-03
<VARIANCE> 25
 9.479325e+00 2.286201e+01 2.899732e+01 3.971184e+01 3.200718e+01 5.010466e+01 5.671986e+01 3.760382e+01 3.602993e+01 5.429626e+01 3.759480e+01 2.872272e+01 1.963502e-01 4.361682e-01 4.336225e-01 7.419673e-01 7.838787e-01 1.061856e+00 8.680123e-01 9.163595e-01 8.514743e-01 9.105574e-01 9.959505e-01 7.312189e-01 2.248561e-04
<GCONST> 7.500742e+01
<MIXTURE> 58 6.172147e-03
<MEAN> 25
 2.589168e+00 -3.098440e+00 7.370836e+00 -5.284160e+00 -1.346932e+01 -5.608379e+00 1.658905e+00 8.423187e-01 -2.411569e+00 1.843337e+00 5.424075e-01 -8.509591e-01 -3.052910e-02 -1.363398e-01 -7.250772e-02 -1.622284e-01 -1.806574e-02 2.347713e-01 3.773282e-01 2.225951e-01 1.862513e-02 1.772841e-02 -7.901765e-02 -1.393971e-01 -2.895938e-03
<VARIANCE> 25
 7.415445e+00 1.511989e+01 2.025044e+01 2.710820e+01 2.321686e+01 4.643225e+01 3.273412e+01 3.469665e+01 3.226735e+01 3.130696e+01 2.281332e+01 2.026462e+01 3.076741e-01 8.032396e-01 7.522345e-01 1.017044e+00 8.873928e-01 1.211882e+00 1.152004e+00 1.297108e+00 1.074385e+00 1.063117e+00 9.158031e-01 8.785827e-01 7.244860e-04
<GCONST> 7.554079e+01
<MIXTURE> 59 6.172147e-03
<MEAN> 25
 2.589168e+00 -3.098440e+00 7.370836e+00 -5.284160e+00 -1.346932e+01 -5.608379e+00 1.658905e+00 8.423187e-01 -2.411569e+00 1.843337e+00 5.424075e-01 -8.509591e-01 -3.052910e-02 -1.363398e-01 -7.250772e-02 -1.622284e-01 -1.806574e-02 2.347713e-01 3.773282e-01 2.225951e-01 1.862513e-02 1.772841e-02 -7.901765e-02 -1.393971e-01 -2.895938e-03
<VARIANCE> 25
 7.415445e+00 1.511989e+01 2.025044e+01 2.710820e+01 2.321686e+01 4.643225e+01 3.273412e+01 3.469665e+01 3.226735e+01 3.130696e+01 2.281332e+01 2.026462e+01 3.076741e-01 8.032396e-01 7.522345e-01 1.017044e+00 8.873928e-01 1.211882e+00 1.152004e+00 1.297108e+00 1.074385e+00 1.063117e+00 9.158031e-01 8.785827e-01 7.244860e-04
<GCONST> 7.554079e+01
<MIXTURE> 60 4.479129e-03
<MEAN> 25
 -4.264083e+00 -6.650108e-01 -1.084287e+00 3.697586e+00 1.731731e+00 2.119139e+00 1.637259e+00 1.530189e+00 2.157655e+00 1.263467e+00 2.385639e+00 1.915656e+00 -2.856802e-02 5.646714e-02 1.010046e-01 1.300570e-01 1.293518e-01 1.290321e-01 1.786413e-01 3.224401e-01 5.451667e-01 6.644965e-01 5.561447e-01 3.031293e-01 -3.906105e-04
<VARIANCE> 25
 6.932736e+00 4.525397e+00 1.027524e+01 1.130641e+01 1.357597e+01 1.699917e+01 1.399640e+01 1.186399e+01 1.272762e+01 1.320284e+01 1.593889e+01 1.229220e+01 8.695526e-02 1.683205e-01 2.794360e-01 4.319588e-01 5.865349e-01 7.284329e-01 8.283192e-01 8.989203e-01 9.025441e-01 8.356247e-01 8.391132e-01 8.627418e-01 2.295602e-05
<GCONST> 5.633267e+01
<MIXTURE> 61 4.479129e-03
<MEAN> 25
 -4.264083e+00 -6.650108e-01 -1.084287e+00 3.697586e+00 1.731731e+00 2.119139e+00 1.637259e+00 1.530189e+00 2.157655e+00 1.263467e+00 2.385639e+00 1.915656e+00 -2.856802e-02 5.646714e-02 1.010046e-01 1.300570e-01 1.293518e-01 1.290321e-01 1.786413e-01 3.224401e-01 5.451667e-01 6.644965e-01 5.561447e-01 3.031293e-01 -3.906105e-04
<VARIANCE> 25
 6.932736e+00 4.525397e+00 1.027524e+01 1.130641e+01 1.357597e+01 1.699917e+01 1.399640e+01 1.186399e+01 1.272762e+01 1.320284e+01 1.593889e+01 1.229220e+01 8.695526e-02 1.683205e-01 2.794360e-01 4.319588e-01 5.865349e-01 7.284329e-01 8.283192e-01 8.989203e-01 9.025441e-01 8.356247e-01 8.391132e-01 8.627418e-01 2.295602e-05
<GCONST> 5.633267e+01
<MIXTURE> 62 3.278034e-03
<MEAN> 25
 -5.091170e+00 1.241345e+00 1.026029e+00 8.818799e+00 6.130757e+00 5.050501e+00 5.499556e+00 4.033709e+00 4.985883e+00 3.917408e+00 4.966151e+00 2.951094e+00 -1.003277e+00 -1.166777e+00 -9.532989e-01 -2.768424e-01 4.275755e-01 1.005173e+00 1.384674e+00 1.552311e+00 1.478814e+00 1.243407e+00 1.067082e+00 7.261424e-01 -1.264987e-03
<VARIANCE> 25
 9.873202e+00 9.959057e+00 1.311694e+01 1.673293e+01 1.741422e+01 1.752554e+01 1.970049e+01 1.911279e+01 1.886095e+01 1.873378e+01 2.156430e+01 1.479553e+01 4.017716e-01 4.321613e-01 5.542089e-01 7.794628e-01 1.035001e+00 1.192178e+00 1.252316e+00 1.279082e+00 1.329707e+00 1.363977e+00 1.400066e+00 1.371325e+00 1.632280e-05
<GCONST> 6.752708e+01
<MIXTURE> 63 4.351215e-03
<MEAN> 25
 -4.177380e+00 -1.981477e+00 -4.767355e+00 3.033155e+00 3.345520e+00 -3.489706e-01 2.774799e+00 1.698585e+00 2.494096e+00 -8.187963e-01 -1.045259e+00 2.374149e+00 -1.102193e-01 3.189833e-01 4.696665e-01 4.877575e-01 3.718090e-01 4.178717e-01 4.370417e-01 1.488893e-01 6.009431e-02 2.438415e-01 2.196025e-01 8.119172e-02 -4.952355e-03
<VARIANCE> 25
 9.627630e+00 1.829845e+01 1.592474e+01 1.789648e+01 1.804740e+01 2.603459e+01 2.216556e+01 2.460760e+01 2.408518e+01 2.113891e+01 1.970197e+01 1.657779e+01 2.684028e-01 4.437559e-01 6.664495e-01 7.034491e-01 9.020114e-01 1.111341e+00 1.229787e+00 1.320529e+00 1.450194e+00 1.370148e+00 1.299475e+00 1.258120e+00 1.770180e-04
<GCONST> 7.138734e+01
<MIXTURE> 64 4.351215e-03
<MEAN> 25
 -4.177380e+00 -1.981477e+00 -4.767355e+00 3.033155e+00 3.345520e+00 -3.489706e-01 2.774799e+00 1.698585e+00 2.494096e+00 -8.187963e-01 -1.045259e+00 2.374149e+00 -1.102193e-01 3.189833e-01 4.696665e-01 4.877575e-01 3.718090e-01 4.178717e-01 4.370417e-01 1.488893e-01 6.009431e-02 2.438415e-01 2.196025e-01 8.119172e-02 -4.952355e-03
<VARIANCE> 25
 9.627630e+00 1.829845e+01 1.592474e+01 1.789648e+01 1.804740e+01 2.603459e+01 2.216556e+01 2.460760e+01 2.408518e+01 2.113891e+01 1.970197e+01 1.657779e+01 2.684028e-01 4.437559e-01 6.664495e-01 7.034491e-01 9.020114e-01 1.111341e+00 1.229787e+00 1.320529e+00 1.450194e+00 1.370148e+00 1.299475e+00 1.258120e+00 1.770180e-04
<GCONST> 7.138734e+01
<MIXTURE> 65 1.721197e-02
<MEAN> 25
 8.148913e+00 1.731001e+00 1.825744e+00 7.374740e-01 -5.080729e+00 -3.681273e+00 -5.386746e+00 -6.469385e+00 -3.535985e+00 -1.651579e+00 -4.857397e+00 -2.061727e+00 2.436410e-01 8.052004e-02 1.125009e-02 1.601967e-01 -2.283585e-01 3.639078e-01 -5.542283e-02 -1.697468e-01 1.556335e-01 6.051868e-02 -1.302509e-01 -2.294916e-01 -5.895617e-03
<VARIANCE> 25
 9.777278e+00 2.262269e+01 2.487703e+01 3.464367e+01 3.655241e+01 6.914257e+01 5.696415e+01 5.865988e+01 5.337154e+01 6.289782e+01 5.649410e+01 5.151876e+01 6.092221e-01 1.006292e+00 1.604234e+00 1.759454e+00 1.974241e+00 2.284244e+00 2.287853e+00 2.895797e+00 2.308889e+00 2.442387e+00 2.355822e+00 2.232090e+00 4.346246e-04
<GCONST> 8.974295e+01
<MIXTURE> 66 1.191532e-02
<MEAN> 25
 7.209939e+00 -6.171289e+00 -5.523068e+00 -4.609376e+00 3.440462e+00 -3.480772e+00 -5.168847e+00 2.581532e+00 2.355494e+00 3.477938e-01 -4.987872e+00 -2.886647e+00 -2.410612e-01 1.545173e+00 1.975432e+00 1.999935e+00 -1.532466e+00 -3.652476e-01 4.981387e-01 -1.055621e+00 -2.216765e-01 -1.031372e-01 7.986549e-02 8.331352e-01 -6.153728e-02
<VARIANCE> 25
 9.027425e+00 2.696648e+01 2.201437e+01 2.982890e+01 4.740846e+01 5.041503e+01 4.734522e+01 3.892015e+01 5.240522e+01 6.205340e+01 3.223122e+01 2.908718e+01 1.269885e+00 1.978026e+00 2.918772e+00 2.335003e+00 4.800344e+00 6.494369e+00 4.923186e+00 5.968993e+00 3.218558e+00 5.801362e+00 4.411281e+00 3.233671e+00 1.109958e-03
<GCONST> 9.659899e+01
<MIXTURE> 67 1.559142e-02
<MEAN> 25
 9.146589e+00 5.818218e-01 -5.668622e+00 -7.527687e+00 1.203829e+00 2.873569e+00 -3.324487e+00 -1.491168e+00 -2.535734e+00 1.627280e+00 -3.672354e-01 -1.941177e+00 -1.147674e+00 1.865280e+00 7.634680e-01 2.860186e+00 1.375309e+00 -6.778104e-01 1.467158e+00 2.528412e-01 2.485307e-01 -2.670701e-02 -5.020890e-01 7.708367e-01 -1.202846e-01
<VARIANCE> 25
 1.073880e+01 4.872445e+01 2.869295e+01 5.326828e+01 4.518106e+01 5.126481e+01 5.634223e+01 5.329743e+01 7.035112e+01 5.638578e+01 5.013812e+01 4.315625e+01 2.048901e+00 3.175793e+00 3.754532e+00 4.272772e+00 4.178707e+00 5.642389e+00 5.062232e+00 5.337762e+00 5.113966e+00 4.818291e+00 5.051159e+00 3.971663e+00 3.380722e-03
<GCONST> 1.028778e+02
<MIXTURE> 68 1.485092e-02
<MEAN> 25
 -1.986889e+00 -2.183681e+00 -3.949264e+00 1.245970e+00 5.100396e+00 -6.433638e-01 2.095176e+00 1.706406e+00 2.091398e+00 1.648731e+00 5.420157e-01 1.882902e+00 2.767173e+00 5.188854e-01 7.439138e-02 -2.562179e+00 -2.306268e+00 -1.625259e+00 -2.341196e+00 -1.660440e+00 -1.662627e+00 -1.447565e+00 -1.915897e+00 -9.924753e-01 1.006851e-01
<VARIANCE> 25
 2.539077e+01 3.179254e+01 5.893330e+01 5.150774e+01 4.585531e+01 5.458284e+01 4.390147e+01 4.185136e+01 3.948669e+01 4.257794e+01 3.640992e+01 2.548799e+01 1.837855e+00 3.765876e+00 5.865492e+00 5.705265e+00 4.912218e+00 5.536889e+00 5.603605e+00 5.323226e+00 4.947275e+00 5.188171e+00 5.024087e+00 3.463058e+00 6.101497e-03
<GCONST> 1.034064e+02
<MIXTURE> 69 1.204884e-02
<MEAN> 25
 4.669824e+00 -4.419133e+00 -4.344701e+00 -2.951013e+00 -1.744225e+00 -7.459800e+00 -9.668964e-01 2.339462e+00 2.147366e-01 -4.754956e+00 -5.678574e+00 1.251665e+00 1.998742e+00 -2.366213e+00 -1.009985e+00 -2.351761e+00 1.941999e-01 -3.028096e-01 -5.586736e-01 6.889335e-01 -4.660420e-01 -9.790655e-01 -2.183222e+00 -4.265276e-01 6.140830e-02
<VARIANCE> 25
 9.495830e+00 2.057427e+01 2.506701e+01 2.779322e+01 5.101490e+01 3.298169e+01 4.283830e+01 2.719832e+01 3.589606e+01 3.526472e+01 2.690124e+01 2.175754e+01 3.546042e+00 2.589220e+00 3.235824e+00 3.245427e+00 7.689079e+00 4.490304e+00 6.079010e+00 5.115770e+00 5.182545e+00 5.961576e+00 3.756549e+00 3.521150e+00 2.341305e-03
<GCONST> 9.727596e+01
<MIXTURE> 70 1.329190e-02
<MEAN> 25
 7.834674e+00 -2.670501e+00 -3.897546e+00 -3.522174e+00 4.014216e-02 1.582159e-01 -6.845519e+00 -4.130510e+00 9.389806e-01 3.724441e+00 -1.822679e-01 -4.437372e+00 1.953735e+00 -1.215851e+00 -6.804695e-01 -2.008834e+00 -1.374645e+00 1.243251e+00 -1.238577e+00 -1.793012e-01 1.313141e-01 2.305031e-01 5.453485e-01 -1.457102e+00 5.434727e-02
<VARIANCE> 25
 9.793749e+00 2.409666e+01 2.765575e+01 4.217156e+01 3.626735e+01 5.141019e+01 4.910630e+01 4.284871e+01 4.706234e+01 3.628962e+01 4.295515e+01 2.661020e+01 3.255327e+00 3.159092e+00 4.431507e+00 5.246069e+00 5.420853e+00 6.001782e+00 6.166476e+00 7.408538e+00 5.871310e+00 5.437696e+00 5.415751e+00 3.904272e+00 2.706570e-03
<GCONST> 1.015228e+02
<MIXTURE> 71 1.406903e-02
<MEAN> 25
 6.456471e+00 4.958891e+00 4.167228e+00 3.056524e+00 -3.407439e+00 -2.976563e+00 -3.161490e+00 -6.307466e+00 -4.595471e+00 -2.272799e+00 -4.906025e+00 -3.313006e+00 -1.603743e+00 -6.553887e-01 -2.002351e-01 -1.744502e+00 1.067674e+00 -2.228630e-01 -5.537226e-03 1.527412e+00 3.330302e-01 -2.459417e-01 6.335024e-01 2.634763e-01 4.151205e-02
<VARIANCE> 25
 1.911163e+01 2.707045e+01 2.352915e+01 4.345986e+01 3.932359e+01 4.338704e+01 4.350306e+01 4.342130e+01 3.790113e+01 4.508074e+01 3.778673e+01 3.372266e+01 1.723719e+00 3.181147e+00 5.576207e+00 4.795604e+00 4.682821e+00 4.949350e+00 4.761877e+00 5.249125e+00 4.301634e+00 4.148955e+00 3.585042e+00 3.505044e+00 1.439522e-03
<GCONST> 9.892426e+01
<MIXTURE> 72 8.134747e-03
<MEAN> 25
 3.888219e+00 -3.758722e+00 5.498666e+00 -2.243126e+00 -1.027906e+01 -9.738619e+00 -2.390237e+00 1.921793e+00 -4.863396e+00 -2.060717e+00 -1.315668e+00 8.603459e-01 9.914258e-01 -9.201600e-01 -2.616070e+00 4.735197e-01 2.091925e+00 -6.567874e-01 -1.425633e+00 1.638576e+00 1.911746e+00 -5.520862e-01 -1.218312e+00 3.886798e-01 -4.080114e-03
<VARIANCE> 25
 1.062156e+01 1.902449e+01 3.181113e+01 3.774411e+01 3.116630e+01 3.209760e+01 3.954891e+01 3.482170e+01 4.232367e+01 3.984809e+01 4.340046e+01 2.839104e+01 4.852851e-01 1.329632e+00 1.965539e+00 1.441491e+00 2.130366e+00 2.271607e+00 3.187909e+00 2.886405e+00 2.698374e+00 2.869809e+00 2.102794e+00 2.061542e+00 6.030482e-04
<GCONST> 8.752864e+01
<MIXTURE> 73 1.213625e-02
<MEAN> 25
 -5.458858e+00 -7.146892e-01 -1.838563e+00 4.960754e+00 4.032513e+00 2.211025e+00 5.363823e+00 3.287024e+00 4.201143e+00 2.941033e+00 4.194512e+00 3.137675e+00 8.087793e-01 -9.873092e-01 -9.021280e-01 -2.479602e+00 -1.017318e+00 -1.722469e+00 -8.811401e-01 -4.081431e-01 -8.156052e-01 -7.489168e-01 -1.141354e+00 -2.514450e-01 1.479715e-01
<VARIANCE> 25
 1.247864e+01 1.266309e+01 1.930611e+01 2.208161e+01 2.190415e+01 2.404627e+01 1.918999e+01 1.970827e+01 1.683184e+01 2.061982e+01 2.218598e+01 1.512820e+01 4.842190e+00 3.267965e+00 5.686782e+00 5.149716e+00 6.213450e+00 4.264948e+00 4.067421e+00 4.080246e+00 3.900573e+00 4.515020e+00 3.444916e+00 2.512136e+00 4.508561e-03
<GCONST> 9.278215e+01
<MIXTURE> 74 1.756491e-02
<MEAN> 25
 4.759054e+00 -1.907475e+00 5.919553e+00 -1.082977e+00 -8.969879e+00 -7.759222e+00 -2.922858e+00 1.090650e+00 -3.929774e+00 -2.809160e+00 -1.116137e+00 3.420914e-01 2.901962e-01 1.871210e+00 -7.906907e-01 2.095645e+00 1.052961e+00 3.831029e-01 5.590729e-01 -1.016288e+00 5.633320e-01 2.274127e-01 -9.386536e-02 -7.667444e-01 -8.047193e-02
<VARIANCE> 25
 1.190112e+01 1.931050e+01 4.537831e+01 3.392287e+01 3.460270e+01 3.933225e+01 4.233770e+01 3.892264e+01 4.988739e+01 3.680968e+01 3.461727e+01 3.366332e+01 1.919821e+00 2.039232e+00 5.734728e+00 3.000971e+00 3.603697e+00 3.719003e+00 4.903837e+00 3.799948e+00 3.963286e+00 3.555566e+00 3.132488e+00 5.103424e+00 1.684306e-03
<GCONST> 9.668448e+01
<MIXTURE> 75 9.711651e-03
<MEAN> 25
 3.235588e+00 -1.247747e+00 1.124952e+01 2.115860e-01 -1.027033e+01 -6.776411e+00 -4.218776e+00 1.091195e-01 -5.091789e+00 -3.777746e+00 3.736115e+00 1.299588e+00 1.902451e+00 -1.963387e+00 -8.088738e-02 1.055718e-01 -2.129561e+00 -5.236565e-01 -1.374548e+00 1.135083e+00 8.945017e-02 -2.853827e-01 1.020012e+00 -4.185628e-01 3.369180e-02
<VARIANCE> 25
 9.673996e+00 1.479535e+01 2.596290e+01 3.337605e+01 2.892568e+01 3.764266e+01 3.115475e+01 2.675028e+01 2.731318e+01 2.904306e+01 2.038552e+01 2.341190e+01 2.387806e+00 1.823848e+00 4.743753e+00 2.514489e+00 4.115883e+00 3.814658e+00 4.467655e+00 3.414593e+00 4.265762e+00 2.835585e+00 2.621467e+00 2.279725e+00 1.479591e-03
<GCONST> 9.143132e+01
<MIXTURE> 76 1.052359e-02
<MEAN> 25
 -6.370236e+00 1.261440e+00 -4.716593e+00 5.823826e+00 3.265993e+00 2.478586e-01 3.256744e+00 1.150963e+00 2.947745e+00 -1.300946e+00 1.148677e+00 2.604652e+00 1.132008e-01 -7.562165e-01 -1.578022e-01 -8.721568e-01 -5.087404e-01 -1.089484e+00 -5.979663e-01 -1.494045e-01 -1.400190e-01 -3.740650e-01 -1.237755e-01 -4.671526e-03 1.425426e-02
<VARIANCE> 25
 3.474264e+01 2.690409e+01 2.781561e+01 2.769044e+01 2.158934e+01 4.029935e+01 2.339309e+01 2.267926e+01 1.868498e+01 2.407560e+01 2.381320e+01 1.780092e+01 1.484017e+00 1.301126e+00 1.280486e+00 1.354792e+00 1.039634e+00 1.727280e+00 1.515197e+00 1.912542e+00 1.488584e+00 1.221060e+00 1.224791e+00 2.059492e+00 1.159608e-03
<GCONST> 8.225606e+01
<MIXTURE> 77 1.244626e-02
<MEAN> 25
 -5.282217e-01 7.528809e+00 1.229184e+01 -1.205242e+01 -6.956141e+00 6.993657e-01 -8.880045e+00 -5.894491e+00 -4.702039e+00 -7.980621e-01 -4.949681e+00 -1.423329e+00 4.230941e-02 1.159106e-01 3.858519e-02 2.362829e-01 -1.702923e-01 -1.244573e-01 6.719652e-02 -3.322461e-01 2.251823e-01 5.651172e-02 -3.696718e-02 2.525015e-01 -7.411934e-03
<VARIANCE> 25
 8.540386e+00 2.098384e+01 2.253359e+01 3.774857e+01 2.747688e+01 2.976282e+01 3.074193e+01 3.471407e+01 3.476255e+01 3.058909e+01 3.841936e+01 2.941530e+01 3.764743e-01 6.846958e-01 6.018438e-01 8.986683e-01 1.341274e+00 1.033628e+00 1.076549e+00 1.226771e+00 9.485191e-01 1.145600e+00 9.257290e-01 1.103075e+00 4.942887e-04
<GCONST> 7.668622e+01
<MIXTURE> 78 9.702551e-03
<MEAN> 25
 -9.062747e+00 2.255423e+00 -4.706051e+00 3.964595e+00 3.083714e+00 -2.372743e+00 3.441859e+00 1.831895e+00 3.766143e+00 -9.840332e-01 -5.577219e-02 3.809681e+00 2.438647e+00 -2.495635e-01 1.740626e-01 3.303221e-02 1.969855e-01 -4.900948e-03 -5.142336e-01 3.670766e-01 4.587529e-01 4.281071e-01 -2.216000e-01 -3.881790e-01 -4.564597e-02
<VARIANCE> 25
 3.667384e+01 2.712763e+01 3.164824e+01 2.972579e+01 2.699170e+01 3.162845e+01 3.033601e+01 2.471384e+01 2.269945e+01 2.213419e+01 1.949556e+01 1.630466e+01 3.829099e+00 3.403951e+00 1.956851e+00 2.690072e+00 2.246636e+00 3.053027e+00 2.751718e+00 2.406059e+00 1.932444e+00 2.129325e+00 1.590182e+00 2.037932e+00 3.423482e-03
<GCONST> 9.000415e+01
<MIXTURE> 79 1.156824e-02
<MEAN> 25
 1.767518e+00 1.042721e+00 9.941059e+00 -6.979977e+00 -1.141327e+01 -3.769076e+00 -2.150628e+00 -5.409183e+00 -7.776179e+00 -7.952863e-03 -2.656911e+00 -2.115556e+00 9.576085e-01 -6.648176e-01 -1.457382e+00 2.748760e+00 4.769273e-02 -1.889472e+00 9.578474e-01 5.162528e-01 -3.273883e-01 -2.205357e-01 1.005801e+00 4.097722e-01 -2.745578e-02
<VARIANCE> 25
 1.099869e+01 1.828737e+01 2.812504e+01 4.263111e+01 2.317198e+01 3.817748e+01 4.064596e+01 2.617258e+01 3.323401e+01 2.828605e+01 3.740065e+01 2.407144e+01 9.416817e-01 1.812198e+00 1.520353e+00 2.053368e+00 1.989393e+00 2.535147e+00 3.377430e+00 2.835942e+00 2.096539e+00 2.607679e+00 2.281225e+00 1.899433e+00 1.002263e-03
<GCONST> 8.755359e+01
<MIXTURE> 80 7.550998e-03
<MEAN> 25
 -1.462774e+01 4.582743e+00 2.779056e-01 2.385444e+00 2.832558e+00 1.380693e+00 6.532420e+00 2.129053e+00 2.335558e+00 2.034673e+00 4.268263e+00 7.875339e-01 4.195405e+00 -7.866246e-02 1.782953e+00 -1.113578e+00 -2.899803e+00 -2.717347e+00 -2.358238e+00 -1.883318e+00 -1.839758e+00 -1.571175e+00 -1.526829e+00 -6.309224e-01 -4.410851e-02
<VARIANCE> 25
 1.959343e+01 2.181357e+01 3.365643e+01 3.418135e+01 2.921891e+01 2.682140e+01 2.707107e+01 2.768631e+01 2.597087e+01 2.755940e+01 2.826854e+01 1.817515e+01 2.253746e+00 2.494560e+00 2.664002e+00 3.788535e+00 3.120221e+00 2.588442e+00 2.805646e+00 3.131465e+00 2.732935e+00 2.629040e+00 2.698165e+00 1.975119e+00 1.393439e-03
<GCONST> 9.052090e+01
<MIXTURE> 81 8.025434e-03
<MEAN> 25
 -1.334691e+00 3.470527e+00 1.037250e+01 -1.500611e+01 -8.985768e+00 -1.569159e+00 -6.796803e+00 -6.946080e+00 -5.807923e+00 -1.015763e+00 -7.753987e+00 -2.884305e+00 1.443087e-01 -5.192631e-01 -6.841654e-02 -5.225850e-01 -4.386666e-01 6.449623e-02 3.299604e-01 4.777360e-02 -2.380038e-01 1.377170e-01 -5.174801e-01 3.576212e-02 1.022010e-02
<VARIANCE> 25
 8.498775e+00 2.693347e+01 2.155239e+01 2.582757e+01 2.650652e+01 2.494130e+01 3.550347e+01 2.922197e+01 3.803185e+01 2.704658e+01 2.492452e+01 3.310649e+01 8.540668e-01 1.964781e+00 1.482005e+00 3.204774e+00 2.240056e+00 2.077549e+00 2.961490e+00 2.954252e+00 2.014863e+00 2.328998e+00 2.372803e+00 2.015842e+00 9.892574e-04
<GCONST> 8.676702e+01
<MIXTURE> 82 8.213053e-03
<MEAN> 25
 -1.028066e+01 -3.631512e+00 1.624723e+00 -2.958123e+00 3.131632e+00 1.072706e+00 1.425264e+00 7.701432e-01 3.308099e+00 1.514752e+00 2.126427e+00 3.711780e+00 -1.380125e+00 7.842906e-02 1.226196e-01 -2.491373e+00 -9.578844e-01 -1.243290e+00 -1.158630e+00 -8.029539e-01 -1.721636e-01 -5.353341e-01 -3.420391e-01 -2.825251e-02 1.710484e-01
<VARIANCE> 25
 1.809263e+01 2.346716e+01 2.963469e+01 2.858596e+01 3.045412e+01 3.125970e+01 3.280461e+01 3.070559e+01 2.952569e+01 2.369800e+01 2.955638e+01 1.997447e+01 3.545617e+00 3.193353e+00 3.346363e+00 3.108391e+00 3.476365e+00 3.032697e+00 2.886196e+00 2.845864e+00 2.895370e+00 2.321663e+00 2.262758e+00 1.763558e+00 3.754249e-03
<GCONST> 9.237930e+01
<MIXTURE> 83 1.167529e-02
<MEAN> 25
 -1.956766e+01 7.291540e+00 -2.922879e+00 7.556609e-01 7.668650e+00 -5.001856e-01 5.794524e+00 -7.465583e-01 -6.844587e-01 2.240119e-01 -1.063256e+00 1.446246e+00 1.492992e-01 -4.398737e-01 -8.550201e-02 -5.711118e-01 -3.869868e-01 4.598216e-03 -7.188667e-02 1.251454e-01 4.729756e-02 3.095531e-02 -9.804049e-02 -1.560733e-01 -3.574555e-03
<VARIANCE> 25
 6.627645e+00 1.468635e+01 2.010253e+01 1.897851e+01 1.534163e+01 2.183673e+01 1.677786e+01 3.447550e+01 2.034416e+01 2.068647e+01 1.999471e+01 1.331461e+01 1.009068e+00 7.197332e-01 9.046583e-01 9.536044e-01 1.064098e+00 1.552235e+00 1.189978e+00 1.279091e+00 9.551384e-01 8.735830e-01 8.334488e-01 7.782335e-01 7.206140e-04
<GCONST> 7.287531e+01
<MIXTURE> 84 1.066614e-02
<MEAN> 25
 -1.274043e-01 9.127440e+00 5.764716e+00 8.463470e+00 2.628850e+00 -1.304525e+00 -1.116604e+00 -4.803080e+00 -4.598851e+00 -2.896382e+00 -1.608881e+00 -1.449303e+00 -1.743660e+00 -1.177724e+00 -1.178875e+00 1.196264e+00 2.225388e+00 1.844356e+00 1.266655e+00 1.205997e+00 1.101413e+00 1.864486e-01 1.824375e-01 3.206993e-01 -6.783107e-02
<VARIANCE> 25
 3.007548e+01 1.649779e+01 3.005840e+01 2.205318e+01 2.537844e+01 2.550130e+01 2.491999e+01 2.484966e+01 2.436128e+01 2.183921e+01 2.377660e+01 2.195413e+01 1.884637e+00 2.431323e+00 3.321125e+00 3.030620e+00 2.826799e+00 3.505055e+00 3.019694e+00 3.101921e+00 3.040541e+00 3.086190e+00 3.442273e+00 2.461949e+00 3.103111e-03
<GCONST> 9.104844e+01
<MIXTURE> 85 7.591393e-03
<MEAN> 25
 -3.642520e+00 8.020471e+00 5.391760e+00 1.181517e+00 -2.791172e+00 -4.737708e+00 -2.768103e+00 -6.297554e+00 -3.583271e+00 -3.010273e+00 -8.186323e-01 -1.737746e+00 3.885408e+00 8.891296e-02 2.019922e+00 -2.223076e+00 -3.485118e+00 -2.540866e+00 -2.999076e+00 -1.997993e+00 -2.246680e+00 -1.184145e+00 -2.110665e+00 -6.053747e-01 8.035826e-03
<VARIANCE> 25
 4.298344e+01 2.145416e+01 3.604746e+01 3.550445e+01 3.999672e+01 3.941917e+01 2.914273e+01 2.865154e+01 2.399166e+01 2.366234e+01 2.524705e+01 1.900997e+01 2.474463e+00 4.419398e+00 4.145839e+00 4.892891e+00 4.236762e+00 3.603709e+00 3.630868e+00 4.509904e+00 3.507190e+00 3.698456e+00 3.788756e+00 3.314240e+00 5.036005e-03
<GCONST> 9.725916e+01
<MIXTURE> 86 1.273941e-02
<MEAN> 25
 -4.963844e+00 -1.199128e+00 -7.919555e-01 6.341502e+00 5.006441e+00 4.682501e+00 5.318860e+00 4.565328e+00 4.646160e+00 3.901314e+00 5.334260e+00 2.698085e+00 -8.400346e-03 -8.760425e-03 -3.837805e-02 -6.773333e-02 -1.187983e-01 -1.890584e-01 -2.692207e-01 -3.338207e-01 -3.542977e-01 -3.209512e-01 -2.308131e-01 -1.074846e-01 -5.414832e-04
<VARIANCE> 25
 7.922290e+00 5.699019e+00 9.981283e+00 1.231221e+01 1.589530e+01 1.440969e+01 1.351998e+01 1.304712e+01 1.330485e+01 1.428059e+01 1.429872e+01 1.276328e+01 1.006695e-01 1.933549e-01 3.191735e-01 4.846437e-01 6.355566e-01 7.398556e-01 7.444019e-01 7.651941e-01 8.288006e-01 8.836429e-01 9.117717e-01 9.020913e-01 5.348390e-05
<GCONST> 5.816277e+01
<MIXTURE> 87 1.100681e-02
<MEAN> 25
 -3.587776e+00 3.854108e+00 2.419835e+00 7.097953e+00 4.639352e+00 1.327926e+00 2.241703e+00 -9.204800e-01 -9.822184e-01 -1.589408e+00 -6.037329e-01 1.777761e-01 -2.054396e+00 -2.444977e+00 -1.851535e+00 -2.179659e+00 4.328639e-02 -1.072387e-01 3.960644e-01 1.412266e+00 1.700232e+00 9.201350e-01 8.963808e-01 1.210688e+00 1.003783e-01
<VARIANCE> 25
 3.398197e+01 2.838236e+01 2.910204e+01 2.879477e+01 2.693264e+01 2.984825e+01 2.452247e+01 2.329335e+01 2.348505e+01 2.651372e+01 2.349769e+01 1.918222e+01 3.826317e+00 3.161093e+00 3.701685e+00 3.017941e+00 3.944535e+00 3.736646e+00 3.823491e+00 3.375310e+00 3.270237e+00 3.052371e+00 3.011210e+00 2.537587e+00 5.407414e-03
<GCONST> 9.440037e+01
<MIXTURE> 88 1.256585e-02
<MEAN> 25
 -3.487121e+00 -6.127710e-01 -1.372784e+00 5.111462e+00 3.574940e+00 3.734565e+00 4.716057e+00 2.806257e+00 3.401168e+00 2.328118e+00 3.336487e+00 2.418986e+00 -1.521197e-01 2.515167e-01 3.038012e-01 2.979320e-01 3.638505e-01 3.612198e-01 -1.892641e-01 -3.603683e-01 -4.899953e-01 -2.209695e-01 2.645901e-01 5.631581e-02 -6.581922e-03
<VARIANCE> 25
 1.214212e+01 1.031853e+01 1.651924e+01 1.856295e+01 2.197619e+01 2.378971e+01 1.944045e+01 1.743524e+01 1.536646e+01 1.929875e+01 2.142328e+01 1.351752e+01 1.607716e+00 1.625898e+00 2.014405e+00 1.968868e+00 2.330075e+00 2.951438e+00 2.524497e+00 2.437516e+00 2.417018e+00 2.269125e+00 2.572410e+00 1.860575e+00 1.425724e-03
<GCONST> 8.274744e+01
<MIXTURE> 89 9.333527e-03
<MEAN> 25
 6.123828e+00 -6.890917e+00 -3.562732e+00 -3.167193e+00 -1.557706e+00 -5.517219e+00 -6.132203e+00 4.117818e+00 3.469848e+00 -2.727494e+00 -5.999717e+00 -3.298428e+00 -5.738234e-01 1.652977e-01 1.975323e+00 9.029350e-01 -1.849115e+00 -1.664022e+00 8.985311e-01 1.279573e+00 -7.815065e-01 -1.318896e+00 3.843072e-01 1.544151e+00 -5.124507e-03
<VARIANCE> 25
 9.189976e+00 2.696484e+01 3.090755e+01 3.001589e+01 3.632896e+01 4.221567e+01 5.930164e+01 4.189232e+01 3.885081e+01 4.304324e+01 3.573861e+01 3.220723e+01 3.523699e-01 8.484657e-01 1.500190e+00 1.313790e+00 1.970759e+00 2.169310e+00 2.600794e+00 2.065247e+00 2.245858e+00 2.114506e+00 2.393684e+00 1.476225e+00 3.730663e-04
<GCONST> 8.544728e+01
<MIXTURE> 90 7.114505e-03
<MEAN> 25
 2.448452e+00 -9.724332e+00 -4.754999e+00 -3.978378e+00 -3.383818e+00 -1.813520e+00 3.366354e+00 1.181370e+00 -7.532990e+00 -1.021712e+01 -3.429850e+00 -7.392941e-01 -1.636453e-01 9.090893e-01 1.168862e+00 -8.539599e-01 -1.613067e+00 -2.119167e-01 6.448331e-01 -2.099918e-01 -1.688552e-01 7.371422e-01 1.829768e-01 -5.501495e-01 -1.114932e-02
<VARIANCE> 25
 8.492898e+00 1.778133e+01 1.981286e+01 2.802117e+01 3.683992e+01 3.217768e+01 3.852338e+01 3.640654e+01 3.521460e+01 2.769692e+01 2.700373e+01 2.613803e+01 2.237519e-01 6.127441e-01 7.866859e-01 1.042874e+00 1.470091e+00 1.591699e+00 1.780405e+00 1.654637e+00 1.810384e+00 1.678410e+00 1.495414e+00 1.308618e+00 2.149870e-04
<GCONST> 7.813302e+01
<MIXTURE> 91 7.852945e-03
<MEAN> 25
 6.627583e+00 -7.888165e+00 -8.144228e+00 -5.038203e+00 3.975501e+00 2.752293e-01 -2.183993e+00 5.693781e-01 7.023551e-01 -2.025696e+00 -4.662162e+00 -5.252753e+00 2.504110e-01 9.857616e-01 2.322769e-01 4.276529e-01 -1.484407e-01 -4.805421e-01 -3.778254e-01 -1.263060e-01 -1.416978e-01 4.636175e-01 -9.838475e-02 1.605581e-01 -3.431790e-02
<VARIANCE> 25
 1.052859e+01 2.253409e+01 2.365159e+01 3.885992e+01 3.590846e+01 5.698480e+01 5.173087e+01 4.093051e+01 5.000347e+01 7.496042e+01 3.757604e+01 4.013284e+01 4.442496e-01 8.786234e-01 1.171019e+00 1.373832e+00 2.309636e+00 2.596266e+00 2.308366e+00 2.539057e+00 2.194086e+00 2.290355e+00 2.076193e+00 1.860835e+00 5.763406e-04
<GCONST> 8.767017e+01
<MIXTURE> 92 7.852945e-03
<MEAN> 25
 6.627583e+00 -7.888165e+00 -8.144228e+00 -5.038203e+00 3.975501e+00 2.752293e-01 -2.183993e+00 5.693781e-01 7.023551e-01 -2.025696e+00 -4.662162e+00 -5.252753e+00 2.504110e-01 9.857616e-01 2.322769e-01 4.276529e-01 -1.484407e-01 -4.805421e-01 -3.778254e-01 -1.263060e-01 -1.416978e-01 4.636175e-01 -9.838475e-02 1.605581e-01 -3.431790e-02
<VARIANCE> 25
 1.052859e+01 2.253409e+01 2.365159e+01 3.885992e+01 3.590846e+01 5.698480e+01 5.173087e+01 4.093051e+01 5.000347e+01 7.496042e+01 3.757604e+01 4.013284e+01 4.442496e-01 8.786234e-01 1.171019e+00 1.373832e+00 2.309636e+00 2.596266e+00 2.308366e+00 2.539057e+00 2.194086e+00 2.290355e+00 2.076193e+00 1.860835e+00 5.763406e-04
<GCONST> 8.767017e+01
<MIXTURE> 93 6.122769e-03
<MEAN> 25
 -6.824600e+00 -9.615945e-01 -2.401712e+00 5.797945e+00 5.907688e+00 3.922876e+00 6.121838e+00 3.606725e+00 4.117831e+00 2.507269e+00 1.817808e+00 3.704837e+00 -6.174461e-02 -1.544242e-01 -2.574942e-01 -3.317700e-01 -3.338611e-01 -2.848422e-01 -2.179362e-01 -1.743623e-01 -1.665696e-01 -1.505821e-01 -1.044602e-01 -3.578821e-02 -4.247182e-06
<VARIANCE> 25
 9.097808e+00 6.026937e+00 8.184233e+00 1.136618e+01 1.149131e+01 1.597863e+01 1.528397e+01 1.646190e+01 1.476725e+01 1.455600e+01 1.678452e+01 1.345014e+01 8.274872e-02 1.533378e-01 2.636995e-01 3.804884e-01 4.976853e-01 6.427388e-01 7.792749e-01 8.871263e-01 9.164950e-01 8.759286e-01 8.921388e-01 9.179041e-01 1.000448e-06
<GCONST> 5.360482e+01
<MIXTURE> 94 6.122769e-03
<MEAN> 25
 -6.824600e+00 -9.615945e-01 -2.401712e+00 5.797945e+00 5.907688e+00 3.922876e+00 6.121838e+00 3.606725e+00 4.117831e+00 2.507269e+00 1.817808e+00 3.704837e+00 -6.174461e-02 -1.544242e-01 -2.574942e-01 -3.317700e-01 -3.338611e-01 -2.848422e-01 -2.179362e-01 -1.743623e-01 -1.665696e-01 -1.505821e-01 -1.044602e-01 -3.578821e-02 -4.247182e-06
<VARIANCE> 25
 9.097808e+00 6.026937e+00 8.184233e+00 1.136618e+01 1.149131e+01 1.597863e+01 1.528397e+01 1.646190e+01 1.476725e+01 1.455600e+01 1.678452e+01 1.345014e+01 8.274872e-02 1.533378e-01 2.636995e-01 3.804884e-01 4.976853e-01 6.427388e-01 7.792749e-01 8.871263e-01 9.164950e-01 8.759286e-01 8.921388e-01 9.179041e-01 1.000448e-06
<GCONST> 5.360482e+01
<MIXTURE> 95 5.258835e-03
<MEAN> 25
 -5.344810e+00 -7.776126e-01 -1.558448e+00 5.063875e+00 4.057454e+00 3.639243e+00 4.466985e+00 1.562636e+00 1.611994e+00 6.982454e-01 1.455472e+00 2.689600e+00 7.934857e-02 9.170749e-02 1.760329e-02 -1.308257e-01 -4.180899e-01 -8.468410e-01 -1.098904e+00 -1.316141e+00 -1.201914e+00 -1.020926e+00 -6.991363e-01 -3.597079e-01 -4.433365e-04
<VARIANCE> 25
 1.183470e+01 6.002271e+00 1.307648e+01 1.225367e+01 1.311913e+01 2.369637e+01 1.732182e+01 1.568235e+01 1.794824e+01 1.439755e+01 1.889356e+01 1.320909e+01 2.341079e-01 3.026252e-01 4.702687e-01 6.053494e-01 7.545404e-01 9.843608e-01 8.655109e-01 8.597535e-01 9.258569e-01 9.927743e-01 1.084767e+00 1.045423e+00 3.928463e-05
<GCONST> 6.310514e+01
<MIXTURE> 96 7.034694e-03
<MEAN> 25
 -5.096781e+00 -4.547831e-01 -2.243837e+00 5.163228e+00 3.866150e+00 1.791495e+00 3.541412e+00 1.804510e+00 2.453332e+00 9.498389e-01 1.147398e+00 2.837037e+00 -2.969214e-02 8.782809e-02 2.134533e-01 4.057808e-01 5.389066e-01 4.998631e-01 2.461982e-01 -1.266058e-01 -4.634885e-01 -6.517476e-01 -6.085038e-01 -3.674596e-01 -1.595694e-05
<VARIANCE> 25
 1.101282e+01 9.725832e+00 1.288772e+01 1.428562e+01 1.502168e+01 1.952052e+01 1.807633e+01 1.930320e+01 1.800596e+01 1.660935e+01 1.976741e+01 1.453472e+01 1.204444e-01 2.181675e-01 3.167245e-01 3.977937e-01 4.946479e-01 6.607156e-01 8.674712e-01 9.963491e-01 9.568257e-01 8.641096e-01 8.866378e-01 9.406935e-01 1.000510e-06
<GCONST> 5.757195e+01
<MIXTURE> 97 7.034694e-03
<MEAN> 25
 -5.096781e+00 -4.547831e-01 -2.243837e+00 5.163228e+00 3.866150e+00 1.791495e+00 3.541412e+00 1.804510e+00 2.453332e+00 9.498389e-01 1.147398e+00 2.837037e+00 -2.969214e-02 8.782809e-02 2.134533e-01 4.057808e-01 5.389066e-01 4.998631e-01 2.461982e-01 -1.266058e-01 -4.634885e-01 -6.517476e-01 -6.085038e-01 -3.674596e-01 -1.595694e-05
<VARIANCE> 25
 1.101282e+01 9.725832e+00 1.288772e+01 1.428562e+01 1.502168e+01 1.952052e+01 1.807633e+01 1.930320e+01 1.800596e+01 1.660935e+01 1.976741e+01 1.453472e+01 1.204444e-01 2.181675e-01 3.167245e-01 3.977937e-01 4.946479e-01 6.607156e-01 8.674712e-01 9.963491e-01 9.568257e-01 8.641096e-01 8.866378e-01 9.406935e-01 1.000510e-06
<GCONST> 5.757195e+01
<MIXTURE> 98 9.917808e-03
<MEAN> 25
 -1.702468e+00 1.043301e+00 -3.822766e-01 4.776547e+00 3.328979e+00 2.531327e+00 3.239612e+00 1.420433e+00 1.278448e+00 5.723558e-01 7.872967e-01 9.418631e-01 -1.772652e+00 -1.465474e+00 -1.000986e+00 5.857372e-02 6.627107e-01 8.826049e-01 1.152581e+00 1.413165e+00 1.640352e+00 1.031759e+00 1.242076e+00 9.547210e-01 -3.078915e-02
<VARIANCE> 25
 1.564265e+01 1.997473e+01 3.038800e+01 3.194957e+01 4.148999e+01 3.543286e+01 3.030932e+01 2.833382e+01 2.853460e+01 3.198080e+01 2.608387e+01 2.219334e+01 1.358510e+00 1.600447e+00 2.294123e+00 2.403724e+00 2.704617e+00 3.066149e+00 2.856619e+00 2.777493e+00 2.764003e+00 2.994045e+00 2.825304e+00 2.028002e+00 2.606666e-03
<GCONST> 9.037546e+01
<MIXTURE> 99 6.696178e-03
<MEAN> 25
 -5.872291e+00 9.499092e+00 4.747339e+00 4.139002e+00 8.660066e-01 -5.957973e+00 -1.682649e+00 -3.464481e+00 -2.229771e+00 -3.579432e+00 -8.475755e-01 1.103778e+00 7.022324e-01 -8.064060e-01 2.245223e-01 -4.085226e-01 -1.017161e+00 -7.686624e-01 -4.038809e-01 -2.959025e-01 -1.918922e-02 -8.958592e-02 1.347158e-01 3.583833e-01 8.832363e-03
<VARIANCE> 25
 3.884496e+01 2.358846e+01 5.820046e+01 2.994447e+01 3.151783e+01 3.702567e+01 2.540840e+01 3.025317e+01 3.168186e+01 2.423701e+01 2.210567e+01 3.097038e+01 2.079361e+00 1.716853e+00 1.311416e+00 1.577946e+00 2.365004e+00 2.630959e+00 1.475059e+00 1.665417e+00 1.426874e+00 1.430783e+00 1.277464e+00 1.918423e+00 1.399154e-03
<GCONST> 8.687473e+01
<MIXTURE> 100 4.498084e-03
<MEAN> 25
 -2.080775e+00 5.923019e+00 9.978232e+00 -8.102707e+00 -1.033049e+01 -4.876405e+00 -4.936052e+00 -9.217196e+00 -5.158414e+00 -1.420465e+00 -3.436365e+00 -3.278605e+00 2.860626e+00 -1.498305e+00 1.569499e+00 -2.646299e+00 -3.457961e+00 -6.985790e-01 -1.462432e+00 -3.052158e-01 -1.711097e+00 2.713008e-01 -1.759642e+00 -5.672933e-01 3.125052e-03
<VARIANCE> 25
 1.263790e+01 1.927867e+01 1.961316e+01 2.818395e+01 2.056175e+01 2.055258e+01 2.458323e+01 2.465869e+01 2.723098e+01 2.125689e+01 2.165068e+01 2.019369e+01 1.576020e+00 3.624368e+00 2.907637e+00 4.605589e+00 3.693201e+00 3.900051e+00 3.830004e+00 5.134151e+00 3.782375e+00 3.355082e+00 3.356003e+00 3.140765e+00 1.433028e-03
<GCONST> 9.098418e+01
<MIXTURE> 101 6.007792e-03
<MEAN> 25
 8.107217e+00 -3.520341e+00 -6.274488e+00 -6.847469e+00 8.447595e-01 -1.206056e+00 -1.054674e+01 -2.076848e+00 1.601554e+00 2.770076e+00 -2.371055e+00 -5.157607e+00 6.732605e-01 6.512114e-01 -1.444114e+00 -1.603804e+00 1.017333e+00 2.316935e+00 1.944489e-01 -1.463740e+00 -1.065537e+00 1.039382e+00 1.367624e+00 -4.208942e-01 -4.877703e-03
<VARIANCE> 25
 9.257738e+00 1.687686e+01 3.007430e+01 4.269031e+01 3.609936e+01 3.630405e+01 3.726379e+01 3.618040e+01 3.779512e+01 4.449196e+01 5.161830e+01 2.420755e+01 2.935057e-01 6.680903e-01 1.204821e+00 1.557186e+00 1.731145e+00 2.088196e+00 2.078672e+00 1.990095e+00 2.339367e+00 2.209005e+00 1.786311e+00 1.933266e+00 3.445493e-04
<GCONST> 8.371226e+01
<MIXTURE> 102 6.007792e-03
<MEAN> 25
 8.107217e+00 -3.520341e+00 -6.274488e+00 -6.847469e+00 8.447595e-01 -1.206056e+00 -1.054674e+01 -2.076848e+00 1.601554e+00 2.770076e+00 -2.371055e+00 -5.157607e+00 6.732605e-01 6.512114e-01 -1.444114e+00 -1.603804e+00 1.017333e+00 2.316935e+00 1.944489e-01 -1.463740e+00 -1.065537e+00 1.039382e+00 1.367624e+00 -4.208942e-01 -4.877703e-03
<VARIANCE> 25
 9.257738e+00 1.687686e+01 3.007430e+01 4.269031e+01 3.609936e+01 3.630405e+01 3.726379e+01 3.618040e+01 3.779512e+01 4.449196e+01 5.161830e+01 2.420755e+01 2.935057e-01 6.680903e-01 1.204821e+00 1.557186e+00 1.731145e+00 2.088196e+00 2.078672e+00 1.990095e+00 2.339367e+00 2.209005e+00 1.786311e+00 1.933266e+00 3.445493e-04
<GCONST> 8.371226e+01
<MIXTURE> 103 5.694618e-03
<MEAN> 25
 3.391839e+00 -9.500853e+00 -6.140558e+00 -3.104832e+00 -1.228677e+00 -1.980854e+00 2.430815e+00 2.547401e+00 -4.569187e+00 -9.211801e+00 -5.066588e+00 3.615499e-01 -1.533671e-01 -1.492085e+00 -9.700722e-01 3.741581e-01 1.213324e+00 1.022597e+00 1.628265e-01 -2.658294e-01 -7.725600e-01 -9.234334e-01 -2.572408e-02 1.173363e-01 2.689622e-02
<VARIANCE> 25
 1.040899e+01 2.032751e+01 2.280230e+01 3.157026e+01 5.006103e+01 3.485571e+01 4.619090e+01 3.669986e+01 4.228844e+01 2.962183e+01 2.996149e+01 2.627407e+01 6.463205e-01 1.248876e+00 1.554058e+00 1.931707e+00 2.914205e+00 2.400008e+00 2.879950e+00 2.564789e+00 2.567346e+00 2.620439e+00 2.104050e+00 2.008743e+00 8.043511e-04
<GCONST> 8.763407e+01
<MIXTURE> 104 5.694618e-03
<MEAN> 25
 3.391839e+00 -9.500853e+00 -6.140558e+00 -3.104832e+00 -1.228677e+00 -1.980854e+00 2.430815e+00 2.547401e+00 -4.569187e+00 -9.211801e+00 -5.066588e+00 3.615499e-01 -1.533671e-01 -1.492085e+00 -9.700722e-01 3.741581e-01 1.213324e+00 1.022597e+00 1.628265e-01 -2.658294e-01 -7.725600e-01 -9.234334e-01 -2.572408e-02 1.173363e-01 2.689622e-02
<VARIANCE> 25
 1.040899e+01 2.032751e+01 2.280230e+01 3.157026e+01 5.006103e+01 3.485571e+01 4.619090e+01 3.669986e+01 4.228844e+01 2.962183e+01 2.996149e+01 2.627407e+01 6.463205e-01 1.248876e+00 1.554058e+00 1.931707e+00 2.914205e+00 2.400008e+00 2.879950e+00 2.564789e+00 2.567346e+00 2.620439e+00 2.104050e+00 2.008743e+00 8.043511e-04
<GCONST> 8.763407e+01
<MIXTURE> 105 4.710235e-03
<MEAN> 25
 2.241373e+00 -1.507051e+00 9.248819e+00 -2.710367e+00 -1.157168e+01 -4.987859e+00 -4.173397e+00 -7.803395e-01 -3.818046e+00 -3.173949e+00 1.522549e+00 -1.170657e+00 8.781249e-03 3.141970e-02 4.877880e-02 -4.578435e-02 2.731198e-03 5.003614e-02 -1.070477e-02 4.548820e-02 -3.483859e-02 2.962815e-02 2.583816e-02 -2.871602e-02 -2.201992e-03
<VARIANCE> 25
 1.341066e+01 2.874012e+01 4.083343e+01 4.478392e+01 3.799752e+01 5.396885e+01 4.107050e+01 4.332053e+01 3.963140e+01 4.277293e+01 4.179546e+01 3.076796e+01 8.425540e-02 1.858988e-01 3.413784e-01 2.902999e-01 3.725356e-01 4.294596e-01 4.691622e-01 4.969890e-01 4.944223e-01 4.424923e-01 4.230920e-01 3.968579e-01 8.896982e-05
<GCONST> 6.672928e+01
<MIXTURE> 106 4.710235e-03
<MEAN> 25
 2.241373e+00 -1.507051e+00 9.248819e+00 -2.710367e+00 -1.157168e+01 -4.987859e+00 -4.173397e+00 -7.803395e-01 -3.818046e+00 -3.173949e+00 1.522549e+00 -1.170657e+00 8.781249e-03 3.141970e-02 4.877880e-02 -4.578435e-02 2.731198e-03 5.003614e-02 -1.070477e-02 4.548820e-02 -3.483859e-02 2.962815e-02 2.583816e-02 -2.871602e-02 -2.201992e-03
<VARIANCE> 25
 1.341066e+01 2.874012e+01 4.083343e+01 4.478392e+01 3.799752e+01 5.396885e+01 4.107050e+01 4.332053e+01 3.963140e+01 4.277293e+01 4.179546e+01 3.076796e+01 8.425540e-02 1.858988e-01 3.413784e-01 2.902999e-01 3.725356e-01 4.294596e-01 4.691622e-01 4.969890e-01 4.944223e-01 4.424923e-01 4.230920e-01 3.968579e-01 8.896982e-05
<GCONST> 6.672928e+01
<MIXTURE> 107 5.452374e-03
<MEAN> 25
 8.940224e+00 -3.259490e+00 -7.503580e+00 -8.965547e+00 1.705662e+00 3.826578e+00 -8.516912e+00 -4.506518e+00 -5.943714e-01 3.922117e+00 1.047035e+00 -5.286145e+00 -5.942957e-01 -6.514902e-01 6.528983e-01 1.670565e+00 3.492212e-01 -2.185864e+00 -9.055519e-01 1.073953e+00 1.736500e+00 -6.057134e-02 -1.618265e+00 -6.711088e-01 -1.563546e-03
<VARIANCE> 25
 9.356716e+00 2.882477e+01 2.912362e+01 4.284453e+01 3.358561e+01 4.297285e+01 4.839399e+01 3.531828e+01 4.314428e+01 4.294958e+01 4.817342e+01 2.839215e+01 3.581070e-01 1.101370e+00 1.688225e+00 2.321512e+00 2.269344e+00 2.973130e+00 2.518111e+00 2.865329e+00 2.133806e+00 3.062413e+00 1.913606e+00 2.381722e+00 6.608691e-04
<GCONST> 8.853011e+01
<MIXTURE> 108 5.452374e-03
<MEAN> 25
 8.940224e+00 -3.259490e+00 -7.503580e+00 -8.965547e+00 1.705662e+00 3.826578e+00 -8.516912e+00 -4.506518e+00 -5.943714e-01 3.922117e+00 1.047035e+00 -5.286145e+00 -5.942957e-01 -6.514902e-01 6.528983e-01 1.670565e+00 3.492212e-01 -2.185864e+00 -9.055519e-01 1.073953e+00 1.736500e+00 -6.057134e-02 -1.618265e+00 -6.711088e-01 -1.563546e-03
<VARIANCE> 25
 9.356716e+00 2.882477e+01 2.912362e+01 4.284453e+01 3.358561e+01 4.297285e+01 4.839399e+01 3.531828e+01 4.314428e+01 4.294958e+01 4.817342e+01 2.839215e+01 3.581070e-01 1.101370e+00 1.688225e+00 2.321512e+00 2.269344e+00 2.973130e+00 2.518111e+00 2.865329e+00 2.133806e+00 3.062413e+00 1.913606e+00 2.381722e+00 6.608691e-04
<GCONST> 8.853011e+01
<MIXTURE> 109 6.661064e-03
<MEAN> 25
 4.084095e+00 -1.055572e+01 -8.307674e+00 -1.360695e+00 2.760294e+00 -4.632776e-02 -7.198662e-02 1.461146e+00 -2.569897e+00 -8.368991e+00 -5.385473e+00 6.483117e-02 -3.326133e-02 -1.326156e-01 -3.232066e-02 2.499210e-01 1.967171e-01 1.192905e-01 -1.254557e-01 -1.047185e-01 -4.099824e-02 -1.308431e-01 2.201785e-01 1.163456e-02 -3.516352e-03
<VARIANCE> 25
 9.097717e+00 1.817795e+01 1.998885e+01 3.142568e+01 4.087472e+01 3.676283e+01 4.661767e+01 3.438379e+01 4.605834e+01 3.538617e+01 2.957001e+01 2.816608e+01 1.930239e-01 4.232566e-01 5.387903e-01 6.356234e-01 1.231023e+00 9.947320e-01 1.257828e+00 1.094047e+00 1.118429e+00 9.535844e-01 8.792044e-01 8.854842e-01 1.819675e-04
<GCONST> 7.446152e+01
<MIXTURE> 110 6.661064e-03
<MEAN> 25
 4.084095e+00 -1.055572e+01 -8.307674e+00 -1.360695e+00 2.760294e+00 -4.632776e-02 -7.198662e-02 1.461146e+00 -2.569897e+00 -8.368991e+00 -5.385473e+00 6.483117e-02 -3.326133e-02 -1.326156e-01 -3.232066e-02 2.499210e-01 1.967171e-01 1.192905e-01 -1.254557e-01 -1.047185e-01 -4.099824e-02 -1.308431e-01 2.201785e-01 1.163456e-02 -3.516352e-03
<VARIANCE> 25
 9.097717e+00 1.817795e+01 1.998885e+01 3.142568e+01 4.087472e+01 3.676283e+01 4.661767e+01 3.438379e+01 4.605834e+01 3.538617e+01 2.957001e+01 2.816608e+01 1.930239e-01 4.232566e-01 5.387903e-01 6.356234e-01 1.231023e+00 9.947320e-01 1.257828e+00 1.094047e+00 1.118429e+00 9.535844e-01 8.792044e-01 8.854842e-01 1.819675e-04
<GCONST> 7.446152e+01
<MIXTURE> 111 4.337247e-03
<MEAN> 25
 -4.436715e+00 -9.293033e-01 -1.700627e+00 1.735260e+00 9.986479e-01 1.010425e+00 3.006621e-01 1.259719e-01 4.280568e-02 -6.179127e-01 -6.286183e-01 1.927502e+00 -2.763518e-02 -3.629539e-02 -8.104785e-02 -8.076214e-02 -4.727257e-02 -1.878414e-02 -1.268716e-02 -6.573548e-02 -1.322258e-01 -1.987284e-01 -1.915636e-01 -1.191356e-01 -2.352534e-04
<VARIANCE> 25
 7.000762e+00 4.944813e+00 1.010060e+01 9.432546e+00 1.300742e+01 2.366251e+01 1.447905e+01 1.349160e+01 1.158925e+01 1.215718e+01 1.344058e+01 1.152454e+01 8.109013e-02 1.623206e-01 2.767513e-01 4.183391e-01 5.685288e-01 7.399999e-01 7.988893e-01 8.493416e-01 8.851645e-01 8.454167e-01 8.503356e-01 8.473287e-01 2.203541e-05
<GCONST> 5.596233e+01
<MIXTURE> 112 4.337247e-03
<MEAN> 25
 -4.436715e+00 -9.293033e-01 -1.700627e+00 1.735260e+00 9.986479e-01 1.010425e+00 3.006621e-01 1.259719e-01 4.280568e-02 -6.179127e-01 -6.286183e-01 1.927502e+00 -2.763518e-02 -3.629539e-02 -8.104785e-02 -8.076214e-02 -4.727257e-02 -1.878414e-02 -1.268716e-02 -6.573548e-02 -1.322258e-01 -1.987284e-01 -1.915636e-01 -1.191356e-01 -2.352534e-04
<VARIANCE> 25
 7.000762e+00 4.944813e+00 1.010060e+01 9.432546e+00 1.300742e+01 2.366251e+01 1.447905e+01 1.349160e+01 1.158925e+01 1.215718e+01 1.344058e+01 1.152454e+01 8.109013e-02 1.623206e-01 2.767513e-01 4.183391e-01 5.685288e-01 7.399999e-01 7.988893e-01 8.493416e-01 8.851645e-01 8.454167e-01 8.503356e-01 8.473287e-01 2.203541e-05
<GCONST> 5.596233e+01
<MIXTURE> 113 5.938666e-03
<MEAN> 25
 9.978737e+00 1.750053e+00 -8.776868e+00 -1.704275e+01 -1.033822e+00 5.661508e+00 -5.279060e+00 -1.468518e+00 -5.693695e+00 -4.867386e-01 2.994415e-01 -2.010484e-01 4.935858e-03 1.401923e-02 -5.956525e-02 -1.133099e-01 1.040492e-01 1.506166e-01 5.934035e-02 3.567347e-02 -5.685440e-02 -5.116746e-02 1.794107e-01 3.523282e-02 -1.412843e-03
<VARIANCE> 25
 8.868482e+00 1.645199e+01 2.971898e+01 3.425191e+01 5.271883e+01 3.386355e+01 3.970231e+01 3.914392e+01 3.737334e+01 4.651344e+01 3.628514e+01 2.846072e+01 1.217840e-01 3.205805e-01 3.160770e-01 6.312535e-01 6.128267e-01 6.534626e-01 7.763256e-01 8.453464e-01 9.591298e-01 9.050050e-01 7.244701e-01 7.133198e-01 1.247636e-04
<GCONST> 7.110997e+01
<MIXTURE> 114 5.938666e-03
<MEAN> 25
 9.978737e+00 1.750053e+00 -8.776868e+00 -1.704275e+01 -1.033822e+00 5.661508e+00 -5.279060e+00 -1.468518e+00 -5.693695e+00 -4.867386e-01 2.994415e-01 -2.010484e-01 4.935858e-03 1.401923e-02 -5.956525e-02 -1.133099e-01 1.040492e-01 1.506166e-01 5.934035e-02 3.567347e-02 -5.685440e-02 -5.116746e-02 1.794107e-01 3.523282e-02 -1.412843e-03
<VARIANCE> 25
 8.868482e+00 1.645199e+01 2.971898e+01 3.425191e+01 5.271883e+01 3.386355e+01 3.970231e+01 3.914392e+01 3.737334e+01 4.651344e+01 3.628514e+01 2.846072e+01 1.217840e-01 3.205805e-01 3.160770e-01 6.312535e-01 6.128267e-01 6.534626e-01 7.763256e-01 8.453464e-01 9.591298e-01 9.050050e-01 7.244701e-01 7.133198e-01 1.247636e-04
<GCONST> 7.110997e+01
<MIXTURE> 115 2.935202e-03
<MEAN> 25
 -3.959139e+00 -8.110647e-01 -3.015681e+00 3.703032e+00 2.445705e+00 -2.754504e-01 2.140354e+00 2.071343e-01 1.238416e+00 -2.155913e-01 2.168402e-02 2.577475e+00 1.457105e-02 -7.971162e-02 -2.459540e-01 -4.437149e-01 -6.373948e-01 -7.072055e-01 -6.000340e-01 -5.099913e-01 -4.561672e-01 -4.384394e-01 -3.419909e-01 -1.926890e-01 -5.804814e-05
<VARIANCE> 25
 9.117449e+00 9.662333e+00 1.334118e+01 1.235415e+01 1.308073e+01 1.766413e+01 1.679139e+01 2.135291e+01 1.799746e+01 1.776328e+01 1.858351e+01 1.454132e+01 2.055376e-01 3.361356e-01 4.764357e-01 5.440980e-01 6.140554e-01 8.112204e-01 9.772604e-01 1.094262e+00 1.067161e+00 9.717587e-01 9.924310e-01 1.052405e+00 1.054584e-06
<GCONST> 5.988681e+01
<MIXTURE> 116 2.935202e-03
<MEAN> 25
 -3.959139e+00 -8.110647e-01 -3.015681e+00 3.703032e+00 2.445705e+00 -2.754504e-01 2.140354e+00 2.071343e-01 1.238416e+00 -2.155913e-01 2.168402e-02 2.577475e+00 1.457105e-02 -7.971162e-02 -2.459540e-01 -4.437149e-01 -6.373948e-01 -7.072055e-01 -6.000340e-01 -5.099913e-01 -4.561672e-01 -4.384394e-01 -3.419909e-01 -1.926890e-01 -5.804814e-05
<VARIANCE> 25
 9.117449e+00 9.662333e+00 1.334118e+01 1.235415e+01 1.308073e+01 1.766413e+01 1.679139e+01 2.135291e+01 1.799746e+01 1.776328e+01 1.858351e+01 1.454132e+01 2.055376e-01 3.361356e-01 4.764357e-01 5.440980e-01 6.140554e-01 8.112204e-01 9.772604e-01 1.094262e+00 1.067161e+00 9.717587e-01 9.924310e-01 1.052405e+00 1.054584e-06
<GCONST> 5.988681e+01
<MIXTURE> 117 6.506003e-03
<MEAN> 25
 -4.644118e+00 1.117546e+00 1.054715e+00 9.758177e+00 6.259706e+00 6.257134e+00 6.463216e+00 5.044019e+00 6.384500e+00 4.928555e+00 6.366987e+00 2.710035e+00 -7.508680e-02 -2.341637e-01 -3.583879e-01 -4.199857e-01 -3.675717e-01 -3.029177e-01 -2.874623e-01 -3.316008e-01 -3.917973e-01 -3.690738e-01 -2.632078e-01 -1.160576e-01 -9.426915e-06
<VARIANCE> 25
 7.188729e+00 8.752805e+00 9.808886e+00 1.430749e+01 1.561791e+01 1.535202e+01 1.772475e+01 1.796149e+01 1.641447e+01 1.637360e+01 1.673954e+01 1.475193e+01 2.166181e-01 3.074818e-01 4.261077e-01 6.170623e-01 8.536092e-01 1.055641e+00 1.177621e+00 1.232982e+00 1.223853e+00 1.194831e+00 1.167192e+00 1.113631e+00 1.001271e-06
<GCONST> 6.043071e+01
<MIXTURE> 118 6.506003e-03
<MEAN> 25
 -4.644118e+00 1.117546e+00 1.054715e+00 9.758177e+00 6.259706e+00 6.257134e+00 6.463216e+00 5.044019e+00 6.384500e+00 4.928555e+00 6.366987e+00 2.710035e+00 -7.508680e-02 -2.341637e-01 -3.583879e-01 -4.199857e-01 -3.675717e-01 -3.029177e-01 -2.874623e-01 -3.316008e-01 -3.917973e-01 -3.690738e-01 -2.632078e-01 -1.160576e-01 -9.426915e-06
<VARIANCE> 25
 7.188729e+00 8.752805e+00 9.808886e+00 1.430749e+01 1.561791e+01 1.535202e+01 1.772475e+01 1.796149e+01 1.641447e+01 1.637360e+01 1.673954e+01 1.475193e+01 2.166181e-01 3.074818e-01 4.261077e-01 6.170623e-01 8.536092e-01 1.055641e+00 1.177621e+00 1.232982e+00 1.223853e+00 1.194831e+00 1.167192e+00 1.113631e+00 1.001271e-06
<GCONST> 6.043071e+01
<MIXTURE> 119 4.297961e-03
<MEAN> 25
 -4.975127e+00 -7.633627e+00 2.231572e+00 2.017060e+00 2.239713e+00 2.088160e-01 5.275153e+00 5.939091e+00 1.165790e+00 9.674374e-01 6.613708e+00 1.569994e+00 -5.006125e-02 -7.934654e-02 3.728660e-02 -5.722113e-02 -1.260976e-01 -1.799655e-01 -6.911412e-02 -1.409041e-02 -9.200235e-02 -1.121568e-01 -5.508839e-02 -5.821222e-02 1.110313e-03
<VARIANCE> 25
 8.505163e+00 9.820126e+00 1.656323e+01 2.018371e+01 2.286481e+01 2.321486e+01 2.499519e+01 2.648639e+01 2.503695e+01 2.807148e+01 2.040152e+01 2.040808e+01 1.604678e-01 2.824748e-01 4.597657e-01 6.327889e-01 8.035123e-01 1.004092e+00 1.100085e+00 1.277992e+00 1.285890e+00 1.245750e+00 1.192753e+00 1.112467e+00 2.316343e-04
<GCONST> 6.972164e+01
<MIXTURE> 120 4.297961e-03
<MEAN> 25
 -4.975127e+00 -7.633627e+00 2.231572e+00 2.017060e+00 2.239713e+00 2.088160e-01 5.275153e+00 5.939091e+00 1.165790e+00 9.674374e-01 6.613708e+00 1.569994e+00 -5.006125e-02 -7.934654e-02 3.728660e-02 -5.722113e-02 -1.260976e-01 -1.799655e-01 -6.911412e-02 -1.409041e-02 -9.200235e-02 -1.121568e-01 -5.508839e-02 -5.821222e-02 1.110313e-03
<VARIANCE> 25
 8.505163e+00 9.820126e+00 1.656323e+01 2.018371e+01 2.286481e+01 2.321486e+01 2.499519e+01 2.648639e+01 2.503695e+01 2.807148e+01 2.040152e+01 2.040808e+01 1.604678e-01 2.824748e-01 4.597657e-01 6.327889e-01 8.035123e-01 1.004092e+00 1.100085e+00 1.277992e+00 1.285890e+00 1.245750e+00 1.192753e+00 1.112467e+00 2.316343e-04
<GCONST> 6.972164e+01
<MIXTURE> 121 4.567511e-03
<MEAN> 25
 1.402297e-01 -2.357605e+00 5.558699e+00 -1.332612e+01 -1.224370e+01 -1.913466e+00 5.394210e-01 -4.738158e+00 -4.696737e+00 -5.011735e-01 -5.971079e+00 -4.281934e+00 6.716330e-02 9.803581e-02 -4.973721e-02 1.244599e-01 1.256980e-01 -5.509982e-02 -8.670431e-02 -2.706322e-01 -2.297291e-01 -2.165290e-01 -2.563380e-03 1.198305e-01 -7.532665e-03
<VARIANCE> 25
 7.224857e+00 1.484371e+01 1.790401e+01 2.095890e+01 2.454412e+01 2.808494e+01 2.987782e+01 2.473186e+01 3.554168e+01 2.640439e+01 2.111707e+01 1.971634e+01 1.747664e-01 6.122147e-01 5.862158e-01 6.995887e-01 7.453463e-01 1.273377e+00 1.050855e+00 1.162566e+00 1.158816e+00 1.145147e+00 1.098292e+00 1.005553e+00 1.976341e-04
<GCONST> 7.144113e+01
<MIXTURE> 122 4.567511e-03
<MEAN> 25
 1.402297e-01 -2.357605e+00 5.558699e+00 -1.332612e+01 -1.224370e+01 -1.913466e+00 5.394210e-01 -4.738158e+00 -4.696737e+00 -5.011735e-01 -5.971079e+00 -4.281934e+00 6.716330e-02 9.803581e-02 -4.973721e-02 1.244599e-01 1.256980e-01 -5.509982e-02 -8.670431e-02 -2.706322e-01 -2.297291e-01 -2.165290e-01 -2.563380e-03 1.198305e-01 -7.532665e-03
<VARIANCE> 25
 7.224857e+00 1.484371e+01 1.790401e+01 2.095890e+01 2.454412e+01 2.808494e+01 2.987782e+01 2.473186e+01 3.554168e+01 2.640439e+01 2.111707e+01 1.971634e+01 1.747664e-01 6.122147e-01 5.862158e-01 6.995887e-01 7.453463e-01 1.273377e+00 1.050855e+00 1.162566e+00 1.158816e+00 1.145147e+00 1.098292e+00 1.005553e+00 1.976341e-04
<GCONST> 7.144113e+01
<MIXTURE> 123 4.393044e-03
<MEAN> 25
 -4.311182e+00 9.476384e-01 3.493736e-02 6.217559e+00 5.259696e+00 3.480014e+00 3.297742e+00 4.399277e-01 3.370894e-01 -5.808786e-01 9.818023e-03 8.159677e-01 -4.707843e-01 -7.803854e-01 -8.581092e-01 -6.284170e-01 -2.587716e-01 6.096331e-02 3.822032e-01 6.501369e-01 7.924564e-01 7.709492e-01 7.186366e-01 5.360481e-01 -2.954087e-03
<VARIANCE> 25
 1.090253e+01 1.019295e+01 1.633875e+01 1.726921e+01 2.187114e+01 2.739323e+01 2.177006e+01 1.884061e+01 1.956103e+01 1.775858e+01 2.214650e+01 1.958227e+01 3.856733e-01 3.685974e-01 5.151291e-01 7.246522e-01 9.720608e-01 1.149792e+00 1.207479e+00 1.190240e+00 1.166438e+00 1.175703e+00 1.204988e+00 1.210321e+00 9.982032e-05
<GCONST> 6.965358e+01
<MIXTURE> 124 4.069876e-03
<MEAN> 25
 -6.565237e+00 -1.210946e+00 -2.923428e+00 5.106550e+00 4.972241e+00 3.390159e+00 5.390481e+00 2.565533e+00 3.193307e+00 1.279148e+00 1.127592e+00 3.043617e+00 -2.048201e-01 -3.230872e-01 -3.621612e-01 -2.167440e-01 1.279445e-01 5.195858e-01 8.104814e-01 8.601305e-01 6.548391e-01 3.274823e-01 7.229110e-02 -2.488876e-02 4.164617e-05
<VARIANCE> 25
 1.101113e+01 6.983008e+00 1.114540e+01 1.243300e+01 1.210683e+01 1.982025e+01 1.551563e+01 1.706986e+01 1.544385e+01 1.607264e+01 1.920384e+01 1.444073e+01 1.048436e-01 1.681415e-01 2.702887e-01 4.177236e-01 5.929967e-01 7.066273e-01 7.480786e-01 8.140976e-01 9.084254e-01 9.810254e-01 1.008161e+00 9.928315e-01 1.799301e-05
<GCONST> 5.879485e+01
<MIXTURE> 125 4.069876e-03
<MEAN> 25
 -6.565237e+00 -1.210946e+00 -2.923428e+00 5.106550e+00 4.972241e+00 3.390159e+00 5.390481e+00 2.565533e+00 3.193307e+00 1.279148e+00 1.127592e+00 3.043617e+00 -2.048201e-01 -3.230872e-01 -3.621612e-01 -2.167440e-01 1.279445e-01 5.195858e-01 8.104814e-01 8.601305e-01 6.548391e-01 3.274823e-01 7.229110e-02 -2.488876e-02 4.164617e-05
<VARIANCE> 25
 1.101113e+01 6.983008e+00 1.114540e+01 1.243300e+01 1.210683e+01 1.982025e+01 1.551563e+01 1.706986e+01 1.544385e+01 1.607264e+01 1.920384e+01 1.444073e+01 1.048436e-01 1.681415e-01 2.702887e-01 4.177236e-01 5.929967e-01 7.066273e-01 7.480786e-01 8.140976e-01 9.084254e-01 9.810254e-01 1.008161e+00 9.928315e-01 1.799301e-05
<GCONST> 5.879485e+01
<MIXTURE> 126 2.402244e-03
<MEAN> 25
 -3.789731e+00 -6.937914e+00 -5.282341e+00 2.320398e+00 4.276404e+00 -3.241153e+00 6.925980e-02 3.552905e+00 3.339605e+00 -2.697803e+00 -1.428491e+00 3.055363e+00 -2.263666e-03 -6.568913e-03 -3.583861e-02 -1.582698e-01 -3.186674e-01 -3.894521e-01 -2.737349e-01 -1.576322e-01 -1.132281e-01 -1.154306e-01 -9.800508e-02 -3.077553e-02 -1.473941e-03
<VARIANCE> 25
 7.429555e+00 1.262012e+01 1.383709e+01 1.512521e+01 2.466641e+01 2.369297e+01 2.273569e+01 2.841681e+01 3.128356e+01 2.623677e+01 2.176269e+01 1.918616e+01 1.706421e-01 3.518563e-01 4.831600e-01 5.669259e-01 7.535502e-01 9.957473e-01 1.122041e+00 1.262236e+00 1.328769e+00 1.310556e+00 1.213524e+00 1.147115e+00 2.107987e-04
<GCONST> 6.979161e+01
<MIXTURE> 127 2.402244e-03
<MEAN> 25
 -3.789731e+00 -6.937914e+00 -5.282341e+00 2.320398e+00 4.276404e+00 -3.241153e+00 6.925980e-02 3.552905e+00 3.339605e+00 -2.697803e+00 -1.428491e+00 3.055363e+00 -2.263666e-03 -6.568913e-03 -3.583861e-02 -1.582698e-01 -3.186674e-01 -3.894521e-01 -2.737349e-01 -1.576322e-01 -1.132281e-01 -1.154306e-01 -9.800508e-02 -3.077553e-02 -1.473941e-03
<VARIANCE> 25
 7.429555e+00 1.262012e+01 1.383709e+01 1.512521e+01 2.466641e+01 2.369297e+01 2.273569e+01 2.841681e+01 3.128356e+01 2.623677e+01 2.176269e+01 1.918616e+01 1.706421e-01 3.518563e-01 4.831600e-01 5.669259e-01 7.535502e-01 9.957473e-01 1.122041e+00 1.262236e+00 1.328769e+00 1.310556e+00 1.213524e+00 1.147115e+00 2.107987e-04
<GCONST> 6.979161e+01
<MIXTURE> 128 3.790457e-03
<MEAN> 25
 -3.915932e+00 1.533310e+00 -3.228055e-01 6.545278e+00 3.581662e+00 1.854604e+00 3.561466e+00 2.329433e+00 3.986586e+00 3.699856e+00 3.759411e+00 3.545967e+00 -3.936692e-01 -1.942096e-01 1.023508e-01 7.185892e-01 1.180755e+00 1.119449e+00 6.978520e-01 1.179982e-01 -4.330470e-01 -7.885468e-01 -6.966771e-01 -3.891616e-01 -3.500244e-05
<VARIANCE> 25
 1.020142e+01 1.171422e+01 1.512508e+01 1.953069e+01 2.016209e+01 2.208714e+01 2.422646e+01 2.486797e+01 2.635574e+01 2.376974e+01 2.668877e+01 1.827778e+01 9.072689e-01 1.157232e+00 1.362175e+00 1.505347e+00 1.573453e+00 1.894190e+00 2.314970e+00 2.339978e+00 2.142037e+00 1.845948e+00 1.750716e+00 1.749285e+00 9.967491e-07
<GCONST> 7.377209e+01
<TRANSP> 3
 0.000000e+00 1.000000e+00 0.000000e+00
 0.000000e+00 9.999990e-01 9.999998e-07
 0.000000e+00 0.000000e+00 0.000000e+00
<ENDHMM>
