~o
<STREAMINFO> 1 25
<VECSIZE> 25<NULLD><MFCC_E_D_N><DIAGC>
~h "jmodel"
<BEGINHMM>
<NUMSTATES> 3
<STATE> 2
<NUMMIXES> 128
<MIXTURE> 1 5.748963e-03
<MEAN> 25
 -2.585662e+00 3.183731e+00 2.311558e+00 8.757575e+00 4.370660e+00 3.448623e+00 4.066260e+00 3.930294e+00 5.831078e+00 5.251854e+00 5.881804e+00 3.080044e+00 -2.003799e+00 -1.634584e+00 -8.643004e-01 1.075080e+00 1.560553e+00 2.231334e+00 2.153786e+00 2.085347e+00 1.693286e+00 1.269039e+00 1.566773e+00 6.136009e-01 -4.690143e-02
<VARIANCE> 25
 1.006855e+01 1.176801e+01 1.494304e+01 1.867961e+01 2.319398e+01 2.215948e+01 2.190801e+01 2.203107e+01 2.100733e+01 2.254068e+01 2.095992e+01 1.708359e+01 1.789933e+00 2.111672e+00 3.026595e+00 3.212852e+00 3.738186e+00 3.358423e+00 3.318833e+00 3.379407e+00 3.521599e+00 3.726535e+00 3.513364e+00 2.833421e+00 3.121619e-03
<GCONST> 8.847048e+01
<MIXTURE> 2 4.549242e-03
<MEAN> 25
 -4.875692e+00 1.311742e+00 9.943470e-01 9.899803e+00 6.692288e+00 7.424638e+00 7.847108e+00 6.957965e+00 8.373226e+00 6.372974e+00 7.624331e+00 3.074754e+00 -6.199988e-02 4.161788e-02 1.425233e-01 2.258471e-01 2.652852e-01 2.813537e-01 2.954265e-01 3.195606e-01 3.497568e-01 3.089126e-01 1.971643e-01 8.006483e-02 1.267115e-06
<VARIANCE> 25
 6.952266e+00 8.901850e+00 1.065115e+01 1.591080e+01 1.723565e+01 1.556294e+01 1.689885e+01 1.848698e+01 1.658669e+01 1.738621e+01 1.811059e+01 1.434019e+01 1.252496e-01 2.266257e-01 3.364722e-01 4.671346e-01 6.492738e-01 8.148924e-01 9.298705e-01 1.003169e+00 1.051651e+00 1.077764e+00 1.075662e+00 1.013924e+00 1.000137e-06
<GCONST> 5.804316e+01
<MIXTURE> 3 4.549242e-03
<MEAN> 25
 -4.875692e+00 1.311742e+00 9.943470e-01 9.899803e+00 6.692288e+00 7.424638e+00 7.847108e+00 6.957965e+00 8.373226e+00 6.372974e+00 7.624331e+00 3.074754e+00 -6.199988e-02 4.161788e-02 1.425233e-01 2.258471e-01 2.652852e-01 2.813537e-01 2.954265e-01 3.195606e-01 3.497568e-01 3.089126e-01 1.971643e-01 8.006483e-02 1.267115e-06
<VARIANCE> 25
 6.952266e+00 8.901850e+00 1.065115e+01 1.591080e+01 1.723565e+01 1.556294e+01 1.689885e+01 1.848698e+01 1.658669e+01 1.738621e+01 1.811059e+01 1.434019e+01 1.252496e-01 2.266257e-01 3.364722e-01 4.671346e-01 6.492738e-01 8.148924e-01 9.298705e-01 1.003169e+00 1.051651e+00 1.077764e+00 1.075662e+00 1.013924e+00 1.000137e-06
<GCONST> 5.804316e+01
<MIXTURE> 4 1.671429e-02
<MEAN> 25
 3.176909e+00 2.032823e+00 -3.889601e+00 6.996872e-01 4.772609e+00 1.014879e-01 -4.148679e-01 -1.419299e-01 1.615100e+00 1.164072e+00 -1.978472e+00 1.751996e-01 -2.586398e+00 1.455563e+00 1.442634e+00 3.085181e+00 1.049078e+00 6.639642e-01 1.769955e+00 6.643285e-01 9.370946e-01 2.956085e-01 1.193336e+00 8.022156e-01 -1.029198e-01
<VARIANCE> 25
 2.021855e+01 3.201489e+01 2.732683e+01 3.784919e+01 4.546809e+01 6.878814e+01 6.485620e+01 4.989466e+01 5.112903e+01 5.752161e+01 4.569367e+01 3.311359e+01 2.503245e+00 5.147366e+00 4.441627e+00 4.965796e+00 4.744429e+00 6.029368e+00 6.228851e+00 6.507463e+00 5.527415e+00 6.038519e+00 5.613303e+00 4.164240e+00 5.605659e-03
<GCONST> 1.049807e+02
<MIXTURE> 5 3.206198e-03
<MEAN> 25
 -3.417124e+00 2.181292e+00 6.104762e-01 9.428815e+00 6.697091e+00 6.316087e+00 7.112480e+00 4.723432e+00 5.495997e+00 3.848135e+00 4.658652e+00 2.606614e+00 -3.246489e-01 7.528989e-01 1.224844e+00 1.032669e+00 3.076725e-01 -1.001753e-01 -8.378793e-02 3.354761e-02 4.580160e-01 6.837502e-01 4.038862e-01 8.803672e-02 -2.771655e-05
<VARIANCE> 25
 1.025059e+01 1.394296e+01 2.348663e+01 2.561708e+01 2.022128e+01 1.942519e+01 2.011361e+01 2.035939e+01 2.141926e+01 2.128350e+01 2.409771e+01 1.636018e+01 1.210090e+00 1.244381e+00 1.357131e+00 1.673520e+00 2.284818e+00 2.376345e+00 2.301544e+00 2.275354e+00 2.315568e+00 2.238201e+00 2.085590e+00 1.873948e+00 1.000000e-06
<GCONST> 7.516647e+01
<MIXTURE> 6 5.475854e-03
<MEAN> 25
 9.457344e+00 -6.057106e-01 -6.248002e+00 -1.056381e+01 -2.164689e+00 5.862278e+00 -5.399889e+00 -4.552471e+00 -3.347285e+00 2.354153e+00 5.174317e+00 -1.287527e+00 4.538225e-01 8.744822e-01 -4.828613e-01 -1.595263e+00 -5.953312e-01 1.524092e+00 1.589243e+00 2.947280e-01 -1.145423e+00 -1.258019e+00 1.582174e-01 1.213980e+00 -4.991600e-03
<VARIANCE> 25
 8.466529e+00 1.542917e+01 2.281087e+01 3.689197e+01 3.324885e+01 3.324582e+01 4.202452e+01 3.755043e+01 3.685520e+01 3.714907e+01 3.957078e+01 2.540770e+01 3.029482e-01 7.840446e-01 9.876046e-01 1.895640e+00 1.441769e+00 2.207995e+00 1.912425e+00 1.855985e+00 2.261791e+00 1.777298e+00 2.214831e+00 1.298749e+00 6.063152e-04
<GCONST> 8.271555e+01
<MIXTURE> 7 5.475854e-03
<MEAN> 25
 9.457344e+00 -6.057106e-01 -6.248002e+00 -1.056381e+01 -2.164689e+00 5.862278e+00 -5.399889e+00 -4.552471e+00 -3.347285e+00 2.354153e+00 5.174317e+00 -1.287527e+00 4.538225e-01 8.744822e-01 -4.828613e-01 -1.595263e+00 -5.953312e-01 1.524092e+00 1.589243e+00 2.947280e-01 -1.145423e+00 -1.258019e+00 1.582174e-01 1.213980e+00 -4.991600e-03
<VARIANCE> 25
 8.466529e+00 1.542917e+01 2.281087e+01 3.689197e+01 3.324885e+01 3.324582e+01 4.202452e+01 3.755043e+01 3.685520e+01 3.714907e+01 3.957078e+01 2.540770e+01 3.029482e-01 7.840446e-01 9.876046e-01 1.895640e+00 1.441769e+00 2.207995e+00 1.912425e+00 1.855985e+00 2.261791e+00 1.777298e+00 2.214831e+00 1.298749e+00 6.063152e-04
<GCONST> 8.271555e+01
<MIXTURE> 8 1.165917e-02
<MEAN> 25
 -4.819966e+00 1.383897e+00 1.223371e+00 9.635614e+00 6.531957e+00 6.121864e+00 6.568643e+00 5.579532e+00 6.741403e+00 5.466323e+00 6.443986e+00 3.223367e+00 -6.096110e-01 -1.438657e+00 -1.059803e+00 -1.735554e+00 -2.069412e-01 -9.354651e-01 -1.791640e-01 -2.453458e-01 -2.310992e-01 -1.702362e-01 -2.266517e-01 8.840563e-02 9.758119e-02
<VARIANCE> 25
 9.696941e+00 9.957450e+00 1.164592e+01 1.617318e+01 1.654342e+01 1.647071e+01 1.836861e+01 1.796061e+01 1.712721e+01 1.843318e+01 1.936194e+01 1.422512e+01 2.747442e+00 2.798383e+00 3.851629e+00 3.778831e+00 3.479696e+00 3.280785e+00 3.100251e+00 3.161477e+00 2.852255e+00 2.629892e+00 2.425406e+00 1.885593e+00 6.649229e-03
<GCONST> 8.649213e+01
<MIXTURE> 9 1.199672e-02
<MEAN> 25
 7.621226e+00 3.872545e+00 -5.606650e+00 -1.179010e+01 -2.955426e+00 5.328311e+00 -2.053814e+00 2.231061e-01 -3.724267e+00 -3.334617e+00 -7.750827e-01 -8.067874e-01 1.158666e+00 -6.498547e-01 -1.079324e-01 -3.045780e+00 -1.982639e+00 3.412245e-01 -1.854629e+00 3.665015e-01 -7.298281e-01 -1.094619e+00 7.776272e-01 3.452512e-01 7.657939e-02
<VARIANCE> 25
 1.170214e+01 2.112046e+01 2.667933e+01 4.447142e+01 4.667153e+01 3.254433e+01 5.151848e+01 4.165901e+01 3.539003e+01 4.360114e+01 2.585770e+01 1.938541e+01 1.588331e+00 2.248187e+00 3.667912e+00 3.899067e+00 3.917872e+00 4.729656e+00 4.571775e+00 4.478506e+00 4.649950e+00 3.957261e+00 2.580129e+00 2.183900e+00 1.713117e-03
<GCONST> 9.523521e+01
<MIXTURE> 10 6.596976e-03
<MEAN> 25
 8.038347e-01 7.636609e+00 5.360083e+00 7.158697e+00 1.557430e+00 -2.134176e+00 -4.851129e-01 -1.721440e+00 8.487349e-01 8.835627e-01 8.355120e-01 6.434374e-01 -1.918828e+00 -6.610761e-01 -4.570950e-01 3.016359e+00 2.454682e+00 2.692609e+00 2.364806e+00 2.273244e+00 1.863829e+00 1.540599e+00 2.325476e+00 5.325429e-01 -1.375583e-01
<VARIANCE> 25
 1.948887e+01 2.058475e+01 2.227880e+01 2.896845e+01 3.831665e+01 3.510220e+01 3.557568e+01 3.392855e+01 2.768275e+01 2.903344e+01 2.691321e+01 2.498582e+01 2.230794e+00 3.436123e+00 5.515674e+00 5.171187e+00 5.533551e+00 4.500515e+00 4.697540e+00 4.831582e+00 4.377674e+00 4.998148e+00 4.436152e+00 3.185256e+00 2.743471e-03
<GCONST> 9.747141e+01
<MIXTURE> 11 1.633820e-02
<MEAN> 25
 6.117418e+00 3.964933e+00 4.352375e+00 5.234011e+00 -3.418640e+00 -1.498426e+00 -2.046870e+00 -7.940734e+00 -3.713286e+00 7.341030e-01 -3.373661e+00 -3.028039e+00 -4.335695e-01 8.111328e-01 -3.917948e-02 5.686228e-01 5.685887e-01 1.103780e-01 6.982198e-01 -1.835106e-01 6.602149e-02 3.448529e-02 -1.524441e-01 2.612678e-02 -2.461159e-02
<VARIANCE> 25
 1.294671e+01 2.111134e+01 1.614100e+01 2.499282e+01 3.477535e+01 3.215658e+01 7.659880e+01 5.232709e+01 4.284275e+01 2.949394e+01 2.993398e+01 2.636890e+01 9.146993e-01 1.051022e+00 1.555248e+00 1.894352e+00 1.515091e+00 2.746882e+00 2.331055e+00 3.178640e+00 1.996670e+00 1.669171e+00 1.421187e+00 1.663169e+00 9.152152e-04
<GCONST> 8.622358e+01
<MIXTURE> 12 5.904134e-03
<MEAN> 25
 1.065212e+01 3.698523e+00 -4.560509e+00 -1.590769e+01 -8.630837e+00 8.518755e+00 -8.412130e-01 -1.813203e+00 -1.654218e+00 -4.780763e+00 1.816761e+00 6.615178e-01 6.387383e-02 2.750060e-01 6.399913e-02 -3.882686e-01 -3.024092e-01 4.917841e-02 2.876314e-01 4.493059e-01 1.360840e-01 -3.959556e-01 -3.977100e-01 4.870449e-02 -5.807302e-03
<VARIANCE> 25
 9.396721e+00 2.114642e+01 2.325676e+01 3.473592e+01 4.151243e+01 3.105468e+01 4.192666e+01 4.851446e+01 4.346692e+01 3.797847e+01 3.782593e+01 2.847691e+01 2.440329e-01 7.083898e-01 7.038507e-01 1.179916e+00 1.187767e+00 1.082159e+00 1.195940e+00 1.384223e+00 1.226863e+00 1.205263e+00 1.222914e+00 9.449301e-01 5.796782e-04
<GCONST> 7.900062e+01
<MIXTURE> 13 5.904134e-03
<MEAN> 25
 1.065212e+01 3.698523e+00 -4.560509e+00 -1.590769e+01 -8.630837e+00 8.518755e+00 -8.412130e-01 -1.813203e+00 -1.654218e+00 -4.780763e+00 1.816761e+00 6.615178e-01 6.387383e-02 2.750060e-01 6.399913e-02 -3.882686e-01 -3.024092e-01 4.917841e-02 2.876314e-01 4.493059e-01 1.360840e-01 -3.959556e-01 -3.977100e-01 4.870449e-02 -5.807302e-03
<VARIANCE> 25
 9.396721e+00 2.114642e+01 2.325676e+01 3.473592e+01 4.151243e+01 3.105468e+01 4.192666e+01 4.851446e+01 4.346692e+01 3.797847e+01 3.782593e+01 2.847691e+01 2.440329e-01 7.083898e-01 7.038507e-01 1.179916e+00 1.187767e+00 1.082159e+00 1.195940e+00 1.384223e+00 1.226863e+00 1.205263e+00 1.222914e+00 9.449301e-01 5.796782e-04
<GCONST> 7.900062e+01
<MIXTURE> 14 6.488954e-03
<MEAN> 25
 -4.181956e+00 1.785449e-01 -7.532451e-01 9.080441e+00 7.662644e+00 7.334640e+00 8.081745e+00 6.701812e+00 7.469544e+00 4.915984e+00 6.156899e+00 3.855445e+00 -2.995275e-01 2.142119e-01 3.675411e-01 3.534536e-01 -1.005736e-01 5.740602e-02 1.185104e-01 6.321757e-02 2.545868e-01 5.691352e-01 5.255107e-01 6.729864e-02 -9.799349e-03
<VARIANCE> 25
 9.146447e+00 1.549704e+01 1.939725e+01 1.701896e+01 1.982843e+01 1.872294e+01 2.076158e+01 2.279683e+01 1.912566e+01 2.312102e+01 2.431404e+01 1.544885e+01 8.928480e-01 1.527748e+00 1.624083e+00 1.811542e+00 2.185055e+00 2.139941e+00 2.128351e+00 2.288568e+00 2.119541e+00 2.439257e+00 2.052249e+00 1.679894e+00 1.054455e-03
<GCONST> 8.133846e+01
<MIXTURE> 15 2.475190e-03
<MEAN> 25
 -5.424544e+00 -6.428227e-01 -2.009894e-01 7.369022e+00 5.720486e+00 5.701571e+00 6.062088e+00 4.976353e+00 5.164540e+00 4.153519e+00 5.500555e+00 2.541648e+00 -1.211929e-01 -2.923958e-02 7.485750e-02 2.434144e-01 4.892085e-01 7.859518e-01 1.072091e+00 1.182073e+00 1.059018e+00 7.557512e-01 4.193285e-01 1.534080e-01 -8.042863e-05
<VARIANCE> 25
 6.982461e+00 5.611520e+00 9.030140e+00 1.281345e+01 1.407495e+01 1.429331e+01 1.492156e+01 1.492661e+01 1.409661e+01 1.418249e+01 1.510683e+01 1.251527e+01 1.247691e-01 2.061688e-01 3.197747e-01 5.033957e-01 6.995427e-01 7.943358e-01 7.632773e-01 7.913982e-01 9.090057e-01 1.024135e+00 1.071534e+00 1.040901e+00 2.796657e-05
<GCONST> 5.859098e+01
<MIXTURE> 16 2.475190e-03
<MEAN> 25
 -5.424544e+00 -6.428227e-01 -2.009894e-01 7.369022e+00 5.720486e+00 5.701571e+00 6.062088e+00 4.976353e+00 5.164540e+00 4.153519e+00 5.500555e+00 2.541648e+00 -1.211929e-01 -2.923958e-02 7.485750e-02 2.434144e-01 4.892085e-01 7.859518e-01 1.072091e+00 1.182073e+00 1.059018e+00 7.557512e-01 4.193285e-01 1.534080e-01 -8.042863e-05
<VARIANCE> 25
 6.982461e+00 5.611520e+00 9.030140e+00 1.281345e+01 1.407495e+01 1.429331e+01 1.492156e+01 1.492661e+01 1.409661e+01 1.418249e+01 1.510683e+01 1.251527e+01 1.247691e-01 2.061688e-01 3.197747e-01 5.033957e-01 6.995427e-01 7.943358e-01 7.632773e-01 7.913982e-01 9.090057e-01 1.024135e+00 1.071534e+00 1.040901e+00 2.796657e-05
<GCONST> 5.859098e+01
<MIXTURE> 17 9.518312e-03
<MEAN> 25
 3.377749e+00 -8.427827e-01 7.308055e+00 2.492867e+00 -6.517829e+00 -5.516149e+00 -2.593534e+00 3.644316e-03 -2.800561e+00 -3.063578e+00 1.076444e+00 9.299608e-02 -7.068569e-01 -1.061723e+00 1.888824e+00 -2.311723e+00 -2.208459e+00 -4.826314e-01 -1.944944e-01 8.853232e-01 -9.692476e-01 -2.578731e-01 1.489225e+00 4.658144e-01 7.729426e-02
<VARIANCE> 25
 1.546109e+01 3.580533e+01 3.986892e+01 4.055500e+01 4.004630e+01 5.224775e+01 4.226619e+01 3.110541e+01 3.926139e+01 2.635766e+01 4.121423e+01 2.552428e+01 1.911059e+00 2.642491e+00 4.832194e+00 2.963606e+00 3.484816e+00 5.178015e+00 5.043519e+00 4.142324e+00 5.290260e+00 3.789300e+00 3.704232e+00 2.406799e+00 2.014521e-03
<GCONST> 9.757116e+01
<MIXTURE> 18 1.221018e-02
<MEAN> 25
 3.045506e+00 4.613648e+00 6.049490e+00 4.743052e+00 -4.580333e+00 -8.653356e+00 -1.791419e+00 -1.952684e+00 -3.490550e+00 -1.341758e+00 -3.499322e-01 4.635577e-01 -8.387426e-01 2.286100e+00 -4.182242e-01 1.853182e+00 2.828759e+00 1.403373e+00 9.072949e-01 -3.024653e-01 7.056412e-01 4.216231e-01 -3.359043e-01 1.112983e-01 -1.143709e-01
<VARIANCE> 25
 1.812935e+01 2.248109e+01 3.319772e+01 2.367341e+01 4.090537e+01 3.052396e+01 4.599805e+01 3.538951e+01 4.313954e+01 3.692911e+01 3.018596e+01 2.746474e+01 2.312914e+00 2.742011e+00 4.495587e+00 3.813378e+00 3.947663e+00 4.216828e+00 4.396167e+00 4.370694e+00 4.382281e+00 3.785062e+00 3.973297e+00 3.340346e+00 3.989710e-03
<GCONST> 9.756943e+01
<MIXTURE> 19 9.912824e-03
<MEAN> 25
 -8.861043e+00 2.494540e+00 -5.495141e-01 1.914738e-01 3.012037e+00 2.062743e+00 4.093198e+00 7.357041e-01 2.278589e+00 8.625170e-01 3.033628e-01 1.608194e+00 1.871931e+00 1.668913e+00 2.185843e+00 6.760280e-01 -1.103712e+00 -1.243996e+00 -1.258402e+00 -1.283297e+00 -1.458841e+00 -1.243096e+00 -7.534858e-01 -7.649642e-01 4.248476e-03
<VARIANCE> 25
 5.771462e+01 3.682300e+01 4.656355e+01 5.624459e+01 3.851505e+01 2.931714e+01 2.932191e+01 2.819231e+01 2.741545e+01 2.510956e+01 2.983879e+01 1.981772e+01 2.342118e+00 1.957323e+00 2.086116e+00 2.124540e+00 2.213385e+00 2.203035e+00 2.396669e+00 2.318860e+00 1.836523e+00 2.297502e+00 2.013695e+00 1.671795e+00 2.228467e-03
<GCONST> 9.100056e+01
<MIXTURE> 20 6.308331e-03
<MEAN> 25
 -1.417611e+01 7.416457e+00 8.415135e-01 6.161654e+00 4.850252e+00 1.632806e+00 5.206086e+00 8.532669e-01 9.381403e-01 7.859322e-01 2.563517e+00 -2.884714e-01 -3.280251e+00 -8.675811e-01 -1.559731e+00 3.288107e-01 1.537958e+00 2.055289e+00 1.975822e+00 2.059520e+00 2.140957e+00 2.031595e+00 1.682180e+00 9.477180e-01 4.736243e-02
<VARIANCE> 25
 1.966887e+01 2.347237e+01 3.089057e+01 3.726620e+01 3.093008e+01 2.785622e+01 3.009924e+01 3.143597e+01 2.805074e+01 2.825592e+01 2.511633e+01 2.096248e+01 2.108952e+00 2.183112e+00 1.921837e+00 2.546620e+00 2.702583e+00 2.331920e+00 2.308169e+00 2.323852e+00 2.236467e+00 2.677657e+00 2.242647e+00 1.864166e+00 1.887261e-03
<GCONST> 8.926639e+01
<MIXTURE> 21 7.928653e-03
<MEAN> 25
 3.653386e+00 -4.410689e+00 5.597258e+00 -7.298179e-01 -9.207330e+00 -1.043036e+01 -2.339605e+00 5.507791e+00 -2.063221e+00 -2.614307e+00 1.436635e+00 3.862498e-01 -7.604398e-01 1.383050e+00 2.645045e+00 1.368745e-01 -1.982033e+00 9.500954e-02 8.873488e-01 -2.073898e+00 -2.518163e+00 6.472383e-01 1.552063e+00 2.058491e-01 -1.657625e-02
<VARIANCE> 25
 8.260949e+00 1.602308e+01 2.519671e+01 2.775307e+01 3.083086e+01 4.721068e+01 3.637555e+01 4.586519e+01 3.982347e+01 2.871843e+01 3.778975e+01 1.941079e+01 3.290984e-01 8.384068e-01 1.718413e+00 1.455664e+00 2.829664e+00 2.294781e+00 3.576827e+00 4.221686e+00 2.989120e+00 2.849977e+00 2.023904e+00 1.954689e+00 5.017185e-04
<GCONST> 8.585994e+01
<MIXTURE> 22 8.827789e-03
<MEAN> 25
 -1.711784e+01 6.976534e+00 -3.935081e+00 8.543558e+00 4.355072e+00 2.172231e+00 8.390924e+00 1.260016e+00 5.851854e+00 2.431733e+00 5.152472e+00 1.268295e+00 -3.750889e-01 -3.690725e-01 -9.359308e-02 -1.514646e-01 -3.501977e-02 4.408217e-02 1.632154e-01 1.902877e-01 2.578767e-01 1.559546e-01 1.995801e-01 4.056453e-01 1.348420e-02
<VARIANCE> 25
 1.160551e+01 1.537900e+01 1.567082e+01 3.125947e+01 2.075746e+01 2.084745e+01 1.805529e+01 1.892537e+01 1.826050e+01 2.466517e+01 2.028148e+01 1.261807e+01 1.035336e+00 1.439487e+00 1.219596e+00 1.555996e+00 1.278869e+00 1.409009e+00 1.359717e+00 1.472586e+00 1.443278e+00 1.413895e+00 1.225044e+00 1.416378e+00 1.691015e-03
<GCONST> 7.808933e+01
<MIXTURE> 23 6.455497e-03
<MEAN> 25
 7.611595e+00 2.205715e+00 2.961605e+00 2.061625e+00 -4.539051e+00 -2.923358e+00 -4.432362e+00 -6.602156e+00 -3.437352e+00 -6.789690e-01 -3.752870e+00 -2.059926e+00 3.135000e-02 2.240119e-01 2.699490e-02 7.726605e-02 2.556121e-02 7.243781e-02 -9.103513e-03 -4.057619e-02 6.203089e-02 1.407323e-02 -1.904045e-02 -1.810706e-03 -4.442216e-03
<VARIANCE> 25
 1.057402e+01 2.111732e+01 2.285242e+01 4.099791e+01 3.743739e+01 4.963016e+01 6.041728e+01 5.747659e+01 4.714399e+01 4.595872e+01 4.882827e+01 3.770048e+01 1.141584e-01 3.383752e-01 3.776451e-01 4.775692e-01 5.546051e-01 8.694620e-01 8.019181e-01 9.961329e-01 1.013893e+00 8.573745e-01 7.588618e-01 7.788897e-01 8.229626e-05
<GCONST> 7.308514e+01
<MIXTURE> 24 6.455497e-03
<MEAN> 25
 7.611595e+00 2.205715e+00 2.961605e+00 2.061625e+00 -4.539051e+00 -2.923358e+00 -4.432362e+00 -6.602156e+00 -3.437352e+00 -6.789690e-01 -3.752870e+00 -2.059926e+00 3.135000e-02 2.240119e-01 2.699490e-02 7.726605e-02 2.556121e-02 7.243781e-02 -9.103513e-03 -4.057619e-02 6.203089e-02 1.407323e-02 -1.904045e-02 -1.810706e-03 -4.442216e-03
<VARIANCE> 25
 1.057402e+01 2.111732e+01 2.285242e+01 4.099791e+01 3.743739e+01 4.963016e+01 6.041728e+01 5.747659e+01 4.714399e+01 4.595872e+01 4.882827e+01 3.770048e+01 1.141584e-01 3.383752e-01 3.776451e-01 4.775692e-01 5.546051e-01 8.694620e-01 8.019181e-01 9.961329e-01 1.013893e+00 8.573745e-01 7.588618e-01 7.788897e-01 8.229626e-05
<GCONST> 7.308514e+01
<MIXTURE> 25 1.118642e-02
<MEAN> 25
 2.792947e-01 2.937014e+00 1.685808e+01 -1.074441e+00 -1.127482e+01 -2.348811e+00 -4.880137e+00 -2.484050e+00 -7.369046e+00 -5.068098e+00 4.504344e+00 -1.413025e+00 -1.199498e-01 3.867388e-01 7.098746e-02 1.940759e-01 2.041212e-01 -1.556427e-01 2.198064e-01 -1.351460e-01 -2.926441e-01 1.495643e-01 -3.671611e-02 -5.759209e-02 -1.204357e-02
<VARIANCE> 25
 8.476455e+00 2.499297e+01 1.965156e+01 2.736887e+01 3.032148e+01 4.334144e+01 2.735406e+01 3.209859e+01 2.951655e+01 3.621777e+01 2.419580e+01 2.901781e+01 5.666574e-01 1.403077e+00 1.447355e+00 1.337403e+00 2.186904e+00 3.281658e+00 1.660455e+00 1.583897e+00 1.509779e+00 1.655700e+00 1.297503e+00 1.290564e+00 1.229917e-03
<GCONST> 8.317746e+01
<MIXTURE> 26 7.727677e-03
<MEAN> 25
 2.027091e+00 -4.573318e+00 -1.043821e+01 -1.068338e+00 8.749918e+00 7.023034e+00 3.373578e+00 -1.364066e+00 2.462270e+00 -7.935725e-01 -2.859049e+00 -1.139826e+00 -5.954684e-01 8.572677e-01 2.436988e-01 8.212027e-01 1.621408e-01 4.132765e-01 4.213569e-01 1.694394e-01 4.570710e-01 1.390458e-01 2.854783e-01 3.648967e-01 -5.076883e-02
<VARIANCE> 25
 1.876190e+01 3.300920e+01 2.050713e+01 5.072792e+01 3.135902e+01 4.097223e+01 3.630252e+01 3.640533e+01 3.179345e+01 4.651417e+01 3.008247e+01 3.621234e+01 1.228693e+00 1.692977e+00 1.738382e+00 1.994805e+00 2.042804e+00 2.255679e+00 2.258117e+00 2.572293e+00 1.863653e+00 2.401678e+00 1.721766e+00 1.762574e+00 2.495658e-03
<GCONST> 8.983882e+01
<MIXTURE> 27 7.727677e-03
<MEAN> 25
 2.027091e+00 -4.573318e+00 -1.043821e+01 -1.068338e+00 8.749918e+00 7.023034e+00 3.373578e+00 -1.364066e+00 2.462270e+00 -7.935725e-01 -2.859049e+00 -1.139826e+00 -5.954684e-01 8.572677e-01 2.436988e-01 8.212027e-01 1.621408e-01 4.132765e-01 4.213569e-01 1.694394e-01 4.570710e-01 1.390458e-01 2.854783e-01 3.648967e-01 -5.076883e-02
<VARIANCE> 25
 1.876190e+01 3.300920e+01 2.050713e+01 5.072792e+01 3.135902e+01 4.097223e+01 3.630252e+01 3.640533e+01 3.179345e+01 4.651417e+01 3.008247e+01 3.621234e+01 1.228693e+00 1.692977e+00 1.738382e+00 1.994805e+00 2.042804e+00 2.255679e+00 2.258117e+00 2.572293e+00 1.863653e+00 2.401678e+00 1.721766e+00 1.762574e+00 2.495658e-03
<GCONST> 8.983882e+01
<MIXTURE> 28 5.036674e-03
<MEAN> 25
 -5.451643e+00 1.172903e-02 -1.569330e+00 6.616287e+00 5.232500e+00 3.518181e+00 5.416431e+00 3.130172e+00 3.922906e+00 2.394200e+00 2.638351e+00 3.220446e+00 -1.152358e-01 2.232223e-01 5.287618e-01 7.848936e-01 8.221655e-01 7.029542e-01 5.231987e-01 3.920046e-01 4.448535e-01 4.824229e-01 3.710276e-01 1.896353e-01 -1.242595e-05
<VARIANCE> 25
 1.043377e+01 8.352378e+00 1.216023e+01 1.484366e+01 1.471105e+01 1.773206e+01 1.804039e+01 1.901551e+01 1.718463e+01 1.673153e+01 2.060886e+01 1.500367e+01 2.565389e-01 3.365524e-01 4.068339e-01 4.641571e-01 6.216307e-01 8.470523e-01 1.056479e+00 1.144800e+00 1.102591e+00 1.029909e+00 1.036744e+00 1.066795e+00 1.000000e-06
<GCONST> 6.025220e+01
<MIXTURE> 29 5.036674e-03
<MEAN> 25
 -5.451643e+00 1.172903e-02 -1.569330e+00 6.616287e+00 5.232500e+00 3.518181e+00 5.416431e+00 3.130172e+00 3.922906e+00 2.394200e+00 2.638351e+00 3.220446e+00 -1.152358e-01 2.232223e-01 5.287618e-01 7.848936e-01 8.221655e-01 7.029542e-01 5.231987e-01 3.920046e-01 4.448535e-01 4.824229e-01 3.710276e-01 1.896353e-01 -1.242595e-05
<VARIANCE> 25
 1.043377e+01 8.352378e+00 1.216023e+01 1.484366e+01 1.471105e+01 1.773206e+01 1.804039e+01 1.901551e+01 1.718463e+01 1.673153e+01 2.060886e+01 1.500367e+01 2.565389e-01 3.365524e-01 4.068339e-01 4.641571e-01 6.216307e-01 8.470523e-01 1.056479e+00 1.144800e+00 1.102591e+00 1.029909e+00 1.036744e+00 1.066795e+00 1.000000e-06
<GCONST> 6.025220e+01
<MIXTURE> 30 8.917812e-03
<MEAN> 25
 -4.476587e+00 4.752029e-01 3.689872e-01 9.062337e+00 7.874543e+00 7.496670e+00 7.828842e+00 5.843687e+00 6.612991e+00 4.718369e+00 6.262917e+00 3.652838e+00 -4.172534e-02 4.090684e-02 7.939309e-02 8.798407e-02 4.313968e-02 -2.015930e-02 -2.625807e-02 4.883130e-02 3.014493e-02 3.572063e-02 6.919721e-02 -7.519795e-03 -9.064564e-04
<VARIANCE> 25
 6.626887e+00 1.361939e+01 1.080208e+01 1.309115e+01 1.451780e+01 1.555981e+01 1.825226e+01 2.656981e+01 1.549533e+01 1.752332e+01 2.507175e+01 1.375374e+01 1.012922e-01 2.097012e-01 3.370374e-01 5.067407e-01 5.799762e-01 7.169819e-01 7.787330e-01 7.778243e-01 8.118286e-01 8.885285e-01 9.200600e-01 8.495619e-01 5.537967e-05
<GCONST> 6.108024e+01
<MIXTURE> 31 4.136493e-03
<MEAN> 25
 -3.302359e+00 -5.681546e+00 4.997433e-02 4.885739e+00 3.698465e+00 1.696146e+00 5.250002e+00 6.640982e+00 2.740006e+00 1.235680e+00 6.521327e+00 3.159024e+00 2.527939e-01 4.759807e-01 -2.106327e-01 3.100376e-01 1.194763e-01 4.237159e-01 1.914898e-01 1.302467e-02 3.804356e-01 3.833659e-01 1.058396e-01 1.151110e-01 -1.842589e-02
<VARIANCE> 25
 7.162310e+00 1.539814e+01 1.755237e+01 1.801074e+01 2.535798e+01 2.387820e+01 2.362725e+01 2.543781e+01 2.591365e+01 2.801048e+01 2.044643e+01 1.870436e+01 1.909372e-01 4.933009e-01 6.030855e-01 7.683625e-01 9.661816e-01 1.090913e+00 1.220603e+00 1.392877e+00 1.343881e+00 1.314863e+00 1.244848e+00 1.133912e+00 2.564512e-04
<GCONST> 7.184187e+01
<MIXTURE> 32 4.136493e-03
<MEAN> 25
 -3.302359e+00 -5.681546e+00 4.997433e-02 4.885739e+00 3.698465e+00 1.696146e+00 5.250002e+00 6.640982e+00 2.740006e+00 1.235680e+00 6.521327e+00 3.159024e+00 2.527939e-01 4.759807e-01 -2.106327e-01 3.100376e-01 1.194763e-01 4.237159e-01 1.914898e-01 1.302467e-02 3.804356e-01 3.833659e-01 1.058396e-01 1.151110e-01 -1.842589e-02
<VARIANCE> 25
 7.162310e+00 1.539814e+01 1.755237e+01 1.801074e+01 2.535798e+01 2.387820e+01 2.362725e+01 2.543781e+01 2.591365e+01 2.801048e+01 2.044643e+01 1.870436e+01 1.909372e-01 4.933009e-01 6.030855e-01 7.683625e-01 9.661816e-01 1.090913e+00 1.220603e+00 1.392877e+00 1.343881e+00 1.314863e+00 1.244848e+00 1.133912e+00 2.564512e-04
<GCONST> 7.184187e+01
<MIXTURE> 33 1.508826e-02
<MEAN> 25
 5.935396e+00 -4.468522e+00 -7.040384e-01 -1.612113e+00 -1.488672e+00 -7.199289e+00 -8.642781e+00 2.450880e+00 1.207343e+00 3.571609e-01 -3.327413e+00 -2.153539e+00 6.115645e-01 -1.105699e+00 -2.365484e+00 -2.263206e+00 1.719594e+00 1.874813e+00 -1.055339e+00 8.986296e-01 9.573810e-01 6.363683e-01 -6.054156e-01 -1.475180e+00 3.266793e-02
<VARIANCE> 25
 8.236389e+00 2.045828e+01 2.769986e+01 4.185036e+01 3.539259e+01 6.405965e+01 3.712547e+01 4.698804e+01 3.684802e+01 4.355694e+01 4.123566e+01 2.341221e+01 9.680113e-01 1.916335e+00 2.139817e+00 2.183188e+00 3.461635e+00 3.575904e+00 3.619225e+00 6.849975e+00 3.973069e+00 3.918066e+00 2.857917e+00 2.052202e+00 1.781098e-03
<GCONST> 9.364285e+01
<MIXTURE> 34 1.588179e-02
<MEAN> 25
 7.827795e+00 -2.173745e+00 -5.847521e-02 2.186440e+00 -3.664239e+00 -6.535682e-01 -7.562474e+00 -4.221443e+00 4.069376e-01 4.180446e-01 -1.941218e+00 -2.627566e+00 -6.984788e-03 1.242498e+00 1.439813e+00 3.073165e+00 2.327539e-01 -8.735968e-01 1.397946e+00 -1.794461e+00 -3.057886e-01 1.083071e-01 -7.094082e-01 2.969693e-01 -6.044390e-02
<VARIANCE> 25
 8.183985e+00 3.390816e+01 2.165495e+01 5.711121e+01 3.646868e+01 4.618933e+01 5.073585e+01 5.754387e+01 4.815546e+01 3.441534e+01 3.806175e+01 2.856709e+01 1.009623e+00 1.651120e+00 3.747406e+00 5.613310e+00 4.250335e+00 5.819021e+00 5.411167e+00 5.364292e+00 5.881133e+00 5.592324e+00 4.570446e+00 3.350212e+00 8.772429e-04
<GCONST> 9.782244e+01
<MIXTURE> 35 1.467755e-02
<MEAN> 25
 -2.351702e+00 -4.657916e+00 -9.657717e+00 4.408600e-01 9.304238e+00 1.259444e+00 2.940326e+00 3.133674e+00 2.651855e+00 3.992188e+00 -5.124429e-01 1.867190e+00 6.622001e-01 -1.153834e+00 -1.437805e+00 -1.701394e+00 4.492652e-01 -6.892960e-01 -8.311576e-01 1.389554e-01 -1.531932e-01 8.547302e-02 -7.313113e-01 -5.169463e-01 9.886307e-02
<VARIANCE> 25
 1.931423e+01 3.138773e+01 3.937878e+01 5.803768e+01 4.015305e+01 5.969469e+01 5.782938e+01 4.295689e+01 5.435793e+01 3.602581e+01 3.392859e+01 3.090223e+01 3.079097e+00 3.454005e+00 6.206061e+00 5.606086e+00 5.449944e+00 5.284203e+00 4.418438e+00 4.528900e+00 4.514065e+00 3.992152e+00 3.983239e+00 3.420308e+00 5.000226e-03
<GCONST> 1.026983e+02
<MIXTURE> 36 1.093293e-02
<MEAN> 25
 4.772514e+00 -3.941178e+00 7.685700e+00 2.629529e+00 -1.014294e+01 -9.751590e+00 -6.343248e+00 3.148038e+00 -2.607828e+00 -3.894854e+00 3.804404e+00 -8.353171e-02 3.926224e-01 1.347478e-01 -1.084954e+00 4.687707e-02 8.870652e-01 -7.049920e-02 -4.718893e-01 8.299055e-02 5.443217e-01 6.251855e-01 -4.691393e-01 -3.921120e-01 -1.633477e-02
<VARIANCE> 25
 9.824940e+00 1.667705e+01 2.585646e+01 2.632805e+01 3.029124e+01 3.590482e+01 4.414765e+01 3.395662e+01 4.398556e+01 3.401599e+01 3.759211e+01 2.519497e+01 4.471915e-01 7.243805e-01 1.702104e+00 1.385129e+00 1.547085e+00 2.202641e+00 2.043804e+00 1.738284e+00 2.278855e+00 1.630413e+00 1.336932e+00 1.511697e+00 6.650067e-04
<GCONST> 8.296214e+01
<MIXTURE> 37 1.246826e-02
<MEAN> 25
 5.468810e-01 7.735669e+00 1.193180e+01 -5.321104e+00 -7.974498e+00 -1.028871e+00 -4.872109e+00 -8.389772e+00 -3.781111e+00 -8.514701e-01 -3.683188e+00 -1.389116e+00 1.585119e-01 6.660363e-01 -1.336131e+00 3.548110e+00 1.973071e+00 -2.798035e-01 1.108686e+00 4.422538e-01 5.362400e-01 -3.059854e-01 5.319868e-01 -8.551267e-02 -9.432654e-02
<VARIANCE> 25
 1.573449e+01 2.571113e+01 3.115796e+01 5.309337e+01 3.376253e+01 3.233154e+01 4.718160e+01 3.513118e+01 3.864402e+01 3.571633e+01 3.760360e+01 3.121622e+01 2.937719e+00 3.386740e+00 2.999291e+00 4.094875e+00 4.548688e+00 3.739933e+00 4.175554e+00 3.786920e+00 3.417037e+00 3.581570e+00 3.814885e+00 2.780972e+00 3.880471e-03
<GCONST> 9.778217e+01
<MIXTURE> 38 1.154525e-02
<MEAN> 25
 -4.811812e+00 8.958164e+00 3.137558e+00 2.593266e+00 2.440634e+00 -4.644407e+00 -2.021147e+00 -2.925395e+00 -1.899086e+00 -1.896388e+00 -1.404376e+00 -1.081915e-01 -4.349693e+00 1.509800e+00 -1.944995e-01 1.113973e+00 2.634765e+00 1.567343e+00 2.071822e+00 1.066008e+00 4.908943e-01 2.527206e-01 8.766944e-01 3.666431e-01 4.639176e-02
<VARIANCE> 25
 2.844915e+01 2.737703e+01 4.001126e+01 2.859341e+01 5.231124e+01 3.445166e+01 3.793082e+01 3.569374e+01 3.262452e+01 3.322642e+01 2.039849e+01 2.421245e+01 2.072074e+00 3.650637e+00 3.655944e+00 4.653711e+00 3.784957e+00 4.642283e+00 4.073348e+00 4.310790e+00 3.990512e+00 4.814256e+00 3.799559e+00 2.708676e+00 2.157459e-03
<GCONST> 9.728264e+01
<MIXTURE> 39 9.501865e-03
<MEAN> 25
 1.347791e+00 2.580490e+00 1.018304e+01 -8.995568e+00 -1.123573e+01 -1.013813e+00 -2.900845e+00 -6.653059e+00 -4.578677e+00 8.519174e-01 -3.718558e+00 -2.332185e+00 -7.072840e-01 1.518925e+00 1.597444e+00 -1.369623e+00 8.044797e-02 1.246331e+00 -1.178079e+00 -1.295435e+00 4.382292e-01 4.515644e-01 -5.046498e-01 1.063995e-01 1.008111e-03
<VARIANCE> 25
 8.791191e+00 2.973055e+01 3.132679e+01 4.119574e+01 3.687830e+01 4.218422e+01 4.419136e+01 3.348351e+01 3.912503e+01 3.288352e+01 3.581367e+01 2.908899e+01 7.124138e-01 1.532528e+00 1.547490e+00 2.912329e+00 2.383392e+00 2.828494e+00 3.046231e+00 2.859615e+00 2.411570e+00 2.589194e+00 2.090164e+00 2.065925e+00 1.177769e-03
<GCONST> 8.964993e+01
<MIXTURE> 40 1.030800e-02
<MEAN> 25
 -7.916819e+00 3.843043e+00 -1.513974e+00 9.976723e+00 4.809051e+00 4.913025e+00 7.218510e+00 1.716001e+00 5.552751e+00 2.563136e+00 3.174227e+00 2.077022e+00 -3.199566e-01 -2.448765e-01 7.211545e-02 4.514773e-02 -2.095773e-01 -2.997028e-01 4.566343e-02 1.565530e-01 3.024574e-02 -1.477405e-01 1.973806e-01 8.077694e-02 8.286297e-03
<VARIANCE> 25
 3.094838e+01 1.707048e+01 2.092817e+01 2.497097e+01 2.024556e+01 1.780246e+01 1.927253e+01 2.510085e+01 1.561655e+01 1.951545e+01 2.095939e+01 1.118051e+01 5.819224e-01 7.566485e-01 6.557156e-01 1.133611e+00 9.948893e-01 1.071967e+00 1.072050e+00 1.339577e+00 1.076597e+00 1.225413e+00 9.113219e-01 9.803948e-01 8.081779e-04
<GCONST> 7.407364e+01
<MIXTURE> 41 6.713375e-03
<MEAN> 25
 1.108723e+00 1.398209e+00 1.090042e+01 -6.783317e+00 -1.072806e+01 -4.200924e+00 -2.193788e+00 -4.498075e+00 -5.000913e+00 2.427966e+00 -1.607516e+00 -1.296328e+00 1.269657e-01 -8.685114e-01 1.757033e+00 -3.506500e+00 -2.456271e+00 -1.381758e-01 -4.798121e-01 -1.394138e-01 -1.057140e+00 1.010995e+00 -9.273262e-01 9.672490e-03 8.725645e-02
<VARIANCE> 25
 1.192869e+01 3.163097e+01 3.491335e+01 3.897046e+01 3.804866e+01 4.101867e+01 3.715641e+01 3.327246e+01 3.395794e+01 2.836349e+01 3.162147e+01 2.829131e+01 3.101357e+00 3.377845e+00 3.787656e+00 3.659371e+00 4.660822e+00 5.615285e+00 4.576404e+00 5.143706e+00 4.730237e+00 4.132089e+00 3.928891e+00 3.226881e+00 2.802821e-03
<GCONST> 9.827206e+01
<MIXTURE> 42 1.106211e-02
<MEAN> 25
 -3.009659e+00 4.620894e+00 4.367520e+00 2.772733e+00 -6.788822e-01 -6.144802e+00 -1.582457e-01 -2.252872e+00 -2.240946e-01 -9.570757e-01 -2.586892e+00 8.701714e-01 3.992142e+00 -2.684557e-01 1.929248e+00 1.226260e-02 -2.915563e+00 -1.534186e+00 -1.851003e+00 -5.988730e-02 -1.593400e+00 -3.291854e-01 3.878632e-01 -1.454647e+00 1.033753e-02
<VARIANCE> 25
 3.745629e+01 2.017054e+01 3.985355e+01 2.340169e+01 3.562640e+01 3.420592e+01 3.480242e+01 2.830620e+01 3.214810e+01 2.424307e+01 1.854669e+01 1.823628e+01 3.176692e+00 4.164704e+00 5.644022e+00 4.097544e+00 3.952881e+00 5.464915e+00 5.189349e+00 6.101144e+00 7.252751e+00 5.307639e+00 3.651628e+00 3.842690e+00 4.143186e-03
<GCONST> 9.894971e+01
<MIXTURE> 43 7.108249e-03
<MEAN> 25
 3.168484e+00 -6.300886e+00 -2.266760e+00 -5.209186e+00 -7.368891e+00 -3.376476e+00 4.140242e+00 1.317013e+00 -5.058155e+00 -7.071814e+00 -4.309097e+00 -1.255847e+00 2.357077e-01 2.163240e+00 1.911248e+00 -1.299087e-01 -1.427690e+00 -7.964662e-01 -9.740856e-01 -7.852903e-01 8.217790e-01 1.465857e+00 3.401195e-01 2.333526e-02 -4.516754e-02
<VARIANCE> 25
 9.578683e+00 1.969632e+01 2.738661e+01 3.529395e+01 3.869990e+01 3.686122e+01 3.322696e+01 3.976030e+01 3.958693e+01 3.875711e+01 2.657263e+01 2.949794e+01 6.907290e-01 1.247480e+00 1.569926e+00 2.490153e+00 2.372213e+00 2.379695e+00 2.654156e+00 3.033487e+00 2.601369e+00 2.575281e+00 2.328306e+00 1.917762e+00 9.437422e-04
<GCONST> 8.797367e+01
<MIXTURE> 44 7.328289e-03
<MEAN> 25
 -1.558164e+01 1.790615e+00 3.597616e+00 -3.042328e+00 3.581801e+00 1.831358e+00 -1.128543e-01 2.748978e+00 1.714457e+00 -1.040357e+00 2.018634e+00 2.255738e+00 -1.886779e-01 -3.210163e-02 1.924084e-01 2.935687e-01 -1.919659e-01 7.159317e-02 4.803578e-01 2.280537e-01 2.176257e-01 1.118152e-01 1.084037e-01 1.177955e-01 6.104094e-03
<VARIANCE> 25
 3.983412e+01 2.975159e+01 3.332095e+01 3.020719e+01 2.997390e+01 3.069246e+01 2.453917e+01 3.541687e+01 2.791565e+01 2.737356e+01 2.692468e+01 2.006976e+01 1.245454e+00 1.551382e+00 1.374414e+00 1.282880e+00 2.200679e+00 1.878543e+00 1.452439e+00 1.909128e+00 1.550139e+00 1.582084e+00 1.477815e+00 1.306121e+00 1.337027e-03
<GCONST> 8.506396e+01
<MIXTURE> 45 1.364932e-02
<MEAN> 25
 -1.281865e+01 5.006774e+00 -9.851555e-01 2.805552e+00 7.140203e+00 3.211293e-01 3.147747e+00 2.884156e+00 3.375196e+00 1.247069e+00 2.164776e+00 2.819026e+00 -2.963166e+00 4.886051e-01 -1.126515e-01 -3.744661e-01 1.119398e-01 -2.330520e-01 5.164716e-01 7.144047e-01 -3.111307e-02 -4.849970e-01 5.589759e-01 3.508421e-01 1.150959e-01
<VARIANCE> 25
 3.098887e+01 3.540178e+01 2.614911e+01 3.349174e+01 3.829416e+01 2.736516e+01 4.059082e+01 2.621672e+01 2.204147e+01 2.675931e+01 2.492782e+01 1.374804e+01 2.266485e+00 2.834190e+00 2.980729e+00 2.342017e+00 2.425123e+00 2.678540e+00 2.003303e+00 4.093249e+00 1.810192e+00 2.604116e+00 2.073582e+00 1.676334e+00 3.641588e-03
<GCONST> 9.082317e+01
<MIXTURE> 46 9.336259e-03
<MEAN> 25
 -9.604424e+00 2.244661e+00 1.022419e+00 8.155543e+00 5.578483e+00 3.026747e+00 7.462205e+00 4.165791e+00 6.097413e+00 4.031113e+00 4.806635e+00 3.368062e+00 1.049527e+00 -4.137543e-01 -2.065696e-02 7.113669e-01 6.773117e-01 8.534450e-01 4.121010e-01 8.643501e-01 5.447767e-01 4.947990e-01 5.236495e-01 6.000146e-01 -9.522063e-02
<VARIANCE> 25
 3.233757e+01 4.105331e+01 3.621171e+01 5.040544e+01 4.914157e+01 3.977524e+01 3.662671e+01 3.425552e+01 3.303745e+01 3.427339e+01 2.674290e+01 2.130786e+01 3.631309e+00 4.218512e+00 3.662958e+00 4.859383e+00 3.951203e+00 3.525568e+00 3.175737e+00 3.315862e+00 2.836085e+00 2.660424e+00 2.325599e+00 1.745578e+00 8.540542e-03
<GCONST> 9.799306e+01
<MIXTURE> 47 7.116147e-03
<MEAN> 25
 7.082382e+00 -7.064689e+00 -7.487845e+00 -7.796678e+00 8.911058e-01 1.772109e+00 -2.176890e+00 2.345190e+00 2.307187e+00 4.264346e-01 -3.295899e+00 -5.885674e+00 -2.070016e-01 -1.220191e+00 -7.038277e-01 -4.908890e-01 8.575501e-01 8.946699e-01 9.029906e-01 3.913293e-01 4.499474e-03 -7.120024e-01 -7.818937e-01 -4.596165e-01 2.576281e-02
<VARIANCE> 25
 9.308488e+00 2.011021e+01 1.925924e+01 3.250458e+01 3.348330e+01 4.604114e+01 4.848592e+01 3.858250e+01 3.684248e+01 4.026210e+01 5.130378e+01 2.916086e+01 4.226816e-01 6.545833e-01 9.715008e-01 1.691373e+00 2.004973e+00 1.851784e+00 1.942424e+00 2.068662e+00 1.857807e+00 1.952420e+00 2.152701e+00 1.627358e+00 5.606875e-04
<GCONST> 8.407593e+01
<MIXTURE> 48 7.116147e-03
<MEAN> 25
 7.082382e+00 -7.064689e+00 -7.487845e+00 -7.796678e+00 8.911058e-01 1.772109e+00 -2.176890e+00 2.345190e+00 2.307187e+00 4.264346e-01 -3.295899e+00 -5.885674e+00 -2.070016e-01 -1.220191e+00 -7.038277e-01 -4.908890e-01 8.575501e-01 8.946699e-01 9.029906e-01 3.913293e-01 4.499474e-03 -7.120024e-01 -7.818937e-01 -4.596165e-01 2.576281e-02
<VARIANCE> 25
 9.308488e+00 2.011021e+01 1.925924e+01 3.250458e+01 3.348330e+01 4.604114e+01 4.848592e+01 3.858250e+01 3.684248e+01 4.026210e+01 5.130378e+01 2.916086e+01 4.226816e-01 6.545833e-01 9.715008e-01 1.691373e+00 2.004973e+00 1.851784e+00 1.942424e+00 2.068662e+00 1.857807e+00 1.952420e+00 2.152701e+00 1.627358e+00 5.606875e-04
<GCONST> 8.407593e+01
<MIXTURE> 49 5.548473e-03
<MEAN> 25
 -5.087872e+00 9.254812e-01 1.714205e-01 8.617856e+00 6.346242e+00 5.857658e+00 6.329395e+00 3.817026e+00 5.130205e+00 3.500049e+00 4.622858e+00 3.109617e+00 3.497801e-01 6.700416e-01 6.542158e-01 3.433165e-01 -2.153827e-01 -6.996192e-01 -1.009451e+00 -1.048345e+00 -8.306778e-01 -5.865649e-01 -5.426041e-01 -3.885563e-01 -7.425558e-04
<VARIANCE> 25
 8.959249e+00 1.257512e+01 1.398720e+01 1.505937e+01 1.508329e+01 1.645140e+01 1.858559e+01 2.251138e+01 1.706288e+01 1.748953e+01 1.996348e+01 1.400260e+01 2.739189e-01 2.933773e-01 3.859974e-01 5.933952e-01 8.023082e-01 9.040673e-01 9.215251e-01 1.050016e+00 1.212718e+00 1.243396e+00 1.300630e+00 1.261800e+00 1.895562e-05
<GCONST> 6.458715e+01
<MIXTURE> 50 6.234641e-03
<MEAN> 25
 -4.667568e+00 9.314100e-02 -1.451243e+00 6.201118e+00 4.221403e+00 2.276858e+00 3.705916e+00 1.986400e+00 2.780074e+00 1.405013e+00 2.157362e+00 2.847569e+00 5.632941e-02 1.759080e-01 9.533066e-02 -1.773549e-01 -5.118028e-01 -6.152858e-01 -4.266033e-01 -5.114493e-02 4.410562e-01 7.740159e-01 7.388600e-01 4.451062e-01 -1.256398e-05
<VARIANCE> 25
 1.053731e+01 1.115891e+01 1.434552e+01 1.541792e+01 1.534384e+01 1.857884e+01 1.857141e+01 1.949125e+01 1.854500e+01 1.748800e+01 2.164739e+01 1.520567e+01 1.447722e-01 2.394228e-01 3.785430e-01 5.173779e-01 5.986753e-01 7.347897e-01 9.567280e-01 1.118109e+00 1.060120e+00 9.096635e-01 9.184738e-01 9.893453e-01 1.001603e-06
<GCONST> 5.954333e+01
<MIXTURE> 51 6.234641e-03
<MEAN> 25
 -4.667568e+00 9.314100e-02 -1.451243e+00 6.201118e+00 4.221403e+00 2.276858e+00 3.705916e+00 1.986400e+00 2.780074e+00 1.405013e+00 2.157362e+00 2.847569e+00 5.632941e-02 1.759080e-01 9.533066e-02 -1.773549e-01 -5.118028e-01 -6.152858e-01 -4.266033e-01 -5.114493e-02 4.410562e-01 7.740159e-01 7.388600e-01 4.451062e-01 -1.256398e-05
<VARIANCE> 25
 1.053731e+01 1.115891e+01 1.434552e+01 1.541792e+01 1.534384e+01 1.857884e+01 1.857141e+01 1.949125e+01 1.854500e+01 1.748800e+01 2.164739e+01 1.520567e+01 1.447722e-01 2.394228e-01 3.785430e-01 5.173779e-01 5.986753e-01 7.347897e-01 9.567280e-01 1.118109e+00 1.060120e+00 9.096635e-01 9.184738e-01 9.893453e-01 1.001603e-06
<GCONST> 5.954333e+01
<MIXTURE> 52 6.367945e-03
<MEAN> 25
 8.849397e+00 8.926024e-01 -5.381643e+00 -1.470807e+01 -4.783911e+00 9.009093e+00 -4.602564e+00 -1.731165e+00 -5.083661e+00 -3.798012e+00 2.811764e+00 1.257799e+00 -3.383015e-01 -8.159275e-01 -1.102457e-01 1.366251e+00 1.110707e+00 -1.276910e-01 -7.702094e-01 -8.157934e-01 2.718703e-01 1.616524e+00 5.412883e-01 -3.036559e-01 -8.989497e-03
<VARIANCE> 25
 1.087131e+01 2.088113e+01 2.204408e+01 3.237082e+01 3.697988e+01 2.487080e+01 4.540569e+01 4.202773e+01 3.919027e+01 5.919372e+01 3.467492e+01 2.502032e+01 3.674308e-01 1.455113e+00 1.085932e+00 2.867079e+00 2.233611e+00 2.383209e+00 2.506043e+00 2.435315e+00 3.826360e+00 3.123661e+00 2.321805e+00 2.423966e+00 1.335613e-03
<GCONST> 8.841592e+01
<MIXTURE> 53 6.367945e-03
<MEAN> 25
 8.849397e+00 8.926024e-01 -5.381643e+00 -1.470807e+01 -4.783911e+00 9.009093e+00 -4.602564e+00 -1.731165e+00 -5.083661e+00 -3.798012e+00 2.811764e+00 1.257799e+00 -3.383015e-01 -8.159275e-01 -1.102457e-01 1.366251e+00 1.110707e+00 -1.276910e-01 -7.702094e-01 -8.157934e-01 2.718703e-01 1.616524e+00 5.412883e-01 -3.036559e-01 -8.989497e-03
<VARIANCE> 25
 1.087131e+01 2.088113e+01 2.204408e+01 3.237082e+01 3.697988e+01 2.487080e+01 4.540569e+01 4.202773e+01 3.919027e+01 5.919372e+01 3.467492e+01 2.502032e+01 3.674308e-01 1.455113e+00 1.085932e+00 2.867079e+00 2.233611e+00 2.383209e+00 2.506043e+00 2.435315e+00 3.826360e+00 3.123661e+00 2.321805e+00 2.423966e+00 1.335613e-03
<GCONST> 8.841592e+01
<MIXTURE> 54 7.368620e-03
<MEAN> 25
 -3.634487e+00 5.002499e-02 -6.828779e-01 8.036839e+00 6.484306e+00 4.625734e+00 4.676414e+00 4.599000e+00 4.053130e+00 3.593465e+00 4.456710e+00 2.327598e+00 -2.095709e-03 2.651432e-02 3.403952e-02 4.729304e-02 5.131163e-02 4.689245e-02 3.886523e-02 2.909286e-02 3.086547e-02 2.505068e-02 1.431143e-02 1.781311e-03 -1.140938e-05
<VARIANCE> 25
 9.137854e+00 1.036386e+01 9.294221e+00 1.818168e+01 1.331897e+01 1.353117e+01 1.197464e+01 1.130011e+01 1.134058e+01 1.354764e+01 1.780185e+01 1.254008e+01 4.087359e-02 8.733093e-02 1.541159e-01 2.267093e-01 3.078882e-01 3.970354e-01 4.607553e-01 5.216210e-01 5.419866e-01 5.210403e-01 5.145474e-01 5.163356e-01 1.002788e-06
<GCONST> 4.725257e+01
<MIXTURE> 55 7.368620e-03
<MEAN> 25
 -3.634487e+00 5.002499e-02 -6.828779e-01 8.036839e+00 6.484306e+00 4.625734e+00 4.676414e+00 4.599000e+00 4.053130e+00 3.593465e+00 4.456710e+00 2.327598e+00 -2.095709e-03 2.651432e-02 3.403952e-02 4.729304e-02 5.131163e-02 4.689245e-02 3.886523e-02 2.909286e-02 3.086547e-02 2.505068e-02 1.431143e-02 1.781311e-03 -1.140938e-05
<VARIANCE> 25
 9.137854e+00 1.036386e+01 9.294221e+00 1.818168e+01 1.331897e+01 1.353117e+01 1.197464e+01 1.130011e+01 1.134058e+01 1.354764e+01 1.780185e+01 1.254008e+01 4.087359e-02 8.733093e-02 1.541159e-01 2.267093e-01 3.078882e-01 3.970354e-01 4.607553e-01 5.216210e-01 5.419866e-01 5.210403e-01 5.145474e-01 5.163356e-01 1.002788e-06
<GCONST> 4.725257e+01
<MIXTURE> 56 6.132464e-03
<MEAN> 25
 7.222780e+00 -6.749752e+00 -9.361360e+00 -8.958178e+00 4.188191e+00 4.264863e+00 -1.302101e+00 -4.942361e-01 1.545856e+00 9.088048e-01 -2.417856e+00 -6.616671e+00 -4.768696e-02 1.106884e-02 -1.893827e-01 5.428249e-02 3.810163e-01 1.481363e-01 1.340874e-01 -1.539260e-01 -4.734060e-02 -5.229017e-02 -5.238175e-02 3.284746e-02 -8.791929e-03
<VARIANCE> 25
 9.134502e+00 2.272921e+01 1.894333e+01 3.731168e+01 3.100512e+01 4.593186e+01 6.067916e+01 3.874004e+01 3.528989e+01 3.370496e+01 3.643237e+01 2.939343e+01 1.926668e-01 4.798015e-01 5.668330e-01 7.367027e-01 8.991365e-01 1.053515e+00 9.149063e-01 8.792888e-01 8.179348e-01 8.373413e-01 1.150345e+00 7.105132e-01 2.572973e-04
<GCONST> 7.455296e+01
<MIXTURE> 57 6.132464e-03
<MEAN> 25
 7.222780e+00 -6.749752e+00 -9.361360e+00 -8.958178e+00 4.188191e+00 4.264863e+00 -1.302101e+00 -4.942361e-01 1.545856e+00 9.088048e-01 -2.417856e+00 -6.616671e+00 -4.768696e-02 1.106884e-02 -1.893827e-01 5.428249e-02 3.810163e-01 1.481363e-01 1.340874e-01 -1.539260e-01 -4.734060e-02 -5.229017e-02 -5.238175e-02 3.284746e-02 -8.791929e-03
<VARIANCE> 25
 9.134502e+00 2.272921e+01 1.894333e+01 3.731168e+01 3.100512e+01 4.593186e+01 6.067916e+01 3.874004e+01 3.528989e+01 3.370496e+01 3.643237e+01 2.939343e+01 1.926668e-01 4.798015e-01 5.668330e-01 7.367027e-01 8.991365e-01 1.053515e+00 9.149063e-01 8.792888e-01 8.179348e-01 8.373413e-01 1.150345e+00 7.105132e-01 2.572973e-04
<GCONST> 7.455296e+01
<MIXTURE> 58 6.172147e-03
<MEAN> 25
 2.282164e+00 -3.348568e+00 7.911045e+00 -5.324536e+00 -1.361047e+01 -5.768380e+00 1.846449e+00 1.280037e+00 -3.169500e+00 1.783276e+00 5.167473e-01 -1.297824e+00 -1.271620e-02 -1.472888e-01 -1.198791e-01 -1.852196e-01 3.977469e-02 2.624422e-01 3.574812e-01 3.000426e-01 -1.355959e-01 3.091045e-02 -7.802415e-02 -8.625303e-02 -2.674883e-03
<VARIANCE> 25
 8.516945e+00 1.528928e+01 2.401868e+01 2.565790e+01 2.229174e+01 4.436348e+01 3.155926e+01 3.629615e+01 4.013567e+01 2.969377e+01 2.162619e+01 2.256769e+01 2.983161e-01 7.695892e-01 7.507538e-01 9.865001e-01 9.041332e-01 1.177582e+00 1.098984e+00 1.326380e+00 1.423381e+00 1.011533e+00 8.648147e-01 9.110134e-01 7.046293e-04
<GCONST> 7.598964e+01
<MIXTURE> 59 6.172147e-03
<MEAN> 25
 2.282164e+00 -3.348568e+00 7.911045e+00 -5.324536e+00 -1.361047e+01 -5.768380e+00 1.846449e+00 1.280037e+00 -3.169500e+00 1.783276e+00 5.167473e-01 -1.297824e+00 -1.271620e-02 -1.472888e-01 -1.198791e-01 -1.852196e-01 3.977469e-02 2.624422e-01 3.574812e-01 3.000426e-01 -1.355959e-01 3.091045e-02 -7.802415e-02 -8.625303e-02 -2.674883e-03
<VARIANCE> 25
 8.516945e+00 1.528928e+01 2.401868e+01 2.565790e+01 2.229174e+01 4.436348e+01 3.155926e+01 3.629615e+01 4.013567e+01 2.969377e+01 2.162619e+01 2.256769e+01 2.983161e-01 7.695892e-01 7.507538e-01 9.865001e-01 9.041332e-01 1.177582e+00 1.098984e+00 1.326380e+00 1.423381e+00 1.011533e+00 8.648147e-01 9.110134e-01 7.046293e-04
<GCONST> 7.598964e+01
<MIXTURE> 60 4.479129e-03
<MEAN> 25
 -4.264891e+00 -6.642118e-01 -1.084087e+00 3.698139e+00 1.732626e+00 2.119521e+00 1.638893e+00 1.530024e+00 2.158666e+00 1.264710e+00 2.385773e+00 1.917219e+00 -2.845677e-02 5.648690e-02 1.010000e-01 1.300126e-01 1.294214e-01 1.291699e-01 1.787477e-01 3.226511e-01 5.451685e-01 6.644714e-01 5.559946e-01 3.032735e-01 -3.900044e-04
<VARIANCE> 25
 6.933284e+00 4.526435e+00 1.027544e+01 1.131064e+01 1.358167e+01 1.700120e+01 1.400774e+01 1.186395e+01 1.272410e+01 1.319532e+01 1.593799e+01 1.229839e+01 8.692414e-02 1.683021e-01 2.794026e-01 4.320127e-01 5.864360e-01 7.280680e-01 8.281721e-01 8.988584e-01 9.025012e-01 8.356378e-01 8.394119e-01 8.625072e-01 2.295510e-05
<GCONST> 5.633293e+01
<MIXTURE> 61 4.479129e-03
<MEAN> 25
 -4.264891e+00 -6.642118e-01 -1.084087e+00 3.698139e+00 1.732626e+00 2.119521e+00 1.638893e+00 1.530024e+00 2.158666e+00 1.264710e+00 2.385773e+00 1.917219e+00 -2.845677e-02 5.648690e-02 1.010000e-01 1.300126e-01 1.294214e-01 1.291699e-01 1.787477e-01 3.226511e-01 5.451685e-01 6.644714e-01 5.559946e-01 3.032735e-01 -3.900044e-04
<VARIANCE> 25
 6.933284e+00 4.526435e+00 1.027544e+01 1.131064e+01 1.358167e+01 1.700120e+01 1.400774e+01 1.186395e+01 1.272410e+01 1.319532e+01 1.593799e+01 1.229839e+01 8.692414e-02 1.683021e-01 2.794026e-01 4.320127e-01 5.864360e-01 7.280680e-01 8.281721e-01 8.988584e-01 9.025012e-01 8.356378e-01 8.394119e-01 8.625072e-01 2.295510e-05
<GCONST> 5.633293e+01
<MIXTURE> 62 3.278034e-03
<MEAN> 25
 -5.091124e+00 1.241652e+00 1.026307e+00 8.818849e+00 6.130874e+00 5.050944e+00 5.499885e+00 4.033003e+00 4.985965e+00 3.917763e+00 4.966218e+00 2.951326e+00 -1.003276e+00 -1.166713e+00 -9.531716e-01 -2.768008e-01 4.276543e-01 1.005092e+00 1.384593e+00 1.552281e+00 1.478625e+00 1.243347e+00 1.067079e+00 7.261279e-01 -1.263799e-03
<VARIANCE> 25
 9.872482e+00 9.961239e+00 1.311493e+01 1.673252e+01 1.741327e+01 1.752430e+01 1.970128e+01 1.912219e+01 1.885946e+01 1.872618e+01 2.156128e+01 1.479568e+01 4.017329e-01 4.320279e-01 5.541816e-01 7.793180e-01 1.035034e+00 1.192238e+00 1.252390e+00 1.278976e+00 1.329829e+00 1.364031e+00 1.399997e+00 1.371256e+00 1.633922e-05
<GCONST> 6.752731e+01
<MIXTURE> 63 4.351215e-03
<MEAN> 25
 -3.490103e+00 -1.080646e+00 -5.301057e+00 3.300613e+00 4.960695e+00 1.098760e+00 3.770223e+00 5.074167e-01 3.040548e+00 -5.175502e-01 -1.724422e+00 2.799143e+00 -1.538594e-01 4.145982e-01 4.688981e-01 6.183098e-01 2.889281e-01 2.837797e-01 4.732755e-01 8.788899e-02 2.162563e-01 2.391282e-01 1.463818e-01 1.149270e-01 -8.520840e-03
<VARIANCE> 25
 8.829076e+00 1.898006e+01 1.591394e+01 1.808423e+01 2.269225e+01 2.755107e+01 2.335877e+01 2.424924e+01 2.209684e+01 1.987903e+01 1.912212e+01 1.457049e+01 2.323350e-01 4.108290e-01 5.295721e-01 8.028229e-01 8.339329e-01 1.024603e+00 1.076641e+00 1.365357e+00 1.233980e+00 1.364688e+00 1.218825e+00 1.146249e+00 2.076885e-04
<GCONST> 7.062256e+01
<MIXTURE> 64 4.351215e-03
<MEAN> 25
 -3.490103e+00 -1.080646e+00 -5.301057e+00 3.300613e+00 4.960695e+00 1.098760e+00 3.770223e+00 5.074167e-01 3.040548e+00 -5.175502e-01 -1.724422e+00 2.799143e+00 -1.538594e-01 4.145982e-01 4.688981e-01 6.183098e-01 2.889281e-01 2.837797e-01 4.732755e-01 8.788899e-02 2.162563e-01 2.391282e-01 1.463818e-01 1.149270e-01 -8.520840e-03
<VARIANCE> 25
 8.829076e+00 1.898006e+01 1.591394e+01 1.808423e+01 2.269225e+01 2.755107e+01 2.335877e+01 2.424924e+01 2.209684e+01 1.987903e+01 1.912212e+01 1.457049e+01 2.323350e-01 4.108290e-01 5.295721e-01 8.028229e-01 8.339329e-01 1.024603e+00 1.076641e+00 1.365357e+00 1.233980e+00 1.364688e+00 1.218825e+00 1.146249e+00 2.076885e-04
<GCONST> 7.062256e+01
<MIXTURE> 65 1.721197e-02
<MEAN> 25
 7.568922e+00 1.938990e+00 2.230578e+00 7.110617e-01 -5.347188e+00 -3.955926e+00 -5.780793e+00 -7.097941e+00 -3.703608e+00 -2.216678e+00 -5.388086e+00 -1.987764e+00 1.704520e-01 1.588401e-01 1.011492e-02 1.542629e-01 -1.116708e-01 3.208982e-01 -7.575110e-02 -2.660985e-01 1.710352e-01 -7.068975e-03 -6.096327e-02 -1.986143e-01 -5.020612e-03
<VARIANCE> 25
 1.095256e+01 1.818459e+01 2.516761e+01 3.821738e+01 3.650888e+01 5.484774e+01 5.967848e+01 5.987576e+01 5.472874e+01 5.752282e+01 5.268503e+01 4.705669e+01 5.397757e-01 1.040803e+00 1.493492e+00 1.699653e+00 1.886653e+00 2.493067e+00 2.173715e+00 3.337257e+00 2.426183e+00 2.371074e+00 2.204031e+00 2.043741e+00 4.038548e-04
<GCONST> 8.908867e+01
<MIXTURE> 66 1.191532e-02
<MEAN> 25
 6.483956e+00 -4.302931e+00 -5.266480e+00 -4.817088e+00 1.034647e+00 -4.114554e+00 -7.400197e+00 9.439982e-01 1.164855e+00 -2.138626e+00 -5.872708e+00 -2.979460e+00 -7.759299e-02 1.564361e+00 2.098559e+00 2.448077e+00 -1.118964e+00 -1.345244e+00 1.077047e-01 -8.318738e-01 6.050231e-02 7.981718e-02 -1.819541e-01 9.680895e-01 -6.308696e-02
<VARIANCE> 25
 8.687059e+00 2.143966e+01 2.659605e+01 3.302795e+01 3.735832e+01 6.107270e+01 5.535087e+01 4.570040e+01 5.466441e+01 6.267469e+01 3.519342e+01 3.674714e+01 1.197334e+00 2.420398e+00 2.459456e+00 2.624545e+00 4.081995e+00 4.198680e+00 4.284730e+00 5.425549e+00 4.554854e+00 5.727139e+00 3.668213e+00 3.077950e+00 1.388265e-03
<GCONST> 9.684671e+01
<MIXTURE> 67 1.559142e-02
<MEAN> 25
 8.104056e+00 4.164779e-01 -5.566037e+00 -8.343373e+00 1.408383e+00 3.777827e+00 -4.142488e+00 -1.652184e+00 -3.021583e+00 6.614060e-01 -4.937309e-01 -1.802214e+00 -9.010953e-01 1.928511e+00 7.241911e-01 3.325766e+00 1.534873e+00 -3.765314e-01 1.724158e+00 -4.281552e-01 3.674381e-01 1.205567e-01 -1.385329e-01 5.142867e-01 -1.240600e-01
<VARIANCE> 25
 1.394224e+01 4.757169e+01 2.776050e+01 5.200484e+01 5.276575e+01 4.938181e+01 6.056493e+01 4.864175e+01 5.914923e+01 5.095150e+01 5.232106e+01 4.183679e+01 2.052413e+00 3.454860e+00 3.638052e+00 4.849903e+00 4.128830e+00 5.214634e+00 5.314707e+00 6.476097e+00 5.161433e+00 4.390610e+00 5.067759e+00 3.316402e+00 2.876603e-03
<GCONST> 1.028034e+02
<MIXTURE> 68 1.485092e-02
<MEAN> 25
 -1.525527e+00 -2.076443e+00 -4.203038e+00 9.948317e-01 5.337692e+00 -6.615740e-02 2.458236e+00 2.412131e+00 2.801317e+00 1.244747e+00 -1.925644e-01 1.198949e+00 2.685010e+00 4.988821e-01 2.706045e-01 -2.559849e+00 -2.543173e+00 -2.001269e+00 -2.309335e+00 -1.046568e+00 -1.627894e+00 -1.208258e+00 -1.425996e+00 -9.728838e-01 9.638761e-02
<VARIANCE> 25
 2.406721e+01 3.229399e+01 5.080942e+01 4.683051e+01 4.131289e+01 7.121712e+01 4.006361e+01 4.324080e+01 3.671293e+01 3.826480e+01 3.312590e+01 2.463647e+01 1.618656e+00 3.114126e+00 5.403753e+00 5.332734e+00 4.026273e+00 5.632316e+00 4.881141e+00 6.307257e+00 4.232410e+00 5.088089e+00 5.466827e+00 3.252653e+00 5.296636e-03
<GCONST> 1.020077e+02
<MIXTURE> 69 1.204884e-02
<MEAN> 25
 4.552804e+00 -4.508070e+00 -3.065669e+00 -3.958629e+00 -3.167287e+00 -6.786224e+00 -2.611959e+00 2.641446e+00 -4.576679e-02 -5.181777e+00 -5.390524e+00 5.441971e-01 1.420320e+00 -2.293896e+00 -1.136585e+00 -2.574760e+00 -2.499972e-01 -5.986049e-02 -7.520149e-01 1.434278e+00 -8.494909e-01 -1.480875e+00 -2.154963e+00 -2.541876e-01 6.853119e-02
<VARIANCE> 25
 7.720874e+00 2.771172e+01 2.434098e+01 2.633524e+01 3.984637e+01 3.835837e+01 5.851054e+01 3.133995e+01 3.506488e+01 3.427216e+01 2.927807e+01 2.219849e+01 3.466409e+00 2.628571e+00 3.130126e+00 3.878666e+00 5.735487e+00 5.109064e+00 6.676319e+00 9.496564e+00 5.399496e+00 5.254789e+00 3.952424e+00 3.244005e+00 2.318964e-03
<GCONST> 9.825353e+01
<MIXTURE> 70 1.329190e-02
<MEAN> 25
 7.392339e+00 -1.991335e+00 -3.828169e+00 -3.524119e+00 -3.907042e-01 -4.813520e-01 -7.600698e+00 -4.057712e+00 7.006385e-01 2.749919e+00 -2.676513e-01 -4.826598e+00 1.894697e+00 -1.145776e+00 -7.853029e-01 -2.253327e+00 -1.484438e+00 1.110797e+00 -1.344558e+00 6.577891e-02 2.782464e-01 -7.072644e-02 6.512733e-01 -1.420703e+00 5.897512e-02
<VARIANCE> 25
 1.013784e+01 2.265006e+01 2.795673e+01 4.727549e+01 3.563741e+01 4.727799e+01 5.002919e+01 4.550240e+01 4.634156e+01 3.283389e+01 4.427045e+01 2.700918e+01 3.462292e+00 3.179090e+00 4.643915e+00 4.885418e+00 5.300412e+00 6.503537e+00 6.607191e+00 8.246190e+00 6.089893e+00 5.340702e+00 5.756216e+00 4.252673e+00 2.483998e-03
<GCONST> 1.018841e+02
<MIXTURE> 71 1.406903e-02
<MEAN> 25
 5.975024e+00 4.925431e+00 4.006401e+00 3.392987e+00 -3.482247e+00 -2.998159e+00 -2.895096e+00 -6.820027e+00 -3.908027e+00 -2.245452e+00 -5.248863e+00 -2.973869e+00 -1.418847e+00 -7.127028e-01 -2.354225e-01 -1.946402e+00 1.067650e+00 -1.144714e-01 -2.006778e-02 1.804036e+00 2.176910e-01 -3.337738e-01 6.410665e-01 1.395883e-01 4.187893e-02
<VARIANCE> 25
 1.960140e+01 2.672538e+01 2.279922e+01 4.388729e+01 3.751934e+01 3.970910e+01 5.392347e+01 4.033897e+01 4.172994e+01 4.222057e+01 3.358749e+01 3.252309e+01 1.853355e+00 2.997911e+00 5.975976e+00 4.943999e+00 4.435708e+00 4.388597e+00 4.634996e+00 6.337893e+00 4.505007e+00 4.038201e+00 3.659499e+00 3.148753e+00 1.419946e-03
<GCONST> 9.881593e+01
<MIXTURE> 72 8.134747e-03
<MEAN> 25
 3.203960e+00 -4.443025e+00 7.425847e+00 -5.761446e-01 -1.026851e+01 -1.206836e+01 -2.948275e+00 2.906894e+00 -6.537707e+00 -8.882034e-01 1.507845e+00 8.133311e-01 9.395337e-01 -7.091186e-01 -2.607505e+00 3.317572e-01 2.134037e+00 -6.455829e-01 -1.495219e+00 1.459404e+00 1.817750e+00 -2.229302e-01 -1.438536e+00 9.569009e-02 -8.187538e-03
<VARIANCE> 25
 9.519739e+00 1.678666e+01 3.322655e+01 4.185587e+01 2.656980e+01 4.185264e+01 3.526967e+01 3.274261e+01 4.357259e+01 3.352019e+01 6.038331e+01 2.582961e+01 3.500353e-01 1.035320e+00 1.830473e+00 1.547629e+00 1.904548e+00 2.529326e+00 3.083260e+00 2.102744e+00 3.176893e+00 2.704313e+00 1.641285e+00 2.432786e+00 6.566573e-04
<GCONST> 8.663754e+01
<MIXTURE> 73 1.213625e-02
<MEAN> 25
 -5.812292e+00 -9.492005e-01 -1.490913e+00 5.286781e+00 4.441329e+00 1.642086e+00 5.737961e+00 3.539769e+00 5.029663e+00 2.692859e+00 3.745492e+00 3.312235e+00 8.998681e-01 -1.131777e+00 -8.569334e-01 -2.659685e+00 -1.054956e+00 -1.697890e+00 -1.012497e+00 -1.798588e-01 -7.877017e-01 -5.516583e-01 -1.057533e+00 -3.568931e-01 1.431728e-01
<VARIANCE> 25
 1.294868e+01 1.373464e+01 1.405581e+01 2.196619e+01 2.142860e+01 2.623253e+01 1.895945e+01 1.997960e+01 1.959249e+01 2.098675e+01 2.282304e+01 1.641943e+01 3.867554e+00 3.075929e+00 5.708941e+00 4.343387e+00 6.601290e+00 4.799626e+00 3.918526e+00 4.549377e+00 3.736488e+00 4.008715e+00 3.595707e+00 2.528751e+00 4.882005e-03
<GCONST> 9.268970e+01
<MIXTURE> 74 1.756491e-02
<MEAN> 25
 2.684035e+00 -1.932905e+00 6.955637e+00 1.312972e-01 -8.976287e+00 -9.617504e+00 -6.739935e-01 6.126314e-01 -7.500866e+00 -1.552562e+00 -1.515908e+00 -5.798573e-01 1.969437e-01 1.978612e+00 -6.141877e-01 1.689127e+00 8.377891e-01 8.597029e-01 2.365813e-01 -2.715745e+00 4.958677e-01 1.405397e-01 -6.350397e-01 -9.041791e-02 -7.549191e-02
<VARIANCE> 25
 1.051381e+01 1.648201e+01 3.184323e+01 2.964776e+01 3.224027e+01 3.820621e+01 4.909813e+01 5.601536e+01 5.608250e+01 4.410340e+01 3.576833e+01 2.498227e+01 1.682284e+00 1.387834e+00 3.095347e+00 1.801712e+00 3.400217e+00 4.128707e+00 3.622350e+00 6.341373e+00 4.172323e+00 3.261863e+00 2.493253e+00 3.033359e+00 1.132882e-03
<GCONST> 9.378993e+01
<MIXTURE> 75 9.711651e-03
<MEAN> 25
 1.638164e+00 -1.433621e+00 1.232833e+01 2.305941e+00 -1.167341e+01 -9.956955e+00 -3.294188e+00 3.991369e-01 -5.808785e+00 -2.304709e+00 4.787047e+00 5.090163e-01 1.534230e+00 -1.976395e+00 6.950167e-01 -5.475779e-01 -1.769524e+00 -1.231447e+00 -1.582929e+00 1.310457e+00 -1.175655e+00 -3.028656e-01 1.253813e+00 -5.317808e-01 5.092234e-02
<VARIANCE> 25
 1.045287e+01 1.902434e+01 2.916358e+01 2.936729e+01 2.203168e+01 3.959742e+01 3.319046e+01 2.498326e+01 2.999150e+01 3.392059e+01 2.703842e+01 2.496044e+01 2.110334e+00 1.741822e+00 4.482365e+00 2.189196e+00 4.721889e+00 5.108361e+00 4.396826e+00 3.079980e+00 5.450124e+00 2.788868e+00 3.029763e+00 2.424287e+00 1.572798e-03
<GCONST> 9.255829e+01
<MIXTURE> 76 1.052359e-02
<MEAN> 25
 -6.433879e+00 1.073689e-01 -3.257272e+00 5.208343e+00 4.771707e+00 1.874745e+00 5.704224e+00 1.168363e+00 4.457432e+00 -4.536923e-01 -3.561112e-01 2.495569e+00 -7.310810e-02 -4.831570e-01 -1.386000e-02 -6.281177e-01 -6.390362e-01 -8.529354e-01 -6.907272e-01 -9.757771e-02 -3.186727e-01 -5.818996e-01 -1.613768e-01 -3.285080e-01 2.652295e-02
<VARIANCE> 25
 2.765218e+01 3.995082e+01 2.352768e+01 3.830904e+01 2.821718e+01 2.400045e+01 2.346631e+01 3.114293e+01 2.809684e+01 2.327964e+01 2.635873e+01 1.584200e+01 1.183052e+00 1.024437e+00 1.256552e+00 1.244552e+00 1.344223e+00 1.431569e+00 1.468485e+00 1.472136e+00 1.727999e+00 1.362424e+00 1.173749e+00 1.428916e+00 1.027965e-03
<GCONST> 8.194608e+01
<MIXTURE> 77 1.244626e-02
<MEAN> 25
 -4.567100e-01 8.576373e+00 1.244239e+01 -1.161826e+01 -7.004847e+00 9.619069e-01 -9.282277e+00 -7.227486e+00 -3.375232e+00 -2.133816e-01 -4.650470e+00 -1.487694e+00 6.777136e-02 1.354317e-01 7.398130e-02 2.507792e-01 -1.965180e-02 8.197716e-02 -6.523634e-02 -6.373791e-02 8.185146e-02 -4.679943e-02 2.585778e-02 1.188295e-01 -9.893647e-03
<VARIANCE> 25
 1.046753e+01 2.009559e+01 2.769294e+01 4.160310e+01 3.319431e+01 3.376234e+01 3.675257e+01 3.188349e+01 3.521101e+01 3.352349e+01 3.756675e+01 3.488940e+01 2.985204e-01 7.849248e-01 6.448107e-01 1.084424e+00 1.239733e+00 9.931664e-01 1.223428e+00 1.074737e+00 1.047751e+00 1.067205e+00 9.700063e-01 9.227160e-01 5.396674e-04
<GCONST> 7.783418e+01
<MIXTURE> 78 9.702551e-03
<MEAN> 25
 -1.187049e+01 5.847986e-01 -1.335130e+00 2.413969e+00 4.076251e+00 -1.914832e+00 3.861075e+00 2.063279e+00 3.525277e+00 8.758508e-02 -3.102775e-01 3.356465e+00 2.313351e+00 -1.971491e-01 1.173678e-01 4.745312e-01 -1.876720e-02 -6.507152e-02 -2.960060e-01 -8.906421e-03 8.048860e-02 3.211666e-01 -4.960861e-01 -6.018304e-01 -5.721386e-02
<VARIANCE> 25
 3.948545e+01 3.438525e+01 3.221202e+01 3.156289e+01 3.966692e+01 3.653183e+01 3.376385e+01 3.560740e+01 3.334541e+01 2.991892e+01 2.595589e+01 1.948591e+01 4.625628e+00 2.676178e+00 2.724194e+00 3.084950e+00 2.731130e+00 3.336323e+00 3.052807e+00 2.737118e+00 2.479032e+00 2.633184e+00 2.278768e+00 2.282746e+00 4.589374e-03
<GCONST> 9.470528e+01
<MIXTURE> 79 1.156824e-02
<MEAN> 25
 2.186203e+00 1.115257e+00 9.559587e+00 -6.487112e+00 -1.213667e+01 -2.225669e+00 -1.623733e+00 -5.581660e+00 -7.286214e+00 3.219051e-01 -3.268606e+00 -3.398333e+00 1.190527e+00 -4.596928e-01 -1.418071e+00 2.294689e+00 4.605927e-01 -1.470317e+00 4.930181e-01 8.611791e-01 -4.494510e-01 -5.600068e-01 2.881417e-01 4.058563e-01 -3.685357e-02
<VARIANCE> 25
 1.441462e+01 2.664802e+01 3.814668e+01 4.786895e+01 3.188391e+01 4.414695e+01 4.249458e+01 4.932542e+01 4.537331e+01 3.772757e+01 4.396567e+01 2.986530e+01 9.140217e-01 2.221092e+00 1.799366e+00 2.043579e+00 2.465381e+00 2.783775e+00 3.065290e+00 3.389152e+00 2.419302e+00 2.657050e+00 2.290935e+00 2.248955e+00 1.193970e-03
<GCONST> 9.197740e+01
<MIXTURE> 80 7.550998e-03
<MEAN> 25
 -1.460763e+01 3.981961e+00 6.895730e-01 2.864020e+00 2.445487e+00 1.406962e+00 6.393022e+00 2.492251e+00 2.724412e+00 2.370323e+00 4.846866e+00 1.188911e+00 4.285869e+00 -1.524783e-02 1.638542e+00 -1.134666e+00 -2.888725e+00 -2.777175e+00 -2.321249e+00 -2.018585e+00 -1.976715e+00 -1.682223e+00 -1.650613e+00 -6.046563e-01 -4.423422e-02
<VARIANCE> 25
 2.094067e+01 1.984639e+01 3.442426e+01 3.469217e+01 3.018681e+01 2.921459e+01 2.829564e+01 2.857064e+01 2.676648e+01 2.881225e+01 2.690046e+01 1.810202e+01 2.356525e+00 2.665455e+00 2.673316e+00 4.118546e+00 3.393150e+00 2.703808e+00 3.029730e+00 3.215690e+00 2.752801e+00 2.713878e+00 2.780629e+00 2.150225e+00 1.511344e-03
<GCONST> 9.140900e+01
<MIXTURE> 81 8.025434e-03
<MEAN> 25
 -1.010002e+00 4.089202e+00 1.000037e+01 -1.482319e+01 -9.130501e+00 -1.320208e+00 -6.871614e+00 -8.224927e+00 -4.065794e+00 -7.075045e-01 -7.508190e+00 -2.262384e+00 1.332413e-01 -6.284657e-01 8.276086e-03 -5.648104e-01 -4.383930e-01 3.794469e-01 2.768926e-01 1.163869e-01 -1.628101e-01 6.190231e-02 -4.489034e-01 -1.090432e-01 1.188642e-02
<VARIANCE> 25
 1.057188e+01 3.224054e+01 2.763910e+01 2.877514e+01 3.326740e+01 3.053881e+01 4.519699e+01 2.987468e+01 3.768611e+01 3.571655e+01 2.510389e+01 3.049559e+01 7.582022e-01 2.327559e+00 1.524816e+00 2.837544e+00 2.665616e+00 2.187636e+00 3.371207e+00 2.269355e+00 2.340615e+00 2.604383e+00 2.277829e+00 2.057931e+00 1.175658e-03
<GCONST> 8.887168e+01
<MIXTURE> 82 8.213053e-03
<MEAN> 25
 -1.076102e+01 -3.460877e+00 2.316335e+00 -2.221159e+00 1.801044e+00 5.725956e-02 1.930933e+00 -4.570750e-01 4.221946e+00 3.823638e-02 1.998328e+00 3.661839e+00 -1.500594e+00 -6.088485e-01 2.977703e-01 -2.573391e+00 -1.319619e+00 -1.303305e+00 -1.124312e+00 -6.763960e-01 2.854979e-02 -7.623422e-01 -1.507089e-01 7.102179e-02 1.811595e-01
<VARIANCE> 25
 1.924936e+01 2.464520e+01 3.076324e+01 3.084353e+01 3.856782e+01 3.060107e+01 2.796848e+01 3.685227e+01 3.337352e+01 3.542349e+01 2.676724e+01 1.675812e+01 3.467113e+00 3.878100e+00 2.944505e+00 2.763333e+00 3.221416e+00 2.806785e+00 2.548557e+00 2.732248e+00 2.942643e+00 2.742598e+00 2.489465e+00 1.714287e+00 3.328067e-03
<GCONST> 9.282835e+01
<MIXTURE> 83 1.167529e-02
<MEAN> 25
 -2.002356e+01 5.642392e+00 -1.601751e+00 -3.498825e-01 7.897239e+00 -1.368210e+00 5.170525e+00 3.374720e+00 1.250633e+00 1.932707e+00 9.340184e-01 3.059647e+00 -6.697368e-02 -4.755856e-01 4.242116e-02 -3.454772e-01 -5.509651e-01 -2.097231e-01 -9.947549e-02 8.469968e-03 -4.124841e-02 -7.929645e-02 3.409242e-02 1.183072e-02 6.074449e-03
<VARIANCE> 25
 8.542685e+00 1.646128e+01 2.858760e+01 2.184908e+01 2.071123e+01 2.380069e+01 2.370585e+01 2.572198e+01 1.986012e+01 2.339209e+01 2.369112e+01 1.491814e+01 1.073341e+00 9.240069e-01 1.240386e+00 1.042372e+00 1.396683e+00 1.449909e+00 1.276110e+00 1.675227e+00 1.304803e+00 1.313783e+00 1.300238e+00 1.098305e+00 9.428197e-04
<GCONST> 7.759506e+01
<MIXTURE> 84 1.066614e-02
<MEAN> 25
 8.036068e-01 8.826077e+00 6.979966e+00 8.391375e+00 1.738987e+00 1.137062e-02 1.254957e+00 -5.774545e+00 -4.770013e+00 -1.977700e+00 -2.955303e+00 -2.483860e+00 -1.644104e+00 -8.277993e-01 -1.030217e+00 1.216932e+00 2.045362e+00 1.179471e+00 1.418892e+00 1.420955e+00 1.303691e+00 5.690475e-01 5.133705e-01 6.703100e-01 -7.005531e-02
<VARIANCE> 25
 1.978013e+01 1.505305e+01 1.836944e+01 2.055560e+01 2.834260e+01 3.167058e+01 5.317242e+01 2.834186e+01 2.395082e+01 2.618667e+01 2.283562e+01 2.561606e+01 1.808789e+00 2.557406e+00 3.414123e+00 3.020762e+00 2.834921e+00 3.220804e+00 2.877416e+00 2.884942e+00 3.057940e+00 2.748547e+00 2.976592e+00 2.596217e+00 2.945213e-03
<GCONST> 9.104663e+01
<MIXTURE> 85 7.591393e-03
<MEAN> 25
 -3.091813e+00 7.932409e+00 5.648329e+00 1.262099e+00 -3.531663e+00 -5.274704e+00 -2.795242e+00 -6.058562e+00 -3.454682e+00 -3.163793e+00 -5.694280e-01 -1.938910e+00 3.907945e+00 3.087512e-01 1.778560e+00 -2.086604e+00 -3.402441e+00 -2.576553e+00 -2.876315e+00 -2.244662e+00 -2.262816e+00 -1.274871e+00 -2.256055e+00 -6.371439e-01 1.043986e-02
<VARIANCE> 25
 4.208741e+01 2.338256e+01 3.632453e+01 3.812273e+01 3.908989e+01 4.076116e+01 3.336951e+01 2.797299e+01 2.659055e+01 2.604454e+01 2.624380e+01 2.030161e+01 2.741167e+00 4.261910e+00 4.048391e+00 5.097304e+00 4.342495e+00 3.832131e+00 3.914509e+00 4.365585e+00 4.009170e+00 4.121087e+00 3.965971e+00 3.521988e+00 5.440311e-03
<GCONST> 9.846597e+01
<MIXTURE> 86 1.273941e-02
<MEAN> 25
 -5.013139e+00 -1.097037e+00 -7.693235e-01 6.409145e+00 5.079026e+00 4.698431e+00 5.424113e+00 4.355340e+00 4.648156e+00 3.866408e+00 5.233857e+00 2.821122e+00 -4.274791e-03 -1.016345e-02 -4.717862e-02 -7.998639e-02 -1.209286e-01 -2.005288e-01 -2.629022e-01 -3.068213e-01 -3.392638e-01 -3.174511e-01 -2.447652e-01 -1.053651e-01 -4.434733e-04
<VARIANCE> 25
 7.786694e+00 6.071045e+00 9.809786e+00 1.228778e+01 1.570085e+01 1.413362e+01 1.373262e+01 1.481133e+01 1.294448e+01 1.406238e+01 1.449149e+01 1.316035e+01 9.913026e-02 1.898128e-01 3.165924e-01 4.861739e-01 6.231881e-01 7.290611e-01 7.297611e-01 7.758793e-01 8.211381e-01 8.764160e-01 9.041817e-01 8.856714e-01 5.314129e-05
<GCONST> 5.817150e+01
<MIXTURE> 87 1.100681e-02
<MEAN> 25
 -3.816677e+00 5.351949e+00 3.204234e+00 7.401204e+00 4.830159e+00 1.380064e+00 3.825706e+00 -1.907572e+00 3.351996e-02 -2.105266e-01 -1.459859e+00 -7.643649e-02 -1.848956e+00 -2.485280e+00 -2.109765e+00 -2.580871e+00 -2.613732e-01 -2.396304e-01 3.803430e-01 1.591022e+00 1.585105e+00 4.535422e-01 8.034473e-01 8.726471e-01 1.025725e-01
<VARIANCE> 25
 3.447781e+01 2.646784e+01 2.412907e+01 2.989802e+01 2.898422e+01 2.701096e+01 4.460495e+01 2.597551e+01 2.541413e+01 2.495378e+01 2.364706e+01 2.180718e+01 4.036519e+00 2.881159e+00 5.169279e+00 3.789537e+00 4.633221e+00 4.214437e+00 3.944872e+00 4.642997e+00 2.894911e+00 4.100400e+00 2.928947e+00 2.234845e+00 5.770951e-03
<GCONST> 9.626622e+01
<MIXTURE> 88 1.256585e-02
<MEAN> 25
 -4.092989e+00 3.511202e-02 -1.914073e+00 5.870960e+00 5.257009e+00 3.749626e+00 5.210175e+00 2.440346e+00 3.885296e+00 2.125067e+00 2.184196e+00 2.793077e+00 -6.039994e-02 1.357125e-01 3.113449e-01 5.430169e-01 2.116517e-01 6.362765e-03 5.852067e-02 -6.069519e-02 -2.691557e-01 -3.574464e-01 -1.494907e-01 -4.916051e-02 -6.101351e-03
<VARIANCE> 25
 8.980939e+00 1.337238e+01 1.543573e+01 1.785994e+01 1.945889e+01 1.976176e+01 1.898733e+01 2.148262e+01 1.662467e+01 1.752583e+01 2.191112e+01 1.384540e+01 1.183641e+00 1.572782e+00 1.891597e+00 2.186954e+00 2.381857e+00 2.558179e+00 2.446576e+00 2.474061e+00 2.222698e+00 2.469612e+00 2.094679e+00 1.842247e+00 1.345836e-03
<GCONST> 8.179858e+01
<MIXTURE> 89 9.333527e-03
<MEAN> 25
 5.791867e+00 -7.022326e+00 -3.279315e+00 -2.896118e+00 -1.164949e+00 -6.450557e+00 -6.112926e+00 5.236550e+00 4.012863e+00 -2.633655e+00 -5.758403e+00 -3.235234e+00 -4.568467e-01 2.060666e-01 2.014541e+00 7.841929e-01 -1.914996e+00 -1.905808e+00 6.826712e-01 1.228895e+00 -1.032146e+00 -1.095967e+00 6.688569e-01 1.438133e+00 -1.964167e-03
<VARIANCE> 25
 8.973821e+00 2.480497e+01 2.914669e+01 2.900962e+01 3.465160e+01 4.530192e+01 5.491685e+01 5.115525e+01 3.823092e+01 3.903629e+01 3.321098e+01 2.946688e+01 4.589903e-01 7.915353e-01 1.384236e+00 1.343790e+00 1.814497e+00 2.590107e+00 2.780621e+00 1.883611e+00 2.656518e+00 2.437874e+00 2.813859e+00 1.432356e+00 4.322534e-04
<GCONST> 8.591296e+01
<MIXTURE> 90 7.114505e-03
<MEAN> 25
 2.448393e+00 -9.723763e+00 -4.755355e+00 -3.978621e+00 -3.383582e+00 -1.813284e+00 3.366599e+00 1.181563e+00 -7.532577e+00 -1.021683e+01 -3.429833e+00 -7.393502e-01 -1.636393e-01 9.090811e-01 1.168830e+00 -8.539299e-01 -1.613012e+00 -2.119420e-01 6.447284e-01 -2.100086e-01 -1.688380e-01 7.370868e-01 1.829952e-01 -5.501128e-01 -1.114916e-02
<VARIANCE> 25
 8.492202e+00 1.779066e+01 1.981374e+01 2.802146e+01 3.684110e+01 3.217794e+01 3.852302e+01 3.640542e+01 3.521771e+01 2.769592e+01 2.700262e+01 2.613684e+01 2.237471e-01 6.127258e-01 7.866769e-01 1.042891e+00 1.470093e+00 1.591642e+00 1.780648e+00 1.654566e+00 1.810350e+00 1.678454e+00 1.495387e+00 1.308586e+00 2.150089e-04
<GCONST> 7.813355e+01
<MIXTURE> 91 7.852945e-03
<MEAN> 25
 5.888174e+00 -7.396282e+00 -8.693508e+00 -6.112279e+00 4.483927e+00 1.177118e+00 -2.077254e+00 1.016629e+00 4.244836e-01 -2.253590e+00 -4.548472e+00 -4.745778e+00 1.219351e-01 1.050477e+00 1.412954e-01 5.857912e-01 2.909915e-02 -4.859188e-01 -3.833975e-01 -4.747055e-01 4.910386e-02 4.472275e-01 -3.655749e-02 2.956921e-01 -3.914225e-02
<VARIANCE> 25
 9.855028e+00 2.220972e+01 2.041838e+01 4.001642e+01 3.041262e+01 5.325410e+01 5.852467e+01 3.765207e+01 4.449202e+01 5.672384e+01 3.640068e+01 3.556259e+01 4.496092e-01 7.546772e-01 1.135836e+00 1.329147e+00 1.981439e+00 2.085426e+00 2.753318e+00 2.679434e+00 1.988564e+00 2.082052e+00 1.904288e+00 1.552137e+00 5.853797e-04
<GCONST> 8.593786e+01
<MIXTURE> 92 7.852945e-03
<MEAN> 25
 5.888174e+00 -7.396282e+00 -8.693508e+00 -6.112279e+00 4.483927e+00 1.177118e+00 -2.077254e+00 1.016629e+00 4.244836e-01 -2.253590e+00 -4.548472e+00 -4.745778e+00 1.219351e-01 1.050477e+00 1.412954e-01 5.857912e-01 2.909915e-02 -4.859188e-01 -3.833975e-01 -4.747055e-01 4.910386e-02 4.472275e-01 -3.655749e-02 2.956921e-01 -3.914225e-02
<VARIANCE> 25
 9.855028e+00 2.220972e+01 2.041838e+01 4.001642e+01 3.041262e+01 5.325410e+01 5.852467e+01 3.765207e+01 4.449202e+01 5.672384e+01 3.640068e+01 3.556259e+01 4.496092e-01 7.546772e-01 1.135836e+00 1.329147e+00 1.981439e+00 2.085426e+00 2.753318e+00 2.679434e+00 1.988564e+00 2.082052e+00 1.904288e+00 1.552137e+00 5.853797e-04
<GCONST> 8.593786e+01
<MIXTURE> 93 6.122769e-03
<MEAN> 25
 -6.826214e+00 -9.476209e-01 -2.393032e+00 5.808995e+00 5.914567e+00 3.929808e+00 6.135124e+00 3.581532e+00 4.119864e+00 2.507677e+00 1.815083e+00 3.720990e+00 -6.090009e-02 -1.541912e-01 -2.581938e-01 -3.333573e-01 -3.333694e-01 -2.862317e-01 -2.173191e-01 -1.710909e-01 -1.652845e-01 -1.502572e-01 -1.071777e-01 -3.538619e-02 7.825468e-06
<VARIANCE> 25
 9.066047e+00 6.069056e+00 8.187402e+00 1.137223e+01 1.147006e+01 1.594937e+01 1.527334e+01 1.663846e+01 1.471248e+01 1.449799e+01 1.673925e+01 1.348105e+01 8.264723e-02 1.529112e-01 2.631178e-01 3.802790e-01 4.962846e-01 6.413648e-01 7.770520e-01 8.878800e-01 9.144791e-01 8.734854e-01 8.920806e-01 9.150841e-01 1.040991e-06
<GCONST> 5.362523e+01
<MIXTURE> 94 6.122769e-03
<MEAN> 25
 -6.826214e+00 -9.476209e-01 -2.393032e+00 5.808995e+00 5.914567e+00 3.929808e+00 6.135124e+00 3.581532e+00 4.119864e+00 2.507677e+00 1.815083e+00 3.720990e+00 -6.090009e-02 -1.541912e-01 -2.581938e-01 -3.333573e-01 -3.333694e-01 -2.862317e-01 -2.173191e-01 -1.710909e-01 -1.652845e-01 -1.502572e-01 -1.071777e-01 -3.538619e-02 7.825468e-06
<VARIANCE> 25
 9.066047e+00 6.069056e+00 8.187402e+00 1.137223e+01 1.147006e+01 1.594937e+01 1.527334e+01 1.663846e+01 1.471248e+01 1.449799e+01 1.673925e+01 1.348105e+01 8.264723e-02 1.529112e-01 2.631178e-01 3.802790e-01 4.962846e-01 6.413648e-01 7.770520e-01 8.878800e-01 9.144791e-01 8.734854e-01 8.920806e-01 9.150841e-01 1.040991e-06
<GCONST> 5.362523e+01
<MIXTURE> 95 5.258835e-03
<MEAN> 25
 -5.826360e+00 -6.875120e-01 -1.972299e+00 4.949086e+00 4.239018e+00 2.806415e+00 4.228308e+00 1.613263e+00 2.227815e+00 8.599334e-01 1.188900e+00 2.619275e+00 1.425945e-01 1.470353e-01 8.302310e-02 -8.283345e-02 -3.804489e-01 -7.205836e-01 -1.047643e+00 -1.269359e+00 -1.252668e+00 -9.956441e-01 -6.483293e-01 -3.095615e-01 -8.306542e-05
<VARIANCE> 25
 1.015885e+01 6.774822e+00 1.219456e+01 1.305043e+01 1.391688e+01 1.829608e+01 1.817839e+01 1.708569e+01 1.534620e+01 1.534605e+01 1.984149e+01 1.433676e+01 2.102410e-01 2.941325e-01 4.518910e-01 6.262996e-01 7.950815e-01 8.911119e-01 9.165584e-01 9.393359e-01 9.807286e-01 1.086838e+00 1.156330e+00 1.111514e+00 4.303306e-05
<GCONST> 6.336035e+01
<MIXTURE> 96 7.034694e-03
<MEAN> 25
 -5.096697e+00 -4.547910e-01 -2.243779e+00 5.163525e+00 3.866078e+00 1.791551e+00 3.541638e+00 1.804384e+00 2.453385e+00 9.500027e-01 1.147336e+00 2.837154e+00 -2.968232e-02 8.781637e-02 2.134287e-01 4.057563e-01 5.389059e-01 4.999128e-01 2.461911e-01 -1.265775e-01 -4.634679e-01 -6.517542e-01 -6.085083e-01 -3.674124e-01 -1.577567e-05
<VARIANCE> 25
 1.101194e+01 9.725901e+00 1.288798e+01 1.428369e+01 1.502165e+01 1.952112e+01 1.807673e+01 1.930207e+01 1.800582e+01 1.660897e+01 1.976765e+01 1.453531e+01 1.204448e-01 2.181606e-01 3.166843e-01 3.977770e-01 4.946325e-01 6.606380e-01 8.674588e-01 9.963825e-01 9.568152e-01 8.641300e-01 8.866630e-01 9.406737e-01 1.000153e-06
<GCONST> 5.757111e+01
<MIXTURE> 97 7.034694e-03
<MEAN> 25
 -5.096697e+00 -4.547910e-01 -2.243779e+00 5.163525e+00 3.866078e+00 1.791551e+00 3.541638e+00 1.804384e+00 2.453385e+00 9.500027e-01 1.147336e+00 2.837154e+00 -2.968232e-02 8.781637e-02 2.134287e-01 4.057563e-01 5.389059e-01 4.999128e-01 2.461911e-01 -1.265775e-01 -4.634679e-01 -6.517542e-01 -6.085083e-01 -3.674124e-01 -1.577567e-05
<VARIANCE> 25
 1.101194e+01 9.725901e+00 1.288798e+01 1.428369e+01 1.502165e+01 1.952112e+01 1.807673e+01 1.930207e+01 1.800582e+01 1.660897e+01 1.976765e+01 1.453531e+01 1.204448e-01 2.181606e-01 3.166843e-01 3.977770e-01 4.946325e-01 6.606380e-01 8.674588e-01 9.963825e-01 9.568152e-01 8.641300e-01 8.866630e-01 9.406737e-01 1.000153e-06
<GCONST> 5.757111e+01
<MIXTURE> 98 9.917808e-03
<MEAN> 25
 -1.531205e+00 1.342463e+00 4.269892e-02 4.952524e+00 3.432525e+00 2.546140e+00 3.518543e+00 1.128209e+00 1.405854e+00 1.116719e+00 6.060374e-01 8.626462e-01 -1.747400e+00 -1.396296e+00 -1.011945e+00 1.324312e-01 6.373262e-01 7.387583e-01 1.220430e+00 1.479047e+00 1.731777e+00 1.139456e+00 1.281091e+00 1.007170e+00 -3.515744e-02
<VARIANCE> 25
 1.381180e+01 2.154453e+01 3.187843e+01 3.336123e+01 4.279725e+01 3.744599e+01 3.372168e+01 3.368801e+01 2.812396e+01 3.018594e+01 2.607220e+01 2.328243e+01 1.364977e+00 1.632624e+00 2.338678e+00 2.439777e+00 2.746622e+00 2.881365e+00 2.770497e+00 2.690732e+00 2.557657e+00 2.894881e+00 2.667143e+00 2.096053e+00 2.308174e-03
<GCONST> 9.045123e+01
<MIXTURE> 99 6.696178e-03
<MEAN> 25
 -6.232117e+00 1.000839e+01 6.734318e+00 4.116723e+00 5.059168e-02 -5.744086e+00 -8.724223e-01 -3.966524e+00 -3.116604e+00 -2.762902e+00 -1.432291e+00 4.356001e-01 5.622508e-01 -7.056227e-01 4.554536e-01 -3.373511e-01 -1.090611e+00 -6.688082e-01 -3.986620e-01 -3.617270e-02 -5.983220e-02 -1.049292e-01 3.279672e-01 2.719505e-01 1.341911e-02
<VARIANCE> 25
 3.358308e+01 2.294413e+01 4.428022e+01 3.340252e+01 4.336941e+01 3.827007e+01 3.234797e+01 2.822220e+01 2.641538e+01 3.665522e+01 2.062984e+01 2.730464e+01 2.040447e+00 1.778414e+00 1.524523e+00 1.667247e+00 2.519217e+00 2.186046e+00 1.559783e+00 2.030453e+00 1.512601e+00 1.587406e+00 1.310940e+00 1.318762e+00 1.547708e-03
<GCONST> 8.736658e+01
<MIXTURE> 100 4.498084e-03
<MEAN> 25
 -1.608213e+00 6.343448e+00 1.027116e+01 -7.441644e+00 -1.077256e+01 -5.076808e+00 -4.925191e+00 -9.964828e+00 -4.706981e+00 -8.498061e-01 -2.731709e+00 -2.711120e+00 2.919190e+00 -1.259903e+00 1.305652e+00 -2.184682e+00 -3.420336e+00 -7.890948e-01 -1.215908e+00 -8.124222e-01 -1.485110e+00 3.484288e-01 -1.652838e+00 -2.929791e-01 2.075097e-03
<VARIANCE> 25
 1.365593e+01 2.102565e+01 2.244422e+01 2.663654e+01 2.303033e+01 2.368250e+01 2.921550e+01 2.168099e+01 2.751057e+01 2.263081e+01 2.237479e+01 2.130967e+01 1.797221e+00 3.947240e+00 2.936061e+00 4.279836e+00 4.177979e+00 4.544481e+00 4.013626e+00 4.365044e+00 4.215631e+00 3.891574e+00 3.907948e+00 3.245631e+00 1.674268e-03
<GCONST> 9.259667e+01
<MIXTURE> 101 6.007792e-03
<MEAN> 25
 7.619098e+00 -3.559772e+00 -5.129546e+00 -6.043546e+00 5.841456e-01 -2.579259e+00 -1.066972e+01 -1.434403e+00 1.189271e+00 3.943494e+00 -5.320873e-01 -4.897173e+00 6.523468e-01 7.158727e-01 -1.517906e+00 -1.813012e+00 9.272454e-01 2.685125e+00 4.140317e-01 -1.431731e+00 -8.130655e-01 9.334238e-01 1.270969e+00 -3.754601e-01 -5.849617e-03
<VARIANCE> 25
 8.654890e+00 1.414489e+01 3.068956e+01 3.867883e+01 3.356910e+01 3.984020e+01 3.225370e+01 3.196222e+01 3.605623e+01 4.255300e+01 5.929563e+01 2.133263e+01 2.792582e-01 6.023807e-01 1.126869e+00 1.500378e+00 1.483070e+00 2.413713e+00 2.279492e+00 1.728408e+00 2.280905e+00 1.976903e+00 1.583207e+00 1.721785e+00 2.958711e-04
<GCONST> 8.222133e+01
<MIXTURE> 102 6.007792e-03
<MEAN> 25
 7.619098e+00 -3.559772e+00 -5.129546e+00 -6.043546e+00 5.841456e-01 -2.579259e+00 -1.066972e+01 -1.434403e+00 1.189271e+00 3.943494e+00 -5.320873e-01 -4.897173e+00 6.523468e-01 7.158727e-01 -1.517906e+00 -1.813012e+00 9.272454e-01 2.685125e+00 4.140317e-01 -1.431731e+00 -8.130655e-01 9.334238e-01 1.270969e+00 -3.754601e-01 -5.849617e-03
<VARIANCE> 25
 8.654890e+00 1.414489e+01 3.068956e+01 3.867883e+01 3.356910e+01 3.984020e+01 3.225370e+01 3.196222e+01 3.605623e+01 4.255300e+01 5.929563e+01 2.133263e+01 2.792582e-01 6.023807e-01 1.126869e+00 1.500378e+00 1.483070e+00 2.413713e+00 2.279492e+00 1.728408e+00 2.280905e+00 1.976903e+00 1.583207e+00 1.721785e+00 2.958711e-04
<GCONST> 8.222133e+01
<MIXTURE> 103 5.694618e-03
<MEAN> 25
 3.420265e+00 -9.083993e+00 -5.876162e+00 -3.601152e+00 -1.557523e+00 -1.630062e+00 1.943769e+00 2.555461e+00 -4.518790e+00 -9.561916e+00 -4.977170e+00 2.949428e-01 -1.503542e-01 -1.515436e+00 -9.640819e-01 3.660916e-01 1.251631e+00 1.071491e+00 1.662975e-01 -2.828477e-01 -8.153502e-01 -9.180942e-01 -1.238165e-02 1.605799e-01 2.650325e-02
<VARIANCE> 25
 1.002540e+01 2.415499e+01 2.371670e+01 3.672622e+01 4.800888e+01 3.645618e+01 5.107287e+01 3.569091e+01 4.086874e+01 3.189851e+01 2.943399e+01 2.553868e+01 6.224093e-01 1.231174e+00 1.499553e+00 1.903001e+00 2.877198e+00 2.386640e+00 2.800369e+00 2.490501e+00 2.498911e+00 2.492654e+00 2.054858e+00 1.990685e+00 7.850227e-04
<GCONST> 8.771657e+01
<MIXTURE> 104 5.694618e-03
<MEAN> 25
 3.420265e+00 -9.083993e+00 -5.876162e+00 -3.601152e+00 -1.557523e+00 -1.630062e+00 1.943769e+00 2.555461e+00 -4.518790e+00 -9.561916e+00 -4.977170e+00 2.949428e-01 -1.503542e-01 -1.515436e+00 -9.640819e-01 3.660916e-01 1.251631e+00 1.071491e+00 1.662975e-01 -2.828477e-01 -8.153502e-01 -9.180942e-01 -1.238165e-02 1.605799e-01 2.650325e-02
<VARIANCE> 25
 1.002540e+01 2.415499e+01 2.371670e+01 3.672622e+01 4.800888e+01 3.645618e+01 5.107287e+01 3.569091e+01 4.086874e+01 3.189851e+01 2.943399e+01 2.553868e+01 6.224093e-01 1.231174e+00 1.499553e+00 1.903001e+00 2.877198e+00 2.386640e+00 2.800369e+00 2.490501e+00 2.498911e+00 2.492654e+00 2.054858e+00 1.990685e+00 7.850227e-04
<GCONST> 8.771657e+01
<MIXTURE> 105 4.710235e-03
<MEAN> 25
 2.233245e+00 -1.496758e+00 9.226627e+00 -2.718663e+00 -1.155790e+01 -5.012523e+00 -4.203205e+00 -7.574164e-01 -3.829815e+00 -3.158901e+00 1.534031e+00 -1.150959e+00 8.364289e-03 3.111340e-02 5.134317e-02 -4.404724e-02 5.507198e-03 5.047685e-02 -1.738786e-02 5.132431e-02 -3.137664e-02 2.484053e-02 2.674778e-02 -2.878105e-02 -2.197978e-03
<VARIANCE> 25
 1.330000e+01 2.851918e+01 4.094059e+01 4.478933e+01 3.837593e+01 5.352193e+01 4.134350e+01 4.328128e+01 3.963945e+01 4.226872e+01 4.184905e+01 3.069128e+01 8.367613e-02 1.858951e-01 3.435461e-01 2.920023e-01 3.719801e-01 4.293651e-01 4.776922e-01 4.904463e-01 5.108579e-01 4.401577e-01 4.206211e-01 3.970513e-01 8.897276e-05
<GCONST> 6.674087e+01
<MIXTURE> 106 4.710235e-03
<MEAN> 25
 2.233245e+00 -1.496758e+00 9.226627e+00 -2.718663e+00 -1.155790e+01 -5.012523e+00 -4.203205e+00 -7.574164e-01 -3.829815e+00 -3.158901e+00 1.534031e+00 -1.150959e+00 8.364289e-03 3.111340e-02 5.134317e-02 -4.404724e-02 5.507198e-03 5.047685e-02 -1.738786e-02 5.132431e-02 -3.137664e-02 2.484053e-02 2.674778e-02 -2.878105e-02 -2.197978e-03
<VARIANCE> 25
 1.330000e+01 2.851918e+01 4.094059e+01 4.478933e+01 3.837593e+01 5.352193e+01 4.134350e+01 4.328128e+01 3.963945e+01 4.226872e+01 4.184905e+01 3.069128e+01 8.367613e-02 1.858951e-01 3.435461e-01 2.920023e-01 3.719801e-01 4.293651e-01 4.776922e-01 4.904463e-01 5.108579e-01 4.401577e-01 4.206211e-01 3.970513e-01 8.897276e-05
<GCONST> 6.674087e+01
<MIXTURE> 107 5.452374e-03
<MEAN> 25
 8.005679e+00 -2.377178e+00 -6.788826e+00 -9.155160e+00 1.556164e+00 3.054158e+00 -9.529698e+00 -3.609356e+00 -8.769391e-01 3.812970e+00 1.499484e+00 -4.405910e+00 -5.672899e-01 -7.627345e-01 9.303612e-01 2.059884e+00 2.021921e-01 -1.917476e+00 -1.032369e+00 6.913838e-01 2.023523e+00 5.725845e-02 -1.617481e+00 -9.099725e-01 -3.093245e-03
<VARIANCE> 25
 1.018615e+01 1.902079e+01 3.391322e+01 4.115195e+01 3.641423e+01 3.752083e+01 4.906765e+01 3.634773e+01 4.171978e+01 3.763451e+01 4.770013e+01 2.947223e+01 3.508047e-01 9.373360e-01 1.330057e+00 3.129365e+00 2.014113e+00 2.785524e+00 2.383598e+00 2.383825e+00 2.613578e+00 2.772313e+00 1.768877e+00 2.101865e+00 6.219638e-04
<GCONST> 8.745473e+01
<MIXTURE> 108 5.452374e-03
<MEAN> 25
 8.005679e+00 -2.377178e+00 -6.788826e+00 -9.155160e+00 1.556164e+00 3.054158e+00 -9.529698e+00 -3.609356e+00 -8.769391e-01 3.812970e+00 1.499484e+00 -4.405910e+00 -5.672899e-01 -7.627345e-01 9.303612e-01 2.059884e+00 2.021921e-01 -1.917476e+00 -1.032369e+00 6.913838e-01 2.023523e+00 5.725845e-02 -1.617481e+00 -9.099725e-01 -3.093245e-03
<VARIANCE> 25
 1.018615e+01 1.902079e+01 3.391322e+01 4.115195e+01 3.641423e+01 3.752083e+01 4.906765e+01 3.634773e+01 4.171978e+01 3.763451e+01 4.770013e+01 2.947223e+01 3.508047e-01 9.373360e-01 1.330057e+00 3.129365e+00 2.014113e+00 2.785524e+00 2.383598e+00 2.383825e+00 2.613578e+00 2.772313e+00 1.768877e+00 2.101865e+00 6.219638e-04
<GCONST> 8.745473e+01
<MIXTURE> 109 6.661064e-03
<MEAN> 25
 4.085691e+00 -1.049330e+01 -8.347288e+00 -1.463647e+00 2.806943e+00 3.975847e-02 7.276658e-04 1.505309e+00 -2.545923e+00 -8.237540e+00 -5.346495e+00 3.857584e-02 -3.731906e-02 -1.354080e-01 -4.402703e-02 2.571680e-01 2.111820e-01 1.226080e-01 -1.154284e-01 -1.029654e-01 -3.948723e-02 -1.276938e-01 2.172515e-01 1.383041e-02 -3.696325e-03
<VARIANCE> 25
 9.040675e+00 1.843939e+01 1.992559e+01 3.199806e+01 4.065190e+01 3.690293e+01 4.656795e+01 3.423621e+01 4.557204e+01 3.629090e+01 2.941571e+01 2.795996e+01 1.921839e-01 4.248214e-01 5.530929e-01 6.330079e-01 1.240781e+00 9.854444e-01 1.255732e+00 1.086877e+00 1.105979e+00 9.459214e-01 8.790736e-01 8.767731e-01 1.832128e-04
<GCONST> 7.446863e+01
<MIXTURE> 110 6.661064e-03
<MEAN> 25
 4.085691e+00 -1.049330e+01 -8.347288e+00 -1.463647e+00 2.806943e+00 3.975847e-02 7.276658e-04 1.505309e+00 -2.545923e+00 -8.237540e+00 -5.346495e+00 3.857584e-02 -3.731906e-02 -1.354080e-01 -4.402703e-02 2.571680e-01 2.111820e-01 1.226080e-01 -1.154284e-01 -1.029654e-01 -3.948723e-02 -1.276938e-01 2.172515e-01 1.383041e-02 -3.696325e-03
<VARIANCE> 25
 9.040675e+00 1.843939e+01 1.992559e+01 3.199806e+01 4.065190e+01 3.690293e+01 4.656795e+01 3.423621e+01 4.557204e+01 3.629090e+01 2.941571e+01 2.795996e+01 1.921839e-01 4.248214e-01 5.530929e-01 6.330079e-01 1.240781e+00 9.854444e-01 1.255732e+00 1.086877e+00 1.105979e+00 9.459214e-01 8.790736e-01 8.767731e-01 1.832128e-04
<GCONST> 7.446863e+01
<MIXTURE> 111 4.337247e-03
<MEAN> 25
 -4.474009e+00 -9.060401e-01 -1.720849e+00 1.688608e+00 9.651934e-01 9.647600e-01 3.148924e-01 2.105619e-01 8.930593e-02 -5.412282e-01 -6.299369e-01 1.964997e+00 -2.106181e-02 -3.247992e-02 -7.236397e-02 -7.359347e-02 -3.729370e-02 6.333758e-03 -1.105573e-03 -5.918167e-02 -1.404270e-01 -2.029636e-01 -1.901943e-01 -1.064490e-01 -2.143580e-04
<VARIANCE> 25
 7.001529e+00 4.977927e+00 1.021253e+01 9.410624e+00 1.311150e+01 2.384249e+01 1.467226e+01 1.316895e+01 1.160152e+01 1.191159e+01 1.362794e+01 1.159078e+01 7.917563e-02 1.635586e-01 2.752619e-01 4.205474e-01 5.694213e-01 7.054256e-01 8.005362e-01 8.582893e-01 8.927576e-01 8.558988e-01 8.621151e-01 8.477994e-01 2.231512e-05
<GCONST> 5.598024e+01
<MIXTURE> 112 4.337247e-03
<MEAN> 25
 -4.474009e+00 -9.060401e-01 -1.720849e+00 1.688608e+00 9.651934e-01 9.647600e-01 3.148924e-01 2.105619e-01 8.930593e-02 -5.412282e-01 -6.299369e-01 1.964997e+00 -2.106181e-02 -3.247992e-02 -7.236397e-02 -7.359347e-02 -3.729370e-02 6.333758e-03 -1.105573e-03 -5.918167e-02 -1.404270e-01 -2.029636e-01 -1.901943e-01 -1.064490e-01 -2.143580e-04
<VARIANCE> 25
 7.001529e+00 4.977927e+00 1.021253e+01 9.410624e+00 1.311150e+01 2.384249e+01 1.467226e+01 1.316895e+01 1.160152e+01 1.191159e+01 1.362794e+01 1.159078e+01 7.917563e-02 1.635586e-01 2.752619e-01 4.205474e-01 5.694213e-01 7.054256e-01 8.005362e-01 8.582893e-01 8.927576e-01 8.558988e-01 8.621151e-01 8.477994e-01 2.231512e-05
<GCONST> 5.598024e+01
<MIXTURE> 113 5.938666e-03
<MEAN> 25
 9.884876e+00 1.728309e+00 -8.652316e+00 -1.689587e+01 -9.790784e-01 5.554027e+00 -5.343304e+00 -1.399971e+00 -5.646708e+00 -3.757011e-01 3.869809e-01 -1.815036e-01 1.552770e-03 2.077116e-02 -5.198762e-02 -1.125049e-01 1.032203e-01 1.655182e-01 3.900195e-02 3.552940e-02 -3.408515e-02 -5.931389e-02 1.703338e-01 3.844453e-02 -1.431593e-03
<VARIANCE> 25
 9.249200e+00 1.628681e+01 3.045692e+01 3.504262e+01 5.222473e+01 3.403131e+01 4.013679e+01 3.876282e+01 3.702888e+01 4.658006e+01 3.627330e+01 2.802003e+01 1.209013e-01 3.233056e-01 3.203132e-01 6.336988e-01 6.057630e-01 6.719444e-01 7.988800e-01 8.357453e-01 9.863505e-01 8.950878e-01 7.234756e-01 7.139762e-01 1.236067e-04
<GCONST> 7.122118e+01
<MIXTURE> 114 5.938666e-03
<MEAN> 25
 9.884876e+00 1.728309e+00 -8.652316e+00 -1.689587e+01 -9.790784e-01 5.554027e+00 -5.343304e+00 -1.399971e+00 -5.646708e+00 -3.757011e-01 3.869809e-01 -1.815036e-01 1.552770e-03 2.077116e-02 -5.198762e-02 -1.125049e-01 1.032203e-01 1.655182e-01 3.900195e-02 3.552940e-02 -3.408515e-02 -5.931389e-02 1.703338e-01 3.844453e-02 -1.431593e-03
<VARIANCE> 25
 9.249200e+00 1.628681e+01 3.045692e+01 3.504262e+01 5.222473e+01 3.403131e+01 4.013679e+01 3.876282e+01 3.702888e+01 4.658006e+01 3.627330e+01 2.802003e+01 1.209013e-01 3.233056e-01 3.203132e-01 6.336988e-01 6.057630e-01 6.719444e-01 7.988800e-01 8.357453e-01 9.863505e-01 8.950878e-01 7.234756e-01 7.139762e-01 1.236067e-04
<GCONST> 7.122118e+01
<MIXTURE> 115 2.935202e-03
<MEAN> 25
 -4.031147e+00 -7.523737e-01 -3.108087e+00 3.657032e+00 2.413342e+00 -4.277375e-01 2.234513e+00 4.120691e-01 1.388473e+00 -1.976473e-02 4.034587e-02 2.687622e+00 3.161404e-02 -7.212295e-02 -2.307474e-01 -4.386674e-01 -6.334033e-01 -6.704382e-01 -5.921211e-01 -5.093780e-01 -4.867446e-01 -4.566936e-01 -3.437215e-01 -1.650062e-01 -3.052502e-06
<VARIANCE> 25
 9.269874e+00 9.883416e+00 1.353205e+01 1.270393e+01 1.348884e+01 1.756054e+01 1.709002e+01 2.081691e+01 1.793090e+01 1.721269e+01 1.919481e+01 1.466565e+01 2.037528e-01 3.456257e-01 4.855050e-01 5.616013e-01 6.341669e-01 7.980554e-01 1.007993e+00 1.131153e+00 1.075187e+00 9.943338e-01 1.025513e+00 1.064805e+00 1.000224e-06
<GCONST> 6.016253e+01
<MIXTURE> 116 2.935202e-03
<MEAN> 25
 -4.031147e+00 -7.523737e-01 -3.108087e+00 3.657032e+00 2.413342e+00 -4.277375e-01 2.234513e+00 4.120691e-01 1.388473e+00 -1.976473e-02 4.034587e-02 2.687622e+00 3.161404e-02 -7.212295e-02 -2.307474e-01 -4.386674e-01 -6.334033e-01 -6.704382e-01 -5.921211e-01 -5.093780e-01 -4.867446e-01 -4.566936e-01 -3.437215e-01 -1.650062e-01 -3.052502e-06
<VARIANCE> 25
 9.269874e+00 9.883416e+00 1.353205e+01 1.270393e+01 1.348884e+01 1.756054e+01 1.709002e+01 2.081691e+01 1.793090e+01 1.721269e+01 1.919481e+01 1.466565e+01 2.037528e-01 3.456257e-01 4.855050e-01 5.616013e-01 6.341669e-01 7.980554e-01 1.007993e+00 1.131153e+00 1.075187e+00 9.943338e-01 1.025513e+00 1.064805e+00 1.000224e-06
<GCONST> 6.016253e+01
<MIXTURE> 117 6.506003e-03
<MEAN> 25
 -4.645236e+00 1.118448e+00 1.054371e+00 9.758330e+00 6.260593e+00 6.256464e+00 6.464045e+00 5.041595e+00 6.385065e+00 4.928346e+00 6.365639e+00 2.711578e+00 -7.495908e-02 -2.340935e-01 -3.583926e-01 -4.200850e-01 -3.674738e-01 -3.028747e-01 -2.872654e-01 -3.311258e-01 -3.915900e-01 -3.688776e-01 -2.633148e-01 -1.159412e-01 -7.991272e-06
<VARIANCE> 25
 7.186742e+00 8.752192e+00 9.806747e+00 1.430429e+01 1.561425e+01 1.534506e+01 1.772475e+01 1.798623e+01 1.639937e+01 1.636940e+01 1.674491e+01 1.475894e+01 2.165662e-01 3.074242e-01 4.260235e-01 6.170027e-01 8.534376e-01 1.055156e+00 1.177247e+00 1.232966e+00 1.223768e+00 1.194555e+00 1.167041e+00 1.113377e+00 1.003760e-06
<GCONST> 6.043033e+01
<MIXTURE> 118 6.506003e-03
<MEAN> 25
 -4.645236e+00 1.118448e+00 1.054371e+00 9.758330e+00 6.260593e+00 6.256464e+00 6.464045e+00 5.041595e+00 6.385065e+00 4.928346e+00 6.365639e+00 2.711578e+00 -7.495908e-02 -2.340935e-01 -3.583926e-01 -4.200850e-01 -3.674738e-01 -3.028747e-01 -2.872654e-01 -3.311258e-01 -3.915900e-01 -3.688776e-01 -2.633148e-01 -1.159412e-01 -7.991272e-06
<VARIANCE> 25
 7.186742e+00 8.752192e+00 9.806747e+00 1.430429e+01 1.561425e+01 1.534506e+01 1.772475e+01 1.798623e+01 1.639937e+01 1.636940e+01 1.674491e+01 1.475894e+01 2.165662e-01 3.074242e-01 4.260235e-01 6.170027e-01 8.534376e-01 1.055156e+00 1.177247e+00 1.232966e+00 1.223768e+00 1.194555e+00 1.167041e+00 1.113377e+00 1.003760e-06
<GCONST> 6.043033e+01
<MIXTURE> 119 4.297961e-03
<MEAN> 25
 -4.975607e+00 -7.634419e+00 2.231605e+00 2.016816e+00 2.239663e+00 2.076870e-01 5.275330e+00 5.939518e+00 1.166126e+00 9.677255e-01 6.613746e+00 1.570064e+00 -4.997989e-02 -7.931271e-02 3.729118e-02 -5.719797e-02 -1.261508e-01 -1.799220e-01 -6.904389e-02 -1.392406e-02 -9.187243e-02 -1.121439e-01 -5.515447e-02 -5.818860e-02 1.111892e-03
<VARIANCE> 25
 8.501720e+00 9.816386e+00 1.656419e+01 2.018426e+01 2.286638e+01 2.320568e+01 2.499763e+01 2.648726e+01 2.503697e+01 2.807390e+01 2.040386e+01 2.041006e+01 1.604250e-01 2.824829e-01 4.597473e-01 6.328157e-01 8.034588e-01 1.003841e+00 1.099932e+00 1.277773e+00 1.285835e+00 1.245903e+00 1.192376e+00 1.112424e+00 2.316189e-04
<GCONST> 6.971986e+01
<MIXTURE> 120 4.297961e-03
<MEAN> 25
 -4.975607e+00 -7.634419e+00 2.231605e+00 2.016816e+00 2.239663e+00 2.076870e-01 5.275330e+00 5.939518e+00 1.166126e+00 9.677255e-01 6.613746e+00 1.570064e+00 -4.997989e-02 -7.931271e-02 3.729118e-02 -5.719797e-02 -1.261508e-01 -1.799220e-01 -6.904389e-02 -1.392406e-02 -9.187243e-02 -1.121439e-01 -5.515447e-02 -5.818860e-02 1.111892e-03
<VARIANCE> 25
 8.501720e+00 9.816386e+00 1.656419e+01 2.018426e+01 2.286638e+01 2.320568e+01 2.499763e+01 2.648726e+01 2.503697e+01 2.807390e+01 2.040386e+01 2.041006e+01 1.604250e-01 2.824829e-01 4.597473e-01 6.328157e-01 8.034588e-01 1.003841e+00 1.099932e+00 1.277773e+00 1.285835e+00 1.245903e+00 1.192376e+00 1.112424e+00 2.316189e-04
<GCONST> 6.971986e+01
<MIXTURE> 121 4.567511e-03
<MEAN> 25
 2.061971e-01 -2.526569e+00 5.172353e+00 -1.287827e+01 -1.264586e+01 -1.672768e+00 1.008289e+00 -5.093976e+00 -4.223216e+00 -4.937002e-01 -5.500407e+00 -4.323227e+00 2.477971e-02 1.323550e-01 -4.333095e-02 7.867806e-02 1.604847e-01 8.129741e-02 -7.839485e-02 -1.818503e-01 -2.722558e-01 -2.561146e-01 -1.144460e-01 1.503478e-03 -7.409804e-03
<VARIANCE> 25
 7.743145e+00 1.563786e+01 1.749170e+01 2.058497e+01 2.439833e+01 2.926597e+01 2.955508e+01 2.495354e+01 3.546025e+01 2.832571e+01 1.974785e+01 2.116839e+01 1.547932e-01 6.454940e-01 6.229075e-01 7.044155e-01 7.703704e-01 1.150545e+00 1.116118e+00 1.125821e+00 1.228240e+00 1.191160e+00 9.391097e-01 8.714303e-01 2.109384e-04
<GCONST> 7.144836e+01
<MIXTURE> 122 4.567511e-03
<MEAN> 25
 2.061971e-01 -2.526569e+00 5.172353e+00 -1.287827e+01 -1.264586e+01 -1.672768e+00 1.008289e+00 -5.093976e+00 -4.223216e+00 -4.937002e-01 -5.500407e+00 -4.323227e+00 2.477971e-02 1.323550e-01 -4.333095e-02 7.867806e-02 1.604847e-01 8.129741e-02 -7.839485e-02 -1.818503e-01 -2.722558e-01 -2.561146e-01 -1.144460e-01 1.503478e-03 -7.409804e-03
<VARIANCE> 25
 7.743145e+00 1.563786e+01 1.749170e+01 2.058497e+01 2.439833e+01 2.926597e+01 2.955508e+01 2.495354e+01 3.546025e+01 2.832571e+01 1.974785e+01 2.116839e+01 1.547932e-01 6.454940e-01 6.229075e-01 7.044155e-01 7.703704e-01 1.150545e+00 1.116118e+00 1.125821e+00 1.228240e+00 1.191160e+00 9.391097e-01 8.714303e-01 2.109384e-04
<GCONST> 7.144836e+01
<MIXTURE> 123 4.393044e-03
<MEAN> 25
 -4.506946e+00 1.611281e+00 1.835459e-01 6.845598e+00 5.383154e+00 3.809248e+00 4.155772e+00 -2.450917e-01 5.362005e-01 -5.051380e-01 4.509318e-02 1.325108e+00 -4.743610e-01 -7.833297e-01 -7.658252e-01 -6.003621e-01 -1.436663e-01 3.527372e-02 3.564201e-01 7.547930e-01 7.138495e-01 5.716146e-01 6.866304e-01 5.541349e-01 -8.172077e-04
<VARIANCE> 25
 9.827887e+00 1.240044e+01 1.420854e+01 1.935933e+01 1.987619e+01 2.636395e+01 2.463995e+01 2.152158e+01 1.818124e+01 1.642544e+01 2.005831e+01 1.942257e+01 3.324345e-01 3.841706e-01 5.274872e-01 6.575008e-01 1.086894e+00 1.040832e+00 1.070104e+00 1.197268e+00 1.154622e+00 1.363651e+00 1.085825e+00 1.111304e+00 1.205976e-04
<GCONST> 6.943914e+01
<MIXTURE> 124 4.069876e-03
<MEAN> 25
 -6.573408e+00 -1.106222e+00 -2.844829e+00 5.201096e+00 5.038250e+00 3.452446e+00 5.491733e+00 2.389512e+00 3.214847e+00 1.294257e+00 1.118973e+00 3.167225e+00 -1.964450e-01 -3.179643e-01 -3.655812e-01 -2.310423e-01 1.205824e-01 4.889786e-01 7.910370e-01 8.603351e-01 6.469119e-01 3.191294e-01 4.858153e-02 -2.394146e-02 1.284400e-04
<VARIANCE> 25
 1.076761e+01 7.300677e+00 1.115835e+01 1.254273e+01 1.202563e+01 1.955038e+01 1.561069e+01 1.802460e+01 1.512134e+01 1.572332e+01 1.878111e+01 1.477597e+01 1.056233e-01 1.655853e-01 2.648486e-01 4.174831e-01 5.824292e-01 7.312233e-01 7.476300e-01 7.961321e-01 8.909813e-01 9.631017e-01 1.010205e+00 9.707614e-01 1.793524e-05
<GCONST> 5.872762e+01
<MIXTURE> 125 4.069876e-03
<MEAN> 25
 -6.573408e+00 -1.106222e+00 -2.844829e+00 5.201096e+00 5.038250e+00 3.452446e+00 5.491733e+00 2.389512e+00 3.214847e+00 1.294257e+00 1.118973e+00 3.167225e+00 -1.964450e-01 -3.179643e-01 -3.655812e-01 -2.310423e-01 1.205824e-01 4.889786e-01 7.910370e-01 8.603351e-01 6.469119e-01 3.191294e-01 4.858153e-02 -2.394146e-02 1.284400e-04
<VARIANCE> 25
 1.076761e+01 7.300677e+00 1.115835e+01 1.254273e+01 1.202563e+01 1.955038e+01 1.561069e+01 1.802460e+01 1.512134e+01 1.572332e+01 1.878111e+01 1.477597e+01 1.056233e-01 1.655853e-01 2.648486e-01 4.174831e-01 5.824292e-01 7.312233e-01 7.476300e-01 7.961321e-01 8.909813e-01 9.631017e-01 1.010205e+00 9.707614e-01 1.793524e-05
<GCONST> 5.872762e+01
<MIXTURE> 126 2.402244e-03
<MEAN> 25
 -3.789785e+00 -6.936084e+00 -5.283456e+00 2.321223e+00 4.279004e+00 -3.239672e+00 7.171170e-02 3.552804e+00 3.342443e+00 -2.697650e+00 -1.430563e+00 3.055710e+00 -2.171306e-03 -6.587693e-03 -3.575620e-02 -1.579633e-01 -3.184915e-01 -3.891085e-01 -2.736162e-01 -1.573411e-01 -1.129407e-01 -1.154761e-01 -9.811416e-02 -3.111199e-02 -1.470881e-03
<VARIANCE> 25
 7.431067e+00 1.263856e+01 1.383862e+01 1.513683e+01 2.467910e+01 2.369907e+01 2.274920e+01 2.841068e+01 3.129424e+01 2.623464e+01 2.176968e+01 1.918164e+01 1.708421e-01 3.520806e-01 4.830320e-01 5.675415e-01 7.535649e-01 9.954436e-01 1.121788e+00 1.262439e+00 1.329642e+00 1.310619e+00 1.213392e+00 1.147298e+00 2.111548e-04
<GCONST> 6.980037e+01
<MIXTURE> 127 2.402244e-03
<MEAN> 25
 -3.789785e+00 -6.936084e+00 -5.283456e+00 2.321223e+00 4.279004e+00 -3.239672e+00 7.171170e-02 3.552804e+00 3.342443e+00 -2.697650e+00 -1.430563e+00 3.055710e+00 -2.171306e-03 -6.587693e-03 -3.575620e-02 -1.579633e-01 -3.184915e-01 -3.891085e-01 -2.736162e-01 -1.573411e-01 -1.129407e-01 -1.154761e-01 -9.811416e-02 -3.111199e-02 -1.470881e-03
<VARIANCE> 25
 7.431067e+00 1.263856e+01 1.383862e+01 1.513683e+01 2.467910e+01 2.369907e+01 2.274920e+01 2.841068e+01 3.129424e+01 2.623464e+01 2.176968e+01 1.918164e+01 1.708421e-01 3.520806e-01 4.830320e-01 5.675415e-01 7.535649e-01 9.954436e-01 1.121788e+00 1.262439e+00 1.329642e+00 1.310619e+00 1.213392e+00 1.147298e+00 2.111548e-04
<GCONST> 6.980037e+01
<MIXTURE> 128 3.790457e-03
<MEAN> 25
 -3.932099e+00 1.542067e+00 -3.398463e-01 6.574662e+00 3.620779e+00 1.858547e+00 3.578106e+00 2.371319e+00 3.963123e+00 3.700470e+00 3.771040e+00 3.525686e+00 -3.959775e-01 -1.971804e-01 9.854021e-02 7.267246e-01 1.184726e+00 1.135647e+00 7.179075e-01 1.311204e-01 -4.391954e-01 -7.881201e-01 -7.024546e-01 -3.937865e-01 -3.630197e-05
<VARIANCE> 25
 1.021189e+01 1.169834e+01 1.498927e+01 1.931596e+01 2.004476e+01 2.117826e+01 2.430679e+01 2.467188e+01 2.641334e+01 2.387310e+01 2.679902e+01 1.820304e+01 8.925343e-01 1.146522e+00 1.365931e+00 1.502713e+00 1.580483e+00 1.862836e+00 2.249017e+00 2.325394e+00 2.147810e+00 1.857409e+00 1.744238e+00 1.748444e+00 1.000136e-06
<GCONST> 7.364179e+01
<TRANSP> 3
 0.000000e+00 1.000000e+00 0.000000e+00
 0.000000e+00 9.999990e-01 9.999998e-07
 0.000000e+00 0.000000e+00 0.000000e+00
<ENDHMM>
