~o
<STREAMINFO> 1 25
<VECSIZE> 25<NULLD><MFCC_E_D_N><DIAGC>
~h "jmodel"
<BEGINHMM>
<NUMSTATES> 3
<STATE> 2
<NUMMIXES> 128
<MIXTURE> 1 5.748963e-03
<MEAN> 25
 -2.581774e+00 3.183517e+00 2.306612e+00 8.748608e+00 4.366024e+00 3.445482e+00 4.060176e+00 3.925413e+00 5.822919e+00 5.250154e+00 5.878640e+00 3.074277e+00 -2.003096e+00 -1.633858e+00 -8.638675e-01 1.075504e+00 1.560169e+00 2.229326e+00 2.151726e+00 2.082547e+00 1.691810e+00 1.268369e+00 1.567811e+00 6.121703e-01 -4.687455e-02
<VARIANCE> 25
 1.005997e+01 1.175141e+01 1.495343e+01 1.870568e+01 2.323322e+01 2.216020e+01 2.187850e+01 2.202323e+01 2.103306e+01 2.252731e+01 2.096462e+01 1.708572e+01 1.788672e+00 2.111033e+00 3.022749e+00 3.208758e+00 3.736298e+00 3.373416e+00 3.324419e+00 3.383698e+00 3.520409e+00 3.723864e+00 3.510893e+00 2.832546e+00 3.121641e-03
<GCONST> 8.847259e+01
<MIXTURE> 2 4.549242e-03
<MEAN> 25
 -4.863756e+00 1.344557e+00 9.489939e-01 9.909584e+00 6.741043e+00 7.433691e+00 7.838731e+00 6.886489e+00 8.331163e+00 6.360361e+00 7.552435e+00 3.041896e+00 -6.352498e-02 4.039679e-02 1.416656e-01 2.263409e-01 2.548619e-01 2.627537e-01 2.981324e-01 3.225042e-01 3.620906e-01 3.239822e-01 1.998037e-01 8.314186e-02 5.757940e-06
<VARIANCE> 25
 6.889572e+00 8.897301e+00 1.071270e+01 1.574772e+01 1.725417e+01 1.540443e+01 1.672129e+01 1.872422e+01 1.656483e+01 1.721373e+01 1.838260e+01 1.430011e+01 1.241206e-01 2.242457e-01 3.328598e-01 4.624767e-01 6.526981e-01 8.406295e-01 9.209074e-01 9.928198e-01 1.057882e+00 1.090805e+00 1.065410e+00 1.004547e+00 9.946244e-07
<GCONST> 5.799229e+01
<MIXTURE> 3 4.549242e-03
<MEAN> 25
 -4.863756e+00 1.344557e+00 9.489939e-01 9.909584e+00 6.741043e+00 7.433691e+00 7.838731e+00 6.886489e+00 8.331163e+00 6.360361e+00 7.552435e+00 3.041896e+00 -6.352498e-02 4.039679e-02 1.416656e-01 2.263409e-01 2.548619e-01 2.627537e-01 2.981324e-01 3.225042e-01 3.620906e-01 3.239822e-01 1.998037e-01 8.314186e-02 5.757940e-06
<VARIANCE> 25
 6.889572e+00 8.897301e+00 1.071270e+01 1.574772e+01 1.725417e+01 1.540443e+01 1.672129e+01 1.872422e+01 1.656483e+01 1.721373e+01 1.838260e+01 1.430011e+01 1.241206e-01 2.242457e-01 3.328598e-01 4.624767e-01 6.526981e-01 8.406295e-01 9.209074e-01 9.928198e-01 1.057882e+00 1.090805e+00 1.065410e+00 1.004547e+00 9.946244e-07
<GCONST> 5.799229e+01
<MIXTURE> 4 1.671429e-02
<MEAN> 25
 3.478665e+00 2.576289e+00 -3.725743e+00 8.299282e-01 4.082352e+00 5.042145e-02 3.174510e-01 -1.872946e-01 1.490158e+00 1.432391e+00 -1.929172e+00 3.876258e-02 -2.733405e+00 1.159223e+00 1.748669e+00 2.983694e+00 9.324998e-01 4.325216e-01 1.489187e+00 9.873366e-01 9.416153e-01 3.631283e-01 1.242348e+00 9.136633e-01 -1.009674e-01
<VARIANCE> 25
 2.088531e+01 2.907239e+01 2.845100e+01 3.934576e+01 4.626614e+01 7.148499e+01 6.515447e+01 5.425602e+01 5.366610e+01 6.072220e+01 4.844006e+01 3.507730e+01 2.324938e+00 5.008237e+00 3.685668e+00 5.124831e+00 4.881461e+00 6.616927e+00 6.022947e+00 5.587570e+00 5.809563e+00 6.400888e+00 5.968091e+00 4.423759e+00 6.299395e-03
<GCONST> 1.053843e+02
<MIXTURE> 5 3.206198e-03
<MEAN> 25
 -3.417336e+00 2.182235e+00 6.086271e-01 9.429238e+00 6.698911e+00 6.316979e+00 7.112142e+00 4.721300e+00 5.495424e+00 3.848164e+00 4.656710e+00 2.605155e+00 -3.245839e-01 7.524820e-01 1.224236e+00 1.032256e+00 3.072968e-01 -1.005220e-01 -8.349486e-02 3.366978e-02 4.584392e-01 6.840833e-01 4.038018e-01 8.812764e-02 -2.759059e-05
<VARIANCE> 25
 1.024585e+01 1.393821e+01 2.348268e+01 2.560583e+01 2.021941e+01 1.942034e+01 2.010622e+01 2.035920e+01 2.141073e+01 2.127747e+01 2.409583e+01 1.635930e+01 1.209516e+00 1.244160e+00 1.357264e+00 1.673215e+00 2.284155e+00 2.376527e+00 2.300764e+00 2.274568e+00 2.315022e+00 2.237716e+00 2.084758e+00 1.873183e+00 1.000242e-06
<GCONST> 7.516088e+01
<MIXTURE> 6 5.475854e-03
<MEAN> 25
 9.611116e+00 -4.147163e-01 -6.174837e+00 -1.106498e+01 -2.079188e+00 7.166457e+00 -5.987377e+00 -5.640604e+00 -3.826560e+00 2.058718e+00 4.028141e+00 -1.392861e+00 5.237387e-01 8.782176e-01 -4.318945e-01 -1.467924e+00 -5.643237e-01 1.250364e+00 1.479755e+00 3.799473e-01 -1.115972e+00 -1.063931e+00 4.574175e-01 1.167791e+00 -6.753718e-03
<VARIANCE> 25
 8.601584e+00 1.614566e+01 2.615024e+01 3.679924e+01 3.491406e+01 3.139905e+01 4.197255e+01 3.754202e+01 3.905160e+01 3.780604e+01 4.486633e+01 2.696490e+01 3.295644e-01 8.136888e-01 1.007017e+00 1.915911e+00 1.648772e+00 1.967118e+00 1.858998e+00 2.261721e+00 2.409986e+00 2.201522e+00 2.472266e+00 1.411318e+00 5.894843e-04
<GCONST> 8.394353e+01
<MIXTURE> 7 5.475854e-03
<MEAN> 25
 9.611116e+00 -4.147163e-01 -6.174837e+00 -1.106498e+01 -2.079188e+00 7.166457e+00 -5.987377e+00 -5.640604e+00 -3.826560e+00 2.058718e+00 4.028141e+00 -1.392861e+00 5.237387e-01 8.782176e-01 -4.318945e-01 -1.467924e+00 -5.643237e-01 1.250364e+00 1.479755e+00 3.799473e-01 -1.115972e+00 -1.063931e+00 4.574175e-01 1.167791e+00 -6.753718e-03
<VARIANCE> 25
 8.601584e+00 1.614566e+01 2.615024e+01 3.679924e+01 3.491406e+01 3.139905e+01 4.197255e+01 3.754202e+01 3.905160e+01 3.780604e+01 4.486633e+01 2.696490e+01 3.295644e-01 8.136888e-01 1.007017e+00 1.915911e+00 1.648772e+00 1.967118e+00 1.858998e+00 2.261721e+00 2.409986e+00 2.201522e+00 2.472266e+00 1.411318e+00 5.894843e-04
<GCONST> 8.394353e+01
<MIXTURE> 8 1.165917e-02
<MEAN> 25
 -4.729810e+00 1.364516e+00 1.286584e+00 9.554645e+00 6.575334e+00 6.259801e+00 6.480023e+00 5.683084e+00 6.653183e+00 5.624735e+00 6.562359e+00 3.142436e+00 -6.291610e-01 -1.425208e+00 -1.072502e+00 -1.729580e+00 -2.295127e-01 -9.474111e-01 -1.781307e-01 -2.906167e-01 -2.519163e-01 -1.745420e-01 -2.127433e-01 8.284742e-02 9.886139e-02
<VARIANCE> 25
 9.331306e+00 9.842870e+00 1.163460e+01 1.607032e+01 1.662400e+01 1.573468e+01 1.811799e+01 1.752575e+01 1.706269e+01 1.741667e+01 1.897465e+01 1.408864e+01 2.754759e+00 2.813523e+00 3.905575e+00 3.761646e+00 3.454686e+00 3.330276e+00 3.127735e+00 3.079118e+00 2.871178e+00 2.653283e+00 2.433246e+00 1.904470e+00 6.680095e-03
<GCONST> 8.630620e+01
<MIXTURE> 9 1.199672e-02
<MEAN> 25
 9.291561e+00 3.238815e+00 -5.787444e+00 -1.083926e+01 -2.078913e+00 5.491301e+00 -2.498406e+00 -2.651347e+00 -5.486362e+00 -7.353382e-01 3.677401e-01 -2.326172e-01 1.398578e+00 -1.045549e-01 -6.115392e-01 -2.662967e+00 -1.415952e+00 8.131524e-01 -8.758733e-01 -7.317327e-03 -1.663328e-01 -4.820400e-01 7.952067e-01 -1.478990e-01 7.004448e-02
<VARIANCE> 25
 1.143799e+01 2.036464e+01 3.384765e+01 5.058967e+01 4.740113e+01 3.394407e+01 4.186764e+01 5.077414e+01 3.959002e+01 4.251704e+01 3.456088e+01 2.585666e+01 2.004362e+00 2.310670e+00 4.510678e+00 4.612336e+00 5.500360e+00 3.917604e+00 4.141634e+00 6.340079e+00 4.737591e+00 3.967109e+00 4.212576e+00 2.638695e+00 2.216103e-03
<GCONST> 9.824856e+01
<MIXTURE> 10 6.596976e-03
<MEAN> 25
 8.285394e-01 7.632057e+00 5.329793e+00 7.083416e+00 1.553777e+00 -2.134685e+00 -4.864779e-01 -1.713596e+00 8.399664e-01 8.625534e-01 8.148751e-01 6.605095e-01 -1.909925e+00 -6.682088e-01 -4.736656e-01 3.014942e+00 2.430762e+00 2.690784e+00 2.366708e+00 2.235850e+00 1.853559e+00 1.542893e+00 2.321041e+00 5.176792e-01 -1.374491e-01
<VARIANCE> 25
 1.936019e+01 2.048380e+01 2.238283e+01 2.921009e+01 3.818153e+01 3.477417e+01 3.496840e+01 3.392644e+01 2.744388e+01 2.874619e+01 2.687908e+01 2.476656e+01 2.228385e+00 3.398041e+00 5.517801e+00 5.156621e+00 5.620198e+00 4.560789e+00 4.753302e+00 4.977456e+00 4.367660e+00 4.997231e+00 4.431063e+00 3.171422e+00 2.715356e-03
<GCONST> 9.745141e+01
<MIXTURE> 11 1.633820e-02
<MEAN> 25
 7.225698e+00 4.310883e+00 3.025557e+00 4.297097e+00 -3.122013e+00 -3.692648e-01 -1.880618e+00 -6.704658e+00 -3.349919e+00 7.841676e-01 -2.613934e+00 -2.127256e+00 -3.903673e-01 5.187130e-01 1.118610e-01 3.288430e-01 5.691179e-01 -1.775103e-01 2.066060e-01 -1.928667e-01 -4.571272e-02 1.074752e-01 4.617618e-02 2.572985e-01 -2.026851e-02
<VARIANCE> 25
 1.204126e+01 2.189933e+01 1.886309e+01 3.431543e+01 3.506303e+01 4.839425e+01 4.374687e+01 3.850425e+01 3.898208e+01 3.339391e+01 3.039816e+01 2.583409e+01 8.841093e-01 1.076103e+00 1.501933e+00 1.949710e+00 1.780903e+00 2.450006e+00 2.295249e+00 2.382867e+00 2.010565e+00 2.110842e+00 2.056023e+00 1.423124e+00 9.236520e-04
<GCONST> 8.642670e+01
<MIXTURE> 12 5.904134e-03
<MEAN> 25
 1.067910e+01 3.630645e+00 -4.330440e+00 -1.568613e+01 -8.627528e+00 8.866507e+00 -8.492611e-01 -2.277374e+00 -1.625996e+00 -4.531512e+00 1.588368e+00 5.598759e-01 6.041331e-02 2.913779e-01 4.138415e-02 -3.329901e-01 -2.661014e-01 2.065180e-02 3.617888e-01 4.095612e-01 1.637445e-01 -3.778740e-01 -4.113691e-01 8.621453e-02 -7.094685e-03
<VARIANCE> 25
 8.782730e+00 2.062633e+01 2.335530e+01 3.638698e+01 4.076555e+01 3.125370e+01 4.052296e+01 5.070205e+01 4.286309e+01 3.952719e+01 3.767174e+01 2.859550e+01 2.444638e-01 6.652066e-01 7.076783e-01 1.165356e+00 1.198995e+00 1.044357e+00 1.222410e+00 1.383937e+00 1.221112e+00 1.188035e+00 1.204367e+00 9.520251e-01 5.767808e-04
<GCONST> 7.887862e+01
<MIXTURE> 13 5.904134e-03
<MEAN> 25
 1.067910e+01 3.630645e+00 -4.330440e+00 -1.568613e+01 -8.627528e+00 8.866507e+00 -8.492611e-01 -2.277374e+00 -1.625996e+00 -4.531512e+00 1.588368e+00 5.598759e-01 6.041331e-02 2.913779e-01 4.138415e-02 -3.329901e-01 -2.661014e-01 2.065180e-02 3.617888e-01 4.095612e-01 1.637445e-01 -3.778740e-01 -4.113691e-01 8.621453e-02 -7.094685e-03
<VARIANCE> 25
 8.782730e+00 2.062633e+01 2.335530e+01 3.638698e+01 4.076555e+01 3.125370e+01 4.052296e+01 5.070205e+01 4.286309e+01 3.952719e+01 3.767174e+01 2.859550e+01 2.444638e-01 6.652066e-01 7.076783e-01 1.165356e+00 1.198995e+00 1.044357e+00 1.222410e+00 1.383937e+00 1.221112e+00 1.188035e+00 1.204367e+00 9.520251e-01 5.767808e-04
<GCONST> 7.887862e+01
<MIXTURE> 14 6.488954e-03
<MEAN> 25
 -4.314555e+00 -3.689010e-01 -3.134711e-01 8.896910e+00 7.503611e+00 7.375480e+00 7.824828e+00 7.308726e+00 7.249411e+00 5.216692e+00 6.847831e+00 4.086589e+00 -2.736174e-01 1.954796e-01 3.633343e-01 3.094448e-01 9.952850e-03 6.571034e-02 9.703089e-02 1.762210e-01 2.936039e-01 5.391113e-01 5.035588e-01 7.369395e-02 -9.420903e-03
<VARIANCE> 25
 9.274728e+00 1.388440e+01 1.858435e+01 1.794970e+01 2.092692e+01 1.956380e+01 2.146505e+01 2.069951e+01 2.006172e+01 2.389582e+01 2.148316e+01 1.603371e+01 9.601071e-01 1.639225e+00 1.771146e+00 1.937920e+00 2.243530e+00 2.274702e+00 2.258290e+00 2.235615e+00 2.282310e+00 2.501906e+00 2.196526e+00 1.810856e+00 1.031413e-03
<GCONST> 8.192249e+01
<MIXTURE> 15 2.475190e-03
<MEAN> 25
 -5.390665e+00 -4.731639e-01 -3.753484e-01 7.423453e+00 5.794073e+00 5.699499e+00 6.029821e+00 4.781119e+00 5.006150e+00 4.027630e+00 5.123456e+00 2.233042e+00 -1.184178e-01 -3.700024e-02 7.994273e-02 2.394838e-01 5.004578e-01 8.006504e-01 1.068707e+00 1.173058e+00 1.055296e+00 7.525656e-01 4.169283e-01 1.461986e-01 -5.481662e-05
<VARIANCE> 25
 6.754237e+00 5.947677e+00 9.293486e+00 1.244148e+01 1.379557e+01 1.408699e+01 1.453313e+01 1.511217e+01 1.416898e+01 1.393233e+01 1.734650e+01 1.393237e+01 1.207833e-01 2.012223e-01 3.095713e-01 5.001453e-01 6.953449e-01 8.194890e-01 7.571403e-01 7.729922e-01 8.828384e-01 1.010347e+00 1.036903e+00 1.015012e+00 2.889970e-05
<GCONST> 5.862936e+01
<MIXTURE> 16 2.475190e-03
<MEAN> 25
 -5.390665e+00 -4.731639e-01 -3.753484e-01 7.423453e+00 5.794073e+00 5.699499e+00 6.029821e+00 4.781119e+00 5.006150e+00 4.027630e+00 5.123456e+00 2.233042e+00 -1.184178e-01 -3.700024e-02 7.994273e-02 2.394838e-01 5.004578e-01 8.006504e-01 1.068707e+00 1.173058e+00 1.055296e+00 7.525656e-01 4.169283e-01 1.461986e-01 -5.481662e-05
<VARIANCE> 25
 6.754237e+00 5.947677e+00 9.293486e+00 1.244148e+01 1.379557e+01 1.408699e+01 1.453313e+01 1.511217e+01 1.416898e+01 1.393233e+01 1.734650e+01 1.393237e+01 1.207833e-01 2.012223e-01 3.095713e-01 5.001453e-01 6.953449e-01 8.194890e-01 7.571403e-01 7.729922e-01 8.828384e-01 1.010347e+00 1.036903e+00 1.015012e+00 2.889970e-05
<GCONST> 5.862936e+01
<MIXTURE> 17 9.518312e-03
<MEAN> 25
 3.001843e+00 -7.690952e-01 6.486367e+00 7.973325e-01 -5.758389e+00 -6.101925e+00 -2.019432e+00 -8.167164e-01 -1.970015e+00 -2.754472e+00 1.588877e+00 1.097537e+00 -7.150626e-01 -1.469267e+00 1.470879e+00 -1.950723e+00 -1.990166e+00 -4.216346e-01 -4.414040e-01 1.113411e+00 -4.671041e-02 -3.203454e-01 1.104219e+00 7.558740e-01 8.069006e-02
<VARIANCE> 25
 1.504762e+01 2.867738e+01 2.727864e+01 4.376310e+01 3.639839e+01 4.641756e+01 4.097422e+01 3.719284e+01 3.156460e+01 2.644481e+01 3.323193e+01 2.945578e+01 1.631497e+00 2.427874e+00 3.549582e+00 2.713044e+00 3.704330e+00 5.646467e+00 5.357547e+00 4.257485e+00 3.603014e+00 3.515835e+00 2.785033e+00 2.770443e+00 1.789180e-03
<GCONST> 9.553936e+01
<MIXTURE> 18 1.221018e-02
<MEAN> 25
 3.265674e+00 5.249533e+00 4.526829e+00 4.569923e+00 -4.088600e+00 -8.617463e+00 2.162031e-02 2.596072e-01 -2.989580e+00 -1.480408e+00 -1.122079e+00 8.536056e-01 -6.344391e-01 2.066516e+00 -8.522848e-01 1.679662e+00 2.783494e+00 1.756131e+00 7.452213e-01 -4.662147e-01 7.655170e-01 5.032012e-01 -8.463048e-01 -2.745920e-01 -1.210732e-01
<VARIANCE> 25
 1.277709e+01 2.269249e+01 3.413783e+01 2.068231e+01 3.111624e+01 3.871902e+01 3.481174e+01 3.672087e+01 3.219695e+01 2.802520e+01 2.722338e+01 2.892269e+01 1.944994e+00 2.675367e+00 4.563117e+00 3.464534e+00 3.231694e+00 4.740654e+00 3.909159e+00 4.264085e+00 4.530524e+00 3.267525e+00 4.231018e+00 3.638582e+00 3.195424e-03
<GCONST> 9.553288e+01
<MIXTURE> 19 9.912824e-03
<MEAN> 25
 -1.000195e+01 1.827834e+00 2.969279e-01 9.987288e-01 3.878856e+00 1.558077e+00 3.516837e+00 1.133031e+00 2.161946e+00 1.143852e+00 1.149112e+00 2.025923e+00 2.042107e+00 1.744619e+00 2.142874e+00 7.581926e-01 -1.039451e+00 -9.955019e-01 -1.055785e+00 -1.408298e+00 -1.478919e+00 -1.118172e+00 -8.181956e-01 -8.247076e-01 7.265132e-04
<VARIANCE> 25
 5.374745e+01 2.989470e+01 4.743596e+01 5.330004e+01 3.401739e+01 3.263697e+01 3.166315e+01 2.938752e+01 2.839841e+01 2.669806e+01 2.987741e+01 1.962498e+01 2.498257e+00 2.179806e+00 2.225008e+00 2.317133e+00 2.583435e+00 2.265171e+00 2.418654e+00 2.358831e+00 2.086153e+00 2.048139e+00 2.252938e+00 1.769173e+00 2.399683e-03
<GCONST> 9.166275e+01
<MIXTURE> 20 6.308331e-03
<MEAN> 25
 -1.418103e+01 7.416096e+00 8.450968e-01 6.152230e+00 4.843467e+00 1.637008e+00 5.209214e+00 8.535992e-01 9.222665e-01 7.988740e-01 2.568585e+00 -3.025199e-01 -3.285847e+00 -8.668972e-01 -1.565114e+00 3.325608e-01 1.540998e+00 2.063096e+00 1.979201e+00 2.056202e+00 2.144528e+00 2.040181e+00 1.684704e+00 9.453021e-01 4.732012e-02
<VARIANCE> 25
 1.966765e+01 2.345510e+01 3.096021e+01 3.717533e+01 3.085043e+01 2.789047e+01 2.993224e+01 3.147444e+01 2.796338e+01 2.821348e+01 2.515975e+01 2.091727e+01 2.092226e+00 2.182193e+00 1.909960e+00 2.541332e+00 2.702730e+00 2.313181e+00 2.310192e+00 2.320003e+00 2.235471e+00 2.652255e+00 2.241503e+00 1.865620e+00 1.886425e-03
<GCONST> 8.921902e+01
<MIXTURE> 21 7.928653e-03
<MEAN> 25
 4.182103e+00 -5.857481e+00 3.844543e+00 -4.027171e-01 -1.038548e+01 -7.563359e+00 -2.756536e+00 4.156308e+00 1.117443e+00 -2.347481e+00 1.282053e+00 3.926568e+00 -6.147627e-01 1.335743e+00 2.214350e+00 -1.212657e-01 -1.025204e+00 1.345758e-01 3.811979e-01 -1.617916e+00 -1.914472e+00 7.748142e-02 1.050862e+00 5.767703e-01 -1.457262e-02
<VARIANCE> 25
 7.742241e+00 1.796726e+01 2.698604e+01 2.298512e+01 2.538393e+01 2.469936e+01 4.305774e+01 2.756919e+01 5.796970e+01 2.319405e+01 2.553899e+01 3.761479e+01 3.361238e-01 9.958881e-01 1.471482e+00 1.194857e+00 2.686291e+00 2.501197e+00 3.726749e+00 2.152359e+00 1.766741e+00 2.574858e+00 1.887312e+00 3.229679e+00 3.331766e-04
<GCONST> 8.367644e+01
<MIXTURE> 22 8.827789e-03
<MEAN> 25
 -1.792091e+01 7.154785e+00 -4.131347e+00 7.392482e+00 4.602546e+00 2.761039e+00 8.399819e+00 1.748462e+00 5.379299e+00 3.301012e+00 5.716434e+00 1.185148e+00 -3.095726e-01 -2.075880e-01 -1.255633e-01 -1.492641e-01 -7.208806e-03 1.369678e-01 1.807591e-01 1.779423e-01 2.484757e-01 2.073076e-01 1.726615e-01 1.924446e-01 8.857626e-03
<VARIANCE> 25
 8.116920e+00 1.682541e+01 1.738343e+01 2.517213e+01 2.289636e+01 2.083704e+01 1.943101e+01 1.871084e+01 1.813996e+01 2.086667e+01 1.924184e+01 1.378720e+01 1.090756e+00 1.357369e+00 1.363971e+00 1.572030e+00 1.408815e+00 1.526971e+00 1.508942e+00 1.532825e+00 1.614233e+00 1.544764e+00 1.357418e+00 1.168007e+00 1.745583e-03
<GCONST> 7.830949e+01
<MIXTURE> 23 6.455497e-03
<MEAN> 25
 7.659366e+00 2.286757e+00 3.074308e+00 1.764096e+00 -4.560346e+00 -2.280435e+00 -4.374464e+00 -6.752437e+00 -3.671342e+00 -8.634386e-01 -4.293536e+00 -2.185567e+00 5.143827e-02 1.758810e-01 -2.436878e-02 3.768951e-02 7.831633e-02 1.007116e-01 1.427274e-02 -3.863001e-02 4.417265e-02 6.995191e-02 2.324413e-02 1.080818e-01 -4.408922e-03
<VARIANCE> 25
 1.094869e+01 2.209674e+01 2.319687e+01 4.572653e+01 3.760574e+01 6.366636e+01 5.629071e+01 5.455120e+01 4.772685e+01 4.424434e+01 4.874949e+01 4.004148e+01 1.289709e-01 2.788210e-01 3.949040e-01 4.826658e-01 6.918977e-01 7.076461e-01 7.568920e-01 8.342685e-01 8.535675e-01 8.344638e-01 8.089114e-01 8.257577e-01 8.522038e-05
<GCONST> 7.317474e+01
<MIXTURE> 24 6.455497e-03
<MEAN> 25
 7.659366e+00 2.286757e+00 3.074308e+00 1.764096e+00 -4.560346e+00 -2.280435e+00 -4.374464e+00 -6.752437e+00 -3.671342e+00 -8.634386e-01 -4.293536e+00 -2.185567e+00 5.143827e-02 1.758810e-01 -2.436878e-02 3.768951e-02 7.831633e-02 1.007116e-01 1.427274e-02 -3.863001e-02 4.417265e-02 6.995191e-02 2.324413e-02 1.080818e-01 -4.408922e-03
<VARIANCE> 25
 1.094869e+01 2.209674e+01 2.319687e+01 4.572653e+01 3.760574e+01 6.366636e+01 5.629071e+01 5.455120e+01 4.772685e+01 4.424434e+01 4.874949e+01 4.004148e+01 1.289709e-01 2.788210e-01 3.949040e-01 4.826658e-01 6.918977e-01 7.076461e-01 7.568920e-01 8.342685e-01 8.535675e-01 8.344638e-01 8.089114e-01 8.257577e-01 8.522038e-05
<GCONST> 7.317474e+01
<MIXTURE> 25 1.118642e-02
<MEAN> 25
 1.225839e-01 3.390383e+00 1.607932e+01 -2.280642e+00 -1.021472e+01 -1.387140e+00 -5.393340e+00 -2.421475e+00 -6.480220e+00 -5.813776e+00 3.659014e+00 -1.727023e+00 -3.254015e-02 2.973064e-01 2.192134e-01 1.878877e-01 1.322267e-01 1.756331e-01 3.467628e-01 -2.040390e-01 -2.068298e-01 2.394950e-01 5.365745e-02 4.666988e-02 -8.709129e-03
<VARIANCE> 25
 7.642197e+00 2.017240e+01 2.236906e+01 3.424524e+01 3.401619e+01 3.571138e+01 2.607423e+01 2.760278e+01 2.672754e+01 3.310155e+01 1.932273e+01 2.382651e+01 6.107251e-01 1.330105e+00 1.319828e+00 1.437809e+00 2.173109e+00 2.683947e+00 1.936719e+00 1.724251e+00 1.834534e+00 1.748491e+00 1.418776e+00 1.197347e+00 1.194499e-03
<GCONST> 8.259210e+01
<MIXTURE> 26 7.727677e-03
<MEAN> 25
 2.176295e+00 -6.359245e+00 -1.027404e+01 -7.002506e-01 7.842872e+00 5.125749e+00 4.158148e+00 -7.991170e-02 2.332270e+00 -9.724938e-01 -2.801182e+00 -6.630740e-01 -6.527781e-01 6.378821e-01 3.582339e-01 6.756054e-01 1.684167e-01 2.160924e-01 3.172533e-01 2.955219e-01 2.876849e-01 7.503428e-02 3.873236e-01 4.113236e-01 -5.183830e-02
<VARIANCE> 25
 2.448944e+01 3.371430e+01 2.551008e+01 6.081705e+01 3.886875e+01 4.692340e+01 4.602778e+01 4.496402e+01 3.859002e+01 5.311539e+01 3.935792e+01 4.947162e+01 1.606948e+00 1.929345e+00 1.964926e+00 1.975487e+00 2.307281e+00 2.395373e+00 2.514851e+00 2.717468e+00 2.297622e+00 2.295474e+00 2.250669e+00 1.992766e+00 3.268088e-03
<GCONST> 9.391271e+01
<MIXTURE> 27 7.727677e-03
<MEAN> 25
 2.176295e+00 -6.359245e+00 -1.027404e+01 -7.002506e-01 7.842872e+00 5.125749e+00 4.158148e+00 -7.991170e-02 2.332270e+00 -9.724938e-01 -2.801182e+00 -6.630740e-01 -6.527781e-01 6.378821e-01 3.582339e-01 6.756054e-01 1.684167e-01 2.160924e-01 3.172533e-01 2.955219e-01 2.876849e-01 7.503428e-02 3.873236e-01 4.113236e-01 -5.183830e-02
<VARIANCE> 25
 2.448944e+01 3.371430e+01 2.551008e+01 6.081705e+01 3.886875e+01 4.692340e+01 4.602778e+01 4.496402e+01 3.859002e+01 5.311539e+01 3.935792e+01 4.947162e+01 1.606948e+00 1.929345e+00 1.964926e+00 1.975487e+00 2.307281e+00 2.395373e+00 2.514851e+00 2.717468e+00 2.297622e+00 2.295474e+00 2.250669e+00 1.992766e+00 3.268088e-03
<GCONST> 9.391271e+01
<MIXTURE> 28 5.036674e-03
<MEAN> 25
 -5.442555e+00 6.922024e-02 -1.613784e+00 6.612556e+00 5.253131e+00 3.541950e+00 5.406499e+00 3.031711e+00 3.875186e+00 2.339976e+00 2.544896e+00 3.134806e+00 -1.146011e-01 2.168285e-01 5.187561e-01 7.823986e-01 8.201301e-01 7.018004e-01 5.158285e-01 3.796838e-01 4.409583e-01 4.918156e-01 3.641559e-01 1.858115e-01 3.909345e-06
<VARIANCE> 25
 1.028115e+01 8.431705e+00 1.211885e+01 1.465802e+01 1.456319e+01 1.755274e+01 1.788001e+01 1.939834e+01 1.726298e+01 1.675491e+01 2.091577e+01 1.530266e+01 2.529370e-01 3.349310e-01 4.085617e-01 4.618994e-01 6.175194e-01 8.467469e-01 1.049920e+00 1.146109e+00 1.094991e+00 1.026287e+00 1.025838e+00 1.056304e+00 1.027050e-06
<GCONST> 6.022624e+01
<MIXTURE> 29 5.036674e-03
<MEAN> 25
 -5.442555e+00 6.922024e-02 -1.613784e+00 6.612556e+00 5.253131e+00 3.541950e+00 5.406499e+00 3.031711e+00 3.875186e+00 2.339976e+00 2.544896e+00 3.134806e+00 -1.146011e-01 2.168285e-01 5.187561e-01 7.823986e-01 8.201301e-01 7.018004e-01 5.158285e-01 3.796838e-01 4.409583e-01 4.918156e-01 3.641559e-01 1.858115e-01 3.909345e-06
<VARIANCE> 25
 1.028115e+01 8.431705e+00 1.211885e+01 1.465802e+01 1.456319e+01 1.755274e+01 1.788001e+01 1.939834e+01 1.726298e+01 1.675491e+01 2.091577e+01 1.530266e+01 2.529370e-01 3.349310e-01 4.085617e-01 4.618994e-01 6.175194e-01 8.467469e-01 1.049920e+00 1.146109e+00 1.094991e+00 1.026287e+00 1.025838e+00 1.056304e+00 1.027050e-06
<GCONST> 6.022624e+01
<MIXTURE> 30 8.917812e-03
<MEAN> 25
 -4.463833e+00 -6.825875e-03 4.897687e-01 8.966358e+00 7.727095e+00 7.511632e+00 7.519083e+00 6.619298e+00 6.493458e+00 4.846753e+00 6.589886e+00 3.117106e+00 -2.547621e-02 2.730292e-02 5.286465e-02 7.652812e-02 9.009454e-02 5.458866e-02 -1.649559e-03 -3.543426e-03 1.647798e-02 4.577186e-02 5.787907e-02 2.303804e-02 -7.170085e-04
<VARIANCE> 25
 6.870920e+00 1.022310e+01 1.053829e+01 1.371139e+01 1.555496e+01 1.607214e+01 1.853136e+01 1.881780e+01 1.582736e+01 1.785354e+01 2.392376e+01 1.689251e+01 9.644337e-02 1.925546e-01 3.149432e-01 4.746231e-01 6.042301e-01 7.338594e-01 7.843025e-01 8.129694e-01 8.913611e-01 9.451426e-01 8.981745e-01 8.506905e-01 5.182306e-05
<GCONST> 6.073532e+01
<MIXTURE> 31 4.136493e-03
<MEAN> 25
 -3.281942e+00 -5.412365e+00 1.584787e-01 4.540300e+00 3.391237e+00 1.120367e+00 5.426818e+00 6.343249e+00 2.890235e+00 1.123519e+00 6.422352e+00 3.240483e+00 2.411216e-01 4.867942e-01 -1.734654e-01 3.338767e-01 1.183496e-01 4.926439e-01 1.150790e-01 -5.281557e-03 3.842846e-01 4.256071e-01 1.078959e-01 2.219354e-02 -2.016500e-02
<VARIANCE> 25
 6.947746e+00 1.588179e+01 1.719355e+01 1.883804e+01 2.505753e+01 2.740229e+01 2.310497e+01 2.539433e+01 2.472478e+01 2.650199e+01 1.943331e+01 1.814060e+01 1.875322e-01 4.700656e-01 6.239564e-01 7.511846e-01 9.319795e-01 1.134575e+00 1.245823e+00 1.320325e+00 1.280795e+00 1.277004e+00 1.207137e+00 1.196076e+00 2.961882e-04
<GCONST> 7.178929e+01
<MIXTURE> 32 4.136493e-03
<MEAN> 25
 -3.281942e+00 -5.412365e+00 1.584787e-01 4.540300e+00 3.391237e+00 1.120367e+00 5.426818e+00 6.343249e+00 2.890235e+00 1.123519e+00 6.422352e+00 3.240483e+00 2.411216e-01 4.867942e-01 -1.734654e-01 3.338767e-01 1.183496e-01 4.926439e-01 1.150790e-01 -5.281557e-03 3.842846e-01 4.256071e-01 1.078959e-01 2.219354e-02 -2.016500e-02
<VARIANCE> 25
 6.947746e+00 1.588179e+01 1.719355e+01 1.883804e+01 2.505753e+01 2.740229e+01 2.310497e+01 2.539433e+01 2.472478e+01 2.650199e+01 1.943331e+01 1.814060e+01 1.875322e-01 4.700656e-01 6.239564e-01 7.511846e-01 9.319795e-01 1.134575e+00 1.245823e+00 1.320325e+00 1.280795e+00 1.277004e+00 1.207137e+00 1.196076e+00 2.961882e-04
<GCONST> 7.178929e+01
<MIXTURE> 33 1.508826e-02
<MEAN> 25
 5.931948e+00 -4.702833e+00 -1.366604e+00 -3.571204e+00 -1.917667e+00 -5.983081e+00 -7.919522e+00 3.086914e+00 1.967589e+00 -5.719445e-01 -4.317936e+00 -2.427514e+00 7.529681e-01 -1.180361e+00 -2.396731e+00 -1.851915e+00 1.210069e+00 1.748386e+00 -8.617322e-01 4.183045e-01 9.443462e-01 4.573989e-01 -5.607045e-01 -1.358766e+00 3.206659e-02
<VARIANCE> 25
 1.030414e+01 2.059706e+01 3.097526e+01 3.665470e+01 4.165562e+01 4.789527e+01 4.271586e+01 4.985448e+01 4.028823e+01 3.831795e+01 3.835061e+01 2.742912e+01 1.076136e+00 2.078302e+00 1.979448e+00 2.750676e+00 3.867654e+00 4.340368e+00 4.098947e+00 7.917371e+00 3.734158e+00 4.156178e+00 3.410684e+00 2.278695e+00 1.607629e-03
<GCONST> 9.506146e+01
<MIXTURE> 34 1.588179e-02
<MEAN> 25
 8.348750e+00 -5.358161e-01 4.675667e-01 -1.844650e+00 -3.223223e+00 1.228274e+00 -5.938435e+00 -5.874009e+00 -2.587407e+00 1.411767e+00 -2.544907e+00 -4.711867e+00 2.620343e-01 1.344803e+00 8.737173e-01 2.091456e+00 -3.410442e-01 8.969749e-01 9.894676e-01 -2.278474e+00 -8.031312e-01 6.088666e-01 -8.205525e-01 -9.282611e-02 -6.234675e-02
<VARIANCE> 25
 6.902971e+00 2.601339e+01 2.389869e+01 6.147977e+01 4.136292e+01 6.312215e+01 5.383566e+01 4.910925e+01 4.416546e+01 3.903962e+01 3.886814e+01 2.740124e+01 1.325075e+00 1.663574e+00 5.695655e+00 3.411166e+00 5.124519e+00 8.677005e+00 4.396281e+00 6.339851e+00 4.033190e+00 4.554948e+00 4.468446e+00 3.448802e+00 9.889189e-04
<GCONST> 9.820718e+01
<MIXTURE> 35 1.467755e-02
<MEAN> 25
 -2.837410e+00 -4.441673e+00 -9.807470e+00 2.807457e+00 9.770874e+00 -2.628032e-01 1.487108e+00 5.647078e-01 1.455662e+00 2.752978e+00 4.488717e-01 1.395344e+00 2.655855e-01 -1.330274e+00 -1.425982e+00 -8.363775e-01 1.915033e-01 -2.276468e+00 -1.060007e+00 1.398286e-03 -6.260322e-01 -4.559470e-01 -1.211771e-01 2.803640e-01 1.276715e-01
<VARIANCE> 25
 1.571157e+01 2.455911e+01 4.292788e+01 5.989893e+01 3.218121e+01 8.679728e+01 4.143737e+01 4.103611e+01 4.423919e+01 3.779906e+01 3.474545e+01 3.680719e+01 2.832823e+00 3.005271e+00 7.594342e+00 6.002067e+00 4.308582e+00 8.876328e+00 3.939050e+00 5.386279e+00 5.693805e+00 4.100084e+00 4.623649e+00 5.250962e+00 5.073982e-03
<GCONST> 1.034201e+02
<MIXTURE> 36 1.093293e-02
<MEAN> 25
 4.744887e+00 -4.406822e+00 5.488167e+00 2.426683e+00 -8.808448e+00 -8.754858e+00 -5.121676e+00 4.292700e+00 -1.225056e+00 -3.384092e+00 3.563310e+00 2.862471e+00 2.778145e-01 2.513927e-01 -1.017336e+00 9.716244e-02 1.001044e+00 -1.344711e-01 -1.834649e-01 1.199234e-01 2.014170e-01 3.742914e-01 -4.868485e-01 -2.259563e-01 -1.584947e-02
<VARIANCE> 25
 7.778383e+00 1.540077e+01 2.548577e+01 2.210034e+01 3.183514e+01 2.497076e+01 4.013797e+01 3.476961e+01 3.464384e+01 2.906525e+01 2.326346e+01 4.382550e+01 4.146717e-01 8.415325e-01 1.810768e+00 1.172202e+00 1.476930e+00 1.444489e+00 1.933850e+00 1.640842e+00 2.153150e+00 1.518246e+00 1.440686e+00 1.268284e+00 6.583614e-04
<GCONST> 8.090130e+01
<MIXTURE> 37 1.246826e-02
<MEAN> 25
 7.320492e-01 6.448851e+00 1.189544e+01 -6.442663e+00 -7.423525e+00 -2.899820e-01 -4.766729e+00 -7.212318e+00 -3.616137e+00 -1.421421e+00 -2.194371e+00 -8.037275e-01 3.127951e-01 5.357029e-01 -1.735178e+00 3.353335e+00 1.193928e+00 -5.194952e-02 1.610921e+00 5.512377e-02 7.608082e-01 4.704841e-01 7.068779e-01 -1.110027e-01 -8.950463e-02
<VARIANCE> 25
 1.291742e+01 2.771262e+01 3.024310e+01 5.034021e+01 2.824367e+01 3.383261e+01 3.766972e+01 3.451309e+01 3.407674e+01 3.076954e+01 3.790653e+01 2.540562e+01 2.665033e+00 2.721939e+00 3.028312e+00 3.655005e+00 5.438540e+00 4.760723e+00 4.230190e+00 3.453500e+00 2.935976e+00 4.865626e+00 3.403344e+00 2.459148e+00 3.207049e-03
<GCONST> 9.637582e+01
<MIXTURE> 38 1.154525e-02
<MEAN> 25
 -4.467099e+00 8.962123e+00 4.568673e+00 3.239030e+00 8.432298e-01 -5.208288e+00 -6.148300e-01 -2.765101e+00 -2.843191e+00 -3.073403e+00 -1.465566e+00 -5.580408e-01 -4.501167e+00 1.230960e+00 -3.148075e-01 1.454896e+00 2.563576e+00 1.368947e+00 2.037063e+00 9.444553e-01 7.758175e-01 6.267163e-01 1.011115e+00 3.218108e-01 4.882880e-02
<VARIANCE> 25
 3.125526e+01 2.944014e+01 3.903285e+01 3.286866e+01 4.865786e+01 3.545110e+01 3.619059e+01 4.151019e+01 3.471925e+01 3.256506e+01 2.430633e+01 2.865007e+01 2.394458e+00 4.003250e+00 3.891666e+00 5.140401e+00 4.227426e+00 5.098624e+00 4.794336e+00 4.635484e+00 4.446103e+00 4.937164e+00 4.374061e+00 3.252049e+00 2.058718e-03
<GCONST> 9.925862e+01
<MIXTURE> 39 9.501865e-03
<MEAN> 25
 8.308618e-01 2.056560e+00 9.339996e+00 -7.783665e+00 -1.018897e+01 -1.760613e+00 -3.022986e+00 -4.967093e+00 -5.390623e+00 -1.512816e+00 -3.760919e+00 -4.567675e+00 -7.380977e-01 1.553089e+00 1.628560e+00 -1.581770e+00 1.726633e-01 1.501059e+00 -8.141515e-01 -1.331005e+00 7.707254e-01 -9.611244e-02 -4.665934e-01 2.479432e-01 -1.753632e-03
<VARIANCE> 25
 1.150269e+01 2.252863e+01 2.358586e+01 3.495404e+01 3.258945e+01 4.506205e+01 3.543791e+01 2.949280e+01 2.942308e+01 4.049490e+01 2.664366e+01 3.328857e+01 5.762498e-01 1.507909e+00 1.093405e+00 2.589334e+00 2.101289e+00 2.270187e+00 2.890129e+00 1.976001e+00 3.536093e+00 2.425543e+00 1.688996e+00 2.368615e+00 9.829041e-04
<GCONST> 8.714918e+01
<MIXTURE> 40 1.030800e-02
<MEAN> 25
 -8.331230e+00 2.780704e+00 -1.130386e+00 7.654318e+00 3.599266e+00 5.317516e+00 5.059631e+00 3.739094e+00 4.549398e+00 3.998949e+00 5.098114e+00 1.105204e+00 -1.227891e-01 -1.940680e-01 -2.937315e-02 -2.063227e-01 -4.802959e-02 -9.036215e-02 -1.489688e-02 3.908878e-02 -5.543537e-02 8.393075e-03 2.718641e-02 -1.873932e-02 1.398547e-03
<VARIANCE> 25
 4.414578e+01 2.124408e+01 2.627019e+01 2.629570e+01 2.384132e+01 1.858276e+01 1.838043e+01 1.837785e+01 1.606565e+01 1.745114e+01 1.938219e+01 1.542006e+01 6.881952e-01 6.903749e-01 8.254195e-01 1.090995e+00 1.100104e+00 1.205509e+00 1.339045e+00 1.219423e+00 1.188651e+00 1.122149e+00 1.092464e+00 1.002707e+00 8.032045e-04
<GCONST> 7.575652e+01
<MIXTURE> 41 6.713375e-03
<MEAN> 25
 7.331664e-01 1.368598e+00 1.012107e+01 -6.702424e+00 -1.022743e+01 -4.741320e+00 -2.803167e+00 -4.207980e+00 -5.789320e+00 1.793563e+00 -1.977816e+00 -2.058107e+00 2.932987e-01 -6.780491e-01 2.042646e+00 -3.518902e+00 -2.429019e+00 -1.477685e-02 -5.745711e-01 -2.664845e-01 -6.217570e-01 1.046385e+00 -1.076210e+00 -8.807773e-02 7.658338e-02
<VARIANCE> 25
 1.278852e+01 2.778702e+01 3.030811e+01 3.747357e+01 3.445802e+01 4.165974e+01 3.361191e+01 3.505554e+01 4.572495e+01 3.009073e+01 2.924615e+01 3.691049e+01 3.166048e+00 3.037172e+00 4.631655e+00 3.467709e+00 4.912575e+00 5.360190e+00 4.798683e+00 4.186910e+00 4.012954e+00 3.763284e+00 3.796058e+00 4.479994e+00 3.350704e-03
<GCONST> 9.856802e+01
<MIXTURE> 42 1.106211e-02
<MEAN> 25
 -2.000013e+00 4.553820e+00 4.488875e+00 2.942313e+00 1.237367e-01 -6.429463e+00 -1.012406e+00 -1.823523e+00 -1.941585e+00 -1.474578e+00 -2.182291e+00 1.062257e+00 4.117439e+00 -3.378965e-01 1.668215e+00 7.875279e-02 -3.003181e+00 -1.127581e+00 -2.200746e+00 -7.608191e-01 -8.204705e-01 -6.753417e-01 4.493726e-01 -1.174211e+00 9.301730e-03
<VARIANCE> 25
 3.547331e+01 2.067001e+01 4.694839e+01 2.579360e+01 3.858042e+01 3.921728e+01 3.622268e+01 2.671598e+01 3.523727e+01 2.939228e+01 2.001312e+01 1.922206e+01 3.629699e+00 4.771847e+00 6.882661e+00 5.327802e+00 4.717542e+00 5.960157e+00 5.060376e+00 5.297914e+00 4.898853e+00 4.852956e+00 4.418015e+00 3.919098e+00 4.371414e-03
<GCONST> 1.004021e+02
<MIXTURE> 43 7.108249e-03
<MEAN> 25
 3.121517e+00 -6.292624e+00 -2.245398e+00 -5.121066e+00 -7.356979e+00 -3.467138e+00 4.197168e+00 1.399131e+00 -4.824445e+00 -6.990657e+00 -4.203525e+00 -1.132387e+00 2.228596e-01 2.130836e+00 1.917601e+00 -1.350158e-01 -1.436208e+00 -7.638789e-01 -9.498759e-01 -8.033447e-01 8.172644e-01 1.452404e+00 3.462897e-01 1.265476e-02 -4.437149e-02
<VARIANCE> 25
 9.729260e+00 1.971713e+01 2.718163e+01 3.492044e+01 3.866801e+01 3.637671e+01 3.396109e+01 3.977612e+01 4.262488e+01 3.843436e+01 2.682604e+01 3.079249e+01 6.983369e-01 1.287217e+00 1.552204e+00 2.446293e+00 2.334915e+00 2.386678e+00 2.648950e+00 3.010945e+00 2.618068e+00 2.554720e+00 2.322224e+00 1.985641e+00 9.500411e-04
<GCONST> 8.812643e+01
<MIXTURE> 44 7.328289e-03
<MEAN> 25
 -1.494425e+01 1.695709e+00 3.612740e+00 -3.226664e+00 3.256178e+00 2.084050e+00 -1.115999e-01 2.391113e+00 1.498646e+00 -8.751493e-01 1.836584e+00 1.853868e+00 -1.700648e-01 -1.378500e-02 1.527413e-01 3.310037e-01 -1.213628e-01 1.602972e-01 4.623303e-01 5.800349e-02 2.084628e-01 1.807680e-01 4.245982e-02 9.995497e-02 4.120173e-03
<VARIANCE> 25
 4.596122e+01 2.774356e+01 3.445029e+01 2.979995e+01 2.925364e+01 2.929991e+01 2.487616e+01 3.131054e+01 2.726188e+01 2.735800e+01 2.648257e+01 1.945797e+01 1.195983e+00 1.517949e+00 1.370940e+00 1.340787e+00 2.162380e+00 1.681525e+00 1.520976e+00 1.685791e+00 1.585414e+00 1.538780e+00 1.363385e+00 1.211577e+00 1.270087e-03
<GCONST> 8.446508e+01
<MIXTURE> 45 1.364932e-02
<MEAN> 25
 -1.227289e+01 3.474643e+00 -1.268890e+00 2.872861e+00 5.649164e+00 6.558461e-02 4.651673e+00 2.703266e+00 3.239497e+00 2.203974e+00 2.388007e+00 2.495322e+00 -2.911405e+00 5.378400e-01 -4.941924e-01 -4.968836e-01 2.363738e-01 -6.905112e-02 4.408405e-01 5.428671e-02 -8.691847e-02 -8.958538e-02 2.826491e-01 8.277673e-02 1.186521e-01
<VARIANCE> 25
 3.462439e+01 2.997854e+01 3.029729e+01 3.455681e+01 3.135682e+01 2.891699e+01 3.000059e+01 2.755873e+01 2.459528e+01 2.302770e+01 2.761539e+01 1.588267e+01 2.429908e+00 3.193495e+00 2.811532e+00 2.714324e+00 2.567039e+00 2.745929e+00 2.293545e+00 2.245652e+00 2.134574e+00 2.118154e+00 2.003513e+00 1.625633e+00 4.052203e-03
<GCONST> 9.065022e+01
<MIXTURE> 46 9.336259e-03
<MEAN> 25
 -9.374683e+00 2.306277e+00 1.185176e+00 7.470624e+00 5.860202e+00 3.300038e+00 7.073615e+00 4.456029e+00 5.705837e+00 4.662213e+00 5.022715e+00 2.908527e+00 1.052129e+00 -2.241929e-01 3.551490e-02 9.987867e-01 6.049526e-01 9.663543e-01 3.666357e-01 6.558515e-01 4.715954e-01 5.069630e-01 6.251330e-01 5.031969e-01 -1.053920e-01
<VARIANCE> 25
 3.457661e+01 4.352868e+01 3.820636e+01 5.042955e+01 5.099758e+01 4.075029e+01 3.678237e+01 3.522826e+01 3.295896e+01 3.073101e+01 2.820520e+01 2.010494e+01 3.881692e+00 4.144226e+00 3.850194e+00 4.100361e+00 4.139450e+00 3.741844e+00 3.389364e+00 3.132395e+00 2.955442e+00 2.843802e+00 2.319833e+00 1.809516e+00 7.886727e-03
<GCONST> 9.825475e+01
<MIXTURE> 47 7.116147e-03
<MEAN> 25
 6.946256e+00 -7.186872e+00 -7.749396e+00 -6.106109e+00 1.398704e+00 2.967415e-01 -2.111675e+00 2.033189e+00 3.346996e+00 -5.032789e-02 -4.322997e+00 -5.447311e+00 -1.853574e-01 -1.264000e+00 -6.752253e-01 -4.631314e-01 5.862378e-01 8.532325e-01 9.166201e-01 2.534255e-01 2.152688e-01 -8.631116e-01 -5.393922e-01 -4.270989e-01 2.914564e-02
<VARIANCE> 25
 1.146356e+01 2.039750e+01 1.892253e+01 3.215760e+01 3.548019e+01 5.225550e+01 4.311673e+01 4.476316e+01 4.144807e+01 4.374493e+01 4.619853e+01 4.861699e+01 5.114046e-01 7.179432e-01 1.088516e+00 1.740930e+00 1.856974e+00 2.136745e+00 2.168251e+00 2.322882e+00 2.128349e+00 2.006310e+00 2.182593e+00 1.865612e+00 5.194119e-04
<GCONST> 8.604783e+01
<MIXTURE> 48 7.116147e-03
<MEAN> 25
 6.946256e+00 -7.186872e+00 -7.749396e+00 -6.106109e+00 1.398704e+00 2.967415e-01 -2.111675e+00 2.033189e+00 3.346996e+00 -5.032789e-02 -4.322997e+00 -5.447311e+00 -1.853574e-01 -1.264000e+00 -6.752253e-01 -4.631314e-01 5.862378e-01 8.532325e-01 9.166201e-01 2.534255e-01 2.152688e-01 -8.631116e-01 -5.393922e-01 -4.270989e-01 2.914564e-02
<VARIANCE> 25
 1.146356e+01 2.039750e+01 1.892253e+01 3.215760e+01 3.548019e+01 5.225550e+01 4.311673e+01 4.476316e+01 4.144807e+01 4.374493e+01 4.619853e+01 4.861699e+01 5.114046e-01 7.179432e-01 1.088516e+00 1.740930e+00 1.856974e+00 2.136745e+00 2.168251e+00 2.322882e+00 2.128349e+00 2.006310e+00 2.182593e+00 1.865612e+00 5.194119e-04
<GCONST> 8.604783e+01
<MIXTURE> 49 5.548473e-03
<MEAN> 25
 -5.080165e+00 4.665461e-01 4.859316e-02 8.419162e+00 6.221880e+00 5.624135e+00 5.973887e+00 4.287714e+00 5.004045e+00 3.614170e+00 4.740510e+00 2.732722e+00 3.523319e-01 6.412878e-01 6.762924e-01 3.550487e-01 -1.788017e-01 -6.628913e-01 -1.000392e+00 -1.134120e+00 -9.525650e-01 -6.773090e-01 -4.807331e-01 -2.461691e-01 -1.917680e-05
<VARIANCE> 25
 9.331649e+00 1.011208e+01 1.436699e+01 1.548939e+01 1.565601e+01 1.677842e+01 1.947371e+01 2.030458e+01 1.839861e+01 1.803229e+01 2.118390e+01 1.466889e+01 2.791913e-01 2.621582e-01 3.774314e-01 6.144388e-01 8.672284e-01 9.537814e-01 9.768040e-01 1.036399e+00 1.152067e+00 1.202398e+00 1.256077e+00 1.203591e+00 1.454654e-05
<GCONST> 6.434089e+01
<MIXTURE> 50 6.234641e-03
<MEAN> 25
 -4.609208e+00 3.831228e-01 -1.564082e+00 6.322524e+00 4.373199e+00 2.419495e+00 3.721622e+00 1.784119e+00 2.809158e+00 1.506254e+00 2.037067e+00 2.607846e+00 4.736895e-02 1.531598e-01 1.070717e-01 -1.415552e-01 -5.045832e-01 -6.081085e-01 -3.955941e-01 -4.118705e-02 5.093133e-01 8.184651e-01 7.102845e-01 4.006829e-01 2.892909e-05
<VARIANCE> 25
 9.905704e+00 1.134681e+01 1.366270e+01 1.482401e+01 1.560486e+01 1.813842e+01 1.791320e+01 1.891460e+01 1.778658e+01 1.673219e+01 2.035988e+01 1.514458e+01 1.375134e-01 2.312477e-01 3.642325e-01 5.028307e-01 5.797222e-01 7.235135e-01 9.194646e-01 1.079001e+00 1.071085e+00 8.980327e-01 8.845005e-01 9.729522e-01 1.098349e-06
<GCONST> 5.894469e+01
<MIXTURE> 51 6.234641e-03
<MEAN> 25
 -4.609208e+00 3.831228e-01 -1.564082e+00 6.322524e+00 4.373199e+00 2.419495e+00 3.721622e+00 1.784119e+00 2.809158e+00 1.506254e+00 2.037067e+00 2.607846e+00 4.736895e-02 1.531598e-01 1.070717e-01 -1.415552e-01 -5.045832e-01 -6.081085e-01 -3.955941e-01 -4.118705e-02 5.093133e-01 8.184651e-01 7.102845e-01 4.006829e-01 2.892909e-05
<VARIANCE> 25
 9.905704e+00 1.134681e+01 1.366270e+01 1.482401e+01 1.560486e+01 1.813842e+01 1.791320e+01 1.891460e+01 1.778658e+01 1.673219e+01 2.035988e+01 1.514458e+01 1.375134e-01 2.312477e-01 3.642325e-01 5.028307e-01 5.797222e-01 7.235135e-01 9.194646e-01 1.079001e+00 1.071085e+00 8.980327e-01 8.845005e-01 9.729522e-01 1.098349e-06
<GCONST> 5.894469e+01
<MIXTURE> 52 6.367945e-03
<MEAN> 25
 1.007187e+01 1.919770e+00 -5.995271e+00 -1.434183e+01 -3.786023e+00 8.947721e+00 -2.947484e+00 -3.131873e+00 -4.393490e+00 -1.541574e+00 3.189463e+00 3.876112e-01 -3.946257e-01 -4.888401e-01 -2.339036e-01 1.075587e+00 1.449873e+00 -5.925372e-01 -6.451167e-01 -4.688234e-01 1.210066e-01 1.229205e+00 5.480156e-01 -5.432184e-01 -1.217854e-02
<VARIANCE> 25
 8.806190e+00 1.948845e+01 2.461085e+01 3.769432e+01 4.706533e+01 3.087395e+01 4.547331e+01 4.682574e+01 4.052295e+01 4.742745e+01 3.857838e+01 2.967706e+01 4.387000e-01 1.427750e+00 1.694682e+00 2.725309e+00 2.418283e+00 2.395960e+00 3.060769e+00 3.217986e+00 2.919192e+00 2.557484e+00 2.994369e+00 2.168974e+00 1.511520e-03
<GCONST> 8.996722e+01
<MIXTURE> 53 6.367945e-03
<MEAN> 25
 1.007187e+01 1.919770e+00 -5.995271e+00 -1.434183e+01 -3.786023e+00 8.947721e+00 -2.947484e+00 -3.131873e+00 -4.393490e+00 -1.541574e+00 3.189463e+00 3.876112e-01 -3.946257e-01 -4.888401e-01 -2.339036e-01 1.075587e+00 1.449873e+00 -5.925372e-01 -6.451167e-01 -4.688234e-01 1.210066e-01 1.229205e+00 5.480156e-01 -5.432184e-01 -1.217854e-02
<VARIANCE> 25
 8.806190e+00 1.948845e+01 2.461085e+01 3.769432e+01 4.706533e+01 3.087395e+01 4.547331e+01 4.682574e+01 4.052295e+01 4.742745e+01 3.857838e+01 2.967706e+01 4.387000e-01 1.427750e+00 1.694682e+00 2.725309e+00 2.418283e+00 2.395960e+00 3.060769e+00 3.217986e+00 2.919192e+00 2.557484e+00 2.994369e+00 2.168974e+00 1.511520e-03
<GCONST> 8.996722e+01
<MIXTURE> 54 7.368620e-03
<MEAN> 25
 -3.721668e+00 2.488253e-01 -8.679698e-01 8.033568e+00 6.569150e+00 4.761890e+00 4.683661e+00 4.313997e+00 4.149133e+00 3.594768e+00 4.100928e+00 2.052489e+00 2.402237e-04 1.720828e-02 4.063628e-02 3.743642e-02 5.384327e-02 3.673265e-02 3.400375e-02 4.598214e-02 6.256138e-02 5.125454e-02 1.097692e-02 -1.952522e-02 4.311660e-05
<VARIANCE> 25
 8.756725e+00 1.040320e+01 9.307977e+00 1.729823e+01 1.319436e+01 1.382850e+01 1.160034e+01 1.215418e+01 1.107290e+01 1.296409e+01 1.898776e+01 1.356211e+01 4.045147e-02 8.535507e-02 1.498416e-01 2.259435e-01 3.107578e-01 4.289812e-01 4.453618e-01 5.076028e-01 6.245196e-01 5.745518e-01 5.034711e-01 5.091321e-01 1.171180e-06
<GCONST> 4.761337e+01
<MIXTURE> 55 7.368620e-03
<MEAN> 25
 -3.721668e+00 2.488253e-01 -8.679698e-01 8.033568e+00 6.569150e+00 4.761890e+00 4.683661e+00 4.313997e+00 4.149133e+00 3.594768e+00 4.100928e+00 2.052489e+00 2.402237e-04 1.720828e-02 4.063628e-02 3.743642e-02 5.384327e-02 3.673265e-02 3.400375e-02 4.598214e-02 6.256138e-02 5.125454e-02 1.097692e-02 -1.952522e-02 4.311660e-05
<VARIANCE> 25
 8.756725e+00 1.040320e+01 9.307977e+00 1.729823e+01 1.319436e+01 1.382850e+01 1.160034e+01 1.215418e+01 1.107290e+01 1.296409e+01 1.898776e+01 1.356211e+01 4.045147e-02 8.535507e-02 1.498416e-01 2.259435e-01 3.107578e-01 4.289812e-01 4.453618e-01 5.076028e-01 6.245196e-01 5.745518e-01 5.034711e-01 5.091321e-01 1.171180e-06
<GCONST> 4.761337e+01
<MIXTURE> 56 6.132464e-03
<MEAN> 25
 7.555306e+00 -6.719509e+00 -9.066173e+00 -8.651192e+00 3.888617e+00 4.018687e+00 -2.171139e+00 -1.566107e+00 1.929859e+00 6.847064e-01 -2.510473e+00 -7.112188e+00 -9.871108e-03 2.753808e-02 -9.343436e-02 2.488971e-02 2.639833e-01 6.523106e-02 1.277956e-01 -1.398717e-01 -3.912379e-02 -3.631529e-02 -8.725319e-02 2.821666e-02 -7.178801e-03
<VARIANCE> 25
 9.273350e+00 2.346169e+01 2.078274e+01 4.094234e+01 3.361272e+01 5.157074e+01 6.156626e+01 3.766185e+01 3.893547e+01 3.751812e+01 4.006334e+01 3.106032e+01 2.076110e-01 4.291879e-01 4.571638e-01 7.699824e-01 7.951602e-01 1.112783e+00 9.268556e-01 9.029627e-01 9.085085e-01 9.219961e-01 1.039624e+00 7.889070e-01 2.405576e-04
<GCONST> 7.522507e+01
<MIXTURE> 57 6.132464e-03
<MEAN> 25
 7.555306e+00 -6.719509e+00 -9.066173e+00 -8.651192e+00 3.888617e+00 4.018687e+00 -2.171139e+00 -1.566107e+00 1.929859e+00 6.847064e-01 -2.510473e+00 -7.112188e+00 -9.871108e-03 2.753808e-02 -9.343436e-02 2.488971e-02 2.639833e-01 6.523106e-02 1.277956e-01 -1.398717e-01 -3.912379e-02 -3.631529e-02 -8.725319e-02 2.821666e-02 -7.178801e-03
<VARIANCE> 25
 9.273350e+00 2.346169e+01 2.078274e+01 4.094234e+01 3.361272e+01 5.157074e+01 6.156626e+01 3.766185e+01 3.893547e+01 3.751812e+01 4.006334e+01 3.106032e+01 2.076110e-01 4.291879e-01 4.571638e-01 7.699824e-01 7.951602e-01 1.112783e+00 9.268556e-01 9.029627e-01 9.085085e-01 9.219961e-01 1.039624e+00 7.889070e-01 2.405576e-04
<GCONST> 7.522507e+01
<MIXTURE> 58 6.172147e-03
<MEAN> 25
 2.595174e+00 -3.466686e+00 7.107559e+00 -4.909211e+00 -1.263903e+01 -5.768373e+00 1.402172e+00 1.191529e+00 -1.989409e+00 1.835502e+00 1.328429e+00 5.010396e-01 -2.567748e-02 -1.887851e-01 -8.378939e-02 -1.385759e-01 5.351796e-02 1.970828e-01 3.873530e-01 4.237344e-01 -5.366135e-02 9.446743e-02 -8.126452e-02 -1.340217e-01 -2.228552e-03
<VARIANCE> 25
 6.613210e+00 1.426780e+01 1.898163e+01 2.668548e+01 2.483639e+01 4.231780e+01 2.946848e+01 3.402146e+01 2.954593e+01 2.770758e+01 2.415588e+01 2.951864e+01 2.806173e-01 7.842477e-01 6.819522e-01 9.530815e-01 9.130268e-01 1.124166e+00 1.089099e+00 1.532239e+00 9.955524e-01 1.019892e+00 8.625146e-01 8.162135e-01 6.519447e-04
<GCONST> 7.478883e+01
<MIXTURE> 59 6.172147e-03
<MEAN> 25
 2.595174e+00 -3.466686e+00 7.107559e+00 -4.909211e+00 -1.263903e+01 -5.768373e+00 1.402172e+00 1.191529e+00 -1.989409e+00 1.835502e+00 1.328429e+00 5.010396e-01 -2.567748e-02 -1.887851e-01 -8.378939e-02 -1.385759e-01 5.351796e-02 1.970828e-01 3.873530e-01 4.237344e-01 -5.366135e-02 9.446743e-02 -8.126452e-02 -1.340217e-01 -2.228552e-03
<VARIANCE> 25
 6.613210e+00 1.426780e+01 1.898163e+01 2.668548e+01 2.483639e+01 4.231780e+01 2.946848e+01 3.402146e+01 2.954593e+01 2.770758e+01 2.415588e+01 2.951864e+01 2.806173e-01 7.842477e-01 6.819522e-01 9.530815e-01 9.130268e-01 1.124166e+00 1.089099e+00 1.532239e+00 9.955524e-01 1.019892e+00 8.625146e-01 8.162135e-01 6.519447e-04
<GCONST> 7.478883e+01
<MIXTURE> 60 4.479129e-03
<MEAN> 25
 -4.276074e+00 -6.840727e-02 -1.459984e+00 4.150680e+00 2.286705e+00 2.559273e+00 2.081421e+00 1.231949e+00 1.979822e+00 1.182972e+00 1.721724e+00 9.631451e-01 -1.586544e-02 4.301919e-02 1.131067e-01 2.025469e-01 1.538406e-01 1.316730e-01 1.872197e-01 3.238902e-01 5.734298e-01 7.130827e-01 5.957796e-01 3.095209e-01 -4.765417e-04
<VARIANCE> 25
 6.125597e+00 5.635519e+00 9.763836e+00 1.084264e+01 1.422840e+01 1.686305e+01 1.354108e+01 1.146240e+01 1.159220e+01 1.192200e+01 1.604855e+01 1.545153e+01 7.973771e-02 1.529621e-01 2.606479e-01 4.260744e-01 5.708808e-01 6.857154e-01 7.891312e-01 8.575405e-01 8.856343e-01 8.217508e-01 7.951341e-01 8.195572e-01 2.478604e-05
<GCONST> 5.583395e+01
<MIXTURE> 61 4.479129e-03
<MEAN> 25
 -4.276074e+00 -6.840727e-02 -1.459984e+00 4.150680e+00 2.286705e+00 2.559273e+00 2.081421e+00 1.231949e+00 1.979822e+00 1.182972e+00 1.721724e+00 9.631451e-01 -1.586544e-02 4.301919e-02 1.131067e-01 2.025469e-01 1.538406e-01 1.316730e-01 1.872197e-01 3.238902e-01 5.734298e-01 7.130827e-01 5.957796e-01 3.095209e-01 -4.765417e-04
<VARIANCE> 25
 6.125597e+00 5.635519e+00 9.763836e+00 1.084264e+01 1.422840e+01 1.686305e+01 1.354108e+01 1.146240e+01 1.159220e+01 1.192200e+01 1.604855e+01 1.545153e+01 7.973771e-02 1.529621e-01 2.606479e-01 4.260744e-01 5.708808e-01 6.857154e-01 7.891312e-01 8.575405e-01 8.856343e-01 8.217508e-01 7.951341e-01 8.195572e-01 2.478604e-05
<GCONST> 5.583395e+01
<MIXTURE> 62 3.278034e-03
<MEAN> 25
 -5.084583e+00 1.275173e+00 9.776107e-01 8.807889e+00 6.146215e+00 5.031703e+00 5.467455e+00 3.978468e+00 4.952879e+00 3.912014e+00 4.892131e+00 2.889752e+00 -1.001427e+00 -1.164324e+00 -9.478239e-01 -2.673203e-01 4.276814e-01 1.009521e+00 1.393796e+00 1.548938e+00 1.468906e+00 1.232376e+00 1.050869e+00 7.180998e-01 -1.302058e-03
<VARIANCE> 25
 9.792100e+00 1.000968e+01 1.328533e+01 1.664994e+01 1.729852e+01 1.744420e+01 1.970373e+01 1.930995e+01 1.883078e+01 1.864501e+01 2.206404e+01 1.509734e+01 3.998002e-01 4.295028e-01 5.534676e-01 7.853534e-01 1.031857e+00 1.185990e+00 1.252563e+00 1.271545e+00 1.329614e+00 1.367640e+00 1.420794e+00 1.367358e+00 1.667239e-05
<GCONST> 6.758428e+01
<MIXTURE> 63 4.351215e-03
<MEAN> 25
 -3.875757e+00 -1.544183e+00 -4.663147e+00 3.119770e+00 3.668296e+00 5.067340e-02 2.961472e+00 1.199029e+00 2.408430e+00 -7.493096e-01 -1.105316e+00 1.834904e+00 -1.295622e-01 2.952057e-01 3.482022e-01 5.341769e-01 4.017286e-01 3.681632e-01 4.142142e-01 1.495635e-01 9.512384e-02 2.677487e-01 2.093941e-01 1.263769e-02 -5.564438e-03
<VARIANCE> 25
 8.514384e+00 1.886687e+01 1.470787e+01 1.787738e+01 1.777220e+01 2.720961e+01 2.243167e+01 2.333159e+01 2.226157e+01 1.987514e+01 1.965285e+01 2.126526e+01 2.624641e-01 4.325849e-01 6.543729e-01 6.985955e-01 9.264221e-01 1.143713e+00 1.260961e+00 1.294811e+00 1.253017e+00 1.405366e+00 1.372742e+00 1.282012e+00 1.773593e-04
<GCONST> 7.125061e+01
<MIXTURE> 64 4.351215e-03
<MEAN> 25
 -3.875757e+00 -1.544183e+00 -4.663147e+00 3.119770e+00 3.668296e+00 5.067340e-02 2.961472e+00 1.199029e+00 2.408430e+00 -7.493096e-01 -1.105316e+00 1.834904e+00 -1.295622e-01 2.952057e-01 3.482022e-01 5.341769e-01 4.017286e-01 3.681632e-01 4.142142e-01 1.495635e-01 9.512384e-02 2.677487e-01 2.093941e-01 1.263769e-02 -5.564438e-03
<VARIANCE> 25
 8.514384e+00 1.886687e+01 1.470787e+01 1.787738e+01 1.777220e+01 2.720961e+01 2.243167e+01 2.333159e+01 2.226157e+01 1.987514e+01 1.965285e+01 2.126526e+01 2.624641e-01 4.325849e-01 6.543729e-01 6.985955e-01 9.264221e-01 1.143713e+00 1.260961e+00 1.294811e+00 1.253017e+00 1.405366e+00 1.372742e+00 1.282012e+00 1.773593e-04
<GCONST> 7.125061e+01
<MIXTURE> 65 1.721197e-02
<MEAN> 25
 7.798117e+00 1.691247e+00 2.045879e+00 -2.744387e-01 -5.151911e+00 -2.823715e+00 -5.928599e+00 -7.147448e+00 -3.911787e+00 -1.754445e+00 -5.614553e+00 -2.160382e+00 1.665254e-01 1.808361e-01 4.379220e-03 1.436399e-01 -1.167379e-01 3.054666e-01 5.979547e-03 -1.582287e-01 1.930238e-01 3.060540e-02 -6.003242e-02 -3.897870e-02 -5.249319e-03
<VARIANCE> 25
 9.748098e+00 1.914144e+01 2.402967e+01 4.062371e+01 3.644473e+01 7.437221e+01 5.548114e+01 5.770385e+01 5.247850e+01 5.545193e+01 5.192251e+01 5.001164e+01 5.807177e-01 9.037369e-01 1.613721e+00 1.742959e+00 1.914800e+00 2.301172e+00 2.284678e+00 2.861911e+00 2.348729e+00 2.385017e+00 2.604996e+00 2.050453e+00 4.140991e-04
<GCONST> 8.923302e+01
<MIXTURE> 66 1.191532e-02
<MEAN> 25
 6.688624e+00 -4.550988e+00 -5.334031e+00 -4.695323e+00 1.924484e+00 -5.373698e+00 -7.991962e+00 1.735004e+00 7.926419e-01 -9.240127e-01 -5.291415e+00 -3.509554e+00 -1.638433e-01 1.429906e+00 2.469003e+00 2.522524e+00 -1.551604e+00 -1.689462e+00 1.355115e-01 -3.377610e-01 -2.356096e-01 -4.272124e-01 -3.556080e-01 1.134518e+00 -5.853449e-02
<VARIANCE> 25
 8.071140e+00 2.193939e+01 2.550703e+01 3.035111e+01 4.082027e+01 4.932226e+01 6.160826e+01 4.403499e+01 5.000840e+01 7.195082e+01 3.931065e+01 3.349772e+01 1.286395e+00 2.691729e+00 2.613655e+00 2.780528e+00 4.580411e+00 5.917598e+00 4.097144e+00 4.892538e+00 3.932178e+00 5.030028e+00 3.722908e+00 3.018633e+00 1.556667e-03
<GCONST> 9.712163e+01
<MIXTURE> 67 1.559142e-02
<MEAN> 25
 8.931405e+00 2.029280e+00 -5.875100e+00 -8.219962e+00 7.938870e-01 3.246999e+00 -3.195050e+00 -2.355605e+00 -3.720164e+00 8.833675e-01 -1.136762e-01 -1.792175e+00 -1.050413e+00 1.816186e+00 1.017963e+00 3.039868e+00 1.392250e+00 -4.921535e-01 1.294258e+00 8.953449e-02 1.525638e-01 2.652448e-01 -2.992631e-01 6.062167e-01 -1.287243e-01
<VARIANCE> 25
 1.151991e+01 3.821153e+01 3.082376e+01 5.527249e+01 4.904013e+01 5.510203e+01 6.202590e+01 5.259287e+01 6.382590e+01 5.687805e+01 5.501970e+01 4.675089e+01 2.207644e+00 3.443556e+00 3.389811e+00 4.508602e+00 4.459419e+00 4.623417e+00 4.642778e+00 5.062245e+00 5.376894e+00 4.766855e+00 5.146493e+00 3.750048e+00 3.122541e-03
<GCONST> 1.028895e+02
<MIXTURE> 68 1.485092e-02
<MEAN> 25
 -3.015136e+00 -2.680345e+00 -5.952854e+00 3.203477e+00 5.340910e+00 -2.407464e+00 1.315347e+00 6.233878e-01 3.473020e-01 7.564680e-02 1.505669e+00 2.204082e+00 2.368716e+00 4.098561e-01 6.685470e-01 -2.635447e+00 -2.671853e+00 -1.645572e+00 -2.169993e+00 -9.633958e-01 -2.311847e+00 -1.454227e+00 -1.843929e+00 -1.413427e+00 1.028339e-01
<VARIANCE> 25
 2.725521e+01 2.766822e+01 7.383432e+01 6.204762e+01 4.042706e+01 5.896661e+01 4.034438e+01 4.289499e+01 4.710320e+01 5.107328e+01 3.556232e+01 2.680315e+01 2.313544e+00 3.731723e+00 7.794578e+00 5.539144e+00 4.616423e+00 5.853322e+00 5.002646e+00 7.464765e+00 7.320845e+00 4.771055e+00 4.958011e+00 5.218219e+00 5.817640e-03
<GCONST> 1.053776e+02
<MIXTURE> 69 1.204884e-02
<MEAN> 25
 4.228744e+00 -4.586820e+00 -2.102916e+00 -4.040721e+00 -3.362152e+00 -9.006215e+00 -1.905304e+00 3.647659e+00 -5.611341e-01 -4.447708e+00 -5.265632e+00 9.388903e-01 1.672335e+00 -2.100002e+00 -1.087236e+00 -2.657844e+00 -5.712417e-01 -3.233485e-01 -8.882341e-01 8.724203e-01 -5.617001e-01 -1.308056e+00 -2.428075e+00 -2.016531e-01 6.202885e-02
<VARIANCE> 25
 8.713827e+00 2.054786e+01 3.873565e+01 2.503101e+01 3.854501e+01 4.050640e+01 4.654781e+01 3.842798e+01 3.659762e+01 3.387151e+01 3.019402e+01 2.334086e+01 3.142907e+00 2.664155e+00 3.504904e+00 4.653939e+00 5.158214e+00 5.160147e+00 7.432205e+00 6.320688e+00 5.254444e+00 5.325963e+00 4.232939e+00 3.274044e+00 2.344977e-03
<GCONST> 9.848766e+01
<MIXTURE> 70 1.329190e-02
<MEAN> 25
 7.377584e+00 -2.299283e+00 -3.709437e+00 -4.289289e+00 -2.836594e-02 -7.116800e-01 -8.224932e+00 -3.853851e+00 1.148291e-01 2.933149e+00 -4.495344e-01 -4.976507e+00 1.874896e+00 -9.812033e-01 -8.859348e-01 -2.120629e+00 -1.424476e+00 1.482775e+00 -1.237542e+00 -4.280751e-01 2.622527e-01 8.605242e-02 6.829742e-01 -1.497827e+00 5.151703e-02
<VARIANCE> 25
 9.929762e+00 2.287558e+01 2.690776e+01 4.978874e+01 3.580719e+01 4.829980e+01 5.216403e+01 4.400720e+01 4.657369e+01 3.100351e+01 4.467055e+01 2.582520e+01 3.325545e+00 3.350834e+00 4.582676e+00 4.799723e+00 5.189549e+00 7.910802e+00 6.510094e+00 9.688360e+00 5.861151e+00 5.199755e+00 5.641468e+00 4.111169e+00 3.081316e-03
<GCONST> 1.022321e+02
<MIXTURE> 71 1.406903e-02
<MEAN> 25
 6.019204e+00 4.802790e+00 3.720592e+00 2.023215e+00 -3.535071e+00 -1.902053e+00 -1.640288e+00 -7.041823e+00 -4.123815e+00 -1.521918e+00 -4.900811e+00 -3.103627e+00 -1.628399e+00 -7.818778e-01 1.173851e-01 -1.585798e+00 1.042719e+00 -6.614337e-01 1.377628e-02 1.462455e+00 2.840513e-01 -5.236722e-01 9.369394e-01 5.402762e-01 4.344101e-02
<VARIANCE> 25
 1.824668e+01 2.310217e+01 2.281453e+01 4.569234e+01 3.551297e+01 5.207743e+01 5.488924e+01 3.748520e+01 3.541698e+01 4.460320e+01 3.402219e+01 3.078818e+01 1.547051e+00 2.750996e+00 5.524911e+00 4.455877e+00 4.163805e+00 5.629673e+00 4.467006e+00 4.802923e+00 3.777146e+00 4.296093e+00 3.462994e+00 3.648016e+00 1.365732e-03
<GCONST> 9.801035e+01
<MIXTURE> 72 8.134747e-03
<MEAN> 25
 3.564289e+00 -4.124306e+00 4.607751e+00 -1.901734e+00 -9.492786e+00 -8.896147e+00 -2.810825e+00 3.909634e+00 -3.544857e+00 -1.725834e+00 -3.287857e-01 1.463509e+00 8.662038e-01 -7.484494e-01 -2.699867e+00 6.552399e-01 1.850060e+00 -7.356381e-01 -8.837814e-01 1.590862e+00 1.806309e+00 -6.588079e-01 -1.357135e+00 3.596615e-01 -5.448546e-03
<VARIANCE> 25
 8.772339e+00 2.054580e+01 3.158955e+01 3.346523e+01 3.134438e+01 3.254726e+01 3.581292e+01 4.281578e+01 5.646936e+01 3.370506e+01 3.821775e+01 2.972328e+01 3.651208e-01 1.501228e+00 1.728978e+00 1.316362e+00 2.222361e+00 2.376992e+00 3.064615e+00 2.441435e+00 2.574977e+00 2.538627e+00 1.647450e+00 1.948257e+00 5.707540e-04
<GCONST> 8.642718e+01
<MIXTURE> 73 1.213625e-02
<MEAN> 25
 -5.550187e+00 -8.428492e-01 -1.458185e+00 5.074730e+00 4.486038e+00 2.371301e+00 5.327564e+00 2.987954e+00 4.104343e+00 3.300992e+00 4.118728e+00 2.603078e+00 7.698705e-01 -1.112827e+00 -9.022000e-01 -2.553225e+00 -1.195192e+00 -1.968570e+00 -9.479982e-01 -3.880217e-01 -8.928891e-01 -7.512041e-01 -1.054235e+00 -1.476386e-01 1.559411e-01
<VARIANCE> 25
 1.229134e+01 1.330035e+01 1.479972e+01 2.204449e+01 2.331729e+01 2.897971e+01 2.095764e+01 2.315482e+01 1.893579e+01 1.848496e+01 2.419554e+01 1.780045e+01 3.890419e+00 3.065705e+00 6.307045e+00 5.037569e+00 5.971426e+00 5.272243e+00 4.113367e+00 4.909608e+00 3.733433e+00 4.050845e+00 3.658882e+00 3.067942e+00 4.135537e-03
<GCONST> 9.349374e+01
<MIXTURE> 74 1.756491e-02
<MEAN> 25
 3.835367e+00 -1.883074e+00 5.335323e+00 -2.176633e+00 -7.864068e+00 -6.450159e+00 -1.704282e+00 2.330835e-01 -3.237725e+00 -2.007961e+00 -3.482214e-01 1.524878e+00 4.050423e-01 1.982855e+00 -7.758726e-01 1.751771e+00 9.848583e-01 5.725893e-01 2.708265e-01 -1.132121e+00 1.205412e-01 4.201563e-01 -6.014736e-01 -6.279890e-01 -8.425181e-02
<VARIANCE> 25
 1.027078e+01 2.087375e+01 3.724265e+01 3.973680e+01 3.212819e+01 5.253319e+01 4.105676e+01 4.133886e+01 4.013315e+01 3.488007e+01 3.670592e+01 4.274106e+01 1.778172e+00 1.803369e+00 4.783400e+00 2.307768e+00 3.332012e+00 4.079533e+00 4.053398e+00 3.719221e+00 3.567118e+00 4.245920e+00 3.148093e+00 3.475248e+00 1.710911e-03
<GCONST> 9.571337e+01
<MIXTURE> 75 9.711651e-03
<MEAN> 25
 2.351847e+00 -1.261428e+00 1.058781e+01 7.019230e-01 -1.115282e+01 -7.047787e+00 -4.227391e+00 -3.068425e-02 -4.015566e+00 -3.824661e+00 3.939300e+00 9.861486e-01 1.537004e+00 -1.950372e+00 2.843825e-01 -3.546285e-01 -2.182794e+00 -3.618925e-01 -1.671064e+00 1.258784e+00 1.460992e-01 -3.828652e-01 8.516770e-01 -3.725393e-01 4.301604e-02
<VARIANCE> 25
 9.887710e+00 1.697871e+01 2.812843e+01 2.946626e+01 2.499846e+01 3.251460e+01 2.775505e+01 2.992842e+01 3.135113e+01 3.061095e+01 2.163397e+01 2.393954e+01 2.246340e+00 1.988293e+00 3.899255e+00 2.380976e+00 3.524957e+00 4.600502e+00 4.071391e+00 3.550648e+00 4.299979e+00 3.006929e+00 3.162570e+00 2.569164e+00 1.478055e-03
<GCONST> 9.164883e+01
<MIXTURE> 76 1.052359e-02
<MEAN> 25
 -6.170414e+00 -1.073279e+00 -2.838515e+00 3.720271e+00 4.053281e+00 1.599831e+00 3.907350e+00 2.133729e+00 2.515877e+00 4.737908e-01 1.536499e+00 2.307825e+00 -1.581718e-01 -5.197909e-01 -3.287655e-01 -7.248141e-01 -4.677424e-01 -7.906371e-01 -6.007226e-01 -3.544797e-01 -4.261908e-01 -4.059466e-01 -3.492433e-01 -2.001083e-01 1.753814e-02
<VARIANCE> 25
 3.626565e+01 2.905250e+01 2.787551e+01 2.605898e+01 2.892949e+01 3.335439e+01 2.674485e+01 2.841525e+01 2.229400e+01 2.276314e+01 2.609742e+01 2.236904e+01 1.030326e+00 1.090140e+00 1.396720e+00 1.374372e+00 1.580816e+00 1.724131e+00 1.574155e+00 1.629966e+00 1.640948e+00 1.500672e+00 1.629783e+00 1.299070e+00 1.288286e-03
<GCONST> 8.330939e+01
<MIXTURE> 77 1.244626e-02
<MEAN> 25
 -4.948698e-02 7.918126e+00 1.199127e+01 -1.144135e+01 -5.781048e+00 1.269451e+00 -9.151020e+00 -6.242026e+00 -4.166657e+00 -9.640274e-01 -4.147838e+00 -1.929052e+00 4.778713e-02 2.121367e-01 8.095549e-02 3.327902e-01 6.843919e-02 4.510135e-02 -4.826687e-02 -2.788596e-01 1.606608e-01 8.836616e-03 6.150138e-02 2.746089e-01 -1.018814e-02
<VARIANCE> 25
 1.022737e+01 2.062541e+01 2.584124e+01 3.662096e+01 3.707764e+01 3.494190e+01 3.174141e+01 4.031837e+01 3.485995e+01 3.386729e+01 3.950245e+01 3.109623e+01 2.689404e-01 7.583701e-01 5.861350e-01 1.100822e+00 1.308405e+00 1.031422e+00 1.167552e+00 1.328176e+00 9.886789e-01 1.056385e+00 8.912778e-01 9.471112e-01 4.876025e-04
<GCONST> 7.761797e+01
<MIXTURE> 78 9.702551e-03
<MEAN> 25
 -1.031987e+01 1.418215e+00 -1.660766e+00 2.111594e+00 3.977346e+00 -2.411798e+00 4.102454e+00 2.517367e+00 2.624501e+00 8.368953e-01 -4.574211e-01 3.036087e+00 2.092929e+00 -1.911952e-01 1.388026e-01 5.601630e-01 8.679084e-02 4.161925e-01 -4.512185e-01 -2.932807e-01 1.996461e-01 1.067518e-01 -3.907671e-01 -5.792639e-01 -6.455316e-02
<VARIANCE> 25
 4.741103e+01 3.266023e+01 3.001466e+01 3.096902e+01 3.819196e+01 3.604310e+01 3.410401e+01 3.212890e+01 2.623425e+01 2.493051e+01 2.736773e+01 1.927189e+01 5.032359e+00 2.618776e+00 2.629956e+00 2.782476e+00 2.732535e+00 4.576257e+00 3.094302e+00 3.029871e+00 2.193524e+00 2.160994e+00 2.180350e+00 2.025320e+00 4.294646e-03
<GCONST> 9.402829e+01
<MIXTURE> 79 1.156824e-02
<MEAN> 25
 2.020813e+00 1.654619e+00 9.319782e+00 -5.614390e+00 -1.087109e+01 -2.124192e+00 -1.751524e+00 -5.455447e+00 -6.460942e+00 1.315233e-01 -1.979920e+00 -2.345846e+00 1.115404e+00 -4.056811e-01 -1.462077e+00 2.374768e+00 2.230901e-01 -1.744998e+00 7.483819e-01 8.540094e-01 -5.889477e-01 -1.283604e-01 4.182307e-01 2.366377e-01 -3.227780e-02
<VARIANCE> 25
 1.257635e+01 2.098565e+01 3.195159e+01 4.921284e+01 3.099567e+01 4.256806e+01 3.668171e+01 3.466500e+01 3.497036e+01 3.337956e+01 4.246263e+01 2.891264e+01 8.405018e-01 1.959670e+00 1.805628e+00 1.747445e+00 2.235507e+00 3.490255e+00 2.886768e+00 3.421888e+00 2.789128e+00 2.888386e+00 2.170437e+00 1.766172e+00 1.366153e-03
<GCONST> 9.021854e+01
<MIXTURE> 80 7.550998e-03
<MEAN> 25
 -1.460866e+01 3.982978e+00 6.888527e-01 2.865978e+00 2.449390e+00 1.410288e+00 6.397008e+00 2.496773e+00 2.719634e+00 2.373497e+00 4.852879e+00 1.186962e+00 4.286331e+00 -1.602020e-02 1.637934e+00 -1.135554e+00 -2.889475e+00 -2.777582e+00 -2.323244e+00 -2.021465e+00 -1.975032e+00 -1.685194e+00 -1.650844e+00 -6.027454e-01 -4.423228e-02
<VARIANCE> 25
 2.094969e+01 1.984664e+01 3.444448e+01 3.470766e+01 3.018093e+01 2.920889e+01 2.828683e+01 2.855507e+01 2.674643e+01 2.881129e+01 2.685423e+01 1.810697e+01 2.357266e+00 2.666195e+00 2.673126e+00 4.119907e+00 3.394136e+00 2.705081e+00 3.025253e+00 3.204086e+00 2.749122e+00 2.701698e+00 2.782157e+00 2.145745e+00 1.512166e-03
<GCONST> 9.139670e+01
<MIXTURE> 81 8.025434e-03
<MEAN> 25
 -1.174533e+00 3.335682e+00 1.121651e+01 -1.430254e+01 -8.752717e+00 -1.384574e+00 -7.389006e+00 -7.300603e+00 -4.653242e+00 -1.840008e+00 -6.541323e+00 -2.251493e+00 2.559057e-01 -5.495648e-01 2.295121e-01 -7.083484e-01 -2.368744e-01 7.429206e-01 2.975901e-01 2.772754e-01 3.124543e-02 1.054099e-01 -1.683517e-01 1.338800e-01 1.416404e-02
<VARIANCE> 25
 9.593507e+00 2.887563e+01 2.681569e+01 2.522828e+01 2.898184e+01 2.728376e+01 4.044491e+01 2.819516e+01 3.259929e+01 3.452619e+01 2.545687e+01 2.629461e+01 7.477396e-01 1.878268e+00 1.628194e+00 2.636228e+00 2.391103e+00 2.545917e+00 3.758107e+00 2.099753e+00 2.424430e+00 2.239851e+00 2.352977e+00 2.084606e+00 1.077225e-03
<GCONST> 8.744974e+01
<MIXTURE> 82 8.213053e-03
<MEAN> 25
 -9.946491e+00 -3.901499e+00 1.628988e+00 -2.945489e+00 3.126167e+00 6.613178e-01 1.989804e+00 9.171871e-01 2.960867e+00 1.727143e+00 1.755600e+00 3.070753e+00 -1.310819e+00 -1.323792e-01 2.946286e-01 -2.599082e+00 -1.100710e+00 -1.273612e+00 -1.015214e+00 -8.606741e-01 -3.176200e-01 -4.820114e-01 -3.153482e-01 -9.334239e-02 1.783613e-01
<VARIANCE> 25
 1.809533e+01 2.492297e+01 3.238048e+01 3.120083e+01 3.309700e+01 3.229457e+01 3.174279e+01 3.306251e+01 3.087280e+01 2.508246e+01 3.078650e+01 1.758399e+01 3.750020e+00 3.060059e+00 3.324422e+00 3.273840e+00 3.562977e+00 3.303001e+00 2.937301e+00 3.048934e+00 2.789107e+00 2.488973e+00 2.448999e+00 1.866590e+00 3.428816e-03
<GCONST> 9.311990e+01
<MIXTURE> 83 1.167529e-02
<MEAN> 25
 -2.004081e+01 5.504238e+00 -1.789702e+00 -4.051103e-01 7.829639e+00 -1.234488e+00 5.460100e+00 3.044532e+00 1.192393e+00 2.190908e+00 7.244872e-01 2.881716e+00 -2.631321e-02 -4.501706e-01 4.872012e-03 -3.655977e-01 -4.974648e-01 -1.258521e-01 -1.343577e-01 -9.942717e-02 -4.144356e-02 -3.920248e-02 -3.058213e-02 -3.465528e-02 4.403248e-03
<VARIANCE> 25
 8.819281e+00 1.645402e+01 2.851271e+01 2.248555e+01 2.127508e+01 2.407955e+01 2.202746e+01 2.336420e+01 2.042958e+01 2.221887e+01 2.319599e+01 1.448780e+01 1.060910e+00 9.362046e-01 1.240790e+00 1.065688e+00 1.359398e+00 1.291389e+00 1.283447e+00 1.388157e+00 1.349015e+00 1.310737e+00 1.220778e+00 1.071650e+00 8.923843e-04
<GCONST> 7.703519e+01
<MIXTURE> 84 1.066614e-02
<MEAN> 25
 1.044950e+00 8.857818e+00 6.634581e+00 7.786338e+00 2.901626e+00 -8.093228e-01 -1.409241e+00 -4.530710e+00 -4.026523e+00 -2.724724e+00 -2.401391e+00 -1.388330e+00 -1.717779e+00 -1.192408e+00 -1.127110e+00 1.248362e+00 2.147112e+00 1.598642e+00 1.278440e+00 1.086972e+00 1.073511e+00 3.593448e-01 4.847016e-01 3.168264e-01 -7.150327e-02
<VARIANCE> 25
 2.233490e+01 1.743969e+01 2.541891e+01 2.342030e+01 2.804376e+01 2.707331e+01 2.665668e+01 2.514628e+01 2.395452e+01 2.427420e+01 2.238139e+01 2.379006e+01 2.031031e+00 2.434760e+00 3.752728e+00 3.162019e+00 3.280835e+00 3.662186e+00 3.690373e+00 3.796711e+00 3.469352e+00 3.158576e+00 3.454720e+00 2.850737e+00 3.374689e-03
<GCONST> 9.227211e+01
<MIXTURE> 85 7.591393e-03
<MEAN> 25
 -3.256143e+00 7.622846e+00 5.126713e+00 1.601246e+00 -3.425929e+00 -5.878095e+00 -2.891433e+00 -5.659427e+00 -4.675125e+00 -3.812345e+00 -3.232444e-01 -2.282221e+00 3.836043e+00 3.293996e-01 2.186590e+00 -2.315428e+00 -3.558677e+00 -2.424915e+00 -2.711115e+00 -2.060294e+00 -2.228544e+00 -1.069271e+00 -2.363589e+00 -1.007897e+00 8.760040e-03
<VARIANCE> 25
 3.978918e+01 2.273604e+01 3.847320e+01 3.687426e+01 3.708120e+01 4.214180e+01 3.003634e+01 2.864077e+01 4.082857e+01 2.927588e+01 2.474067e+01 2.100074e+01 2.660532e+00 4.026866e+00 6.095795e+00 5.452295e+00 4.368526e+00 3.925902e+00 3.969646e+00 4.698027e+00 3.595755e+00 4.233288e+00 3.716889e+00 5.177896e+00 5.072913e-03
<GCONST> 9.950166e+01
<MIXTURE> 86 1.273941e-02
<MEAN> 25
 -4.878985e+00 -4.575565e-01 -1.028819e+00 6.318280e+00 5.335357e+00 5.011067e+00 5.375677e+00 3.937164e+00 4.725803e+00 3.750568e+00 4.153909e+00 1.397997e+00 -1.660019e-02 -1.163212e-02 -7.260013e-02 -1.185184e-01 -8.541844e-02 -1.872773e-01 -3.295670e-01 -4.179433e-01 -3.209708e-01 -3.585238e-01 -2.508297e-01 -1.404867e-01 -1.036910e-03
<VARIANCE> 25
 7.563509e+00 7.461838e+00 8.975145e+00 1.086864e+01 1.576076e+01 1.330206e+01 1.281715e+01 1.316989e+01 1.194869e+01 1.300426e+01 1.790950e+01 1.832023e+01 9.570653e-02 1.676380e-01 2.897800e-01 4.727077e-01 5.690768e-01 6.812661e-01 7.630526e-01 7.499223e-01 7.919578e-01 8.070484e-01 9.095632e-01 9.237738e-01 5.294596e-05
<GCONST> 5.777978e+01
<MIXTURE> 87 1.100681e-02
<MEAN> 25
 -3.315097e+00 4.643981e+00 2.887779e+00 6.798906e+00 5.324226e+00 9.628110e-01 1.616867e+00 -1.237009e+00 -5.746071e-01 -6.940038e-01 -5.824770e-01 -4.082642e-01 -2.019594e+00 -2.737388e+00 -2.038017e+00 -1.927397e+00 1.572172e-01 -4.998698e-01 4.750101e-01 1.102199e+00 1.233276e+00 8.102999e-01 1.008520e+00 9.539590e-01 1.047388e-01
<VARIANCE> 25
 3.455814e+01 2.729769e+01 2.885235e+01 3.111953e+01 2.782736e+01 3.525819e+01 2.801795e+01 2.697750e+01 2.358298e+01 2.338908e+01 2.479617e+01 2.318398e+01 3.680913e+00 2.529886e+00 3.707842e+00 4.162748e+00 4.778221e+00 4.888602e+00 3.927636e+00 4.039191e+00 3.628604e+00 3.514206e+00 3.188379e+00 2.686286e+00 4.549812e-03
<GCONST> 9.596359e+01
<MIXTURE> 88 1.256585e-02
<MEAN> 25
 -3.550818e+00 5.272661e-01 -1.226067e+00 4.230462e+00 3.541090e+00 3.419431e+00 4.567503e+00 1.970775e+00 4.056733e+00 1.951059e+00 2.449200e+00 1.486870e+00 1.044266e-02 4.521724e-01 -1.244096e-02 5.530665e-01 5.422949e-01 6.103365e-01 -2.662507e-01 -2.722959e-01 -3.380226e-01 -1.354247e-01 -3.649616e-01 -3.716612e-01 -2.084043e-02
<VARIANCE> 25
 7.636835e+00 1.257268e+01 1.116989e+01 1.967301e+01 1.959514e+01 1.734202e+01 1.770577e+01 1.720610e+01 1.684483e+01 1.322984e+01 1.812153e+01 1.449240e+01 9.955189e-01 1.724509e+00 1.607236e+00 2.145979e+00 2.006489e+00 3.496212e+00 2.479197e+00 1.835644e+00 1.908169e+00 1.925958e+00 1.955140e+00 1.694444e+00 1.584680e-03
<GCONST> 7.972269e+01
<MIXTURE> 89 9.333527e-03
<MEAN> 25
 5.999539e+00 -7.040294e+00 -3.039713e+00 -2.733785e+00 -1.626497e+00 -5.928597e+00 -6.506947e+00 4.857008e+00 3.145905e+00 -2.485109e+00 -5.305779e+00 -2.701240e+00 -5.802177e-01 1.842636e-01 2.192092e+00 9.224398e-01 -2.081743e+00 -1.605102e+00 1.100566e+00 1.043442e+00 -9.160433e-01 -1.412172e+00 2.150449e-01 1.574004e+00 -7.115796e-03
<VARIANCE> 25
 8.145164e+00 2.463431e+01 3.136015e+01 2.848042e+01 3.685010e+01 4.099456e+01 6.047412e+01 4.303453e+01 4.304970e+01 3.922712e+01 3.551445e+01 3.250784e+01 3.626888e-01 7.920187e-01 1.889090e+00 1.263062e+00 2.453274e+00 2.099149e+00 3.060683e+00 2.425600e+00 2.313058e+00 2.473610e+00 2.509856e+00 1.368383e+00 3.922760e-04
<GCONST> 8.611137e+01
<MIXTURE> 90 7.114505e-03
<MEAN> 25
 2.140842e+00 -9.035220e+00 -4.910014e+00 -3.662759e+00 -2.422566e+00 -2.747937e+00 4.828167e+00 1.660980e+00 -5.632659e+00 -9.252238e+00 -2.779909e+00 1.217487e+00 -2.756306e-01 9.606813e-01 1.302726e+00 -7.664323e-01 -1.675739e+00 -1.523171e-01 7.262710e-01 -4.180141e-01 -2.111781e-01 7.573227e-01 4.448862e-01 -6.678345e-01 -1.146992e-02
<VARIANCE> 25
 7.902171e+00 1.778847e+01 1.771276e+01 2.484064e+01 3.697293e+01 3.292771e+01 4.497580e+01 3.329858e+01 4.883886e+01 2.979129e+01 2.583050e+01 4.295229e+01 2.644055e-01 5.472007e-01 7.875965e-01 9.455288e-01 1.307934e+00 1.423656e+00 1.670276e+00 1.657502e+00 1.581526e+00 1.452935e+00 1.690239e+00 1.281351e+00 1.868219e-04
<GCONST> 7.812130e+01
<MIXTURE> 91 7.852945e-03
<MEAN> 25
 6.265138e+00 -7.535353e+00 -8.472396e+00 -4.776595e+00 3.782597e+00 -5.682174e-01 -2.000949e+00 1.209260e+00 9.111999e-01 -2.860901e+00 -4.600748e+00 -4.381739e+00 2.369413e-01 1.011259e+00 1.151502e-01 4.188364e-01 -4.171773e-02 -5.398905e-01 -3.439441e-01 -1.271303e-01 -2.973468e-02 4.140546e-01 -2.046389e-01 1.933400e-01 -3.510951e-02
<VARIANCE> 25
 9.934567e+00 2.241118e+01 1.928341e+01 4.138948e+01 3.532438e+01 5.688610e+01 5.274339e+01 4.209865e+01 5.091730e+01 6.124419e+01 3.840549e+01 5.119302e+01 4.404519e-01 8.781781e-01 1.277456e+00 1.380516e+00 2.156908e+00 2.291370e+00 2.312463e+00 2.339452e+00 2.256227e+00 2.171855e+00 2.151809e+00 1.797019e+00 5.775181e-04
<GCONST> 8.736319e+01
<MIXTURE> 92 7.852945e-03
<MEAN> 25
 6.265138e+00 -7.535353e+00 -8.472396e+00 -4.776595e+00 3.782597e+00 -5.682174e-01 -2.000949e+00 1.209260e+00 9.111999e-01 -2.860901e+00 -4.600748e+00 -4.381739e+00 2.369413e-01 1.011259e+00 1.151502e-01 4.188364e-01 -4.171773e-02 -5.398905e-01 -3.439441e-01 -1.271303e-01 -2.973468e-02 4.140546e-01 -2.046389e-01 1.933400e-01 -3.510951e-02
<VARIANCE> 25
 9.934567e+00 2.241118e+01 1.928341e+01 4.138948e+01 3.532438e+01 5.688610e+01 5.274339e+01 4.209865e+01 5.091730e+01 6.124419e+01 3.840549e+01 5.119302e+01 4.404519e-01 8.781781e-01 1.277456e+00 1.380516e+00 2.156908e+00 2.291370e+00 2.312463e+00 2.339452e+00 2.256227e+00 2.171855e+00 2.151809e+00 1.797019e+00 5.775181e-04
<GCONST> 8.736319e+01
<MIXTURE> 93 6.122769e-03
<MEAN> 25
 -6.751507e+00 -7.363632e-01 -2.593736e+00 5.913243e+00 6.101100e+00 4.042877e+00 6.072790e+00 3.441028e+00 4.270847e+00 2.748756e+00 1.476941e+00 3.246739e+00 -7.237801e-02 -1.558934e-01 -2.637462e-01 -3.487497e-01 -3.115661e-01 -2.407103e-01 -2.060697e-01 -1.487481e-01 -1.483413e-01 -1.532701e-01 -1.561224e-01 -1.042089e-01 6.511975e-05
<VARIANCE> 25
 8.608144e+00 6.351536e+00 8.368750e+00 1.086751e+01 1.142556e+01 1.544279e+01 1.454893e+01 1.592706e+01 1.474489e+01 1.535465e+01 1.742051e+01 1.567809e+01 8.607577e-02 1.446267e-01 2.576712e-01 3.693056e-01 4.835621e-01 6.530660e-01 7.484731e-01 8.527975e-01 8.910358e-01 8.544508e-01 9.225771e-01 9.708727e-01 1.109897e-06
<GCONST> 5.367538e+01
<MIXTURE> 94 6.122769e-03
<MEAN> 25
 -6.751507e+00 -7.363632e-01 -2.593736e+00 5.913243e+00 6.101100e+00 4.042877e+00 6.072790e+00 3.441028e+00 4.270847e+00 2.748756e+00 1.476941e+00 3.246739e+00 -7.237801e-02 -1.558934e-01 -2.637462e-01 -3.487497e-01 -3.115661e-01 -2.407103e-01 -2.060697e-01 -1.487481e-01 -1.483413e-01 -1.532701e-01 -1.561224e-01 -1.042089e-01 6.511975e-05
<VARIANCE> 25
 8.608144e+00 6.351536e+00 8.368750e+00 1.086751e+01 1.142556e+01 1.544279e+01 1.454893e+01 1.592706e+01 1.474489e+01 1.535465e+01 1.742051e+01 1.567809e+01 8.607577e-02 1.446267e-01 2.576712e-01 3.693056e-01 4.835621e-01 6.530660e-01 7.484731e-01 8.527975e-01 8.910358e-01 8.544508e-01 9.225771e-01 9.708727e-01 1.109897e-06
<GCONST> 5.367538e+01
<MIXTURE> 95 5.258835e-03
<MEAN> 25
 -5.269166e+00 8.418960e-01 -2.822582e+00 5.376751e+00 5.472621e+00 4.100143e+00 4.031337e+00 6.199109e-01 2.226567e+00 8.583700e-01 -6.992260e-01 4.636883e-02 1.399198e-01 1.310070e-01 -8.305449e-02 -1.160271e-01 -3.788998e-01 -6.008266e-01 -8.414060e-01 -1.146635e+00 -1.449627e+00 -1.153963e+00 -5.450934e-01 -1.836023e-01 -2.618743e-03
<VARIANCE> 25
 7.709148e+00 6.862231e+00 1.028436e+01 9.545424e+00 1.314882e+01 1.507238e+01 1.511100e+01 1.496165e+01 1.412757e+01 1.345826e+01 2.261662e+01 1.768402e+01 1.634047e-01 2.077710e-01 3.822029e-01 5.551739e-01 7.489329e-01 6.782601e-01 7.538478e-01 7.469237e-01 1.139815e+00 8.402168e-01 9.582669e-01 9.952293e-01 4.159578e-05
<GCONST> 6.008827e+01
<MIXTURE> 96 7.034694e-03
<MEAN> 25
 -5.095280e+00 -1.461855e-01 -2.402306e+00 5.295797e+00 4.126935e+00 2.091618e+00 3.603908e+00 1.444391e+00 2.467568e+00 9.247852e-01 7.768587e-01 2.407004e+00 -3.538326e-02 7.228235e-02 1.903537e-01 4.087770e-01 5.494919e-01 5.259262e-01 2.108532e-01 -1.453293e-01 -4.622290e-01 -5.787939e-01 -5.876669e-01 -3.471782e-01 1.118918e-04
<VARIANCE> 25
 1.021276e+01 1.014463e+01 1.237220e+01 1.364862e+01 1.495471e+01 1.952890e+01 1.711446e+01 1.982593e+01 1.850123e+01 1.657297e+01 2.017350e+01 1.612447e+01 1.133725e-01 2.086436e-01 3.053235e-01 3.958451e-01 4.747725e-01 6.658167e-01 8.379091e-01 9.668282e-01 9.257673e-01 9.633505e-01 8.376550e-01 9.078120e-01 1.199783e-06
<GCONST> 5.748947e+01
<MIXTURE> 97 7.034694e-03
<MEAN> 25
 -5.095280e+00 -1.461855e-01 -2.402306e+00 5.295797e+00 4.126935e+00 2.091618e+00 3.603908e+00 1.444391e+00 2.467568e+00 9.247852e-01 7.768587e-01 2.407004e+00 -3.538326e-02 7.228235e-02 1.903537e-01 4.087770e-01 5.494919e-01 5.259262e-01 2.108532e-01 -1.453293e-01 -4.622290e-01 -5.787939e-01 -5.876669e-01 -3.471782e-01 1.118918e-04
<VARIANCE> 25
 1.021276e+01 1.014463e+01 1.237220e+01 1.364862e+01 1.495471e+01 1.952890e+01 1.711446e+01 1.982593e+01 1.850123e+01 1.657297e+01 2.017350e+01 1.612447e+01 1.133725e-01 2.086436e-01 3.053235e-01 3.958451e-01 4.747725e-01 6.658167e-01 8.379091e-01 9.668282e-01 9.257673e-01 9.633505e-01 8.376550e-01 9.078120e-01 1.199783e-06
<GCONST> 5.748947e+01
<MIXTURE> 98 9.917808e-03
<MEAN> 25
 -1.088409e+00 1.889297e+00 -2.218220e-01 4.107313e+00 2.119825e+00 1.738559e+00 2.940257e+00 5.682557e-01 8.312694e-01 1.436845e+00 1.397781e+00 7.017663e-01 -1.639083e+00 -1.390472e+00 -9.703049e-01 3.813030e-01 6.320147e-01 2.979378e-01 9.927631e-01 1.358310e+00 1.579698e+00 1.071478e+00 1.573088e+00 8.151604e-01 -2.692440e-02
<VARIANCE> 25
 1.197029e+01 1.795849e+01 2.620748e+01 2.707994e+01 4.426040e+01 3.629240e+01 2.802707e+01 2.696442e+01 2.405727e+01 2.670390e+01 2.438342e+01 1.915586e+01 1.190436e+00 1.443521e+00 2.021123e+00 2.286299e+00 2.641463e+00 3.788560e+00 3.028648e+00 2.828773e+00 2.280066e+00 2.530836e+00 2.450462e+00 1.908019e+00 2.343625e-03
<GCONST> 8.826571e+01
<MIXTURE> 99 6.696178e-03
<MEAN> 25
 -6.018514e+00 9.659823e+00 6.562924e+00 3.238390e+00 7.513297e-01 -4.787875e+00 -1.778539e+00 -3.995270e+00 -3.368770e+00 -3.590934e+00 -1.413215e+00 3.232350e-01 4.800579e-01 -7.547762e-01 2.928642e-01 -2.485299e-01 -1.086300e+00 -5.375628e-01 -2.956977e-01 -3.258084e-01 -1.791182e-01 5.365403e-02 2.892219e-01 1.841442e-01 9.647950e-03
<VARIANCE> 25
 3.465158e+01 2.424056e+01 4.582590e+01 3.096588e+01 3.541623e+01 3.531680e+01 2.568573e+01 2.797263e+01 2.523833e+01 2.669746e+01 1.965443e+01 2.758781e+01 2.123987e+00 1.767438e+00 1.347684e+00 1.880137e+00 2.644879e+00 2.345533e+00 1.656617e+00 1.603197e+00 1.685634e+00 1.669992e+00 1.332660e+00 1.211155e+00 1.539109e-03
<GCONST> 8.654697e+01
<MIXTURE> 100 4.498084e-03
<MEAN> 25
 -1.830143e+00 5.905962e+00 1.034444e+01 -7.717460e+00 -1.054961e+01 -5.317657e+00 -5.054725e+00 -9.630591e+00 -4.827548e+00 -1.258180e+00 -2.626124e+00 -2.825513e+00 2.802526e+00 -1.233903e+00 1.370845e+00 -2.237662e+00 -3.068723e+00 -6.025963e-01 -1.411134e+00 -7.549735e-01 -1.461638e+00 4.378597e-01 -1.457721e+00 -4.250371e-02 6.056117e-03
<VARIANCE> 25
 1.322561e+01 2.116498e+01 2.071221e+01 2.523192e+01 2.175550e+01 2.238357e+01 2.681222e+01 2.172794e+01 2.645892e+01 2.243091e+01 2.087442e+01 2.032509e+01 1.812854e+00 3.633355e+00 2.808538e+00 3.972591e+00 5.093411e+00 4.470597e+00 4.128432e+00 4.005716e+00 3.882891e+00 3.631182e+00 3.984607e+00 3.757113e+00 1.711255e-03
<GCONST> 9.204226e+01
<MIXTURE> 101 6.007792e-03
<MEAN> 25
 8.034383e+00 -3.469480e+00 -6.017068e+00 -7.018207e+00 8.979672e-01 -8.697215e-01 -1.063269e+01 -2.331915e+00 1.397009e+00 2.757234e+00 -2.540431e+00 -5.108345e+00 6.952363e-01 6.477681e-01 -1.465048e+00 -1.592466e+00 1.011087e+00 2.269670e+00 2.070673e-01 -1.376931e+00 -1.007515e+00 1.049275e+00 1.405315e+00 -3.908319e-01 -4.505103e-03
<VARIANCE> 25
 9.138694e+00 1.642574e+01 3.094508e+01 4.180448e+01 3.512076e+01 4.054575e+01 3.621223e+01 3.798309e+01 3.783327e+01 4.251745e+01 5.059766e+01 2.336113e+01 2.955556e-01 6.463330e-01 1.140687e+00 1.524905e+00 1.662237e+00 2.302283e+00 2.017891e+00 2.485926e+00 2.370535e+00 2.142848e+00 1.788796e+00 1.931644e+00 3.554802e-04
<GCONST> 8.384546e+01
<MIXTURE> 102 6.007792e-03
<MEAN> 25
 8.034383e+00 -3.469480e+00 -6.017068e+00 -7.018207e+00 8.979672e-01 -8.697215e-01 -1.063269e+01 -2.331915e+00 1.397009e+00 2.757234e+00 -2.540431e+00 -5.108345e+00 6.952363e-01 6.477681e-01 -1.465048e+00 -1.592466e+00 1.011087e+00 2.269670e+00 2.070673e-01 -1.376931e+00 -1.007515e+00 1.049275e+00 1.405315e+00 -3.908319e-01 -4.505103e-03
<VARIANCE> 25
 9.138694e+00 1.642574e+01 3.094508e+01 4.180448e+01 3.512076e+01 4.054575e+01 3.621223e+01 3.798309e+01 3.783327e+01 4.251745e+01 5.059766e+01 2.336113e+01 2.955556e-01 6.463330e-01 1.140687e+00 1.524905e+00 1.662237e+00 2.302283e+00 2.017891e+00 2.485926e+00 2.370535e+00 2.142848e+00 1.788796e+00 1.931644e+00 3.554802e-04
<GCONST> 8.384546e+01
<MIXTURE> 103 5.694618e-03
<MEAN> 25
 3.322751e+00 -9.275922e+00 -6.211691e+00 -3.022276e+00 -1.315891e+00 -2.140620e+00 2.344000e+00 3.148321e+00 -3.796480e+00 -8.828680e+00 -5.018497e+00 8.300129e-01 -1.464808e-01 -1.480572e+00 -9.633119e-01 3.323076e-01 1.140385e+00 1.003250e+00 2.538395e-01 -2.693173e-01 -6.463779e-01 -9.335808e-01 -8.059805e-02 1.093183e-01 2.635601e-02
<VARIANCE> 25
 9.781555e+00 1.999283e+01 2.154879e+01 3.007890e+01 4.692660e+01 3.332724e+01 4.431132e+01 3.983947e+01 4.848397e+01 2.993136e+01 2.970586e+01 2.851789e+01 6.341432e-01 1.180433e+00 1.496765e+00 1.986286e+00 2.833501e+00 2.344611e+00 2.831598e+00 2.431180e+00 2.654359e+00 2.391119e+00 2.091200e+00 1.896108e+00 7.635260e-04
<GCONST> 8.722076e+01
<MIXTURE> 104 5.694618e-03
<MEAN> 25
 3.322751e+00 -9.275922e+00 -6.211691e+00 -3.022276e+00 -1.315891e+00 -2.140620e+00 2.344000e+00 3.148321e+00 -3.796480e+00 -8.828680e+00 -5.018497e+00 8.300129e-01 -1.464808e-01 -1.480572e+00 -9.633119e-01 3.323076e-01 1.140385e+00 1.003250e+00 2.538395e-01 -2.693173e-01 -6.463779e-01 -9.335808e-01 -8.059805e-02 1.093183e-01 2.635601e-02
<VARIANCE> 25
 9.781555e+00 1.999283e+01 2.154879e+01 3.007890e+01 4.692660e+01 3.332724e+01 4.431132e+01 3.983947e+01 4.848397e+01 2.993136e+01 2.970586e+01 2.851789e+01 6.341432e-01 1.180433e+00 1.496765e+00 1.986286e+00 2.833501e+00 2.344611e+00 2.831598e+00 2.431180e+00 2.654359e+00 2.391119e+00 2.091200e+00 1.896108e+00 7.635260e-04
<GCONST> 8.722076e+01
<MIXTURE> 105 4.710235e-03
<MEAN> 25
 2.275759e+00 -1.622172e+00 8.719736e+00 -2.560938e+00 -1.118649e+01 -5.207391e+00 -3.972832e+00 -6.417155e-01 -3.422571e+00 -2.866471e+00 2.091380e+00 -5.320538e-02 -1.490580e-02 1.702222e-02 7.018004e-02 -1.019596e-01 3.887368e-02 7.036643e-02 2.859459e-02 1.410769e-01 -3.842531e-02 7.338173e-02 6.761952e-02 -8.167069e-02 -2.643081e-03
<VARIANCE> 25
 1.220273e+01 2.751652e+01 4.014429e+01 4.173848e+01 3.660627e+01 5.045897e+01 3.831992e+01 3.986338e+01 3.769285e+01 3.919527e+01 4.162159e+01 4.095825e+01 8.565430e-02 1.925217e-01 3.238835e-01 3.170109e-01 3.789732e-01 4.183124e-01 4.688309e-01 5.556214e-01 4.547444e-01 4.356110e-01 4.300814e-01 4.140560e-01 8.529418e-05
<GCONST> 6.649715e+01
<MIXTURE> 106 4.710235e-03
<MEAN> 25
 2.275759e+00 -1.622172e+00 8.719736e+00 -2.560938e+00 -1.118649e+01 -5.207391e+00 -3.972832e+00 -6.417155e-01 -3.422571e+00 -2.866471e+00 2.091380e+00 -5.320538e-02 -1.490580e-02 1.702222e-02 7.018004e-02 -1.019596e-01 3.887368e-02 7.036643e-02 2.859459e-02 1.410769e-01 -3.842531e-02 7.338173e-02 6.761952e-02 -8.167069e-02 -2.643081e-03
<VARIANCE> 25
 1.220273e+01 2.751652e+01 4.014429e+01 4.173848e+01 3.660627e+01 5.045897e+01 3.831992e+01 3.986338e+01 3.769285e+01 3.919527e+01 4.162159e+01 4.095825e+01 8.565430e-02 1.925217e-01 3.238835e-01 3.170109e-01 3.789732e-01 4.183124e-01 4.688309e-01 5.556214e-01 4.547444e-01 4.356110e-01 4.300814e-01 4.140560e-01 8.529418e-05
<GCONST> 6.649715e+01
<MIXTURE> 107 5.452374e-03
<MEAN> 25
 8.575855e+00 -2.244307e+00 -8.205017e+00 -9.999434e+00 2.666119e+00 3.461735e+00 -8.895266e+00 -4.211332e+00 -1.099607e+00 3.927124e+00 1.540720e+00 -5.145078e+00 -6.468642e-01 -8.854625e-01 7.993244e-01 1.948192e+00 2.781624e-01 -2.371828e+00 -1.059319e+00 1.034664e+00 1.730580e+00 4.632154e-02 -1.482838e+00 -7.206732e-01 -6.735044e-04
<VARIANCE> 25
 8.845054e+00 1.896877e+01 2.690696e+01 4.278609e+01 3.849697e+01 4.054091e+01 5.040564e+01 3.482594e+01 4.314158e+01 4.242966e+01 5.280867e+01 2.839732e+01 3.444545e-01 1.044039e+00 1.601094e+00 2.711259e+00 2.312787e+00 4.086546e+00 2.670646e+00 2.721254e+00 2.163255e+00 2.890045e+00 2.234986e+00 2.181690e+00 6.613997e-04
<GCONST> 8.853789e+01
<MIXTURE> 108 5.452374e-03
<MEAN> 25
 8.575855e+00 -2.244307e+00 -8.205017e+00 -9.999434e+00 2.666119e+00 3.461735e+00 -8.895266e+00 -4.211332e+00 -1.099607e+00 3.927124e+00 1.540720e+00 -5.145078e+00 -6.468642e-01 -8.854625e-01 7.993244e-01 1.948192e+00 2.781624e-01 -2.371828e+00 -1.059319e+00 1.034664e+00 1.730580e+00 4.632154e-02 -1.482838e+00 -7.206732e-01 -6.735044e-04
<VARIANCE> 25
 8.845054e+00 1.896877e+01 2.690696e+01 4.278609e+01 3.849697e+01 4.054091e+01 5.040564e+01 3.482594e+01 4.314158e+01 4.242966e+01 5.280867e+01 2.839732e+01 3.444545e-01 1.044039e+00 1.601094e+00 2.711259e+00 2.312787e+00 4.086546e+00 2.670646e+00 2.721254e+00 2.163255e+00 2.890045e+00 2.234986e+00 2.181690e+00 6.613997e-04
<GCONST> 8.853789e+01
<MIXTURE> 109 6.661064e-03
<MEAN> 25
 3.948157e+00 -1.042052e+01 -8.266069e+00 -1.456106e+00 2.478383e+00 -3.315085e-01 1.606599e-01 2.245798e+00 -1.495084e+00 -8.122298e+00 -5.117042e+00 6.414385e-01 -2.012698e-02 -1.596084e-01 -3.308514e-02 2.805019e-01 1.755410e-01 5.164744e-02 6.792677e-02 -2.073902e-01 -5.457446e-03 -1.140333e-01 2.861368e-01 7.331005e-02 -2.752570e-03
<VARIANCE> 25
 8.796275e+00 1.723329e+01 1.851995e+01 2.962374e+01 4.275007e+01 3.466636e+01 4.485783e+01 3.839856e+01 5.463353e+01 3.316744e+01 2.924821e+01 3.042546e+01 2.061000e-01 4.275486e-01 5.056685e-01 6.318183e-01 1.218899e+00 1.040887e+00 1.560308e+00 1.144463e+00 1.065372e+00 9.326917e-01 1.130846e+00 8.748934e-01 1.805912e-04
<GCONST> 7.493291e+01
<MIXTURE> 110 6.661064e-03
<MEAN> 25
 3.948157e+00 -1.042052e+01 -8.266069e+00 -1.456106e+00 2.478383e+00 -3.315085e-01 1.606599e-01 2.245798e+00 -1.495084e+00 -8.122298e+00 -5.117042e+00 6.414385e-01 -2.012698e-02 -1.596084e-01 -3.308514e-02 2.805019e-01 1.755410e-01 5.164744e-02 6.792677e-02 -2.073902e-01 -5.457446e-03 -1.140333e-01 2.861368e-01 7.331005e-02 -2.752570e-03
<VARIANCE> 25
 8.796275e+00 1.723329e+01 1.851995e+01 2.962374e+01 4.275007e+01 3.466636e+01 4.485783e+01 3.839856e+01 5.463353e+01 3.316744e+01 2.924821e+01 3.042546e+01 2.061000e-01 4.275486e-01 5.056685e-01 6.318183e-01 1.218899e+00 1.040887e+00 1.560308e+00 1.144463e+00 1.065372e+00 9.326917e-01 1.130846e+00 8.748934e-01 1.805912e-04
<GCONST> 7.493291e+01
<MIXTURE> 111 4.337247e-03
<MEAN> 25
 -4.442898e+00 -5.986618e-01 -1.891077e+00 1.996736e+00 1.327458e+00 1.196978e+00 4.725371e-01 -1.654273e-02 9.809463e-02 -4.924748e-01 -7.823884e-01 1.621306e+00 -2.252557e-02 -3.331990e-02 -7.147563e-02 -5.189508e-02 -3.876009e-02 5.891392e-03 -1.273505e-02 -8.738533e-02 -1.713700e-01 -2.190427e-01 -1.918963e-01 -9.763408e-02 -4.348380e-04
<VARIANCE> 25
 6.749809e+00 5.992825e+00 1.041808e+01 1.034874e+01 1.453449e+01 2.332874e+01 1.468326e+01 1.350069e+01 1.121802e+01 1.180661e+01 1.353965e+01 1.279030e+01 7.645994e-02 1.569201e-01 2.709021e-01 4.096107e-01 5.758440e-01 6.733609e-01 7.822542e-01 8.370076e-01 9.067172e-01 8.668010e-01 8.368406e-01 8.534811e-01 2.484334e-05
<GCONST> 5.631076e+01
<MIXTURE> 112 4.337247e-03
<MEAN> 25
 -4.442898e+00 -5.986618e-01 -1.891077e+00 1.996736e+00 1.327458e+00 1.196978e+00 4.725371e-01 -1.654273e-02 9.809463e-02 -4.924748e-01 -7.823884e-01 1.621306e+00 -2.252557e-02 -3.331990e-02 -7.147563e-02 -5.189508e-02 -3.876009e-02 5.891392e-03 -1.273505e-02 -8.738533e-02 -1.713700e-01 -2.190427e-01 -1.918963e-01 -9.763408e-02 -4.348380e-04
<VARIANCE> 25
 6.749809e+00 5.992825e+00 1.041808e+01 1.034874e+01 1.453449e+01 2.332874e+01 1.468326e+01 1.350069e+01 1.121802e+01 1.180661e+01 1.353965e+01 1.279030e+01 7.645994e-02 1.569201e-01 2.709021e-01 4.096107e-01 5.758440e-01 6.733609e-01 7.822542e-01 8.370076e-01 9.067172e-01 8.668010e-01 8.368406e-01 8.534811e-01 2.484334e-05
<GCONST> 5.631076e+01
<MIXTURE> 113 5.938666e-03
<MEAN> 25
 9.945913e+00 1.738318e+00 -8.703545e+00 -1.700356e+01 -1.020447e+00 5.708046e+00 -5.292633e+00 -1.541115e+00 -5.716219e+00 -4.866614e-01 2.354921e-01 -2.273230e-01 8.436276e-03 1.492467e-02 -6.481647e-02 -1.134391e-01 1.104106e-01 1.551942e-01 6.015936e-02 3.628540e-02 -5.204953e-02 -4.776997e-02 1.819449e-01 4.448331e-02 -1.417086e-03
<VARIANCE> 25
 8.991016e+00 1.633640e+01 3.047216e+01 3.430478e+01 5.250634e+01 3.403267e+01 3.951553e+01 3.979895e+01 3.727058e+01 4.614357e+01 3.674336e+01 2.841223e+01 1.238654e-01 3.187998e-01 3.194291e-01 6.283914e-01 6.176566e-01 6.534370e-01 7.746066e-01 8.404133e-01 9.574944e-01 9.020141e-01 7.241479e-01 7.229158e-01 1.244867e-04
<GCONST> 7.117892e+01
<MIXTURE> 114 5.938666e-03
<MEAN> 25
 9.945913e+00 1.738318e+00 -8.703545e+00 -1.700356e+01 -1.020447e+00 5.708046e+00 -5.292633e+00 -1.541115e+00 -5.716219e+00 -4.866614e-01 2.354921e-01 -2.273230e-01 8.436276e-03 1.492467e-02 -6.481647e-02 -1.134391e-01 1.104106e-01 1.551942e-01 6.015936e-02 3.628540e-02 -5.204953e-02 -4.776997e-02 1.819449e-01 4.448331e-02 -1.417086e-03
<VARIANCE> 25
 8.991016e+00 1.633640e+01 3.047216e+01 3.430478e+01 5.250634e+01 3.403267e+01 3.951553e+01 3.979895e+01 3.727058e+01 4.614357e+01 3.674336e+01 2.841223e+01 1.238654e-01 3.187998e-01 3.194291e-01 6.283914e-01 6.176566e-01 6.534370e-01 7.746066e-01 8.404133e-01 9.574944e-01 9.020141e-01 7.241479e-01 7.229158e-01 1.244867e-04
<GCONST> 7.117892e+01
<MIXTURE> 115 2.935202e-03
<MEAN> 25
 -4.033371e+00 -7.425078e-01 -3.112473e+00 3.664402e+00 2.424127e+00 -4.169081e-01 2.237035e+00 4.033521e-01 1.389829e+00 -1.530978e-02 3.823044e-02 2.681405e+00 3.135426e-02 -7.209561e-02 -2.296415e-01 -4.369261e-01 -6.320603e-01 -6.694375e-01 -5.913781e-01 -5.098068e-01 -4.848601e-01 -4.548284e-01 -3.432585e-01 -1.651009e-01 3.407317e-07
<VARIANCE> 25
 9.249149e+00 9.904858e+00 1.351813e+01 1.270335e+01 1.352975e+01 1.758697e+01 1.706408e+01 2.081663e+01 1.795449e+01 1.720633e+01 1.916206e+01 1.466282e+01 2.034490e-01 3.449654e-01 4.857425e-01 5.623938e-01 6.345793e-01 7.971601e-01 1.006562e+00 1.129709e+00 1.075731e+00 9.947599e-01 1.024035e+00 1.064020e+00 1.010631e-06
<GCONST> 6.016787e+01
<MIXTURE> 116 2.935202e-03
<MEAN> 25
 -4.033371e+00 -7.425078e-01 -3.112473e+00 3.664402e+00 2.424127e+00 -4.169081e-01 2.237035e+00 4.033521e-01 1.389829e+00 -1.530978e-02 3.823044e-02 2.681405e+00 3.135426e-02 -7.209561e-02 -2.296415e-01 -4.369261e-01 -6.320603e-01 -6.694375e-01 -5.913781e-01 -5.098068e-01 -4.848601e-01 -4.548284e-01 -3.432585e-01 -1.651009e-01 3.407317e-07
<VARIANCE> 25
 9.249149e+00 9.904858e+00 1.351813e+01 1.270335e+01 1.352975e+01 1.758697e+01 1.706408e+01 2.081663e+01 1.795449e+01 1.720633e+01 1.916206e+01 1.466282e+01 2.034490e-01 3.449654e-01 4.857425e-01 5.623938e-01 6.345793e-01 7.971601e-01 1.006562e+00 1.129709e+00 1.075731e+00 9.947599e-01 1.024035e+00 1.064020e+00 1.010631e-06
<GCONST> 6.016787e+01
<MIXTURE> 117 6.506003e-03
<MEAN> 25
 -4.648287e+00 1.141729e+00 1.002931e+00 9.750493e+00 6.295417e+00 6.268797e+00 6.452463e+00 4.999425e+00 6.391775e+00 4.940134e+00 6.277797e+00 2.651473e+00 -7.631864e-02 -2.327118e-01 -3.565767e-01 -4.182347e-01 -3.646892e-01 -2.970896e-01 -2.854742e-01 -3.250298e-01 -3.881867e-01 -3.662094e-01 -2.659567e-01 -1.196049e-01 3.110866e-06
<VARIANCE> 25
 7.125283e+00 8.729573e+00 9.997818e+00 1.418899e+01 1.559326e+01 1.525873e+01 1.758240e+01 1.798762e+01 1.628919e+01 1.630449e+01 1.742594e+01 1.502050e+01 2.150828e-01 3.048012e-01 4.227507e-01 6.138233e-01 8.485734e-01 1.064711e+00 1.169211e+00 1.226971e+00 1.229432e+00 1.200714e+00 1.163110e+00 1.112069e+00 1.019542e-06
<GCONST> 6.044620e+01
<MIXTURE> 118 6.506003e-03
<MEAN> 25
 -4.648287e+00 1.141729e+00 1.002931e+00 9.750493e+00 6.295417e+00 6.268797e+00 6.452463e+00 4.999425e+00 6.391775e+00 4.940134e+00 6.277797e+00 2.651473e+00 -7.631864e-02 -2.327118e-01 -3.565767e-01 -4.182347e-01 -3.646892e-01 -2.970896e-01 -2.854742e-01 -3.250298e-01 -3.881867e-01 -3.662094e-01 -2.659567e-01 -1.196049e-01 3.110866e-06
<VARIANCE> 25
 7.125283e+00 8.729573e+00 9.997818e+00 1.418899e+01 1.559326e+01 1.525873e+01 1.758240e+01 1.798762e+01 1.628919e+01 1.630449e+01 1.742594e+01 1.502050e+01 2.150828e-01 3.048012e-01 4.227507e-01 6.138233e-01 8.485734e-01 1.064711e+00 1.169211e+00 1.226971e+00 1.229432e+00 1.200714e+00 1.163110e+00 1.112069e+00 1.019542e-06
<GCONST> 6.044620e+01
<MIXTURE> 119 4.297961e-03
<MEAN> 25
 -4.916276e+00 -7.613513e+00 2.237489e+00 1.960885e+00 2.167158e+00 1.284026e-01 5.264451e+00 5.928803e+00 1.176097e+00 9.670421e-01 6.622196e+00 1.649926e+00 -5.073637e-02 -8.084216e-02 3.969025e-02 -5.470843e-02 -1.225072e-01 -1.744878e-01 -6.831665e-02 9.094373e-04 -9.608940e-02 -1.025136e-01 -5.338502e-02 -6.508589e-02 1.055956e-03
<VARIANCE> 25
 8.788407e+00 9.784990e+00 1.655695e+01 2.029980e+01 2.315052e+01 2.354176e+01 2.513225e+01 2.643968e+01 2.486238e+01 2.779639e+01 2.020359e+01 2.081709e+01 1.603098e-01 2.892356e-01 4.709691e-01 6.272901e-01 8.132324e-01 9.979566e-01 1.097213e+00 1.315107e+00 1.274828e+00 1.251121e+00 1.187473e+00 1.121467e+00 2.331513e-04
<GCONST> 6.985526e+01
<MIXTURE> 120 4.297961e-03
<MEAN> 25
 -4.916276e+00 -7.613513e+00 2.237489e+00 1.960885e+00 2.167158e+00 1.284026e-01 5.264451e+00 5.928803e+00 1.176097e+00 9.670421e-01 6.622196e+00 1.649926e+00 -5.073637e-02 -8.084216e-02 3.969025e-02 -5.470843e-02 -1.225072e-01 -1.744878e-01 -6.831665e-02 9.094373e-04 -9.608940e-02 -1.025136e-01 -5.338502e-02 -6.508589e-02 1.055956e-03
<VARIANCE> 25
 8.788407e+00 9.784990e+00 1.655695e+01 2.029980e+01 2.315052e+01 2.354176e+01 2.513225e+01 2.643968e+01 2.486238e+01 2.779639e+01 2.020359e+01 2.081709e+01 1.603098e-01 2.892356e-01 4.709691e-01 6.272901e-01 8.132324e-01 9.979566e-01 1.097213e+00 1.315107e+00 1.274828e+00 1.251121e+00 1.187473e+00 1.121467e+00 2.331513e-04
<GCONST> 6.985526e+01
<MIXTURE> 121 4.567511e-03
<MEAN> 25
 2.327427e-01 -2.523405e+00 5.164208e+00 -1.288516e+01 -1.258101e+01 -1.595162e+00 9.498109e-01 -5.139860e+00 -4.216994e+00 -4.763377e-01 -5.510664e+00 -4.298388e+00 2.466284e-02 1.321001e-01 -4.222907e-02 8.258793e-02 1.649726e-01 8.120615e-02 -8.326526e-02 -1.796514e-01 -2.641715e-01 -2.524453e-01 -1.173526e-01 9.514364e-03 -7.437458e-03
<VARIANCE> 25
 7.791061e+00 1.555524e+01 1.720075e+01 2.027085e+01 2.486818e+01 3.004908e+01 2.980766e+01 2.473712e+01 3.532400e+01 2.819670e+01 1.998530e+01 2.137725e+01 1.545886e-01 6.403605e-01 6.208236e-01 7.027274e-01 7.878396e-01 1.152626e+00 1.116846e+00 1.119823e+00 1.214269e+00 1.192952e+00 9.387985e-01 8.776367e-01 2.095508e-04
<GCONST> 7.147041e+01
<MIXTURE> 122 4.567511e-03
<MEAN> 25
 2.327427e-01 -2.523405e+00 5.164208e+00 -1.288516e+01 -1.258101e+01 -1.595162e+00 9.498109e-01 -5.139860e+00 -4.216994e+00 -4.763377e-01 -5.510664e+00 -4.298388e+00 2.466284e-02 1.321001e-01 -4.222907e-02 8.258793e-02 1.649726e-01 8.120615e-02 -8.326526e-02 -1.796514e-01 -2.641715e-01 -2.524453e-01 -1.173526e-01 9.514364e-03 -7.437458e-03
<VARIANCE> 25
 7.791061e+00 1.555524e+01 1.720075e+01 2.027085e+01 2.486818e+01 3.004908e+01 2.980766e+01 2.473712e+01 3.532400e+01 2.819670e+01 1.998530e+01 2.137725e+01 1.545886e-01 6.403605e-01 6.208236e-01 7.027274e-01 7.878396e-01 1.152626e+00 1.116846e+00 1.119823e+00 1.214269e+00 1.192952e+00 9.387985e-01 8.776367e-01 2.095508e-04
<GCONST> 7.147041e+01
<MIXTURE> 123 4.393044e-03
<MEAN> 25
 -4.163377e+00 1.810119e+00 -1.084573e+00 6.739974e+00 5.553241e+00 3.654952e+00 2.748202e+00 -1.788724e-01 4.781114e-01 -4.199880e-01 -1.082534e+00 -9.055359e-01 -5.182145e-01 -7.307264e-01 -7.334760e-01 -2.860499e-01 -3.440551e-02 3.479744e-01 7.135800e-01 7.270281e-01 6.497334e-01 4.773740e-01 3.910981e-01 2.435576e-01 -3.891910e-03
<VARIANCE> 25
 7.948084e+00 9.408032e+00 1.427104e+01 1.494804e+01 1.752249e+01 2.315782e+01 1.969281e+01 1.529943e+01 1.484381e+01 1.600896e+01 2.008839e+01 2.090246e+01 3.311077e-01 3.026393e-01 4.902775e-01 9.791328e-01 9.309717e-01 1.350566e+00 1.380789e+00 1.106528e+00 9.413601e-01 1.183744e+00 1.237571e+00 1.099503e+00 9.292395e-05
<GCONST> 6.759987e+01
<MIXTURE> 124 4.069876e-03
<MEAN> 25
 -6.229315e+00 6.242667e-03 -3.160532e+00 5.963134e+00 5.631808e+00 4.292436e+00 5.527216e+00 1.810781e+00 2.850535e+00 1.135922e+00 -6.352177e-02 9.501662e-01 -1.810181e-01 -3.405854e-01 -2.566641e-01 -2.116507e-01 1.765717e-01 6.448596e-01 8.426414e-01 8.599903e-01 7.056468e-01 2.910501e-01 5.163584e-02 -1.212452e-01 7.462844e-04
<VARIANCE> 25
 8.525799e+00 7.995731e+00 8.646221e+00 1.125917e+01 1.042286e+01 1.886467e+01 1.326799e+01 1.455440e+01 1.299655e+01 1.269532e+01 1.792547e+01 1.952031e+01 9.216704e-02 1.466833e-01 2.804068e-01 3.905056e-01 5.308428e-01 8.558158e-01 6.957403e-01 7.951400e-01 7.652653e-01 8.785080e-01 8.487296e-01 8.829199e-01 2.050699e-05
<GCONST> 5.687856e+01
<MIXTURE> 125 4.069876e-03
<MEAN> 25
 -6.229315e+00 6.242667e-03 -3.160532e+00 5.963134e+00 5.631808e+00 4.292436e+00 5.527216e+00 1.810781e+00 2.850535e+00 1.135922e+00 -6.352177e-02 9.501662e-01 -1.810181e-01 -3.405854e-01 -2.566641e-01 -2.116507e-01 1.765717e-01 6.448596e-01 8.426414e-01 8.599903e-01 7.056468e-01 2.910501e-01 5.163584e-02 -1.212452e-01 7.462844e-04
<VARIANCE> 25
 8.525799e+00 7.995731e+00 8.646221e+00 1.125917e+01 1.042286e+01 1.886467e+01 1.326799e+01 1.455440e+01 1.299655e+01 1.269532e+01 1.792547e+01 1.952031e+01 9.216704e-02 1.466833e-01 2.804068e-01 3.905056e-01 5.308428e-01 8.558158e-01 6.957403e-01 7.951400e-01 7.652653e-01 8.785080e-01 8.487296e-01 8.829199e-01 2.050699e-05
<GCONST> 5.687856e+01
<MIXTURE> 126 2.402244e-03
<MEAN> 25
 -3.582968e+00 -6.868015e+00 -5.395195e+00 2.165884e+00 4.263290e+00 -3.323872e+00 2.032924e-01 3.759022e+00 3.440335e+00 -2.767338e+00 -1.486684e+00 3.281709e+00 -1.636349e-02 -1.241954e-03 -3.765108e-02 -1.713862e-01 -2.991211e-01 -3.832317e-01 -2.069217e-01 -1.749228e-01 -8.962873e-02 -1.233025e-01 -9.030554e-02 -1.773432e-02 -1.673506e-03
<VARIANCE> 25
 8.356803e+00 1.266464e+01 1.371414e+01 1.557948e+01 2.395785e+01 2.341377e+01 2.267991e+01 2.878102e+01 3.069368e+01 2.557376e+01 2.133699e+01 2.019470e+01 1.713183e-01 3.591849e-01 4.768947e-01 6.111592e-01 7.477232e-01 1.035459e+00 1.247970e+00 1.247580e+00 1.332773e+00 1.272920e+00 1.428434e+00 1.138710e+00 2.147943e-04
<GCONST> 7.025055e+01
<MIXTURE> 127 2.402244e-03
<MEAN> 25
 -3.582968e+00 -6.868015e+00 -5.395195e+00 2.165884e+00 4.263290e+00 -3.323872e+00 2.032924e-01 3.759022e+00 3.440335e+00 -2.767338e+00 -1.486684e+00 3.281709e+00 -1.636349e-02 -1.241954e-03 -3.765108e-02 -1.713862e-01 -2.991211e-01 -3.832317e-01 -2.069217e-01 -1.749228e-01 -8.962873e-02 -1.233025e-01 -9.030554e-02 -1.773432e-02 -1.673506e-03
<VARIANCE> 25
 8.356803e+00 1.266464e+01 1.371414e+01 1.557948e+01 2.395785e+01 2.341377e+01 2.267991e+01 2.878102e+01 3.069368e+01 2.557376e+01 2.133699e+01 2.019470e+01 1.713183e-01 3.591849e-01 4.768947e-01 6.111592e-01 7.477232e-01 1.035459e+00 1.247970e+00 1.247580e+00 1.332773e+00 1.272920e+00 1.428434e+00 1.138710e+00 2.147943e-04
<GCONST> 7.025055e+01
<MIXTURE> 128 3.790457e-03
<MEAN> 25
 -3.932602e+00 1.546280e+00 -3.454188e-01 6.578320e+00 3.627984e+00 1.866184e+00 3.579285e+00 2.366149e+00 3.960509e+00 3.694583e+00 3.757239e+00 3.513837e+00 -3.957874e-01 -1.978959e-01 9.799610e-02 7.252176e-01 1.182666e+00 1.136627e+00 7.189171e-01 1.314775e-01 -4.376473e-01 -7.873687e-01 -7.023612e-01 -3.940385e-01 -3.496314e-05
<VARIANCE> 25
 1.019760e+01 1.169558e+01 1.498768e+01 1.929706e+01 2.005150e+01 2.123095e+01 2.427361e+01 2.464886e+01 2.639074e+01 2.387247e+01 2.688573e+01 1.827244e+01 8.911284e-01 1.145210e+00 1.363927e+00 1.502915e+00 1.581061e+00 1.862385e+00 2.249018e+00 2.324720e+00 2.146330e+00 1.855062e+00 1.741720e+00 1.746138e+00 1.008534e-06
<GCONST> 7.364517e+01
<TRANSP> 3
 0.000000e+00 1.000000e+00 0.000000e+00
 0.000000e+00 9.999990e-01 9.999998e-07
 0.000000e+00 0.000000e+00 0.000000e+00
<ENDHMM>
