~o
<STREAMINFO> 1 25
<VECSIZE> 25<NULLD><MFCC_E_D_N><DIAGC>
~h "jmodel"
<BEGINHMM>
<NUMSTATES> 3
<STATE> 2
<NUMMIXES> 128
<MIXTURE> 1 5.748963e-03
<MEAN> 25
 -2.583631e+00 3.181547e+00 2.311690e+00 8.754107e+00 4.368264e+00 3.446522e+00 4.064138e+00 3.933628e+00 5.829296e+00 5.251334e+00 5.881523e+00 3.078820e+00 -2.004040e+00 -1.635285e+00 -8.637740e-01 1.076249e+00 1.561044e+00 2.231726e+00 2.153643e+00 2.084273e+00 1.693115e+00 1.268312e+00 1.566344e+00 6.136537e-01 -4.690365e-02
<VARIANCE> 25
 1.005942e+01 1.175924e+01 1.494013e+01 1.868080e+01 2.321803e+01 2.216426e+01 2.189065e+01 2.199197e+01 2.101079e+01 2.253516e+01 2.096215e+01 1.708111e+01 1.789131e+00 2.111679e+00 3.025351e+00 3.209491e+00 3.737996e+00 3.356770e+00 3.319400e+00 3.380237e+00 3.521108e+00 3.729385e+00 3.515350e+00 2.833368e+00 3.121402e-03
<GCONST> 8.846633e+01
<MIXTURE> 2 4.549242e-03
<MEAN> 25
 -4.873924e+00 1.317301e+00 9.918658e-01 9.894029e+00 6.696150e+00 7.429601e+00 7.845616e+00 6.942796e+00 8.367653e+00 6.368532e+00 7.609880e+00 3.064844e+00 -6.189600e-02 4.209678e-02 1.425987e-01 2.256918e-01 2.640555e-01 2.811494e-01 2.952176e-01 3.184832e-01 3.482947e-01 3.081060e-01 1.979068e-01 7.956174e-02 1.845423e-07
<VARIANCE> 25
 6.945768e+00 8.912894e+00 1.064374e+01 1.591499e+01 1.722456e+01 1.556376e+01 1.687928e+01 1.864220e+01 1.658965e+01 1.738077e+01 1.824542e+01 1.439308e+01 1.251460e-01 2.266662e-01 3.361332e-01 4.665770e-01 6.497363e-01 8.142105e-01 9.291599e-01 1.002911e+00 1.053941e+00 1.077194e+00 1.076670e+00 1.013026e+00 1.000665e-06
<GCONST> 5.805883e+01
<MIXTURE> 3 4.549242e-03
<MEAN> 25
 -4.873924e+00 1.317301e+00 9.918658e-01 9.894029e+00 6.696150e+00 7.429601e+00 7.845616e+00 6.942796e+00 8.367653e+00 6.368532e+00 7.609880e+00 3.064844e+00 -6.189600e-02 4.209678e-02 1.425987e-01 2.256918e-01 2.640555e-01 2.811494e-01 2.952176e-01 3.184832e-01 3.482947e-01 3.081060e-01 1.979068e-01 7.956174e-02 1.845423e-07
<VARIANCE> 25
 6.945768e+00 8.912894e+00 1.064374e+01 1.591499e+01 1.722456e+01 1.556376e+01 1.687928e+01 1.864220e+01 1.658965e+01 1.738077e+01 1.824542e+01 1.439308e+01 1.251460e-01 2.266662e-01 3.361332e-01 4.665770e-01 6.497363e-01 8.142105e-01 9.291599e-01 1.002911e+00 1.053941e+00 1.077194e+00 1.076670e+00 1.013026e+00 1.000665e-06
<GCONST> 5.805883e+01
<MIXTURE> 4 1.671429e-02
<MEAN> 25
 3.014470e+00 2.108238e+00 -4.468289e+00 1.166695e+00 5.679847e+00 -4.026584e-01 -2.176228e-01 -1.429480e+00 1.939931e+00 1.438685e+00 -1.231168e+00 9.867339e-01 -2.998562e+00 1.535127e+00 1.444955e+00 3.232271e+00 6.382368e-01 -1.070918e-01 1.581836e+00 5.464635e-01 1.206072e+00 -2.336765e-01 8.215770e-01 9.054022e-01 -8.745205e-02
<VARIANCE> 25
 2.161280e+01 2.634868e+01 2.591029e+01 3.683054e+01 4.746857e+01 5.829953e+01 5.783298e+01 5.629074e+01 4.786951e+01 5.465391e+01 4.270197e+01 3.629619e+01 2.746189e+00 4.738280e+00 3.564389e+00 5.054852e+00 4.787857e+00 8.144135e+00 5.225563e+00 5.853796e+00 5.690632e+00 7.657472e+00 5.704927e+00 3.854537e+00 6.540732e-03
<GCONST> 1.047585e+02
<MIXTURE> 5 3.206198e-03
<MEAN> 25
 -3.415724e+00 2.187601e+00 6.045896e-01 9.420062e+00 6.701320e+00 6.321034e+00 7.112391e+00 4.710534e+00 5.491794e+00 3.843926e+00 4.641053e+00 2.593853e+00 -3.236440e-01 7.524992e-01 1.223499e+00 1.031159e+00 3.058365e-01 -9.926198e-02 -8.437658e-02 3.277604e-02 4.587797e-01 6.829876e-01 4.020427e-01 8.651880e-02 -2.743717e-05
<VARIANCE> 25
 1.023292e+01 1.394232e+01 2.346259e+01 2.560901e+01 2.019313e+01 1.941005e+01 2.007879e+01 2.041396e+01 2.139923e+01 2.126180e+01 2.423098e+01 1.641900e+01 1.208363e+00 1.242341e+00 1.355656e+00 1.671637e+00 2.282924e+00 2.373759e+00 2.297893e+00 2.272412e+00 2.313020e+00 2.234706e+00 2.084407e+00 1.872002e+00 9.990054e-07
<GCONST> 7.515392e+01
<MIXTURE> 6 5.475854e-03
<MEAN> 25
 9.936844e+00 -7.509381e-01 -6.150923e+00 -1.129282e+01 -1.436459e+00 6.271487e+00 -6.863231e+00 -4.688099e+00 -3.810365e+00 2.690930e+00 4.828152e+00 -1.296979e+00 4.125483e-01 7.436027e-01 -4.016269e-01 -1.520132e+00 -5.459257e-01 1.415805e+00 1.557908e+00 1.155209e-01 -1.029371e+00 -1.076603e+00 1.810781e-01 1.359350e+00 -6.799072e-03
<VARIANCE> 25
 8.358791e+00 1.827960e+01 2.353795e+01 3.554445e+01 3.876105e+01 2.930303e+01 4.719636e+01 3.789596e+01 3.688141e+01 4.173722e+01 3.782936e+01 2.578671e+01 3.223132e-01 9.417082e-01 9.092830e-01 1.975585e+00 1.547987e+00 1.899102e+00 1.907919e+00 1.954042e+00 2.659136e+00 2.031265e+00 2.178853e+00 1.468328e+00 5.979857e-04
<GCONST> 8.366710e+01
<MIXTURE> 7 5.475854e-03
<MEAN> 25
 9.936844e+00 -7.509381e-01 -6.150923e+00 -1.129282e+01 -1.436459e+00 6.271487e+00 -6.863231e+00 -4.688099e+00 -3.810365e+00 2.690930e+00 4.828152e+00 -1.296979e+00 4.125483e-01 7.436027e-01 -4.016269e-01 -1.520132e+00 -5.459257e-01 1.415805e+00 1.557908e+00 1.155209e-01 -1.029371e+00 -1.076603e+00 1.810781e-01 1.359350e+00 -6.799072e-03
<VARIANCE> 25
 8.358791e+00 1.827960e+01 2.353795e+01 3.554445e+01 3.876105e+01 2.930303e+01 4.719636e+01 3.789596e+01 3.688141e+01 4.173722e+01 3.782936e+01 2.578671e+01 3.223132e-01 9.417082e-01 9.092830e-01 1.975585e+00 1.547987e+00 1.899102e+00 1.907919e+00 1.954042e+00 2.659136e+00 2.031265e+00 2.178853e+00 1.468328e+00 5.979857e-04
<GCONST> 8.366710e+01
<MIXTURE> 8 1.165917e-02
<MEAN> 25
 -4.645718e+00 1.540378e+00 1.242500e+00 9.372250e+00 6.569138e+00 6.346649e+00 6.595232e+00 5.376160e+00 6.577925e+00 5.439805e+00 6.135200e+00 2.984573e+00 -5.491254e-01 -1.376507e+00 -1.057861e+00 -1.831195e+00 -2.687737e-01 -8.219998e-01 -2.145736e-01 -3.034301e-01 -3.016360e-01 -1.567108e-01 -1.346364e-01 1.364986e-01 9.781894e-02
<VARIANCE> 25
 9.137609e+00 1.020964e+01 1.121092e+01 1.625275e+01 1.602541e+01 1.530340e+01 1.772204e+01 1.904967e+01 1.650435e+01 1.753227e+01 2.249482e+01 1.408169e+01 2.814784e+00 2.776579e+00 3.758335e+00 3.854538e+00 3.351975e+00 3.565810e+00 3.033528e+00 2.969583e+00 2.829300e+00 2.562572e+00 2.482778e+00 1.898804e+00 6.472431e-03
<GCONST> 8.633760e+01
<MIXTURE> 9 1.199672e-02
<MEAN> 25
 8.850017e+00 5.327250e+00 -5.665211e+00 -1.333760e+01 -2.598557e+00 7.074353e+00 -2.820172e+00 -6.436003e-01 -4.469309e+00 -3.090874e-01 4.935437e-01 1.900320e+00 1.545042e+00 6.755308e-02 -1.749394e-01 -2.893398e+00 -1.414580e+00 5.809305e-01 -1.710874e+00 4.028637e-01 -8.410437e-02 -2.651571e-01 7.192341e-01 -7.490331e-02 8.760272e-02
<VARIANCE> 25
 1.211966e+01 1.847869e+01 2.266607e+01 5.045797e+01 3.428285e+01 3.438620e+01 3.685090e+01 4.569884e+01 3.471044e+01 3.562846e+01 2.701098e+01 2.595756e+01 1.695653e+00 1.711096e+00 3.355806e+00 4.021036e+00 4.210595e+00 3.218835e+00 3.597701e+00 4.886722e+00 4.917325e+00 4.052257e+00 2.732409e+00 3.218779e+00 2.489417e-03
<GCONST> 9.488593e+01
<MIXTURE> 10 6.596976e-03
<MEAN> 25
 8.197110e-01 7.635622e+00 5.373014e+00 7.150249e+00 1.587113e+00 -2.113179e+00 -5.178772e-01 -1.687690e+00 8.748270e-01 8.597473e-01 8.396175e-01 6.566253e-01 -1.923844e+00 -6.737601e-01 -4.580203e-01 3.026858e+00 2.462328e+00 2.710179e+00 2.373119e+00 2.276792e+00 1.861050e+00 1.544969e+00 2.334917e+00 5.242027e-01 -1.381208e-01
<VARIANCE> 25
 1.954010e+01 2.069476e+01 2.232303e+01 2.905926e+01 3.831340e+01 3.495008e+01 3.513592e+01 3.386142e+01 2.760644e+01 2.904102e+01 2.695172e+01 2.500784e+01 2.237676e+00 3.426975e+00 5.534836e+00 5.173567e+00 5.553105e+00 4.468385e+00 4.700060e+00 4.845514e+00 4.389164e+00 5.019872e+00 4.443389e+00 3.191593e+00 2.697469e-03
<GCONST> 9.746323e+01
<MIXTURE> 11 1.633820e-02
<MEAN> 25
 7.249015e+00 4.339771e+00 3.740688e+00 5.088992e+00 -3.860443e+00 -1.857749e+00 -1.356476e+00 -6.309856e+00 -3.886269e+00 2.695044e-01 -2.114673e+00 -2.275355e+00 -2.240181e-01 4.793788e-01 1.647885e-01 2.140963e-01 6.983828e-01 1.007870e-01 3.977019e-01 -4.040379e-01 -3.492795e-01 -8.642581e-02 -1.846737e-01 1.311189e-01 -2.002890e-02
<VARIANCE> 25
 1.327733e+01 2.192153e+01 1.854016e+01 2.891600e+01 3.775976e+01 3.681685e+01 5.368333e+01 4.096471e+01 4.193045e+01 3.318128e+01 3.429572e+01 2.670477e+01 8.925240e-01 1.170195e+00 1.560069e+00 2.163462e+00 2.196903e+00 2.302910e+00 2.231497e+00 3.348354e+00 2.416443e+00 1.811893e+00 1.740516e+00 1.494909e+00 9.596348e-04
<GCONST> 8.727190e+01
<MIXTURE> 12 5.904134e-03
<MEAN> 25
 1.105569e+01 5.563837e+00 -4.212092e+00 -1.696325e+01 -8.818945e+00 7.574296e+00 -2.452825e+00 9.187845e-01 -1.030685e+00 -2.764250e+00 2.663451e+00 -1.056437e-01 7.578132e-02 2.377262e-01 3.033781e-03 -1.035571e-02 -3.349199e-01 -3.448176e-01 3.399523e-01 4.471628e-01 7.014579e-02 -3.457472e-01 -1.278663e-01 -7.929964e-02 -6.021092e-03
<VARIANCE> 25
 6.896024e+00 2.430400e+01 1.923407e+01 3.208675e+01 3.224736e+01 3.321446e+01 3.833206e+01 5.665620e+01 3.510922e+01 4.048989e+01 3.231646e+01 2.426437e+01 1.945445e-01 7.979912e-01 7.751827e-01 1.261038e+00 1.293516e+00 1.469617e+00 1.071408e+00 1.221294e+00 1.193457e+00 1.200576e+00 1.183217e+00 1.265062e+00 5.362573e-04
<GCONST> 7.833535e+01
<MIXTURE> 13 5.904134e-03
<MEAN> 25
 1.105569e+01 5.563837e+00 -4.212092e+00 -1.696325e+01 -8.818945e+00 7.574296e+00 -2.452825e+00 9.187845e-01 -1.030685e+00 -2.764250e+00 2.663451e+00 -1.056437e-01 7.578132e-02 2.377262e-01 3.033781e-03 -1.035571e-02 -3.349199e-01 -3.448176e-01 3.399523e-01 4.471628e-01 7.014579e-02 -3.457472e-01 -1.278663e-01 -7.929964e-02 -6.021092e-03
<VARIANCE> 25
 6.896024e+00 2.430400e+01 1.923407e+01 3.208675e+01 3.224736e+01 3.321446e+01 3.833206e+01 5.665620e+01 3.510922e+01 4.048989e+01 3.231646e+01 2.426437e+01 1.945445e-01 7.979912e-01 7.751827e-01 1.261038e+00 1.293516e+00 1.469617e+00 1.071408e+00 1.221294e+00 1.193457e+00 1.200576e+00 1.183217e+00 1.265062e+00 5.362573e-04
<GCONST> 7.833535e+01
<MIXTURE> 14 6.488954e-03
<MEAN> 25
 -4.313076e+00 -3.721010e-01 -3.157613e-01 8.904799e+00 7.509870e+00 7.367365e+00 7.835336e+00 7.293058e+00 7.233321e+00 5.217349e+00 6.831882e+00 4.071731e+00 -2.750455e-01 1.943639e-01 3.629014e-01 3.094160e-01 7.414396e-03 5.909492e-02 9.628136e-02 1.767859e-01 2.929659e-01 5.347334e-01 4.994633e-01 7.472716e-02 -9.381758e-03
<VARIANCE> 25
 9.254725e+00 1.384595e+01 1.860159e+01 1.778918e+01 2.099055e+01 1.959060e+01 2.145645e+01 2.085907e+01 2.009151e+01 2.384698e+01 2.160066e+01 1.614779e+01 9.589149e-01 1.635830e+00 1.772847e+00 1.931319e+00 2.244422e+00 2.255157e+00 2.249184e+00 2.245974e+00 2.284949e+00 2.512080e+00 2.201189e+00 1.814801e+00 1.028786e-03
<GCONST> 8.192670e+01
<MIXTURE> 15 2.475190e-03
<MEAN> 25
 -5.420176e+00 -6.055176e-01 -2.181461e-01 7.335008e+00 5.749509e+00 5.697769e+00 6.096519e+00 4.919031e+00 5.115182e+00 4.125241e+00 5.438271e+00 2.526054e+00 -1.175040e-01 -2.435270e-02 7.549430e-02 2.435294e-01 4.839813e-01 7.880067e-01 1.075664e+00 1.186657e+00 1.062968e+00 7.561057e-01 4.168156e-01 1.489870e-01 -6.804726e-05
<VARIANCE> 25
 6.937654e+00 5.762937e+00 9.010579e+00 1.286151e+01 1.412681e+01 1.419484e+01 1.497643e+01 1.525167e+01 1.430887e+01 1.419307e+01 1.550800e+01 1.244954e+01 1.256075e-01 2.076817e-01 3.175248e-01 5.000338e-01 6.984873e-01 7.892777e-01 7.597996e-01 7.887315e-01 9.042360e-01 1.016951e+00 1.065986e+00 1.036299e+00 2.785479e-05
<GCONST> 5.862984e+01
<MIXTURE> 16 2.475190e-03
<MEAN> 25
 -5.420176e+00 -6.055176e-01 -2.181461e-01 7.335008e+00 5.749509e+00 5.697769e+00 6.096519e+00 4.919031e+00 5.115182e+00 4.125241e+00 5.438271e+00 2.526054e+00 -1.175040e-01 -2.435270e-02 7.549430e-02 2.435294e-01 4.839813e-01 7.880067e-01 1.075664e+00 1.186657e+00 1.062968e+00 7.561057e-01 4.168156e-01 1.489870e-01 -6.804726e-05
<VARIANCE> 25
 6.937654e+00 5.762937e+00 9.010579e+00 1.286151e+01 1.412681e+01 1.419484e+01 1.497643e+01 1.525167e+01 1.430887e+01 1.419307e+01 1.550800e+01 1.244954e+01 1.256075e-01 2.076817e-01 3.175248e-01 5.000338e-01 6.984873e-01 7.892777e-01 7.597996e-01 7.887315e-01 9.042360e-01 1.016951e+00 1.065986e+00 1.036299e+00 2.785479e-05
<GCONST> 5.862984e+01
<MIXTURE> 17 9.518312e-03
<MEAN> 25
 3.973849e+00 -2.561179e+00 6.947165e+00 3.735158e+00 -6.921447e+00 -6.858158e+00 -2.651541e+00 6.072012e-01 -3.524443e+00 -3.227768e+00 1.082617e+00 7.437726e-01 -5.856869e-01 -1.197618e+00 1.945326e+00 -2.414058e+00 -2.304111e+00 -1.519663e-01 -2.700685e-01 7.716559e-01 -9.700407e-01 -1.927648e-01 7.158158e-01 7.531372e-01 7.907537e-02
<VARIANCE> 25
 1.603909e+01 3.350156e+01 2.972996e+01 4.531131e+01 3.677472e+01 3.917217e+01 4.079330e+01 3.325628e+01 3.889082e+01 2.410895e+01 2.875858e+01 2.537162e+01 2.626479e+00 3.435045e+00 4.170968e+00 2.881699e+00 3.291826e+00 5.429087e+00 5.634960e+00 4.585786e+00 4.690535e+00 4.078736e+00 3.055610e+00 2.374059e+00 2.524345e-03
<GCONST> 9.713322e+01
<MIXTURE> 18 1.221018e-02
<MEAN> 25
 3.847226e+00 4.554787e+00 6.631137e+00 4.599894e+00 -4.801228e+00 -8.270027e+00 -1.541451e+00 -1.143298e+00 -3.151577e+00 -2.250005e+00 -8.279787e-01 4.900617e-01 -7.390158e-01 2.176534e+00 -2.422525e-01 2.048346e+00 3.051862e+00 1.483479e+00 7.890799e-01 -2.541456e-01 6.160217e-01 4.872496e-01 -3.232700e-01 -7.020842e-02 -1.228997e-01
<VARIANCE> 25
 1.604608e+01 2.485838e+01 3.260166e+01 2.674368e+01 4.116874e+01 3.333955e+01 3.932055e+01 3.444718e+01 4.077805e+01 3.511375e+01 3.183587e+01 3.037718e+01 2.511369e+00 3.052801e+00 4.714047e+00 4.071850e+00 4.139353e+00 4.556075e+00 4.611652e+00 4.445037e+00 4.544308e+00 4.229742e+00 4.519545e+00 3.538852e+00 4.054334e-03
<GCONST> 9.845203e+01
<MIXTURE> 19 9.912824e-03
<MEAN> 25
 -1.021808e+01 1.795293e+00 -1.698379e-01 7.287962e-01 3.260306e+00 1.187419e+00 3.355568e+00 -4.231054e-01 3.474671e+00 4.155143e-01 8.331600e-01 2.291665e+00 2.031756e+00 1.741994e+00 2.209900e+00 5.353996e-01 -9.814929e-01 -7.539626e-01 -8.228355e-01 -1.327712e+00 -1.854717e+00 -1.118821e+00 -9.970604e-01 -8.954918e-01 -8.283157e-03
<VARIANCE> 25
 4.605224e+01 2.827279e+01 4.357104e+01 5.367951e+01 3.538528e+01 3.495438e+01 2.805502e+01 3.772920e+01 3.499266e+01 2.719225e+01 2.599653e+01 1.853803e+01 2.171208e+00 1.987397e+00 1.976159e+00 2.286628e+00 2.296180e+00 2.311959e+00 2.302143e+00 2.107812e+00 2.793176e+00 1.760822e+00 2.174142e+00 1.747952e+00 2.600642e-03
<GCONST> 9.119204e+01
<MIXTURE> 20 6.308331e-03
<MEAN> 25
 -1.417919e+01 7.414894e+00 8.345490e-01 6.162675e+00 4.847003e+00 1.628605e+00 5.206838e+00 8.399684e-01 9.302605e-01 7.911329e-01 2.561221e+00 -2.988922e-01 -3.283852e+00 -8.648525e-01 -1.563915e+00 3.339875e-01 1.540667e+00 2.061888e+00 1.976333e+00 2.054199e+00 2.142490e+00 2.037364e+00 1.682519e+00 9.438673e-01 4.729974e-02
<VARIANCE> 25
 1.964958e+01 2.343424e+01 3.103312e+01 3.724660e+01 3.083878e+01 2.792644e+01 2.991626e+01 3.161767e+01 2.800479e+01 2.825009e+01 2.518517e+01 2.090925e+01 2.093845e+00 2.183876e+00 1.909305e+00 2.542204e+00 2.700197e+00 2.312328e+00 2.316011e+00 2.321363e+00 2.237072e+00 2.657038e+00 2.243720e+00 1.866138e+00 1.884841e-03
<GCONST> 8.923609e+01
<MIXTURE> 21 7.928653e-03
<MEAN> 25
 3.832772e+00 -4.575830e+00 5.781024e+00 -1.141234e+00 -1.064715e+01 -8.720701e+00 -2.453828e+00 4.408087e+00 -1.963534e+00 -2.917192e+00 2.698787e-01 3.967715e-01 -7.335528e-01 1.252263e+00 2.516933e+00 -4.657386e-02 -1.483952e+00 3.719588e-01 6.065971e-01 -1.384659e+00 -2.046372e+00 2.361540e-01 1.258031e+00 2.607874e-01 -1.281441e-02
<VARIANCE> 25
 1.029940e+01 2.166757e+01 3.195571e+01 3.847210e+01 2.710852e+01 3.102250e+01 4.207747e+01 3.739468e+01 4.304727e+01 3.243438e+01 3.184725e+01 2.181742e+01 4.166273e-01 9.941364e-01 2.050415e+00 1.396213e+00 2.276712e+00 2.101291e+00 3.589827e+00 2.514210e+00 2.288969e+00 2.604767e+00 2.018092e+00 2.227738e+00 4.390498e-04
<GCONST> 8.584329e+01
<MIXTURE> 22 8.827789e-03
<MEAN> 25
 -1.754267e+01 7.375381e+00 -4.616411e+00 7.989594e+00 5.099455e+00 1.905511e+00 7.653578e+00 5.667105e-01 5.829900e+00 2.491356e+00 4.913508e+00 1.487585e+00 -3.282164e-01 -9.563401e-02 -9.466799e-02 -1.126183e-01 -3.511142e-02 1.745660e-01 1.641057e-01 2.313989e-01 1.946750e-01 1.273139e-01 2.036674e-01 2.471043e-01 7.300039e-03
<VARIANCE> 25
 8.516932e+00 1.581337e+01 1.796127e+01 2.628456e+01 2.344266e+01 2.478310e+01 2.253618e+01 2.926521e+01 1.879013e+01 2.517260e+01 2.276967e+01 1.408615e+01 1.048757e+00 1.344290e+00 1.294015e+00 1.526269e+00 1.389103e+00 1.396321e+00 1.505406e+00 1.423630e+00 1.533907e+00 1.479687e+00 1.250016e+00 1.113058e+00 1.716447e-03
<GCONST> 7.902423e+01
<MIXTURE> 23 6.455497e-03
<MEAN> 25
 7.959405e+00 2.459841e+00 3.041678e+00 2.429031e+00 -4.880830e+00 -3.161996e+00 -4.272897e+00 -6.514285e+00 -3.453820e+00 -1.027614e+00 -4.130536e+00 -2.135407e+00 3.413090e-02 1.769074e-01 8.481127e-03 5.506447e-02 2.618065e-03 4.738858e-02 2.059873e-02 -4.737873e-02 9.449044e-03 4.903615e-02 2.776822e-03 3.999194e-02 -4.371905e-03
<VARIANCE> 25
 1.041654e+01 2.231631e+01 2.464185e+01 4.083326e+01 3.806908e+01 5.390407e+01 5.921773e+01 5.503661e+01 4.820502e+01 4.707243e+01 4.843189e+01 4.032117e+01 1.182168e-01 2.948725e-01 3.793997e-01 4.900302e-01 5.999901e-01 7.119510e-01 7.746812e-01 8.782271e-01 8.803334e-01 8.796041e-01 8.198726e-01 7.584659e-01 8.800681e-05
<GCONST> 7.298605e+01
<MIXTURE> 24 6.455497e-03
<MEAN> 25
 7.959405e+00 2.459841e+00 3.041678e+00 2.429031e+00 -4.880830e+00 -3.161996e+00 -4.272897e+00 -6.514285e+00 -3.453820e+00 -1.027614e+00 -4.130536e+00 -2.135407e+00 3.413090e-02 1.769074e-01 8.481127e-03 5.506447e-02 2.618065e-03 4.738858e-02 2.059873e-02 -4.737873e-02 9.449044e-03 4.903615e-02 2.776822e-03 3.999194e-02 -4.371905e-03
<VARIANCE> 25
 1.041654e+01 2.231631e+01 2.464185e+01 4.083326e+01 3.806908e+01 5.390407e+01 5.921773e+01 5.503661e+01 4.820502e+01 4.707243e+01 4.843189e+01 4.032117e+01 1.182168e-01 2.948725e-01 3.793997e-01 4.900302e-01 5.999901e-01 7.119510e-01 7.746812e-01 8.782271e-01 8.803334e-01 8.796041e-01 8.198726e-01 7.584659e-01 8.800681e-05
<GCONST> 7.298605e+01
<MIXTURE> 25 1.118642e-02
<MEAN> 25
 5.698842e-01 2.498064e+00 1.668461e+01 -1.226491e+00 -1.100196e+01 -1.939682e+00 -5.917657e+00 -1.865605e+00 -8.236221e+00 -5.391555e+00 3.120514e+00 -1.744041e+00 -1.532862e-01 4.340426e-01 1.869470e-01 6.883594e-02 3.836371e-01 1.017455e-01 3.820471e-02 -8.075225e-02 -2.033116e-01 5.140125e-02 -7.418904e-02 -9.869187e-02 -1.225340e-02
<VARIANCE> 25
 7.973118e+00 2.490370e+01 1.813127e+01 2.525478e+01 2.761406e+01 3.524459e+01 2.903531e+01 3.097261e+01 3.341546e+01 3.252520e+01 2.289270e+01 2.394562e+01 6.317426e-01 1.335980e+00 1.290750e+00 1.439626e+00 2.065744e+00 1.978478e+00 1.669779e+00 1.501353e+00 1.347878e+00 1.432255e+00 1.439564e+00 1.139300e+00 1.109951e-03
<GCONST> 8.147054e+01
<MIXTURE> 26 7.727677e-03
<MEAN> 25
 1.578748e+00 -6.220216e+00 -9.994263e+00 2.648277e-01 8.303671e+00 4.960953e+00 3.729360e+00 -1.554897e-01 2.850662e+00 -5.327628e-01 -3.195658e+00 -1.514329e+00 -6.011797e-01 9.194785e-01 3.702703e-01 5.551606e-01 2.565434e-01 5.163023e-01 4.547601e-01 7.062206e-02 1.679013e-01 1.695539e-01 2.861764e-01 2.149275e-01 -5.590405e-02
<VARIANCE> 25
 2.518622e+01 3.585910e+01 2.369005e+01 6.185917e+01 3.567175e+01 4.332089e+01 4.296718e+01 4.292732e+01 3.717023e+01 5.226359e+01 3.691323e+01 4.442458e+01 1.501305e+00 2.499089e+00 1.756843e+00 2.008505e+00 2.191922e+00 2.725759e+00 2.490222e+00 3.026038e+00 2.379003e+00 2.402272e+00 1.982906e+00 2.251501e+00 3.182336e-03
<GCONST> 9.375927e+01
<MIXTURE> 27 7.727677e-03
<MEAN> 25
 1.578748e+00 -6.220216e+00 -9.994263e+00 2.648277e-01 8.303671e+00 4.960953e+00 3.729360e+00 -1.554897e-01 2.850662e+00 -5.327628e-01 -3.195658e+00 -1.514329e+00 -6.011797e-01 9.194785e-01 3.702703e-01 5.551606e-01 2.565434e-01 5.163023e-01 4.547601e-01 7.062206e-02 1.679013e-01 1.695539e-01 2.861764e-01 2.149275e-01 -5.590405e-02
<VARIANCE> 25
 2.518622e+01 3.585910e+01 2.369005e+01 6.185917e+01 3.567175e+01 4.332089e+01 4.296718e+01 4.292732e+01 3.717023e+01 5.226359e+01 3.691323e+01 4.442458e+01 1.501305e+00 2.499089e+00 1.756843e+00 2.008505e+00 2.191922e+00 2.725759e+00 2.490222e+00 3.026038e+00 2.379003e+00 2.402272e+00 1.982906e+00 2.251501e+00 3.182336e-03
<GCONST> 9.375927e+01
<MIXTURE> 28 5.036674e-03
<MEAN> 25
 -5.329339e+00 2.989585e-01 -1.668865e+00 6.417198e+00 5.439210e+00 3.694149e+00 5.550099e+00 2.875904e+00 3.840101e+00 2.284117e+00 2.098328e+00 2.852183e+00 -9.682440e-02 2.195399e-01 5.359015e-01 7.618471e-01 7.829222e-01 7.294067e-01 4.939335e-01 3.547010e-01 4.547960e-01 4.918986e-01 3.513907e-01 1.500208e-01 6.223916e-06
<VARIANCE> 25
 1.009568e+01 9.042557e+00 1.158642e+01 1.464820e+01 1.455013e+01 1.721670e+01 1.741283e+01 1.917052e+01 1.696917e+01 1.644569e+01 2.390464e+01 1.651433e+01 2.488050e-01 3.233119e-01 3.876737e-01 4.490759e-01 6.281032e-01 8.187606e-01 1.055068e+00 1.177019e+00 1.126658e+00 9.743037e-01 9.983065e-01 1.062501e+00 1.034232e-06
<GCONST> 6.019246e+01
<MIXTURE> 29 5.036674e-03
<MEAN> 25
 -5.329339e+00 2.989585e-01 -1.668865e+00 6.417198e+00 5.439210e+00 3.694149e+00 5.550099e+00 2.875904e+00 3.840101e+00 2.284117e+00 2.098328e+00 2.852183e+00 -9.682440e-02 2.195399e-01 5.359015e-01 7.618471e-01 7.829222e-01 7.294067e-01 4.939335e-01 3.547010e-01 4.547960e-01 4.918986e-01 3.513907e-01 1.500208e-01 6.223916e-06
<VARIANCE> 25
 1.009568e+01 9.042557e+00 1.158642e+01 1.464820e+01 1.455013e+01 1.721670e+01 1.741283e+01 1.917052e+01 1.696917e+01 1.644569e+01 2.390464e+01 1.651433e+01 2.488050e-01 3.233119e-01 3.876737e-01 4.490759e-01 6.281032e-01 8.187606e-01 1.055068e+00 1.177019e+00 1.126658e+00 9.743037e-01 9.983065e-01 1.062501e+00 1.034232e-06
<GCONST> 6.019246e+01
<MIXTURE> 30 8.917812e-03
<MEAN> 25
 -4.465402e+00 -1.169973e-01 5.778389e-01 9.025868e+00 7.791203e+00 7.532821e+00 7.640957e+00 6.668831e+00 6.449018e+00 4.811105e+00 6.701938e+00 3.327247e+00 -2.402736e-02 3.773300e-02 5.059001e-02 6.628920e-02 8.156425e-02 4.414768e-02 2.000573e-03 -1.797130e-02 3.474608e-03 6.081539e-02 7.532419e-02 2.632897e-02 -7.054511e-04
<VARIANCE> 25
 6.803738e+00 9.933083e+00 1.041763e+01 1.361268e+01 1.543301e+01 1.643838e+01 1.885283e+01 1.972611e+01 1.620674e+01 1.837386e+01 2.452157e+01 1.530231e+01 9.552710e-02 1.995234e-01 3.203995e-01 5.026150e-01 6.127120e-01 7.093230e-01 7.675499e-01 8.130171e-01 8.740080e-01 9.501679e-01 9.164100e-01 8.638389e-01 5.104978e-05
<GCONST> 6.080014e+01
<MIXTURE> 31 4.136493e-03
<MEAN> 25
 -3.360137e+00 -5.756607e+00 -3.577899e-01 5.150980e+00 3.417990e+00 1.237110e+00 4.502436e+00 6.366811e+00 2.830318e+00 8.437398e-01 5.621242e+00 2.457307e+00 2.817086e-01 4.763127e-01 -2.785505e-01 3.406913e-01 3.109100e-01 4.565479e-01 2.731459e-01 2.297782e-02 3.889622e-01 4.520447e-01 5.934360e-03 -7.241040e-02 -1.950264e-02
<VARIANCE> 25
 6.674696e+00 1.746217e+01 1.774041e+01 1.629827e+01 2.476793e+01 2.260361e+01 3.347569e+01 2.542803e+01 2.556183e+01 2.569354e+01 2.084171e+01 1.787762e+01 1.863508e-01 4.761293e-01 5.622542e-01 7.216150e-01 1.104315e+00 1.088566e+00 1.197739e+00 1.326360e+00 1.339252e+00 1.769951e+00 1.194909e+00 1.241629e+00 2.288044e-04
<GCONST> 7.205200e+01
<MIXTURE> 32 4.136493e-03
<MEAN> 25
 -3.360137e+00 -5.756607e+00 -3.577899e-01 5.150980e+00 3.417990e+00 1.237110e+00 4.502436e+00 6.366811e+00 2.830318e+00 8.437398e-01 5.621242e+00 2.457307e+00 2.817086e-01 4.763127e-01 -2.785505e-01 3.406913e-01 3.109100e-01 4.565479e-01 2.731459e-01 2.297782e-02 3.889622e-01 4.520447e-01 5.934360e-03 -7.241040e-02 -1.950264e-02
<VARIANCE> 25
 6.674696e+00 1.746217e+01 1.774041e+01 1.629827e+01 2.476793e+01 2.260361e+01 3.347569e+01 2.542803e+01 2.556183e+01 2.569354e+01 2.084171e+01 1.787762e+01 1.863508e-01 4.761293e-01 5.622542e-01 7.216150e-01 1.104315e+00 1.088566e+00 1.197739e+00 1.326360e+00 1.339252e+00 1.769951e+00 1.194909e+00 1.241629e+00 2.288044e-04
<GCONST> 7.205200e+01
<MIXTURE> 33 1.508826e-02
<MEAN> 25
 6.992048e+00 -4.223370e+00 -1.499543e+00 -2.191982e+00 -1.478098e+00 -6.263610e+00 -8.401736e+00 2.183291e+00 1.142483e+00 -5.330898e-01 -4.042053e+00 -3.150739e+00 7.458680e-01 -1.045682e+00 -2.590725e+00 -1.868584e+00 1.704941e+00 1.494605e+00 -9.180093e-01 3.354639e-01 1.176743e+00 1.080799e+00 -8.839011e-02 -1.499148e+00 3.192109e-02
<VARIANCE> 25
 9.977119e+00 1.913635e+01 3.021694e+01 3.359329e+01 3.889213e+01 4.240945e+01 4.772490e+01 4.317792e+01 4.611697e+01 4.095061e+01 3.431258e+01 2.593160e+01 1.097511e+00 1.847838e+00 2.112422e+00 1.996772e+00 4.161553e+00 3.269315e+00 4.037487e+00 5.771871e+00 3.538072e+00 5.865643e+00 3.370839e+00 2.514354e+00 1.547895e-03
<GCONST> 9.409953e+01
<MIXTURE> 34 1.588179e-02
<MEAN> 25
 9.417787e+00 -1.174298e+00 -1.870715e-01 2.586828e+00 -2.976588e+00 -2.708437e+00 -7.220601e+00 -2.922346e+00 -1.690311e+00 2.705950e-01 -1.213649e+00 -4.475138e+00 -1.330120e-01 9.029201e-01 1.608532e+00 3.018785e+00 -4.351819e-01 -1.086688e+00 1.757284e+00 -9.969443e-01 -6.556094e-01 4.097994e-02 -9.344420e-01 3.633822e-01 -5.453989e-02
<VARIANCE> 25
 7.880597e+00 3.306094e+01 2.535880e+01 5.414225e+01 3.652044e+01 5.477880e+01 6.442815e+01 6.688004e+01 4.526125e+01 3.687050e+01 5.054097e+01 2.980763e+01 1.158472e+00 2.671784e+00 3.901222e+00 6.176003e+00 5.517601e+00 9.338741e+00 8.985023e+00 7.163188e+00 5.350360e+00 4.670509e+00 4.958306e+00 3.539702e+00 1.269795e-03
<GCONST> 1.012746e+02
<MIXTURE> 35 1.467755e-02
<MEAN> 25
 -2.173151e+00 -5.075269e+00 -9.843365e+00 2.582160e-01 9.635419e+00 9.313120e-01 1.766799e+00 2.429310e+00 1.513319e+00 4.483137e+00 -1.904729e-02 1.822895e+00 5.661474e-01 -1.090084e+00 -1.411076e+00 -1.437325e+00 3.705519e-01 -7.316236e-01 -6.815935e-01 -1.397489e-01 -2.103210e-01 1.424804e-01 -6.151076e-01 -4.344225e-01 1.068872e-01
<VARIANCE> 25
 1.920099e+01 3.103592e+01 4.317136e+01 6.129693e+01 4.144640e+01 5.771473e+01 5.177493e+01 4.353162e+01 4.941013e+01 3.861995e+01 3.603168e+01 3.052212e+01 3.436750e+00 3.612493e+00 6.680108e+00 5.646451e+00 5.196378e+00 5.747943e+00 4.861557e+00 4.676292e+00 5.116747e+00 4.472312e+00 4.054389e+00 3.967017e+00 5.341355e-03
<GCONST> 1.036207e+02
<MIXTURE> 36 1.093293e-02
<MEAN> 25
 4.844175e+00 -3.638645e+00 7.253296e+00 2.502826e+00 -1.009605e+01 -8.851609e+00 -6.327868e+00 3.307568e+00 -2.101027e+00 -4.345658e+00 2.733142e+00 -3.834132e-02 3.719348e-01 1.320942e-01 -9.120522e-01 7.650117e-03 8.873434e-01 3.968991e-02 -4.612511e-01 3.609479e-02 3.651291e-01 5.616357e-01 -3.561145e-01 -3.303817e-01 -1.586390e-02
<VARIANCE> 25
 1.067376e+01 1.918095e+01 2.317888e+01 2.862189e+01 2.995798e+01 3.093279e+01 4.557373e+01 3.372667e+01 4.309315e+01 3.312239e+01 2.639482e+01 2.637416e+01 4.941170e-01 7.253541e-01 1.598346e+00 1.287262e+00 1.650360e+00 1.643289e+00 2.115890e+00 1.693660e+00 2.335016e+00 1.823660e+00 1.437373e+00 1.410828e+00 6.985244e-04
<GCONST> 8.260319e+01
<MIXTURE> 37 1.246826e-02
<MEAN> 25
 5.453864e-01 7.745131e+00 1.201236e+01 -5.536619e+00 -8.056509e+00 -1.081079e+00 -5.020959e+00 -8.284872e+00 -3.659058e+00 -8.729711e-01 -3.649320e+00 -1.298832e+00 1.805787e-01 6.594480e-01 -1.359082e+00 3.584201e+00 1.981188e+00 -2.945550e-01 1.082025e+00 4.284209e-01 5.350636e-01 -3.252020e-01 5.242561e-01 -9.724569e-02 -9.492746e-02
<VARIANCE> 25
 1.584752e+01 2.601195e+01 3.107800e+01 5.083622e+01 3.390509e+01 3.201640e+01 4.442165e+01 3.518341e+01 3.903805e+01 3.601415e+01 3.765043e+01 3.073681e+01 2.942352e+00 3.439007e+00 3.010815e+00 4.079166e+00 4.604612e+00 3.741935e+00 4.212210e+00 3.808001e+00 3.448522e+00 3.602870e+00 3.884482e+00 2.780615e+00 3.912381e-03
<GCONST> 9.777995e+01
<MIXTURE> 38 1.154525e-02
<MEAN> 25
 -4.720903e+00 8.547283e+00 3.544098e+00 3.450797e+00 1.288809e+00 -5.456996e+00 -7.667398e-01 -3.454689e+00 -1.712010e+00 -3.134955e+00 -1.405247e+00 2.040415e-01 -4.435282e+00 1.294390e+00 -3.201487e-01 1.614670e+00 2.181405e+00 1.083292e+00 2.016060e+00 8.602852e-01 8.391443e-01 3.383216e-01 7.735463e-01 2.594309e-01 4.888866e-02
<VARIANCE> 25
 2.967639e+01 2.880513e+01 4.575690e+01 3.094106e+01 4.709740e+01 3.466844e+01 3.480812e+01 4.260314e+01 4.470851e+01 2.969470e+01 2.244085e+01 3.132734e+01 2.292542e+00 3.642186e+00 3.554559e+00 4.929886e+00 5.313508e+00 5.608840e+00 4.377544e+00 4.303830e+00 4.113667e+00 5.424722e+00 4.485870e+00 3.092277e+00 1.869048e-03
<GCONST> 9.916875e+01
<MIXTURE> 39 9.501865e-03
<MEAN> 25
 1.688902e+00 1.924187e+00 1.069660e+01 -8.189708e+00 -1.151909e+01 -1.513945e+00 -3.721050e+00 -5.343977e+00 -5.884167e+00 1.498802e-01 -3.182518e+00 -2.176439e+00 -8.005699e-01 1.518155e+00 1.706558e+00 -1.655664e+00 1.478188e-01 1.313011e+00 -1.412201e+00 -1.187052e+00 2.150418e-01 2.853478e-01 -6.009753e-01 4.814787e-02 7.115090e-04
<VARIANCE> 25
 8.807606e+00 3.017241e+01 2.964804e+01 4.116252e+01 3.326494e+01 3.969679e+01 4.362532e+01 4.025434e+01 4.803440e+01 3.298372e+01 3.385629e+01 2.618612e+01 6.582081e-01 1.373152e+00 1.545451e+00 3.252218e+00 2.270107e+00 2.566464e+00 3.208491e+00 2.486143e+00 2.576230e+00 2.609424e+00 1.990716e+00 1.868842e+00 1.064433e-03
<GCONST> 8.917469e+01
<MIXTURE> 40 1.030800e-02
<MEAN> 25
 -9.138320e+00 2.087397e+00 -1.088704e+00 8.205894e+00 3.817583e+00 5.425337e+00 5.390689e+00 4.030341e+00 4.539649e+00 4.153772e+00 5.441557e+00 1.564468e+00 -1.103850e-01 -2.210719e-01 -4.870760e-02 -2.182743e-01 -9.156861e-02 -1.242987e-01 5.277219e-02 6.524935e-02 -5.513113e-03 -5.003681e-03 2.716805e-02 4.748746e-03 3.356369e-03
<VARIANCE> 25
 4.181968e+01 2.038242e+01 2.899431e+01 2.586242e+01 2.662073e+01 1.900164e+01 1.928194e+01 1.941808e+01 1.686352e+01 1.816498e+01 2.013731e+01 1.471815e+01 7.281526e-01 7.273921e-01 9.046779e-01 1.100850e+00 1.137430e+00 1.258917e+00 1.303015e+00 1.310623e+00 1.236593e+00 1.238307e+00 1.198895e+00 1.127342e+00 8.538766e-04
<GCONST> 7.679895e+01
<MIXTURE> 41 6.713375e-03
<MEAN> 25
 1.248663e+00 1.016971e+00 1.022407e+01 -7.176939e+00 -1.014374e+01 -4.510353e+00 -1.872090e+00 -5.109879e+00 -5.354065e+00 2.232177e+00 -2.327122e+00 -7.374550e-01 2.100670e-01 -8.724093e-01 1.648307e+00 -3.508760e+00 -2.275634e+00 -2.991690e-01 -4.171020e-01 -1.906667e-01 -1.107504e+00 1.086017e+00 -9.211770e-01 1.370104e-01 8.383088e-02
<VARIANCE> 25
 1.106147e+01 3.239540e+01 3.060240e+01 4.028562e+01 3.648546e+01 4.080657e+01 4.015537e+01 2.928295e+01 3.655498e+01 2.795623e+01 3.581662e+01 2.568943e+01 3.165041e+00 3.259900e+00 3.638786e+00 3.511005e+00 4.788055e+00 5.888737e+00 4.759377e+00 4.458996e+00 4.396698e+00 3.954309e+00 3.675874e+00 2.976819e+00 2.796726e-03
<GCONST> 9.771958e+01
<MIXTURE> 42 1.106211e-02
<MEAN> 25
 -2.005642e+00 4.551188e+00 4.596807e+00 2.991942e+00 8.092744e-02 -6.200534e+00 -9.023758e-01 -2.021859e+00 -1.412293e+00 -1.362861e+00 -2.193773e+00 1.305822e+00 4.147052e+00 -3.901525e-01 1.552691e+00 1.441882e-01 -2.935574e+00 -1.156842e+00 -2.238341e+00 -7.741843e-01 -8.387119e-01 -6.866776e-01 5.470463e-01 -1.036533e+00 1.063478e-02
<VARIANCE> 25
 3.579930e+01 2.184568e+01 4.637389e+01 2.677091e+01 3.917035e+01 3.867249e+01 3.677440e+01 2.787081e+01 2.835442e+01 2.767089e+01 2.181645e+01 1.759307e+01 3.533888e+00 4.913393e+00 6.049289e+00 4.801810e+00 4.590530e+00 6.064888e+00 5.090693e+00 5.334334e+00 5.057887e+00 4.855888e+00 4.254025e+00 3.458581e+00 4.832888e-03
<GCONST> 1.000126e+02
<MIXTURE> 43 7.108249e-03
<MEAN> 25
 3.166028e+00 -6.309852e+00 -2.251659e+00 -5.188671e+00 -7.398893e+00 -3.404706e+00 4.140895e+00 1.311011e+00 -5.063783e+00 -7.095473e+00 -4.325194e+00 -1.249890e+00 2.377536e-01 2.165417e+00 1.914105e+00 -1.335621e-01 -1.430187e+00 -7.946042e-01 -9.697715e-01 -7.794826e-01 8.217925e-01 1.468855e+00 3.425616e-01 2.053215e-02 -4.511166e-02
<VARIANCE> 25
 9.602578e+00 1.969075e+01 2.734718e+01 3.521986e+01 3.842839e+01 3.663803e+01 3.329242e+01 3.981096e+01 3.966132e+01 3.863849e+01 2.653823e+01 2.955557e+01 6.906193e-01 1.248918e+00 1.570290e+00 2.491031e+00 2.375954e+00 2.384033e+00 2.653901e+00 3.026835e+00 2.606735e+00 2.577452e+00 2.331412e+00 1.920202e+00 9.432582e-04
<GCONST> 8.796962e+01
<MIXTURE> 44 7.328289e-03
<MEAN> 25
 -1.525852e+01 1.505753e+00 3.316534e+00 -2.995955e+00 3.321747e+00 1.873696e+00 -7.134411e-03 2.202184e+00 1.798913e+00 -8.377074e-01 1.665458e+00 2.017201e+00 -1.529489e-01 3.599699e-02 1.507653e-01 2.778834e-01 -9.236170e-02 2.130039e-01 4.591628e-01 1.232538e-01 2.393596e-01 1.115549e-01 5.640732e-02 1.033399e-01 3.722662e-03
<VARIANCE> 25
 4.109743e+01 2.893116e+01 3.660442e+01 3.297815e+01 2.981409e+01 3.075208e+01 2.477733e+01 3.420012e+01 3.031390e+01 2.714804e+01 2.721161e+01 1.912719e+01 1.220223e+00 1.624149e+00 1.373807e+00 1.403718e+00 2.155476e+00 1.631703e+00 1.507699e+00 1.615714e+00 1.546350e+00 1.491429e+00 1.342686e+00 1.213014e+00 1.300447e-03
<GCONST> 8.482166e+01
<MIXTURE> 45 1.364932e-02
<MEAN> 25
 -1.210227e+01 3.848381e+00 -2.223223e+00 3.650156e+00 5.675044e+00 -1.059809e+00 4.404755e+00 1.180540e+00 4.226261e+00 1.278348e+00 1.634893e+00 2.934014e+00 -2.825218e+00 6.529278e-01 -4.756073e-01 -1.134999e-01 1.655029e-01 -4.020321e-02 5.205992e-01 5.236629e-02 1.424771e-02 -1.909558e-01 8.191478e-02 -4.564678e-02 1.088503e-01
<VARIANCE> 25
 3.028553e+01 2.737542e+01 3.228753e+01 3.684010e+01 2.853564e+01 3.407839e+01 2.782764e+01 3.872109e+01 2.772803e+01 2.532710e+01 2.729208e+01 1.480138e+01 2.271893e+00 2.725099e+00 2.460148e+00 3.630877e+00 2.495351e+00 2.420200e+00 2.218382e+00 2.001529e+00 1.924825e+00 2.032588e+00 1.946109e+00 1.699038e+00 4.175981e-03
<GCONST> 9.054977e+01
<MIXTURE> 46 9.336259e-03
<MEAN> 25
 -9.246847e+00 2.507204e+00 8.298410e-01 7.787388e+00 5.963103e+00 3.155182e+00 6.764769e+00 3.936266e+00 5.720505e+00 4.342920e+00 4.770720e+00 2.847597e+00 1.059753e+00 -1.563658e-01 9.622216e-02 9.207855e-01 5.738220e-01 1.033866e+00 4.151201e-01 5.502080e-01 3.877067e-01 5.318835e-01 5.995045e-01 4.282326e-01 -1.049475e-01
<VARIANCE> 25
 3.466843e+01 4.544630e+01 3.876015e+01 4.882516e+01 4.997497e+01 4.011036e+01 3.686162e+01 4.006486e+01 3.232437e+01 3.287402e+01 2.805873e+01 2.040128e+01 3.786606e+00 4.471933e+00 3.737507e+00 4.086208e+00 4.076938e+00 3.709549e+00 3.291011e+00 3.342224e+00 3.024703e+00 2.773658e+00 2.231183e+00 1.888817e+00 7.626704e-03
<GCONST> 9.843291e+01
<MIXTURE> 47 7.116147e-03
<MEAN> 25
 7.348099e+00 -7.348106e+00 -7.753674e+00 -6.474612e+00 1.487156e+00 8.373579e-01 -2.405163e+00 1.240444e+00 3.011105e+00 1.693434e-01 -4.225878e+00 -6.704271e+00 -1.831306e-01 -1.257565e+00 -6.903265e-01 -4.206154e-01 6.236705e-01 8.207120e-01 8.745006e-01 2.980313e-01 1.128042e-01 -8.888639e-01 -4.678418e-01 -4.535504e-01 3.009360e-02
<VARIANCE> 25
 1.072427e+01 2.144982e+01 2.048798e+01 3.322834e+01 3.638528e+01 5.265876e+01 4.531708e+01 4.078527e+01 4.334377e+01 4.708709e+01 4.892443e+01 3.350791e+01 5.184459e-01 7.700955e-01 1.124954e+00 1.666158e+00 1.974355e+00 2.201076e+00 2.322070e+00 2.476058e+00 2.203549e+00 2.143630e+00 2.181314e+00 2.014069e+00 5.494158e-04
<GCONST> 8.646605e+01
<MIXTURE> 48 7.116147e-03
<MEAN> 25
 7.348099e+00 -7.348106e+00 -7.753674e+00 -6.474612e+00 1.487156e+00 8.373579e-01 -2.405163e+00 1.240444e+00 3.011105e+00 1.693434e-01 -4.225878e+00 -6.704271e+00 -1.831306e-01 -1.257565e+00 -6.903265e-01 -4.206154e-01 6.236705e-01 8.207120e-01 8.745006e-01 2.980313e-01 1.128042e-01 -8.888639e-01 -4.678418e-01 -4.535504e-01 3.009360e-02
<VARIANCE> 25
 1.072427e+01 2.144982e+01 2.048798e+01 3.322834e+01 3.638528e+01 5.265876e+01 4.531708e+01 4.078527e+01 4.334377e+01 4.708709e+01 4.892443e+01 3.350791e+01 5.184459e-01 7.700955e-01 1.124954e+00 1.666158e+00 1.974355e+00 2.201076e+00 2.322070e+00 2.476058e+00 2.203549e+00 2.143630e+00 2.181314e+00 2.014069e+00 5.494158e-04
<GCONST> 8.646605e+01
<MIXTURE> 49 5.548473e-03
<MEAN> 25
 -5.044829e+00 4.574558e-01 1.367898e-01 8.389382e+00 6.201582e+00 5.712155e+00 6.111080e+00 4.373662e+00 4.974216e+00 3.661079e+00 4.795321e+00 2.732840e+00 3.634178e-01 6.592657e-01 6.953559e-01 3.515694e-01 -2.145137e-01 -6.599976e-01 -9.986100e-01 -1.110053e+00 -9.318079e-01 -6.640087e-01 -4.954697e-01 -2.755655e-01 -2.795610e-05
<VARIANCE> 25
 9.481392e+00 1.033115e+01 1.401603e+01 1.574806e+01 1.570803e+01 1.734211e+01 1.912241e+01 1.975219e+01 1.801076e+01 1.781110e+01 2.112153e+01 1.479326e+01 2.751300e-01 2.605973e-01 3.558990e-01 6.008348e-01 8.691246e-01 9.596655e-01 9.797443e-01 1.042619e+00 1.147545e+00 1.211796e+00 1.263744e+00 1.187127e+00 1.414090e-05
<GCONST> 6.421593e+01
<MIXTURE> 50 6.234641e-03
<MEAN> 25
 -4.393482e+00 8.047970e-01 -1.661859e+00 6.021970e+00 4.640598e+00 2.931039e+00 4.255709e+00 1.241858e+00 2.461467e+00 1.278521e+00 1.277465e+00 1.912868e+00 8.051942e-02 2.030682e-01 1.113340e-01 -1.786505e-01 -5.478558e-01 -5.534856e-01 -3.358216e-01 5.211346e-02 5.214493e-01 7.051585e-01 5.798199e-01 3.503204e-01 -1.076304e-04
<VARIANCE> 25
 9.411369e+00 1.322851e+01 1.277297e+01 1.365981e+01 1.492907e+01 1.915525e+01 1.762684e+01 2.009720e+01 1.721100e+01 1.610551e+01 2.301269e+01 1.839322e+01 1.386870e-01 2.245582e-01 3.682937e-01 4.698170e-01 5.455566e-01 7.319138e-01 8.907733e-01 1.117096e+00 1.079549e+00 8.888592e-01 1.062258e+00 9.768979e-01 1.146630e-06
<GCONST> 5.930230e+01
<MIXTURE> 51 6.234641e-03
<MEAN> 25
 -4.393482e+00 8.047970e-01 -1.661859e+00 6.021970e+00 4.640598e+00 2.931039e+00 4.255709e+00 1.241858e+00 2.461467e+00 1.278521e+00 1.277465e+00 1.912868e+00 8.051942e-02 2.030682e-01 1.113340e-01 -1.786505e-01 -5.478558e-01 -5.534856e-01 -3.358216e-01 5.211346e-02 5.214493e-01 7.051585e-01 5.798199e-01 3.503204e-01 -1.076304e-04
<VARIANCE> 25
 9.411369e+00 1.322851e+01 1.277297e+01 1.365981e+01 1.492907e+01 1.915525e+01 1.762684e+01 2.009720e+01 1.721100e+01 1.610551e+01 2.301269e+01 1.839322e+01 1.386870e-01 2.245582e-01 3.682937e-01 4.698170e-01 5.455566e-01 7.319138e-01 8.907733e-01 1.117096e+00 1.079549e+00 8.888592e-01 1.062258e+00 9.768979e-01 1.146630e-06
<GCONST> 5.930230e+01
<MIXTURE> 52 6.367945e-03
<MEAN> 25
 1.040716e+01 2.913594e+00 -5.503181e+00 -1.475793e+01 -3.929761e+00 7.816184e+00 -4.391820e+00 -1.245827e+00 -5.167149e+00 -1.653738e+00 4.385164e+00 6.274278e-01 -3.338513e-01 -7.138387e-01 -1.292929e-01 1.238381e+00 1.275820e+00 -1.715944e-01 -7.879379e-01 -8.369500e-01 -1.442934e-01 1.063193e+00 4.208577e-01 -5.435608e-01 -1.044246e-02
<VARIANCE> 25
 7.471398e+00 2.357228e+01 2.161619e+01 3.132385e+01 4.182980e+01 3.104492e+01 4.602345e+01 5.108509e+01 4.309271e+01 4.138572e+01 3.532981e+01 2.478973e+01 3.701046e-01 1.754779e+00 1.163983e+00 3.124203e+00 2.129547e+00 2.935698e+00 3.396672e+00 2.530922e+00 3.408887e+00 2.930797e+00 2.114613e+00 2.350754e+00 1.306202e-03
<GCONST> 8.893729e+01
<MIXTURE> 53 6.367945e-03
<MEAN> 25
 1.040716e+01 2.913594e+00 -5.503181e+00 -1.475793e+01 -3.929761e+00 7.816184e+00 -4.391820e+00 -1.245827e+00 -5.167149e+00 -1.653738e+00 4.385164e+00 6.274278e-01 -3.338513e-01 -7.138387e-01 -1.292929e-01 1.238381e+00 1.275820e+00 -1.715944e-01 -7.879379e-01 -8.369500e-01 -1.442934e-01 1.063193e+00 4.208577e-01 -5.435608e-01 -1.044246e-02
<VARIANCE> 25
 7.471398e+00 2.357228e+01 2.161619e+01 3.132385e+01 4.182980e+01 3.104492e+01 4.602345e+01 5.108509e+01 4.309271e+01 4.138572e+01 3.532981e+01 2.478973e+01 3.701046e-01 1.754779e+00 1.163983e+00 3.124203e+00 2.129547e+00 2.935698e+00 3.396672e+00 2.530922e+00 3.408887e+00 2.930797e+00 2.114613e+00 2.350754e+00 1.306202e-03
<GCONST> 8.893729e+01
<MIXTURE> 54 7.368620e-03
<MEAN> 25
 -3.597498e+00 3.313631e-01 -7.624662e-01 7.814994e+00 6.505797e+00 4.822306e+00 4.858686e+00 4.272378e+00 4.034890e+00 3.491512e+00 3.987241e+00 2.033713e+00 -3.619183e-03 2.433359e-02 4.488797e-02 4.284129e-02 3.534912e-02 4.471438e-02 4.306135e-02 2.726681e-02 -2.100261e-03 9.847529e-03 1.678645e-02 3.417223e-02 -9.503183e-05
<VARIANCE> 25
 8.748009e+00 1.156776e+01 9.068923e+00 1.828522e+01 1.299369e+01 1.389668e+01 1.236564e+01 1.328002e+01 1.096996e+01 1.323505e+01 2.109260e+01 1.354690e+01 3.977439e-02 9.058007e-02 1.521996e-01 2.185791e-01 3.053462e-01 3.922598e-01 4.450827e-01 5.210499e-01 5.881116e-01 5.067886e-01 5.480594e-01 5.609741e-01 1.148833e-06
<GCONST> 4.792585e+01
<MIXTURE> 55 7.368620e-03
<MEAN> 25
 -3.597498e+00 3.313631e-01 -7.624662e-01 7.814994e+00 6.505797e+00 4.822306e+00 4.858686e+00 4.272378e+00 4.034890e+00 3.491512e+00 3.987241e+00 2.033713e+00 -3.619183e-03 2.433359e-02 4.488797e-02 4.284129e-02 3.534912e-02 4.471438e-02 4.306135e-02 2.726681e-02 -2.100261e-03 9.847529e-03 1.678645e-02 3.417223e-02 -9.503183e-05
<VARIANCE> 25
 8.748009e+00 1.156776e+01 9.068923e+00 1.828522e+01 1.299369e+01 1.389668e+01 1.236564e+01 1.328002e+01 1.096996e+01 1.323505e+01 2.109260e+01 1.354690e+01 3.977439e-02 9.058007e-02 1.521996e-01 2.185791e-01 3.053462e-01 3.922598e-01 4.450827e-01 5.210499e-01 5.881116e-01 5.067886e-01 5.480594e-01 5.609741e-01 1.148833e-06
<GCONST> 4.792585e+01
<MIXTURE> 56 6.132464e-03
<MEAN> 25
 7.561126e+00 -6.776749e+00 -9.158349e+00 -8.664924e+00 3.961852e+00 3.931969e+00 -2.178257e+00 -1.477064e+00 1.957318e+00 6.581807e-01 -2.483932e+00 -7.146412e+00 -1.047368e-02 2.567000e-02 -8.571137e-02 2.178327e-02 2.585255e-01 6.620083e-02 1.149219e-01 -1.377106e-01 -4.632323e-02 -3.658860e-02 -8.267133e-02 1.862749e-02 -7.063853e-03
<VARIANCE> 25
 9.326343e+00 2.329216e+01 1.999852e+01 4.125245e+01 3.316708e+01 5.101999e+01 6.197061e+01 3.683599e+01 3.895218e+01 3.769924e+01 4.027923e+01 3.114724e+01 2.061291e-01 4.324767e-01 4.531906e-01 7.723110e-01 7.972260e-01 1.113165e+00 9.104073e-01 9.073166e-01 9.090331e-01 9.267037e-01 1.034917e+00 7.850194e-01 2.393260e-04
<GCONST> 7.514198e+01
<MIXTURE> 57 6.132464e-03
<MEAN> 25
 7.561126e+00 -6.776749e+00 -9.158349e+00 -8.664924e+00 3.961852e+00 3.931969e+00 -2.178257e+00 -1.477064e+00 1.957318e+00 6.581807e-01 -2.483932e+00 -7.146412e+00 -1.047368e-02 2.567000e-02 -8.571137e-02 2.178327e-02 2.585255e-01 6.620083e-02 1.149219e-01 -1.377106e-01 -4.632323e-02 -3.658860e-02 -8.267133e-02 1.862749e-02 -7.063853e-03
<VARIANCE> 25
 9.326343e+00 2.329216e+01 1.999852e+01 4.125245e+01 3.316708e+01 5.101999e+01 6.197061e+01 3.683599e+01 3.895218e+01 3.769924e+01 4.027923e+01 3.114724e+01 2.061291e-01 4.324767e-01 4.531906e-01 7.723110e-01 7.972260e-01 1.113165e+00 9.104073e-01 9.073166e-01 9.090331e-01 9.267037e-01 1.034917e+00 7.850194e-01 2.393260e-04
<GCONST> 7.514198e+01
<MIXTURE> 58 6.172147e-03
<MEAN> 25
 2.452780e+00 -5.443719e+00 8.701468e+00 -5.998116e+00 -1.260305e+01 -6.060040e+00 6.512290e-01 2.470458e+00 -1.691947e+00 2.382382e+00 1.547353e+00 9.997922e-01 -1.831155e-01 -1.438398e-01 9.729168e-02 -2.691124e-01 1.577629e-02 1.768985e-01 3.619813e-01 2.650419e-01 -1.838716e-01 1.320052e-01 -3.374460e-02 -1.958000e-01 -7.000916e-03
<VARIANCE> 25
 6.551992e+00 3.529294e+01 2.194151e+01 2.977611e+01 1.888569e+01 3.243772e+01 2.859381e+01 3.245000e+01 2.546964e+01 2.276677e+01 1.797578e+01 2.256277e+01 3.953304e-01 6.493335e-01 7.425972e-01 1.343631e+00 9.832977e-01 9.190744e-01 1.013391e+00 1.163019e+00 1.277405e+00 8.997020e-01 7.984837e-01 6.959822e-01 6.435382e-04
<GCONST> 7.439534e+01
<MIXTURE> 59 6.172147e-03
<MEAN> 25
 2.452780e+00 -5.443719e+00 8.701468e+00 -5.998116e+00 -1.260305e+01 -6.060040e+00 6.512290e-01 2.470458e+00 -1.691947e+00 2.382382e+00 1.547353e+00 9.997922e-01 -1.831155e-01 -1.438398e-01 9.729168e-02 -2.691124e-01 1.577629e-02 1.768985e-01 3.619813e-01 2.650419e-01 -1.838716e-01 1.320052e-01 -3.374460e-02 -1.958000e-01 -7.000916e-03
<VARIANCE> 25
 6.551992e+00 3.529294e+01 2.194151e+01 2.977611e+01 1.888569e+01 3.243772e+01 2.859381e+01 3.245000e+01 2.546964e+01 2.276677e+01 1.797578e+01 2.256277e+01 3.953304e-01 6.493335e-01 7.425972e-01 1.343631e+00 9.832977e-01 9.190744e-01 1.013391e+00 1.163019e+00 1.277405e+00 8.997020e-01 7.984837e-01 6.959822e-01 6.435382e-04
<GCONST> 7.439534e+01
<MIXTURE> 60 4.479129e-03
<MEAN> 25
 -4.134603e+00 -4.191387e-01 -1.138591e+00 3.899561e+00 1.844916e+00 2.232022e+00 2.172047e+00 1.096854e+00 1.975168e+00 1.297398e+00 1.998639e+00 1.425502e+00 -1.550707e-02 6.209825e-02 8.011490e-02 9.361698e-02 1.029543e-01 8.343258e-02 1.688448e-01 3.386540e-01 5.752770e-01 7.002546e-01 5.738885e-01 2.905296e-01 -6.813337e-04
<VARIANCE> 25
 6.538230e+00 5.056872e+00 1.021194e+01 1.114430e+01 1.370978e+01 1.625094e+01 1.605654e+01 1.304864e+01 1.239235e+01 1.347774e+01 1.664529e+01 1.477865e+01 8.432041e-02 1.640276e-01 2.778791e-01 4.791398e-01 5.741423e-01 7.516651e-01 7.803916e-01 9.221575e-01 8.822611e-01 8.880441e-01 8.302807e-01 8.886985e-01 2.621188e-05
<GCONST> 5.699050e+01
<MIXTURE> 61 4.479129e-03
<MEAN> 25
 -4.134603e+00 -4.191387e-01 -1.138591e+00 3.899561e+00 1.844916e+00 2.232022e+00 2.172047e+00 1.096854e+00 1.975168e+00 1.297398e+00 1.998639e+00 1.425502e+00 -1.550707e-02 6.209825e-02 8.011490e-02 9.361698e-02 1.029543e-01 8.343258e-02 1.688448e-01 3.386540e-01 5.752770e-01 7.002546e-01 5.738885e-01 2.905296e-01 -6.813337e-04
<VARIANCE> 25
 6.538230e+00 5.056872e+00 1.021194e+01 1.114430e+01 1.370978e+01 1.625094e+01 1.605654e+01 1.304864e+01 1.239235e+01 1.347774e+01 1.664529e+01 1.477865e+01 8.432041e-02 1.640276e-01 2.778791e-01 4.791398e-01 5.741423e-01 7.516651e-01 7.803916e-01 9.221575e-01 8.822611e-01 8.880441e-01 8.302807e-01 8.886985e-01 2.621188e-05
<GCONST> 5.699050e+01
<MIXTURE> 62 3.278034e-03
<MEAN> 25
 -5.090786e+00 1.241366e+00 1.026051e+00 8.818365e+00 6.130760e+00 5.050490e+00 5.499699e+00 4.032943e+00 4.985580e+00 3.918007e+00 4.965889e+00 2.950609e+00 -1.003223e+00 -1.166577e+00 -9.531884e-01 -2.768091e-01 4.275670e-01 1.005010e+00 1.384596e+00 1.552219e+00 1.478712e+00 1.243402e+00 1.067080e+00 7.260695e-01 -1.265202e-03
<VARIANCE> 25
 9.872766e+00 9.958372e+00 1.311543e+01 1.673343e+01 1.741470e+01 1.752447e+01 1.970035e+01 1.911983e+01 1.886155e+01 1.872688e+01 2.156341e+01 1.479867e+01 4.018086e-01 4.322037e-01 5.541388e-01 7.794105e-01 1.035000e+00 1.192481e+00 1.252365e+00 1.278950e+00 1.329613e+00 1.363838e+00 1.400025e+00 1.371289e+00 1.632436e-05
<GCONST> 6.752711e+01
<MIXTURE> 63 4.351215e-03
<MEAN> 25
 -4.032142e+00 -1.844844e+00 -4.117276e+00 3.602221e+00 3.720765e+00 5.165695e-01 3.704281e+00 2.230296e-01 1.629964e+00 -8.432585e-01 -1.738998e+00 1.152244e+00 -6.383505e-02 3.308238e-01 2.305854e-01 4.615317e-01 5.017850e-01 5.362374e-01 4.567879e-01 -2.895515e-03 6.983609e-02 1.565319e-01 4.120972e-02 7.457534e-02 -5.488727e-03
<VARIANCE> 25
 6.842299e+00 1.662954e+01 1.609690e+01 1.544406e+01 1.930467e+01 2.348223e+01 2.430268e+01 2.898254e+01 2.276206e+01 1.847750e+01 1.699821e+01 1.859227e+01 2.407713e-01 4.324285e-01 6.104494e-01 6.865963e-01 9.552969e-01 1.153406e+00 1.132554e+00 1.622663e+00 1.196933e+00 1.409061e+00 1.287140e+00 1.285512e+00 2.124204e-04
<GCONST> 7.081149e+01
<MIXTURE> 64 4.351215e-03
<MEAN> 25
 -4.032142e+00 -1.844844e+00 -4.117276e+00 3.602221e+00 3.720765e+00 5.165695e-01 3.704281e+00 2.230296e-01 1.629964e+00 -8.432585e-01 -1.738998e+00 1.152244e+00 -6.383505e-02 3.308238e-01 2.305854e-01 4.615317e-01 5.017850e-01 5.362374e-01 4.567879e-01 -2.895515e-03 6.983609e-02 1.565319e-01 4.120972e-02 7.457534e-02 -5.488727e-03
<VARIANCE> 25
 6.842299e+00 1.662954e+01 1.609690e+01 1.544406e+01 1.930467e+01 2.348223e+01 2.430268e+01 2.898254e+01 2.276206e+01 1.847750e+01 1.699821e+01 1.859227e+01 2.407713e-01 4.324285e-01 6.104494e-01 6.865963e-01 9.552969e-01 1.153406e+00 1.132554e+00 1.622663e+00 1.196933e+00 1.409061e+00 1.287140e+00 1.285512e+00 2.124204e-04
<GCONST> 7.081149e+01
<MIXTURE> 65 1.721197e-02
<MEAN> 25
 8.017986e+00 2.121459e+00 1.972367e+00 6.365945e-01 -5.450068e+00 -4.353563e+00 -5.851302e+00 -6.755660e+00 -3.835408e+00 -2.296098e+00 -5.513030e+00 -1.904676e+00 1.771612e-01 1.162771e-01 1.402626e-02 1.389129e-01 -1.669224e-01 2.699224e-01 -1.118050e-01 -1.789913e-01 1.737643e-01 1.006291e-02 -4.209364e-02 -1.513982e-01 -4.622622e-03
<VARIANCE> 25
 1.026771e+01 1.926654e+01 2.590900e+01 3.682381e+01 3.826176e+01 5.835166e+01 5.885656e+01 5.990897e+01 5.597197e+01 5.847978e+01 5.666526e+01 5.129737e+01 5.559545e-01 9.566462e-01 1.612842e+00 1.823227e+00 2.029712e+00 2.224469e+00 2.312234e+00 2.995662e+00 2.498702e+00 2.502759e+00 2.412835e+00 2.134136e+00 4.262595e-04
<GCONST> 8.964382e+01
<MIXTURE> 66 1.191532e-02
<MEAN> 25
 6.696876e+00 -4.102904e+00 -5.616052e+00 -4.784642e+00 1.265276e+00 -5.114771e+00 -6.920541e+00 1.218464e+00 6.862394e-01 -2.043887e+00 -6.109739e+00 -3.490049e+00 -4.869515e-02 1.661713e+00 2.242216e+00 2.323159e+00 -1.254508e+00 -1.262200e+00 7.449263e-02 -5.410025e-01 -1.465703e-01 -1.996382e-01 -2.073660e-01 1.046930e+00 -6.366690e-02
<VARIANCE> 25
 9.016240e+00 2.231599e+01 2.701200e+01 3.386518e+01 3.853325e+01 5.356610e+01 5.589436e+01 4.558567e+01 5.397579e+01 6.664587e+01 3.725072e+01 3.645074e+01 1.284531e+00 2.455811e+00 2.352306e+00 2.481202e+00 4.196169e+00 4.339300e+00 4.494297e+00 4.852381e+00 4.243145e+00 4.993903e+00 3.901984e+00 3.257718e+00 1.473754e-03
<GCONST> 9.692023e+01
<MIXTURE> 67 1.559142e-02
<MEAN> 25
 9.120393e+00 8.182982e-01 -5.937419e+00 -8.719709e+00 1.978402e+00 3.457537e+00 -3.935670e+00 -2.557131e+00 -3.195071e+00 2.525668e+00 4.025847e-01 -1.133421e+00 -1.355116e+00 1.852169e+00 6.616611e-01 3.291342e+00 1.438222e+00 -7.451064e-01 1.656078e+00 -2.495777e-01 5.205458e-01 -1.561908e-01 -4.029502e-01 7.956527e-01 -1.208443e-01
<VARIANCE> 25
 9.987203e+00 4.023726e+01 2.638792e+01 5.151519e+01 4.715831e+01 4.715825e+01 5.541575e+01 4.542112e+01 5.792362e+01 6.246749e+01 4.824109e+01 4.201801e+01 2.371695e+00 3.068876e+00 3.548292e+00 4.310383e+00 3.919464e+00 4.356660e+00 4.743379e+00 5.033522e+00 5.251635e+00 5.010532e+00 4.426448e+00 3.325484e+00 2.970814e-03
<GCONST> 1.013671e+02
<MIXTURE> 68 1.485092e-02
<MEAN> 25
 -2.057894e+00 -1.952222e+00 -4.027299e+00 1.182567e+00 5.250846e+00 -1.986345e-01 2.568143e+00 1.518746e+00 2.006171e+00 1.645931e+00 3.631567e-01 1.780516e+00 2.727725e+00 4.842634e-01 -1.970911e-02 -2.679736e+00 -2.381909e+00 -1.415983e+00 -2.306080e+00 -1.700588e+00 -1.738874e+00 -1.448878e+00 -1.815681e+00 -8.517236e-01 1.034679e-01
<VARIANCE> 25
 2.481825e+01 3.300118e+01 5.613961e+01 5.028537e+01 4.515448e+01 5.709809e+01 4.707775e+01 4.188592e+01 3.845165e+01 4.272232e+01 3.646274e+01 2.473108e+01 1.799176e+00 3.734923e+00 5.835964e+00 5.769365e+00 4.481325e+00 6.160637e+00 5.550949e+00 4.930440e+00 4.909044e+00 5.024331e+00 5.318012e+00 4.045363e+00 5.883717e-03
<GCONST> 1.034383e+02
<MIXTURE> 69 1.204884e-02
<MEAN> 25
 4.629477e+00 -4.252398e+00 -3.468998e+00 -3.703596e+00 -3.532050e+00 -7.917145e+00 -1.046172e+00 2.121876e+00 -4.545363e-01 -4.708160e+00 -5.731259e+00 9.573256e-01 1.680187e+00 -2.236719e+00 -1.319624e+00 -2.250013e+00 -5.279676e-01 -3.712621e-01 -4.560827e-01 6.259650e-01 -6.759326e-01 -1.433648e+00 -2.183024e+00 -1.646413e-01 6.252530e-02
<VARIANCE> 25
 8.996086e+00 2.168591e+01 2.754650e+01 2.634842e+01 4.238062e+01 3.544850e+01 4.908376e+01 3.224783e+01 4.072892e+01 3.767774e+01 3.115446e+01 2.448178e+01 3.516690e+00 2.895084e+00 3.343900e+00 3.668901e+00 5.715702e+00 5.019815e+00 7.085181e+00 6.033819e+00 5.986180e+00 5.889232e+00 4.368453e+00 3.678785e+00 2.424282e-03
<GCONST> 9.871922e+01
<MIXTURE> 70 1.329190e-02
<MEAN> 25
 7.529201e+00 -2.031813e+00 -3.884854e+00 -3.617886e+00 -4.076716e-01 -6.674325e-01 -7.700060e+00 -4.015190e+00 5.618706e-01 2.895892e+00 -1.250999e-01 -4.907616e+00 1.934375e+00 -1.137101e+00 -8.210468e-01 -2.205806e+00 -1.514778e+00 1.178486e+00 -1.337639e+00 -8.888520e-02 3.384331e-01 -2.418313e-02 6.881638e-01 -1.453627e+00 5.864340e-02
<VARIANCE> 25
 9.928354e+00 2.262850e+01 2.832376e+01 4.708458e+01 3.550269e+01 4.456553e+01 4.996233e+01 4.414916e+01 4.707883e+01 3.276652e+01 4.497258e+01 2.729091e+01 3.498646e+00 3.209581e+00 4.742651e+00 4.962810e+00 5.228335e+00 6.448087e+00 6.789368e+00 7.550601e+00 6.174708e+00 5.402954e+00 5.860651e+00 4.309740e+00 2.539410e-03
<GCONST> 1.018691e+02
<MIXTURE> 71 1.406903e-02
<MEAN> 25
 6.373982e+00 5.173116e+00 4.261976e+00 3.144511e+00 -3.476403e+00 -3.421029e+00 -3.389551e+00 -6.637167e+00 -4.669646e+00 -2.499635e+00 -5.222981e+00 -3.230249e+00 -1.572167e+00 -7.051339e-01 -2.422622e-01 -1.778240e+00 1.123931e+00 -1.462723e-01 5.061126e-02 1.533439e+00 3.029672e-01 -1.867636e-01 6.804657e-01 1.893082e-01 4.081186e-02
<VARIANCE> 25
 1.901665e+01 2.588820e+01 2.412620e+01 4.523579e+01 4.065622e+01 4.067186e+01 4.289397e+01 4.172854e+01 3.919901e+01 4.400606e+01 3.647963e+01 3.442989e+01 1.754355e+00 3.069423e+00 5.315758e+00 4.888749e+00 4.713130e+00 4.730557e+00 4.878527e+00 5.378365e+00 4.329066e+00 4.090649e+00 3.626324e+00 3.295568e+00 1.423666e-03
<GCONST> 9.874367e+01
<MIXTURE> 72 8.134747e-03
<MEAN> 25
 4.209756e+00 -3.928776e+00 6.752236e+00 -1.770047e+00 -9.496557e+00 -9.563332e+00 -4.051741e+00 3.071040e+00 -6.849054e+00 -3.399059e+00 -1.191835e+00 5.279648e-01 1.101782e+00 -8.415990e-01 -2.667744e+00 4.991270e-01 2.193695e+00 -9.109102e-01 -1.306473e+00 1.280330e+00 1.857578e+00 -2.688372e-01 -9.119242e-01 2.294700e-01 -5.206858e-03
<VARIANCE> 25
 1.016802e+01 1.668513e+01 3.477354e+01 3.383590e+01 3.011656e+01 3.101419e+01 4.441475e+01 3.569519e+01 5.165277e+01 4.004756e+01 3.394824e+01 2.409380e+01 4.837593e-01 8.933616e-01 1.822879e+00 1.345145e+00 1.960881e+00 2.447610e+00 2.676143e+00 2.608637e+00 2.284058e+00 3.569885e+00 2.251997e+00 2.097044e+00 4.630735e-04
<GCONST> 8.624348e+01
<MIXTURE> 73 1.213625e-02
<MEAN> 25
 -5.436638e+00 -4.503094e-01 -1.514432e+00 4.687258e+00 4.204905e+00 2.757101e+00 5.731730e+00 2.547738e+00 4.237668e+00 2.336977e+00 3.529038e+00 2.831518e+00 8.548091e-01 -1.211924e+00 -6.938097e-01 -2.731438e+00 -1.364409e+00 -1.625604e+00 -1.039074e+00 -3.423019e-01 -1.010645e+00 -7.159535e-01 -7.111271e-01 5.299711e-02 1.524160e-01
<VARIANCE> 25
 1.173252e+01 1.415831e+01 1.415262e+01 2.126892e+01 2.125514e+01 2.437472e+01 2.089231e+01 2.198124e+01 1.571167e+01 2.911770e+01 2.499397e+01 1.441989e+01 3.820481e+00 3.358461e+00 6.028996e+00 4.293842e+00 5.416490e+00 5.218981e+00 3.927286e+00 4.285852e+00 3.820333e+00 3.713368e+00 3.978913e+00 3.000383e+00 4.119610e-03
<GCONST> 9.277012e+01
<MIXTURE> 74 1.756491e-02
<MEAN> 25
 3.064031e+00 -2.685791e+00 6.510181e+00 -2.844104e+00 -9.456691e+00 -8.300687e+00 -1.105078e+00 1.903359e+00 -2.559177e+00 -4.676280e-02 1.378412e-01 1.621362e-01 2.932162e-01 2.624533e+00 -8.160034e-01 1.965342e+00 8.303434e-01 4.476452e-01 4.485629e-01 -1.548398e+00 5.999922e-01 1.158837e-01 -5.720552e-01 -4.823652e-01 -9.161137e-02
<VARIANCE> 25
 1.252812e+01 3.562657e+01 4.005381e+01 4.024430e+01 3.129144e+01 3.000504e+01 4.636535e+01 4.159938e+01 4.467160e+01 4.711511e+01 3.897236e+01 2.746572e+01 1.558009e+00 2.681664e+00 4.417211e+00 2.428466e+00 3.316679e+00 2.916000e+00 4.742492e+00 3.416564e+00 4.059258e+00 3.056063e+00 3.235334e+00 2.810200e+00 1.843505e-03
<GCONST> 9.575668e+01
<MIXTURE> 75 9.711651e-03
<MEAN> 25
 2.750736e+00 -2.095292e+00 1.103461e+01 1.674000e+00 -1.143297e+01 -7.530709e+00 -4.830556e+00 -3.287410e-01 -4.485647e+00 -4.521733e+00 3.552912e+00 7.530728e-01 1.783605e+00 -1.927048e+00 4.278529e-01 -4.511685e-01 -2.288962e+00 -6.931013e-01 -1.518754e+00 1.129889e+00 -2.428532e-01 -1.141426e-01 1.018976e+00 -3.830547e-01 4.602793e-02
<VARIANCE> 25
 1.057629e+01 2.304560e+01 2.769424e+01 2.538955e+01 2.519548e+01 2.958737e+01 3.015509e+01 2.950163e+01 3.528318e+01 2.870001e+01 1.973303e+01 2.363792e+01 2.203646e+00 1.988148e+00 4.629117e+00 2.755020e+00 3.775906e+00 4.262572e+00 3.865624e+00 3.372263e+00 3.655315e+00 3.639944e+00 3.005257e+00 2.660650e+00 2.064237e-03
<GCONST> 9.232227e+01
<MIXTURE> 76 1.052359e-02
<MEAN> 25
 -6.804592e+00 -8.287024e-01 -2.952614e+00 4.715511e+00 4.625296e+00 1.601625e+00 4.149640e+00 1.086256e+00 2.852177e+00 3.182726e-01 1.052074e+00 2.276056e+00 -1.442540e-01 -4.440512e-01 -2.569747e-01 -7.413869e-01 -5.178195e-01 -7.276907e-01 -4.874613e-01 -2.224460e-01 -4.656942e-01 -5.103868e-01 -2.683521e-01 -5.730662e-02 1.830256e-02
<VARIANCE> 25
 3.471485e+01 3.072326e+01 2.934404e+01 2.836793e+01 3.109540e+01 3.315792e+01 2.588548e+01 3.218406e+01 2.497690e+01 2.523892e+01 2.619465e+01 1.986230e+01 1.007931e+00 1.273827e+00 1.274140e+00 1.360665e+00 1.478336e+00 1.722462e+00 1.552323e+00 1.823484e+00 1.515113e+00 1.573144e+00 1.440776e+00 1.350262e+00 1.222820e-03
<GCONST> 8.361047e+01
<MIXTURE> 77 1.244626e-02
<MEAN> 25
 -4.552347e-01 8.536668e+00 1.245555e+01 -1.154360e+01 -7.013534e+00 9.295653e-01 -9.230958e+00 -7.179086e+00 -3.390625e+00 -1.853520e-01 -4.634489e+00 -1.491731e+00 6.606232e-02 1.360724e-01 7.024283e-02 2.579011e-01 -1.683658e-02 7.668318e-02 -7.121573e-02 -5.605639e-02 7.984100e-02 -4.790056e-02 2.606854e-02 1.221793e-01 -1.000159e-02
<VARIANCE> 25
 1.039174e+01 2.033248e+01 2.748698e+01 4.214233e+01 3.296550e+01 3.368278e+01 3.739817e+01 3.212403e+01 3.572270e+01 3.326080e+01 3.738938e+01 3.471157e+01 3.012602e-01 7.749824e-01 6.444150e-01 1.096028e+00 1.241463e+00 9.851425e-01 1.226415e+00 1.073776e+00 1.039722e+00 1.060567e+00 9.726368e-01 9.203730e-01 5.400284e-04
<GCONST> 7.784454e+01
<MIXTURE> 78 9.702551e-03
<MEAN> 25
 -1.119926e+01 3.137928e+00 -3.176390e+00 4.924887e+00 3.406516e+00 -2.933615e+00 3.456710e+00 -8.752533e-01 4.521005e+00 -1.503613e+00 -9.935757e-01 3.891983e+00 2.055705e+00 2.192623e-01 4.520210e-01 4.210503e-01 -2.263453e-01 6.003586e-01 -8.541359e-02 -2.148678e-01 -2.705999e-01 2.536914e-01 -2.453003e-01 -7.003389e-01 -6.830224e-02
<VARIANCE> 25
 3.010352e+01 4.587490e+01 2.580844e+01 4.794554e+01 3.361738e+01 2.979641e+01 2.629722e+01 4.056355e+01 3.502240e+01 2.891255e+01 1.935593e+01 1.687199e+01 4.259057e+00 2.640982e+00 2.252550e+00 2.884868e+00 2.408981e+00 3.011398e+00 2.400950e+00 2.066394e+00 2.298231e+00 2.259457e+00 1.796068e+00 2.021218e+00 4.333724e-03
<GCONST> 9.225919e+01
<MIXTURE> 79 1.156824e-02
<MEAN> 25
 2.442011e+00 1.422136e+00 9.424699e+00 -6.332300e+00 -1.184278e+01 -1.866377e+00 -2.294146e+00 -5.961814e+00 -6.951286e+00 9.242037e-02 -3.341927e+00 -3.258143e+00 1.217902e+00 -5.524381e-01 -1.429353e+00 2.308697e+00 4.041873e-01 -1.501289e+00 5.029620e-01 8.918195e-01 -4.090663e-01 -5.597239e-01 4.037152e-01 2.960049e-01 -3.447860e-02
<VARIANCE> 25
 1.371236e+01 2.375323e+01 3.780807e+01 4.911713e+01 3.310740e+01 4.159909e+01 4.547413e+01 4.049994e+01 4.204943e+01 4.001584e+01 4.258537e+01 2.931490e+01 9.223467e-01 2.190867e+00 1.827522e+00 2.044876e+00 2.380800e+00 2.778594e+00 3.086114e+00 3.395950e+00 2.467488e+00 2.616140e+00 2.272099e+00 1.946334e+00 1.255205e-03
<GCONST> 9.149541e+01
<MIXTURE> 80 7.550998e-03
<MEAN> 25
 -1.459908e+01 3.977257e+00 6.882198e-01 2.847765e+00 2.438014e+00 1.414204e+00 6.395172e+00 2.464409e+00 2.735986e+00 2.358999e+00 4.842003e+00 1.189758e+00 4.281671e+00 -1.319667e-02 1.641358e+00 -1.135100e+00 -2.884205e+00 -2.770868e+00 -2.317321e+00 -2.019846e+00 -1.982506e+00 -1.684060e+00 -1.652576e+00 -6.069232e-01 -4.421368e-02
<VARIANCE> 25
 2.094221e+01 1.981954e+01 3.436849e+01 3.479091e+01 3.017048e+01 2.915211e+01 2.822418e+01 2.894661e+01 2.680193e+01 2.883818e+01 2.684415e+01 1.807014e+01 2.361317e+00 2.663560e+00 2.672187e+00 4.110791e+00 3.398592e+00 2.718564e+00 3.033588e+00 3.197948e+00 2.767749e+00 2.696155e+00 2.777452e+00 2.148632e+00 1.509108e-03
<GCONST> 9.141247e+01
<MIXTURE> 81 8.025434e-03
<MEAN> 25
 -1.106497e+00 3.937772e+00 1.014068e+01 -1.477899e+01 -9.043148e+00 -1.554521e+00 -6.598461e+00 -8.417098e+00 -4.264073e+00 -4.221096e-01 -7.618464e+00 -2.201331e+00 1.528628e-01 -6.064445e-01 3.039853e-03 -5.834242e-01 -4.608970e-01 3.004703e-01 3.345039e-01 1.547201e-01 -1.876185e-01 1.220367e-01 -4.575192e-01 -1.148238e-01 1.207126e-02
<VARIANCE> 25
 1.004165e+01 3.376744e+01 2.626302e+01 2.897921e+01 3.341215e+01 3.156525e+01 4.723284e+01 2.793628e+01 3.856628e+01 3.151037e+01 2.515678e+01 3.084562e+01 7.923867e-01 2.279895e+00 1.530039e+00 2.898655e+00 2.632139e+00 2.198175e+00 3.259259e+00 2.285752e+00 2.508804e+00 2.527996e+00 2.282598e+00 2.062321e+00 1.194980e-03
<GCONST> 8.882207e+01
<MIXTURE> 82 8.213053e-03
<MEAN> 25
 -1.061212e+01 -4.795647e+00 1.003285e+00 -2.065774e+00 1.919620e+00 -1.847886e-01 2.526181e+00 -1.210795e+00 4.316112e+00 7.844589e-01 1.068307e+00 3.247356e+00 -1.361933e+00 -5.086997e-01 8.672006e-02 -2.584503e+00 -1.280082e+00 -1.548588e+00 -1.302372e+00 -9.288342e-01 3.814288e-01 -3.757839e-01 -6.065655e-02 1.671122e-01 1.786401e-01
<VARIANCE> 25
 1.783851e+01 2.617299e+01 2.836791e+01 2.954632e+01 3.375555e+01 3.069721e+01 2.882854e+01 4.668548e+01 3.255323e+01 2.422020e+01 2.800063e+01 1.524508e+01 3.371972e+00 3.306064e+00 3.065960e+00 2.717607e+00 3.020498e+00 2.977688e+00 2.861824e+00 2.754715e+00 4.421719e+00 2.118737e+00 2.279957e+00 1.779252e+00 3.501011e-03
<GCONST> 9.247461e+01
<MIXTURE> 83 1.167529e-02
<MEAN> 25
 -1.979421e+01 5.724458e+00 -2.180273e+00 5.271699e-02 7.858089e+00 -1.409124e+00 5.302492e+00 2.647581e+00 1.451075e+00 1.848657e+00 5.614632e-01 2.985904e+00 -3.386695e-02 -4.025778e-01 7.900696e-03 -3.751808e-01 -5.339383e-01 -1.057327e-01 -9.004687e-02 -4.733773e-02 -6.240476e-02 -9.342106e-02 -1.147739e-03 2.440477e-02 3.541519e-03
<VARIANCE> 25
 9.836649e+00 1.690618e+01 3.085426e+01 2.635589e+01 2.048664e+01 2.379463e+01 2.175820e+01 2.606122e+01 2.124852e+01 2.403016e+01 2.287828e+01 1.419358e+01 1.023719e+00 9.527856e-01 1.196850e+00 1.040667e+00 1.347664e+00 1.249090e+00 1.286978e+00 1.396353e+00 1.308023e+00 1.334803e+00 1.191585e+00 1.110310e+00 8.842975e-04
<GCONST> 7.741801e+01
<MIXTURE> 84 1.066614e-02
<MEAN> 25
 1.116123e+00 9.041360e+00 7.091299e+00 8.009871e+00 2.792390e+00 -8.304139e-01 -1.448560e+00 -4.572082e+00 -4.050526e+00 -2.859732e+00 -2.341486e+00 -1.592459e+00 -1.745309e+00 -1.211326e+00 -1.169512e+00 1.255611e+00 2.222556e+00 1.493956e+00 1.426700e+00 1.264578e+00 1.168914e+00 4.044719e-01 3.975309e-01 4.105839e-01 -7.131993e-02
<VARIANCE> 25
 2.333197e+01 1.846899e+01 2.270774e+01 2.405569e+01 2.897100e+01 2.845398e+01 2.795305e+01 2.688699e+01 2.529141e+01 2.498446e+01 2.357388e+01 2.422059e+01 2.188231e+00 2.556073e+00 3.871572e+00 3.344312e+00 3.300272e+00 3.357729e+00 3.278061e+00 3.403187e+00 3.433892e+00 3.227715e+00 3.550471e+00 2.819719e+00 3.503882e-03
<GCONST> 9.260377e+01
<MIXTURE> 85 7.591393e-03
<MEAN> 25
 -3.262657e+00 7.693604e+00 5.699815e+00 1.193455e+00 -3.537126e+00 -5.220228e+00 -2.797794e+00 -6.379434e+00 -3.374032e+00 -3.282971e+00 -8.852554e-01 -1.787171e+00 3.918021e+00 2.802647e-01 1.798697e+00 -2.085303e+00 -3.331246e+00 -2.553163e+00 -2.753883e+00 -2.279701e+00 -2.397319e+00 -1.208791e+00 -2.318797e+00 -6.536352e-01 9.513385e-03
<VARIANCE> 25
 4.187147e+01 2.391397e+01 3.536758e+01 3.740435e+01 3.855742e+01 4.025040e+01 3.213932e+01 2.905122e+01 2.666612e+01 2.558387e+01 3.080436e+01 2.033389e+01 2.638103e+00 4.255449e+00 3.986758e+00 5.020748e+00 4.478728e+00 3.797761e+00 4.270648e+00 3.986147e+00 4.407108e+00 4.005386e+00 3.855668e+00 3.429922e+00 5.302682e-03
<GCONST> 9.849184e+01
<MIXTURE> 86 1.273941e-02
<MEAN> 25
 -4.835535e+00 -9.942421e-01 -8.669797e-01 6.375612e+00 5.145025e+00 4.458324e+00 5.606332e+00 4.426571e+00 4.446566e+00 3.532268e+00 4.788217e+00 2.502890e+00 3.126376e-03 -2.306616e-03 -5.628330e-02 -9.959514e-02 -1.246383e-01 -1.602447e-01 -2.585764e-01 -3.045785e-01 -3.828745e-01 -3.584882e-01 -1.983234e-01 -7.209074e-02 -9.515553e-04
<VARIANCE> 25
 7.586773e+00 5.899679e+00 9.583398e+00 1.161779e+01 1.524247e+01 1.518860e+01 1.388340e+01 1.360059e+01 1.302778e+01 1.637428e+01 1.746568e+01 1.291730e+01 9.677941e-02 1.844186e-01 3.076058e-01 4.867933e-01 6.322561e-01 7.056851e-01 7.112411e-01 7.631533e-01 8.165520e-01 9.364467e-01 8.735222e-01 9.029329e-01 5.290900e-05
<GCONST> 5.823244e+01
<MIXTURE> 87 1.100681e-02
<MEAN> 25
 -3.447671e+00 4.302606e+00 2.465311e+00 7.473589e+00 4.558774e+00 1.764040e+00 3.030919e+00 -2.340001e+00 9.241099e-02 -1.162172e+00 -1.684402e+00 -1.374714e-01 -1.968060e+00 -3.002304e+00 -1.332144e+00 -1.995607e+00 -4.424435e-01 -5.510520e-01 3.699981e-01 9.313100e-01 1.463308e+00 4.317330e-01 8.096886e-01 1.156043e+00 1.108360e-01
<VARIANCE> 25
 2.968310e+01 2.528385e+01 2.520229e+01 2.797049e+01 2.522799e+01 2.624729e+01 2.828602e+01 2.809655e+01 2.507177e+01 1.939825e+01 2.387632e+01 1.881105e+01 3.680466e+00 2.433659e+00 4.418723e+00 3.211476e+00 4.310988e+00 4.115407e+00 3.312093e+00 4.146296e+00 3.170665e+00 3.483535e+00 2.767914e+00 2.259267e+00 5.918912e-03
<GCONST> 9.403979e+01
<MIXTURE> 88 1.256585e-02
<MEAN> 25
 -3.820868e+00 -2.229232e-01 -1.280352e+00 5.871563e+00 4.453271e+00 3.023256e+00 5.682904e+00 2.027946e+00 2.913468e+00 2.150811e+00 1.372579e+00 1.271756e+00 -1.099735e-01 4.549721e-02 1.836293e-01 4.482188e-01 3.571579e-01 1.932872e-01 6.016580e-02 -6.295764e-02 -2.732519e-01 -5.069997e-01 -3.708099e-01 1.140973e-01 -5.116148e-03
<VARIANCE> 25
 6.943170e+00 9.905615e+00 1.437374e+01 1.307331e+01 2.564342e+01 2.169685e+01 1.946156e+01 1.977463e+01 1.461474e+01 1.456738e+01 1.938095e+01 1.736491e+01 1.014580e+00 1.626071e+00 1.673314e+00 1.982980e+00 2.345192e+00 2.373239e+00 2.009646e+00 2.766486e+00 2.100643e+00 2.398955e+00 1.930936e+00 1.922516e+00 1.299678e-03
<GCONST> 8.028310e+01
<MIXTURE> 89 9.333527e-03
<MEAN> 25
 6.125627e+00 -6.835964e+00 -3.543750e+00 -3.004760e+00 -1.646921e+00 -5.664653e+00 -6.066398e+00 4.155152e+00 3.434956e+00 -2.771690e+00 -5.959653e+00 -3.316328e+00 -5.785674e-01 1.529062e-01 2.006714e+00 9.127137e-01 -1.879944e+00 -1.661716e+00 9.264358e-01 1.267516e+00 -8.037549e-01 -1.325701e+00 3.837736e-01 1.543219e+00 -4.804689e-03
<VARIANCE> 25
 9.223017e+00 2.649289e+01 3.085877e+01 3.306208e+01 3.596799e+01 4.197154e+01 5.982151e+01 4.213634e+01 3.902478e+01 4.222953e+01 3.627518e+01 3.237859e+01 3.576851e-01 8.401311e-01 1.491613e+00 1.390041e+00 1.914127e+00 2.181036e+00 2.804088e+00 2.031562e+00 2.275276e+00 2.118210e+00 2.361581e+00 1.463000e+00 3.650555e-04
<GCONST> 8.559402e+01
<MIXTURE> 90 7.114505e-03
<MEAN> 25
 2.441429e+00 -9.718487e+00 -4.746509e+00 -3.969571e+00 -3.379702e+00 -1.809670e+00 3.371241e+00 1.177388e+00 -7.530982e+00 -1.021454e+01 -3.431508e+00 -7.368500e-01 -1.633727e-01 9.086246e-01 1.167239e+00 -8.547670e-01 -1.612413e+00 -2.098875e-01 6.453073e-01 -2.086785e-01 -1.694383e-01 7.360429e-01 1.844564e-01 -5.508443e-01 -1.113771e-02
<VARIANCE> 25
 8.530419e+00 1.779690e+01 1.986211e+01 2.806664e+01 3.681934e+01 3.215865e+01 3.850710e+01 3.638412e+01 3.518288e+01 2.767274e+01 2.698041e+01 2.611614e+01 2.235902e-01 6.123168e-01 7.883691e-01 1.042529e+00 1.468977e+00 1.594233e+00 1.778847e+00 1.654706e+00 1.809192e+00 1.677978e+00 1.496032e+00 1.307737e+00 2.149009e-04
<GCONST> 7.813554e+01
<MIXTURE> 91 7.852945e-03
<MEAN> 25
 6.378939e+00 -7.660785e+00 -8.574401e+00 -5.147150e+00 3.985341e+00 -1.216044e-01 -2.207591e+00 7.431504e-01 7.904253e-01 -2.920243e+00 -4.925464e+00 -5.172607e+00 2.581036e-01 1.006077e+00 1.888579e-01 4.459900e-01 -6.637599e-02 -5.504367e-01 -3.797611e-01 -1.069029e-01 -9.741772e-02 4.630684e-01 -1.203392e-01 2.057952e-01 -3.511374e-02
<VARIANCE> 25
 1.028035e+01 2.263262e+01 1.987539e+01 4.103331e+01 3.511464e+01 5.541888e+01 5.441919e+01 3.963545e+01 5.193703e+01 6.428155e+01 3.835324e+01 4.142454e+01 4.456980e-01 8.925177e-01 1.128390e+00 1.387832e+00 2.192915e+00 2.399567e+00 2.391112e+00 2.389851e+00 2.247388e+00 2.224017e+00 2.008850e+00 1.838830e+00 5.877326e-04
<GCONST> 8.724119e+01
<MIXTURE> 92 7.852945e-03
<MEAN> 25
 6.378939e+00 -7.660785e+00 -8.574401e+00 -5.147150e+00 3.985341e+00 -1.216044e-01 -2.207591e+00 7.431504e-01 7.904253e-01 -2.920243e+00 -4.925464e+00 -5.172607e+00 2.581036e-01 1.006077e+00 1.888579e-01 4.459900e-01 -6.637599e-02 -5.504367e-01 -3.797611e-01 -1.069029e-01 -9.741772e-02 4.630684e-01 -1.203392e-01 2.057952e-01 -3.511374e-02
<VARIANCE> 25
 1.028035e+01 2.263262e+01 1.987539e+01 4.103331e+01 3.511464e+01 5.541888e+01 5.441919e+01 3.963545e+01 5.193703e+01 6.428155e+01 3.835324e+01 4.142454e+01 4.456980e-01 8.925177e-01 1.128390e+00 1.387832e+00 2.192915e+00 2.399567e+00 2.391112e+00 2.389851e+00 2.247388e+00 2.224017e+00 2.008850e+00 1.838830e+00 5.877326e-04
<GCONST> 8.724119e+01
<MIXTURE> 93 6.122769e-03
<MEAN> 25
 -6.746583e+00 -8.219521e-01 -2.397933e+00 5.764070e+00 5.946623e+00 4.021268e+00 6.153269e+00 3.461680e+00 4.092311e+00 2.484850e+00 1.705532e+00 3.537161e+00 -6.142142e-02 -1.485023e-01 -2.524593e-01 -3.292954e-01 -3.375559e-01 -2.787306e-01 -2.050733e-01 -1.620926e-01 -1.722223e-01 -1.586253e-01 -9.644847e-02 -3.067907e-02 -3.414959e-05
<VARIANCE> 25
 9.186145e+00 6.812462e+00 8.111371e+00 1.124701e+01 1.142697e+01 1.629341e+01 1.507999e+01 1.728902e+01 1.462642e+01 1.439772e+01 1.705432e+01 1.446014e+01 8.178997e-02 1.531508e-01 2.624960e-01 3.753090e-01 4.906295e-01 6.392029e-01 7.720379e-01 8.994929e-01 9.397304e-01 8.673558e-01 9.116157e-01 9.092114e-01 1.037747e-06
<GCONST> 5.385228e+01
<MIXTURE> 94 6.122769e-03
<MEAN> 25
 -6.746583e+00 -8.219521e-01 -2.397933e+00 5.764070e+00 5.946623e+00 4.021268e+00 6.153269e+00 3.461680e+00 4.092311e+00 2.484850e+00 1.705532e+00 3.537161e+00 -6.142142e-02 -1.485023e-01 -2.524593e-01 -3.292954e-01 -3.375559e-01 -2.787306e-01 -2.050733e-01 -1.620926e-01 -1.722223e-01 -1.586253e-01 -9.644847e-02 -3.067907e-02 -3.414959e-05
<VARIANCE> 25
 9.186145e+00 6.812462e+00 8.111371e+00 1.124701e+01 1.142697e+01 1.629341e+01 1.507999e+01 1.728902e+01 1.462642e+01 1.439772e+01 1.705432e+01 1.446014e+01 8.178997e-02 1.531508e-01 2.624960e-01 3.753090e-01 4.906295e-01 6.392029e-01 7.720379e-01 8.994929e-01 9.397304e-01 8.673558e-01 9.116157e-01 9.092114e-01 1.037747e-06
<GCONST> 5.385228e+01
<MIXTURE> 95 5.258835e-03
<MEAN> 25
 -5.226514e+00 -3.826663e-02 -2.129207e+00 5.308094e+00 4.723085e+00 2.681457e+00 4.749681e+00 1.694826e+00 1.594756e+00 3.187639e-01 -8.692986e-02 1.243492e+00 6.914757e-02 1.759189e-01 4.087349e-02 -1.481279e-01 -4.078269e-01 -5.900739e-01 -1.046301e+00 -1.422166e+00 -1.314231e+00 -1.005565e+00 -5.863375e-01 -1.887609e-01 -2.012649e-03
<VARIANCE> 25
 9.055340e+00 6.539484e+00 9.921850e+00 1.093592e+01 1.191017e+01 1.589095e+01 1.669113e+01 1.804832e+01 1.367129e+01 1.442345e+01 2.157204e+01 1.819507e+01 2.099314e-01 2.373529e-01 3.988103e-01 5.346591e-01 6.551721e-01 9.604064e-01 8.317057e-01 1.050590e+00 1.004481e+00 1.244709e+00 9.642909e-01 1.264188e+00 4.837126e-05
<GCONST> 6.226477e+01
<MIXTURE> 96 7.034694e-03
<MEAN> 25
 -4.685443e+00 4.882924e-01 -2.322409e+00 4.805069e+00 4.528737e+00 2.590965e+00 4.354399e+00 9.862317e-01 1.988185e+00 8.079762e-01 1.213767e-01 1.870035e+00 -2.106527e-02 9.803700e-02 2.418716e-01 3.756427e-01 4.538082e-01 5.745627e-01 1.906361e-01 -1.969020e-01 -4.543222e-01 -6.020669e-01 -4.912457e-01 -3.251478e-01 -1.050430e-04
<VARIANCE> 25
 9.832761e+00 1.178806e+01 1.084812e+01 1.251438e+01 1.455645e+01 1.893465e+01 1.809099e+01 2.004306e+01 1.791025e+01 1.456923e+01 2.178807e+01 1.673102e+01 1.055550e-01 1.921872e-01 2.927446e-01 3.689755e-01 5.181638e-01 6.251575e-01 7.642024e-01 9.427363e-01 9.808440e-01 8.882388e-01 8.800804e-01 8.413308e-01 9.612741e-07
<GCONST> 5.671408e+01
<MIXTURE> 97 7.034694e-03
<MEAN> 25
 -4.685443e+00 4.882924e-01 -2.322409e+00 4.805069e+00 4.528737e+00 2.590965e+00 4.354399e+00 9.862317e-01 1.988185e+00 8.079762e-01 1.213767e-01 1.870035e+00 -2.106527e-02 9.803700e-02 2.418716e-01 3.756427e-01 4.538082e-01 5.745627e-01 1.906361e-01 -1.969020e-01 -4.543222e-01 -6.020669e-01 -4.912457e-01 -3.251478e-01 -1.050430e-04
<VARIANCE> 25
 9.832761e+00 1.178806e+01 1.084812e+01 1.251438e+01 1.455645e+01 1.893465e+01 1.809099e+01 2.004306e+01 1.791025e+01 1.456923e+01 2.178807e+01 1.673102e+01 1.055550e-01 1.921872e-01 2.927446e-01 3.689755e-01 5.181638e-01 6.251575e-01 7.642024e-01 9.427363e-01 9.808440e-01 8.882388e-01 8.800804e-01 8.413308e-01 9.612741e-07
<GCONST> 5.671408e+01
<MIXTURE> 98 9.917808e-03
<MEAN> 25
 -1.486692e+00 1.087242e+00 -4.014656e-02 4.533893e+00 3.120969e+00 2.341049e+00 3.446777e+00 1.423531e+00 1.311805e+00 9.423563e-01 5.875624e-01 9.146522e-01 -1.724932e+00 -1.523013e+00 -9.433402e-01 2.594558e-01 7.395664e-01 7.177923e-01 1.146997e+00 1.379069e+00 1.661422e+00 9.462111e-01 1.131312e+00 1.023300e+00 -3.203752e-02
<VARIANCE> 25
 1.322707e+01 1.894797e+01 2.963399e+01 3.054918e+01 4.367244e+01 3.562135e+01 3.090518e+01 3.051558e+01 2.683527e+01 2.790691e+01 2.488084e+01 2.225116e+01 1.337675e+00 1.453973e+00 2.248247e+00 2.447901e+00 2.794007e+00 2.858539e+00 2.810948e+00 2.660241e+00 2.470918e+00 3.219485e+00 2.962402e+00 2.028774e+00 2.303872e-03
<GCONST> 8.966746e+01
<MIXTURE> 99 6.696178e-03
<MEAN> 25
 -6.840694e+00 1.010422e+01 4.667841e+00 4.921253e+00 1.553158e+00 -4.602888e+00 -1.141303e+00 -5.112812e+00 -1.951763e+00 -3.845678e+00 -1.531109e+00 6.669863e-01 5.107532e-01 -7.770600e-01 3.644183e-01 -4.445893e-01 -9.964775e-01 -2.765650e-01 -2.586519e-01 -1.531008e-01 -5.206058e-02 -5.342013e-02 2.176412e-01 1.428945e-01 4.628560e-03
<VARIANCE> 25
 3.555083e+01 2.291412e+01 6.208598e+01 3.617952e+01 3.435521e+01 3.757097e+01 2.607409e+01 2.985447e+01 3.611297e+01 2.612069e+01 1.937622e+01 2.751826e+01 2.055333e+00 2.488272e+00 1.350075e+00 1.840014e+00 2.471647e+00 2.107326e+00 1.438751e+00 1.564663e+00 1.448011e+00 1.560970e+00 1.177550e+00 1.374082e+00 1.798136e-03
<GCONST> 8.729462e+01
<MIXTURE> 100 4.498084e-03
<MEAN> 25
 -1.924645e+00 5.464806e+00 9.631757e+00 -7.075474e+00 -1.007804e+01 -5.133126e+00 -4.059604e+00 -1.023665e+01 -4.254241e+00 -1.404206e+00 -3.988567e+00 -2.745018e+00 2.925153e+00 -1.338912e+00 1.410562e+00 -2.197552e+00 -3.060723e+00 -1.097371e+00 -9.139568e-01 -6.190490e-01 -2.157846e+00 4.140672e-01 -1.754093e+00 -3.660505e-01 6.652575e-03
<VARIANCE> 25
 1.398971e+01 2.290187e+01 2.179916e+01 2.440632e+01 2.274985e+01 2.178294e+01 2.971121e+01 1.984221e+01 2.592610e+01 2.148633e+01 2.860436e+01 2.059979e+01 1.562217e+00 3.523597e+00 2.692803e+00 3.727180e+00 4.343162e+00 4.700872e+00 4.011092e+00 4.112009e+00 6.244158e+00 3.414408e+00 3.478736e+00 2.929530e+00 1.611866e-03
<GCONST> 9.206165e+01
<MIXTURE> 101 6.007792e-03
<MEAN> 25
 8.429877e+00 -3.670829e+00 -5.683405e+00 -6.700594e+00 1.453823e+00 -1.376915e+00 -1.141713e+01 -1.717702e+00 6.848252e-01 3.295086e+00 -1.368633e+00 -5.488010e+00 6.533388e-01 6.118080e-01 -1.471663e+00 -1.802519e+00 1.048934e+00 2.436480e+00 2.008932e-01 -1.501253e+00 -8.707447e-01 1.261575e+00 1.364466e+00 -3.272449e-01 -3.034762e-03
<VARIANCE> 25
 9.263775e+00 1.536862e+01 3.015194e+01 3.944482e+01 3.568411e+01 3.268430e+01 3.922330e+01 3.373396e+01 4.135371e+01 4.257428e+01 5.567099e+01 2.326577e+01 2.747362e-01 6.237931e-01 1.101032e+00 1.710456e+00 1.647998e+00 2.020694e+00 1.957135e+00 1.820887e+00 2.430245e+00 2.613388e+00 1.665525e+00 2.022365e+00 3.498630e-04
<GCONST> 8.332375e+01
<MIXTURE> 102 6.007792e-03
<MEAN> 25
 8.429877e+00 -3.670829e+00 -5.683405e+00 -6.700594e+00 1.453823e+00 -1.376915e+00 -1.141713e+01 -1.717702e+00 6.848252e-01 3.295086e+00 -1.368633e+00 -5.488010e+00 6.533388e-01 6.118080e-01 -1.471663e+00 -1.802519e+00 1.048934e+00 2.436480e+00 2.008932e-01 -1.501253e+00 -8.707447e-01 1.261575e+00 1.364466e+00 -3.272449e-01 -3.034762e-03
<VARIANCE> 25
 9.263775e+00 1.536862e+01 3.015194e+01 3.944482e+01 3.568411e+01 3.268430e+01 3.922330e+01 3.373396e+01 4.135371e+01 4.257428e+01 5.567099e+01 2.326577e+01 2.747362e-01 6.237931e-01 1.101032e+00 1.710456e+00 1.647998e+00 2.020694e+00 1.957135e+00 1.820887e+00 2.430245e+00 2.613388e+00 1.665525e+00 2.022365e+00 3.498630e-04
<GCONST> 8.332375e+01
<MIXTURE> 103 5.694618e-03
<MEAN> 25
 3.125735e+00 -9.487567e+00 -6.069330e+00 -2.818137e+00 -1.093673e+00 -1.958180e+00 2.335176e+00 2.769294e+00 -4.332170e+00 -9.245699e+00 -4.978509e+00 2.863161e-01 -1.267110e-01 -1.467645e+00 -9.922556e-01 4.125826e-01 1.256957e+00 1.002159e+00 2.006804e-01 -2.448115e-01 -7.408347e-01 -9.957220e-01 -6.004846e-02 1.339574e-01 2.598898e-02
<VARIANCE> 25
 1.199697e+01 1.989438e+01 2.244925e+01 3.325431e+01 4.875241e+01 3.404025e+01 4.555511e+01 3.791375e+01 4.360660e+01 2.863494e+01 2.945383e+01 2.588717e+01 6.611053e-01 1.233370e+00 1.501647e+00 1.931535e+00 2.906719e+00 2.354685e+00 2.869653e+00 2.523062e+00 2.545552e+00 2.535419e+00 2.058612e+00 1.966906e+00 8.154738e-04
<GCONST> 8.758775e+01
<MIXTURE> 104 5.694618e-03
<MEAN> 25
 3.125735e+00 -9.487567e+00 -6.069330e+00 -2.818137e+00 -1.093673e+00 -1.958180e+00 2.335176e+00 2.769294e+00 -4.332170e+00 -9.245699e+00 -4.978509e+00 2.863161e-01 -1.267110e-01 -1.467645e+00 -9.922556e-01 4.125826e-01 1.256957e+00 1.002159e+00 2.006804e-01 -2.448115e-01 -7.408347e-01 -9.957220e-01 -6.004846e-02 1.339574e-01 2.598898e-02
<VARIANCE> 25
 1.199697e+01 1.989438e+01 2.244925e+01 3.325431e+01 4.875241e+01 3.404025e+01 4.555511e+01 3.791375e+01 4.360660e+01 2.863494e+01 2.945383e+01 2.588717e+01 6.611053e-01 1.233370e+00 1.501647e+00 1.931535e+00 2.906719e+00 2.354685e+00 2.869653e+00 2.523062e+00 2.545552e+00 2.535419e+00 2.058612e+00 1.966906e+00 8.154738e-04
<GCONST> 8.758775e+01
<MIXTURE> 105 4.710235e-03
<MEAN> 25
 2.356714e+00 -2.469258e+00 9.757202e+00 -2.977831e+00 -1.134980e+01 -5.020303e+00 -4.515293e+00 8.124992e-02 -3.981082e+00 -2.978667e+00 1.548757e+00 -4.112218e-01 -5.322716e-03 5.253826e-02 2.625559e-02 -1.316811e-01 4.910808e-02 5.314632e-02 7.513759e-03 1.243275e-01 -8.815431e-03 3.951120e-02 4.002616e-02 -8.325312e-02 -3.124651e-03
<VARIANCE> 25
 1.189255e+01 3.650377e+01 3.889050e+01 4.050422e+01 3.401869e+01 4.753695e+01 3.810705e+01 4.285236e+01 4.424515e+01 3.899372e+01 3.863128e+01 3.286692e+01 8.261110e-02 1.923900e-01 3.220984e-01 3.650603e-01 4.597017e-01 4.070185e-01 4.644558e-01 4.696815e-01 5.471646e-01 3.948605e-01 3.929751e-01 3.777826e-01 8.700691e-05
<GCONST> 6.649837e+01
<MIXTURE> 106 4.710235e-03
<MEAN> 25
 2.356714e+00 -2.469258e+00 9.757202e+00 -2.977831e+00 -1.134980e+01 -5.020303e+00 -4.515293e+00 8.124992e-02 -3.981082e+00 -2.978667e+00 1.548757e+00 -4.112218e-01 -5.322716e-03 5.253826e-02 2.625559e-02 -1.316811e-01 4.910808e-02 5.314632e-02 7.513759e-03 1.243275e-01 -8.815431e-03 3.951120e-02 4.002616e-02 -8.325312e-02 -3.124651e-03
<VARIANCE> 25
 1.189255e+01 3.650377e+01 3.889050e+01 4.050422e+01 3.401869e+01 4.753695e+01 3.810705e+01 4.285236e+01 4.424515e+01 3.899372e+01 3.863128e+01 3.286692e+01 8.261110e-02 1.923900e-01 3.220984e-01 3.650603e-01 4.597017e-01 4.070185e-01 4.644558e-01 4.696815e-01 5.471646e-01 3.948605e-01 3.929751e-01 3.777826e-01 8.700691e-05
<GCONST> 6.649837e+01
<MIXTURE> 107 5.452374e-03
<MEAN> 25
 8.765990e+00 -2.339278e+00 -7.835475e+00 -9.459177e+00 1.883324e+00 3.362624e+00 -9.425839e+00 -4.398568e+00 -1.249172e+00 3.535897e+00 1.340071e+00 -5.103781e+00 -5.628393e-01 -8.947861e-01 8.108000e-01 2.077995e+00 1.504419e-01 -2.207669e+00 -8.513156e-01 8.912364e-01 1.894505e+00 1.057968e-01 -1.620136e+00 -9.218678e-01 -2.461221e-03
<VARIANCE> 25
 9.016545e+00 1.953134e+01 2.756913e+01 4.114421e+01 3.415294e+01 3.930532e+01 5.952400e+01 3.477077e+01 4.569271e+01 3.999803e+01 5.270893e+01 2.907144e+01 3.797970e-01 1.238481e+00 1.416715e+00 4.101608e+00 2.279074e+00 3.575243e+00 2.619818e+00 2.499009e+00 2.480278e+00 2.933477e+00 1.868955e+00 2.362165e+00 6.795041e-04
<GCONST> 8.899211e+01
<MIXTURE> 108 5.452374e-03
<MEAN> 25
 8.765990e+00 -2.339278e+00 -7.835475e+00 -9.459177e+00 1.883324e+00 3.362624e+00 -9.425839e+00 -4.398568e+00 -1.249172e+00 3.535897e+00 1.340071e+00 -5.103781e+00 -5.628393e-01 -8.947861e-01 8.108000e-01 2.077995e+00 1.504419e-01 -2.207669e+00 -8.513156e-01 8.912364e-01 1.894505e+00 1.057968e-01 -1.620136e+00 -9.218678e-01 -2.461221e-03
<VARIANCE> 25
 9.016545e+00 1.953134e+01 2.756913e+01 4.114421e+01 3.415294e+01 3.930532e+01 5.952400e+01 3.477077e+01 4.569271e+01 3.999803e+01 5.270893e+01 2.907144e+01 3.797970e-01 1.238481e+00 1.416715e+00 4.101608e+00 2.279074e+00 3.575243e+00 2.619818e+00 2.499009e+00 2.480278e+00 2.933477e+00 1.868955e+00 2.362165e+00 6.795041e-04
<GCONST> 8.899211e+01
<MIXTURE> 109 6.661064e-03
<MEAN> 25
 4.061930e+00 -1.055300e+01 -8.302813e+00 -1.335570e+00 2.770139e+00 -4.550073e-02 -7.113495e-02 1.475502e+00 -2.552765e+00 -8.378941e+00 -5.377754e+00 6.829049e-02 -3.066783e-02 -1.325125e-01 -3.460836e-02 2.526996e-01 1.989452e-01 1.178844e-01 -1.245909e-01 -1.082167e-01 -4.015421e-02 -1.301648e-01 2.184546e-01 1.373282e-02 -3.519235e-03
<VARIANCE> 25
 9.232532e+00 1.816528e+01 1.996939e+01 3.157942e+01 4.083141e+01 3.669781e+01 4.654258e+01 3.448053e+01 4.612696e+01 3.518377e+01 2.954837e+01 2.813049e+01 1.954607e-01 4.221720e-01 5.388603e-01 6.357647e-01 1.232276e+00 9.938861e-01 1.258906e+00 1.095343e+00 1.115293e+00 9.623873e-01 8.782080e-01 8.858023e-01 1.816646e-04
<GCONST> 7.448804e+01
<MIXTURE> 110 6.661064e-03
<MEAN> 25
 4.061930e+00 -1.055300e+01 -8.302813e+00 -1.335570e+00 2.770139e+00 -4.550073e-02 -7.113495e-02 1.475502e+00 -2.552765e+00 -8.378941e+00 -5.377754e+00 6.829049e-02 -3.066783e-02 -1.325125e-01 -3.460836e-02 2.526996e-01 1.989452e-01 1.178844e-01 -1.245909e-01 -1.082167e-01 -4.015421e-02 -1.301648e-01 2.184546e-01 1.373282e-02 -3.519235e-03
<VARIANCE> 25
 9.232532e+00 1.816528e+01 1.996939e+01 3.157942e+01 4.083141e+01 3.669781e+01 4.654258e+01 3.448053e+01 4.612696e+01 3.518377e+01 2.954837e+01 2.813049e+01 1.954607e-01 4.221720e-01 5.388603e-01 6.357647e-01 1.232276e+00 9.938861e-01 1.258906e+00 1.095343e+00 1.115293e+00 9.623873e-01 8.782080e-01 8.858023e-01 1.816646e-04
<GCONST> 7.448804e+01
<MIXTURE> 111 4.337247e-03
<MEAN> 25
 -4.348454e+00 -5.781109e-01 -1.854453e+00 1.941372e+00 1.400224e+00 1.087377e+00 7.873173e-01 -1.958674e-01 1.139409e-01 -5.382475e-01 -1.070468e+00 1.448425e+00 -3.890050e-02 -1.864384e-02 -7.810190e-02 -1.427744e-01 -5.994410e-02 3.834906e-02 6.212864e-02 -8.223833e-02 -1.604197e-01 -2.199775e-01 -1.651084e-01 -5.895350e-02 -5.869605e-05
<VARIANCE> 25
 6.426075e+00 6.191177e+00 1.012996e+01 9.085670e+00 1.396926e+01 2.187552e+01 1.593137e+01 1.433467e+01 1.123236e+01 1.194893e+01 1.438976e+01 1.336438e+01 8.524661e-02 1.525842e-01 2.581730e-01 4.756993e-01 5.630966e-01 7.200320e-01 7.805532e-01 8.994496e-01 8.576431e-01 9.347648e-01 8.235689e-01 9.274904e-01 2.405419e-05
<GCONST> 5.664294e+01
<MIXTURE> 112 4.337247e-03
<MEAN> 25
 -4.348454e+00 -5.781109e-01 -1.854453e+00 1.941372e+00 1.400224e+00 1.087377e+00 7.873173e-01 -1.958674e-01 1.139409e-01 -5.382475e-01 -1.070468e+00 1.448425e+00 -3.890050e-02 -1.864384e-02 -7.810190e-02 -1.427744e-01 -5.994410e-02 3.834906e-02 6.212864e-02 -8.223833e-02 -1.604197e-01 -2.199775e-01 -1.651084e-01 -5.895350e-02 -5.869605e-05
<VARIANCE> 25
 6.426075e+00 6.191177e+00 1.012996e+01 9.085670e+00 1.396926e+01 2.187552e+01 1.593137e+01 1.433467e+01 1.123236e+01 1.194893e+01 1.438976e+01 1.336438e+01 8.524661e-02 1.525842e-01 2.581730e-01 4.756993e-01 5.630966e-01 7.200320e-01 7.805532e-01 8.994496e-01 8.576431e-01 9.347648e-01 8.235689e-01 9.274904e-01 2.405419e-05
<GCONST> 5.664294e+01
<MIXTURE> 113 5.938666e-03
<MEAN> 25
 1.003466e+01 2.056812e+00 -8.641328e+00 -1.698036e+01 -1.282197e+00 5.333193e+00 -5.267722e+00 -1.084806e+00 -5.408358e+00 -2.728294e-01 5.453187e-01 -2.304761e-01 1.028721e-02 -3.988539e-02 -4.715644e-02 -8.131103e-02 1.017993e-01 1.247610e-01 6.786264e-02 2.107744e-02 -8.233137e-02 -4.550796e-02 1.695041e-01 4.155030e-02 -1.106088e-03
<VARIANCE> 25
 8.660231e+00 1.842587e+01 2.922460e+01 3.335472e+01 5.264430e+01 3.610740e+01 3.842400e+01 4.182538e+01 3.838706e+01 4.632498e+01 3.680186e+01 2.756686e+01 1.195502e-01 4.084090e-01 3.138527e-01 6.479813e-01 5.986631e-01 6.859068e-01 7.591954e-01 8.275025e-01 9.634626e-01 9.040462e-01 7.083263e-01 6.984421e-01 1.290019e-04
<GCONST> 7.147477e+01
<MIXTURE> 114 5.938666e-03
<MEAN> 25
 1.003466e+01 2.056812e+00 -8.641328e+00 -1.698036e+01 -1.282197e+00 5.333193e+00 -5.267722e+00 -1.084806e+00 -5.408358e+00 -2.728294e-01 5.453187e-01 -2.304761e-01 1.028721e-02 -3.988539e-02 -4.715644e-02 -8.131103e-02 1.017993e-01 1.247610e-01 6.786264e-02 2.107744e-02 -8.233137e-02 -4.550796e-02 1.695041e-01 4.155030e-02 -1.106088e-03
<VARIANCE> 25
 8.660231e+00 1.842587e+01 2.922460e+01 3.335472e+01 5.264430e+01 3.610740e+01 3.842400e+01 4.182538e+01 3.838706e+01 4.632498e+01 3.680186e+01 2.756686e+01 1.195502e-01 4.084090e-01 3.138527e-01 6.479813e-01 5.986631e-01 6.859068e-01 7.591954e-01 8.275025e-01 9.634626e-01 9.040462e-01 7.083263e-01 6.984421e-01 1.290019e-04
<GCONST> 7.147477e+01
<MIXTURE> 115 2.935202e-03
<MEAN> 25
 -4.016663e+00 -7.155960e-01 -3.008414e+00 3.670497e+00 2.460213e+00 -2.851155e-01 2.403492e+00 3.138649e-01 1.257060e+00 -1.488570e-01 -9.504127e-02 2.574650e+00 3.364584e-02 -5.849613e-02 -2.325853e-01 -4.573621e-01 -6.420832e-01 -6.251735e-01 -5.506751e-01 -4.602674e-01 -4.730572e-01 -4.548313e-01 -3.168854e-01 -1.816600e-01 -7.019712e-06
<VARIANCE> 25
 9.022919e+00 1.050415e+01 1.379196e+01 1.234004e+01 1.349433e+01 1.787973e+01 1.751935e+01 2.060261e+01 1.829329e+01 1.767437e+01 1.930661e+01 1.489726e+01 1.986621e-01 3.417594e-01 4.782251e-01 5.712792e-01 6.201617e-01 8.804882e-01 1.036616e+00 1.183042e+00 1.085703e+00 9.699235e-01 1.062953e+00 1.052907e+00 1.014033e-06
<GCONST> 6.042471e+01
<MIXTURE> 116 2.935202e-03
<MEAN> 25
 -4.016663e+00 -7.155960e-01 -3.008414e+00 3.670497e+00 2.460213e+00 -2.851155e-01 2.403492e+00 3.138649e-01 1.257060e+00 -1.488570e-01 -9.504127e-02 2.574650e+00 3.364584e-02 -5.849613e-02 -2.325853e-01 -4.573621e-01 -6.420832e-01 -6.251735e-01 -5.506751e-01 -4.602674e-01 -4.730572e-01 -4.548313e-01 -3.168854e-01 -1.816600e-01 -7.019712e-06
<VARIANCE> 25
 9.022919e+00 1.050415e+01 1.379196e+01 1.234004e+01 1.349433e+01 1.787973e+01 1.751935e+01 2.060261e+01 1.829329e+01 1.767437e+01 1.930661e+01 1.489726e+01 1.986621e-01 3.417594e-01 4.782251e-01 5.712792e-01 6.201617e-01 8.804882e-01 1.036616e+00 1.183042e+00 1.085703e+00 9.699235e-01 1.062953e+00 1.052907e+00 1.014033e-06
<GCONST> 6.042471e+01
<MIXTURE> 117 6.506003e-03
<MEAN> 25
 -4.635250e+00 1.164163e+00 1.037516e+00 9.715816e+00 6.295559e+00 6.310770e+00 6.466256e+00 4.934859e+00 6.358855e+00 4.911013e+00 6.271630e+00 2.634764e+00 -7.447365e-02 -2.281329e-01 -3.545464e-01 -4.159471e-01 -3.711225e-01 -3.003009e-01 -2.802125e-01 -3.308980e-01 -3.993620e-01 -3.706272e-01 -2.493039e-01 -1.161771e-01 -2.139806e-05
<VARIANCE> 25
 7.121461e+00 8.857688e+00 9.744620e+00 1.433066e+01 1.557527e+01 1.547967e+01 1.754885e+01 1.892427e+01 1.632642e+01 1.624894e+01 1.741182e+01 1.512023e+01 2.147719e-01 3.085515e-01 4.241287e-01 6.130323e-01 8.468053e-01 1.046351e+00 1.171869e+00 1.224849e+00 1.227299e+00 1.184071e+00 1.186295e+00 1.102557e+00 1.009464e-06
<GCONST> 6.049059e+01
<MIXTURE> 118 6.506003e-03
<MEAN> 25
 -4.635250e+00 1.164163e+00 1.037516e+00 9.715816e+00 6.295559e+00 6.310770e+00 6.466256e+00 4.934859e+00 6.358855e+00 4.911013e+00 6.271630e+00 2.634764e+00 -7.447365e-02 -2.281329e-01 -3.545464e-01 -4.159471e-01 -3.711225e-01 -3.003009e-01 -2.802125e-01 -3.308980e-01 -3.993620e-01 -3.706272e-01 -2.493039e-01 -1.161771e-01 -2.139806e-05
<VARIANCE> 25
 7.121461e+00 8.857688e+00 9.744620e+00 1.433066e+01 1.557527e+01 1.547967e+01 1.754885e+01 1.892427e+01 1.632642e+01 1.624894e+01 1.741182e+01 1.512023e+01 2.147719e-01 3.085515e-01 4.241287e-01 6.130323e-01 8.468053e-01 1.046351e+00 1.171869e+00 1.224849e+00 1.227299e+00 1.184071e+00 1.186295e+00 1.102557e+00 1.009464e-06
<GCONST> 6.049059e+01
<MIXTURE> 119 4.297961e-03
<MEAN> 25
 -5.013394e+00 -7.620952e+00 2.119700e+00 2.134728e+00 2.129665e+00 1.945948e-01 4.958140e+00 5.801897e+00 1.219975e+00 7.976323e-01 6.388629e+00 1.586515e+00 -5.139358e-02 -8.091537e-02 8.434142e-03 -4.796636e-02 -1.047596e-01 -2.033389e-01 -6.380999e-02 2.856370e-02 -4.705561e-02 -1.093880e-01 -6.114061e-02 -8.233880e-02 1.008625e-03
<VARIANCE> 25
 8.327902e+00 9.997959e+00 1.632132e+01 1.964863e+01 2.226471e+01 2.230490e+01 2.822815e+01 2.653135e+01 2.468487e+01 2.748827e+01 2.078479e+01 1.972083e+01 1.580430e-01 2.784058e-01 4.632430e-01 6.150478e-01 7.912553e-01 1.046443e+00 1.072117e+00 1.289071e+00 1.326394e+00 1.227309e+00 1.157862e+00 1.111476e+00 2.372216e-04
<GCONST> 6.965044e+01
<MIXTURE> 120 4.297961e-03
<MEAN> 25
 -5.013394e+00 -7.620952e+00 2.119700e+00 2.134728e+00 2.129665e+00 1.945948e-01 4.958140e+00 5.801897e+00 1.219975e+00 7.976323e-01 6.388629e+00 1.586515e+00 -5.139358e-02 -8.091537e-02 8.434142e-03 -4.796636e-02 -1.047596e-01 -2.033389e-01 -6.380999e-02 2.856370e-02 -4.705561e-02 -1.093880e-01 -6.114061e-02 -8.233880e-02 1.008625e-03
<VARIANCE> 25
 8.327902e+00 9.997959e+00 1.632132e+01 1.964863e+01 2.226471e+01 2.230490e+01 2.822815e+01 2.653135e+01 2.468487e+01 2.748827e+01 2.078479e+01 1.972083e+01 1.580430e-01 2.784058e-01 4.632430e-01 6.150478e-01 7.912553e-01 1.046443e+00 1.072117e+00 1.289071e+00 1.326394e+00 1.227309e+00 1.157862e+00 1.111476e+00 2.372216e-04
<GCONST> 6.965044e+01
<MIXTURE> 121 4.567511e-03
<MEAN> 25
 2.078222e-01 -2.516814e+00 5.153239e+00 -1.288424e+01 -1.264307e+01 -1.667044e+00 1.006556e+00 -5.105789e+00 -4.199695e+00 -4.820436e-01 -5.499815e+00 -4.310663e+00 2.370477e-02 1.321396e-01 -4.212767e-02 7.996222e-02 1.611398e-01 7.867230e-02 -7.888438e-02 -1.834780e-01 -2.684382e-01 -2.583832e-01 -1.156871e-01 1.207299e-03 -7.465021e-03
<VARIANCE> 25
 7.723368e+00 1.563748e+01 1.726150e+01 2.061384e+01 2.439561e+01 2.921643e+01 2.956206e+01 2.456405e+01 3.525960e+01 2.835529e+01 1.977286e+01 2.116205e+01 1.550199e-01 6.423521e-01 6.227721e-01 7.046217e-01 7.768794e-01 1.148640e+00 1.117743e+00 1.120084e+00 1.217623e+00 1.191592e+00 9.419716e-01 8.711042e-01 2.113279e-04
<GCONST> 7.140892e+01
<MIXTURE> 122 4.567511e-03
<MEAN> 25
 2.078222e-01 -2.516814e+00 5.153239e+00 -1.288424e+01 -1.264307e+01 -1.667044e+00 1.006556e+00 -5.105789e+00 -4.199695e+00 -4.820436e-01 -5.499815e+00 -4.310663e+00 2.370477e-02 1.321396e-01 -4.212767e-02 7.996222e-02 1.611398e-01 7.867230e-02 -7.888438e-02 -1.834780e-01 -2.684382e-01 -2.583832e-01 -1.156871e-01 1.207299e-03 -7.465021e-03
<VARIANCE> 25
 7.723368e+00 1.563748e+01 1.726150e+01 2.061384e+01 2.439561e+01 2.921643e+01 2.956206e+01 2.456405e+01 3.525960e+01 2.835529e+01 1.977286e+01 2.116205e+01 1.550199e-01 6.423521e-01 6.227721e-01 7.046217e-01 7.768794e-01 1.148640e+00 1.117743e+00 1.120084e+00 1.217623e+00 1.191592e+00 9.419716e-01 8.711042e-01 2.113279e-04
<GCONST> 7.140892e+01
<MIXTURE> 123 4.393044e-03
<MEAN> 25
 -3.610504e+00 1.868801e+00 -4.520602e-01 5.921317e+00 5.165446e+00 4.276810e+00 4.917972e+00 -1.509698e+00 -7.973263e-02 1.330390e-01 -1.379434e+00 -1.017860e+00 -3.081368e-01 -4.434442e-01 -6.663016e-01 -5.820621e-01 -1.904345e-01 -2.437834e-01 2.675124e-01 6.905431e-01 7.226298e-01 6.434397e-01 6.478012e-01 3.582083e-01 -3.048614e-03
<VARIANCE> 25
 6.988831e+00 9.285004e+00 1.190816e+01 1.266097e+01 2.009842e+01 2.043846e+01 1.827781e+01 1.760026e+01 1.435374e+01 1.658831e+01 1.869717e+01 1.956122e+01 2.986105e-01 4.228010e-01 4.773202e-01 7.599347e-01 9.638252e-01 1.281022e+00 9.699965e-01 1.320697e+00 9.406066e-01 1.294051e+00 1.116596e+00 1.160433e+00 9.192726e-05
<GCONST> 6.683774e+01
<MIXTURE> 124 4.069876e-03
<MEAN> 25
 -6.255844e+00 -7.085771e-01 -2.953282e+00 4.979157e+00 5.075952e+00 3.420820e+00 5.593867e+00 2.181342e+00 3.027356e+00 1.207921e+00 7.470205e-01 2.555840e+00 -1.786550e-01 -2.768884e-01 -3.469069e-01 -2.503779e-01 1.029087e-01 4.834813e-01 7.975462e-01 8.848967e-01 6.594460e-01 2.916652e-01 4.887416e-02 3.298354e-03 -1.105868e-04
<VARIANCE> 25
 1.096458e+01 9.137673e+00 1.054498e+01 1.177463e+01 1.184355e+01 1.873800e+01 1.501967e+01 1.757201e+01 1.490373e+01 1.594139e+01 1.925967e+01 1.589638e+01 1.069413e-01 1.797123e-01 2.623635e-01 4.299831e-01 5.797606e-01 7.229390e-01 7.127435e-01 8.178262e-01 9.144443e-01 9.654700e-01 9.802070e-01 9.580489e-01 1.857626e-05
<GCONST> 5.892398e+01
<MIXTURE> 125 4.069876e-03
<MEAN> 25
 -6.255844e+00 -7.085771e-01 -2.953282e+00 4.979157e+00 5.075952e+00 3.420820e+00 5.593867e+00 2.181342e+00 3.027356e+00 1.207921e+00 7.470205e-01 2.555840e+00 -1.786550e-01 -2.768884e-01 -3.469069e-01 -2.503779e-01 1.029087e-01 4.834813e-01 7.975462e-01 8.848967e-01 6.594460e-01 2.916652e-01 4.887416e-02 3.298354e-03 -1.105868e-04
<VARIANCE> 25
 1.096458e+01 9.137673e+00 1.054498e+01 1.177463e+01 1.184355e+01 1.873800e+01 1.501967e+01 1.757201e+01 1.490373e+01 1.594139e+01 1.925967e+01 1.589638e+01 1.069413e-01 1.797123e-01 2.623635e-01 4.299831e-01 5.797606e-01 7.229390e-01 7.127435e-01 8.178262e-01 9.144443e-01 9.654700e-01 9.802070e-01 9.580489e-01 1.857626e-05
<GCONST> 5.892398e+01
<MIXTURE> 126 2.402244e-03
<MEAN> 25
 -4.089880e+00 -7.623600e+00 -5.158435e+00 3.226490e+00 4.436625e+00 -3.342632e+00 -8.806126e-01 4.143997e+00 3.754450e+00 -3.350559e+00 -1.238156e+00 3.088267e+00 9.608264e-02 -2.600147e-02 -1.185037e-01 -6.940222e-02 -2.256063e-01 -4.887529e-01 -2.808508e-01 -1.280018e-01 -3.685214e-02 1.231740e-01 -1.148151e-01 -1.003405e-01 -1.759854e-03
<VARIANCE> 25
 7.650191e+00 1.218089e+01 1.258014e+01 1.611990e+01 2.330989e+01 2.239291e+01 2.371468e+01 2.650073e+01 2.716627e+01 2.448272e+01 1.899168e+01 1.609894e+01 2.263841e-01 3.025316e-01 4.330684e-01 5.497192e-01 7.067702e-01 9.286297e-01 1.007673e+00 1.366725e+00 1.172216e+00 1.825690e+00 1.065929e+00 1.153619e+00 2.044160e-04
<GCONST> 6.897222e+01
<MIXTURE> 127 2.402244e-03
<MEAN> 25
 -4.089880e+00 -7.623600e+00 -5.158435e+00 3.226490e+00 4.436625e+00 -3.342632e+00 -8.806126e-01 4.143997e+00 3.754450e+00 -3.350559e+00 -1.238156e+00 3.088267e+00 9.608264e-02 -2.600147e-02 -1.185037e-01 -6.940222e-02 -2.256063e-01 -4.887529e-01 -2.808508e-01 -1.280018e-01 -3.685214e-02 1.231740e-01 -1.148151e-01 -1.003405e-01 -1.759854e-03
<VARIANCE> 25
 7.650191e+00 1.218089e+01 1.258014e+01 1.611990e+01 2.330989e+01 2.239291e+01 2.371468e+01 2.650073e+01 2.716627e+01 2.448272e+01 1.899168e+01 1.609894e+01 2.263841e-01 3.025316e-01 4.330684e-01 5.497192e-01 7.067702e-01 9.286297e-01 1.007673e+00 1.366725e+00 1.172216e+00 1.825690e+00 1.065929e+00 1.153619e+00 2.044160e-04
<GCONST> 6.897222e+01
<MIXTURE> 128 3.790457e-03
<MEAN> 25
 -3.930267e+00 1.545886e+00 -3.414060e-01 6.572005e+00 3.623039e+00 1.865308e+00 3.585859e+00 2.357925e+00 3.955424e+00 3.689593e+00 3.754007e+00 3.513944e+00 -3.948828e-01 -1.979049e-01 9.880766e-02 7.235689e-01 1.181416e+00 1.135387e+00 7.169990e-01 1.319042e-01 -4.376827e-01 -7.871609e-01 -7.005280e-01 -3.941254e-01 -3.677983e-05
<VARIANCE> 25
 1.019459e+01 1.173481e+01 1.497782e+01 1.929316e+01 2.003933e+01 2.117136e+01 2.429007e+01 2.473518e+01 2.643316e+01 2.392027e+01 2.689906e+01 1.824865e+01 8.913309e-01 1.152272e+00 1.363744e+00 1.506471e+00 1.583337e+00 1.860425e+00 2.245881e+00 2.322837e+00 2.147511e+00 1.855301e+00 1.744736e+00 1.745935e+00 1.000424e-06
<GCONST> 7.365193e+01
<TRANSP> 3
 0.000000e+00 1.000000e+00 0.000000e+00
 0.000000e+00 9.999990e-01 9.999998e-07
 0.000000e+00 0.000000e+00 0.000000e+00
<ENDHMM>
