~o
<STREAMINFO> 1 25
<VECSIZE> 25<NULLD><MFCC_E_D_N><DIAGC>
~h "jmodel"
<BEGINHMM>
<NUMSTATES> 3
<STATE> 2
<NUMMIXES> 128
<MIXTURE> 1 5.748963e-03
<MEAN> 25
 -2.527698e+00 3.181583e+00 2.321459e+00 8.700479e+00 4.262267e+00 3.414397e+00 4.051302e+00 3.874693e+00 5.803966e+00 5.202610e+00 5.964427e+00 3.057307e+00 -2.009082e+00 -1.596397e+00 -8.716858e-01 1.059017e+00 1.550453e+00 2.197999e+00 2.101077e+00 2.032210e+00 1.694899e+00 1.274589e+00 1.545443e+00 6.118627e-01 -4.691955e-02
<VARIANCE> 25
 1.014637e+01 1.161962e+01 1.479510e+01 1.863401e+01 2.365234e+01 2.192840e+01 2.162853e+01 2.191673e+01 2.085095e+01 2.243645e+01 2.125178e+01 1.698694e+01 1.770050e+00 2.181932e+00 2.992414e+00 3.187088e+00 3.692691e+00 3.398209e+00 3.477895e+00 3.526813e+00 3.485553e+00 3.704486e+00 3.501758e+00 2.800101e+00 3.090970e-03
<GCONST> 8.849017e+01
<MIXTURE> 2 4.549242e-03
<MEAN> 25
 -4.875636e+00 1.311119e+00 9.941402e-01 9.899422e+00 6.692072e+00 7.425375e+00 7.848076e+00 6.957313e+00 8.372089e+00 6.371398e+00 7.623488e+00 3.073756e+00 -6.197850e-02 4.159034e-02 1.425239e-01 2.258599e-01 2.651652e-01 2.812125e-01 2.953588e-01 3.195368e-01 3.496567e-01 3.089108e-01 1.972633e-01 8.013878e-02 1.404765e-06
<VARIANCE> 25
 6.951341e+00 8.903451e+00 1.065049e+01 1.591021e+01 1.723857e+01 1.556544e+01 1.690480e+01 1.848753e+01 1.659515e+01 1.740489e+01 1.811399e+01 1.434892e+01 1.252410e-01 2.266045e-01 3.364447e-01 4.671754e-01 6.493886e-01 8.149909e-01 9.298058e-01 1.003239e+00 1.051610e+00 1.077695e+00 1.075886e+00 1.013854e+00 1.000251e-06
<GCONST> 5.804649e+01
<MIXTURE> 3 4.549242e-03
<MEAN> 25
 -4.875636e+00 1.311119e+00 9.941402e-01 9.899422e+00 6.692072e+00 7.425375e+00 7.848076e+00 6.957313e+00 8.372089e+00 6.371398e+00 7.623488e+00 3.073756e+00 -6.197850e-02 4.159034e-02 1.425239e-01 2.258599e-01 2.651652e-01 2.812125e-01 2.953588e-01 3.195368e-01 3.496567e-01 3.089108e-01 1.972633e-01 8.013878e-02 1.404765e-06
<VARIANCE> 25
 6.951341e+00 8.903451e+00 1.065049e+01 1.591021e+01 1.723857e+01 1.556544e+01 1.690480e+01 1.848753e+01 1.659515e+01 1.740489e+01 1.811399e+01 1.434892e+01 1.252410e-01 2.266045e-01 3.364447e-01 4.671754e-01 6.493886e-01 8.149909e-01 9.298058e-01 1.003239e+00 1.051610e+00 1.077695e+00 1.075886e+00 1.013854e+00 1.000251e-06
<GCONST> 5.804649e+01
<MIXTURE> 4 1.671429e-02
<MEAN> 25
 3.169286e+00 2.710244e+00 -3.855941e+00 -6.047714e-01 4.019750e+00 -1.848700e-03 6.181207e-01 -4.604672e-01 2.024272e+00 2.458686e+00 -6.049555e-01 -1.369292e-01 -2.752993e+00 1.253232e+00 1.105753e+00 3.142487e+00 5.753049e-01 1.162083e-01 1.603181e+00 8.715649e-01 9.196649e-01 -3.429297e-01 7.939028e-01 1.015913e+00 -8.391210e-02
<VARIANCE> 25
 1.709962e+01 2.558282e+01 2.574493e+01 3.486635e+01 3.888855e+01 5.008092e+01 5.646323e+01 4.676385e+01 4.752937e+01 5.266767e+01 4.360690e+01 4.571375e+01 1.952732e+00 3.912136e+00 4.175375e+00 4.064386e+00 5.080607e+00 5.234951e+00 5.058230e+00 4.398361e+00 4.847092e+00 5.796365e+00 5.083253e+00 5.963406e+00 6.304992e-03
<GCONST> 1.026323e+02
<MIXTURE> 5 3.206198e-03
<MEAN> 25
 -3.426481e+00 2.168489e+00 5.950754e-01 9.408842e+00 6.687240e+00 6.314451e+00 7.121024e+00 4.698818e+00 5.474918e+00 3.827855e+00 4.654159e+00 2.609334e+00 -3.247345e-01 7.495794e-01 1.223083e+00 1.032386e+00 3.038257e-01 -1.024218e-01 -8.351146e-02 3.778498e-02 4.577559e-01 6.779266e-01 3.980363e-01 9.091025e-02 -2.893844e-05
<VARIANCE> 25
 1.024616e+01 1.398423e+01 2.349561e+01 2.565883e+01 2.023701e+01 1.949734e+01 2.011871e+01 2.043736e+01 2.152168e+01 2.151166e+01 2.403976e+01 1.636432e+01 1.217350e+00 1.244124e+00 1.352791e+00 1.668096e+00 2.295923e+00 2.372864e+00 2.296948e+00 2.271565e+00 2.314256e+00 2.242128e+00 2.087121e+00 1.871325e+00 1.005143e-06
<GCONST> 7.519756e+01
<MIXTURE> 6 5.475854e-03
<MEAN> 25
 9.644759e+00 -3.076572e-01 -6.604513e+00 -1.052896e+01 -1.792171e+00 6.377223e+00 -5.954794e+00 -5.332719e+00 -3.535805e+00 2.032129e+00 4.605929e+00 -1.197410e+00 4.364992e-01 8.856266e-01 -3.307741e-01 -1.454094e+00 -6.418959e-01 1.290876e+00 1.551918e+00 2.271920e-01 -1.305193e+00 -1.108889e+00 3.444758e-01 1.177297e+00 -8.155161e-03
<VARIANCE> 25
 8.609095e+00 1.653965e+01 2.301516e+01 4.222190e+01 3.720181e+01 3.185788e+01 4.283699e+01 3.679669e+01 3.971586e+01 3.868933e+01 4.072186e+01 2.741231e+01 3.473149e-01 8.208643e-01 9.197471e-01 1.900424e+00 1.557827e+00 1.957819e+00 1.857095e+00 2.010494e+00 2.430318e+00 2.133749e+00 2.184384e+00 1.426366e+00 5.709576e-04
<GCONST> 8.363030e+01
<MIXTURE> 7 5.475854e-03
<MEAN> 25
 9.644759e+00 -3.076572e-01 -6.604513e+00 -1.052896e+01 -1.792171e+00 6.377223e+00 -5.954794e+00 -5.332719e+00 -3.535805e+00 2.032129e+00 4.605929e+00 -1.197410e+00 4.364992e-01 8.856266e-01 -3.307741e-01 -1.454094e+00 -6.418959e-01 1.290876e+00 1.551918e+00 2.271920e-01 -1.305193e+00 -1.108889e+00 3.444758e-01 1.177297e+00 -8.155161e-03
<VARIANCE> 25
 8.609095e+00 1.653965e+01 2.301516e+01 4.222190e+01 3.720181e+01 3.185788e+01 4.283699e+01 3.679669e+01 3.971586e+01 3.868933e+01 4.072186e+01 2.741231e+01 3.473149e-01 8.208643e-01 9.197471e-01 1.900424e+00 1.557827e+00 1.957819e+00 1.857095e+00 2.010494e+00 2.430318e+00 2.133749e+00 2.184384e+00 1.426366e+00 5.709576e-04
<GCONST> 8.363030e+01
<MIXTURE> 8 1.165917e-02
<MEAN> 25
 -4.704451e+00 1.370865e+00 1.298552e+00 9.537918e+00 6.535969e+00 6.231716e+00 6.465322e+00 5.661939e+00 6.654565e+00 5.621156e+00 6.596287e+00 3.144024e+00 -6.358318e-01 -1.414930e+00 -1.072326e+00 -1.724708e+00 -2.275697e-01 -9.433690e-01 -1.854950e-01 -2.951177e-01 -2.441648e-01 -1.654748e-01 -2.120098e-01 8.465841e-02 9.830460e-02
<VARIANCE> 25
 9.452600e+00 9.837797e+00 1.159104e+01 1.608869e+01 1.695028e+01 1.580913e+01 1.811948e+01 1.758224e+01 1.701619e+01 1.735519e+01 1.897127e+01 1.396050e+01 2.769904e+00 2.828332e+00 3.894368e+00 3.754413e+00 3.445348e+00 3.303700e+00 3.129982e+00 3.078982e+00 2.879004e+00 2.662960e+00 2.426099e+00 1.898700e+00 6.728502e-03
<GCONST> 8.633134e+01
<MIXTURE> 9 1.199672e-02
<MEAN> 25
 8.540355e+00 3.240117e+00 -6.655333e+00 -9.502233e+00 -1.656352e+00 5.923409e+00 -4.633772e-01 -2.413025e+00 -4.785626e+00 -3.193963e-02 2.173864e+00 4.747809e-01 1.448858e+00 -1.383639e-01 2.047881e-01 -2.385504e+00 -1.039423e+00 6.417829e-01 -7.364131e-01 -8.373720e-01 -1.291160e-01 -1.297851e-01 9.912937e-01 -7.506813e-02 6.488828e-02
<VARIANCE> 25
 1.315971e+01 1.747472e+01 3.622537e+01 4.704197e+01 4.166714e+01 2.785966e+01 4.348362e+01 4.434510e+01 3.527541e+01 3.767098e+01 3.780207e+01 2.266021e+01 2.576963e+00 2.045851e+00 4.761668e+00 4.135321e+00 6.145884e+00 4.033897e+00 4.169631e+00 5.900470e+00 4.308228e+00 3.862584e+00 3.868944e+00 2.260360e+00 1.919606e-03
<GCONST> 9.717265e+01
<MIXTURE> 10 6.596976e-03
<MEAN> 25
 9.047079e-01 7.493500e+00 5.306806e+00 7.160049e+00 1.217996e+00 -1.896444e+00 -8.290087e-02 -1.438747e+00 8.598063e-01 5.878960e-01 1.057149e+00 4.057027e-01 -1.860811e+00 -5.542133e-01 -5.543050e-01 2.955022e+00 2.421491e+00 2.689010e+00 2.253388e+00 2.099892e+00 1.951914e+00 1.572266e+00 2.317134e+00 4.368922e-01 -1.375618e-01
<VARIANCE> 25
 1.859552e+01 1.989291e+01 2.129363e+01 2.784388e+01 3.872920e+01 3.476791e+01 3.683855e+01 3.342530e+01 2.615567e+01 2.900487e+01 2.641441e+01 2.506978e+01 2.191750e+00 3.484138e+00 5.420914e+00 5.015729e+00 5.294271e+00 4.280693e+00 4.733812e+00 5.098671e+00 4.300485e+00 4.946909e+00 4.262138e+00 3.213248e+00 2.565669e-03
<GCONST> 9.704271e+01
<MIXTURE> 11 1.633820e-02
<MEAN> 25
 7.885354e+00 3.906268e+00 2.596902e+00 4.541514e+00 -2.958206e+00 -1.960779e+00 -2.846590e+00 -6.277885e+00 -2.786316e+00 8.079988e-01 -1.647802e+00 -2.041348e+00 -2.972866e-01 5.998861e-01 1.881250e-03 1.542568e-01 4.315455e-01 2.129426e-01 3.575545e-01 -2.079325e-01 -2.363580e-01 5.548702e-02 -5.186833e-02 6.630687e-03 -2.100641e-02
<VARIANCE> 25
 9.075290e+00 2.094887e+01 2.262979e+01 3.064646e+01 3.417715e+01 3.531366e+01 4.518057e+01 3.811901e+01 4.351439e+01 3.393825e+01 3.473986e+01 2.688476e+01 9.266647e-01 1.196878e+00 1.788888e+00 1.974428e+00 2.038109e+00 2.511315e+00 1.919828e+00 2.416816e+00 2.008813e+00 1.773989e+00 1.714858e+00 1.800237e+00 1.111727e-03
<GCONST> 8.654977e+01
<MIXTURE> 12 5.904134e-03
<MEAN> 25
 1.076453e+01 3.743278e+00 -4.500895e+00 -1.599071e+01 -8.695192e+00 8.641921e+00 -8.976773e-01 -1.922589e+00 -1.722054e+00 -4.885162e+00 1.774959e+00 7.167289e-01 6.763177e-02 2.938521e-01 7.951225e-02 -3.684638e-01 -3.099957e-01 2.953517e-02 3.055331e-01 4.476511e-01 1.408581e-01 -3.844883e-01 -3.854936e-01 5.412273e-02 -6.303419e-03
<VARIANCE> 25
 8.886694e+00 2.100013e+01 2.337179e+01 3.506996e+01 4.205975e+01 3.096333e+01 4.179932e+01 4.897304e+01 4.406276e+01 3.739072e+01 3.799127e+01 2.893241e+01 2.468644e-01 6.883025e-01 6.862369e-01 1.169898e+00 1.186702e+00 1.054309e+00 1.170958e+00 1.386083e+00 1.240718e+00 1.222191e+00 1.221440e+00 9.572008e-01 5.786066e-04
<GCONST> 7.892433e+01
<MIXTURE> 13 5.904134e-03
<MEAN> 25
 1.076453e+01 3.743278e+00 -4.500895e+00 -1.599071e+01 -8.695192e+00 8.641921e+00 -8.976773e-01 -1.922589e+00 -1.722054e+00 -4.885162e+00 1.774959e+00 7.167289e-01 6.763177e-02 2.938521e-01 7.951225e-02 -3.684638e-01 -3.099957e-01 2.953517e-02 3.055331e-01 4.476511e-01 1.408581e-01 -3.844883e-01 -3.854936e-01 5.412273e-02 -6.303419e-03
<VARIANCE> 25
 8.886694e+00 2.100013e+01 2.337179e+01 3.506996e+01 4.205975e+01 3.096333e+01 4.179932e+01 4.897304e+01 4.406276e+01 3.739072e+01 3.799127e+01 2.893241e+01 2.468644e-01 6.883025e-01 6.862369e-01 1.169898e+00 1.186702e+00 1.054309e+00 1.170958e+00 1.386083e+00 1.240718e+00 1.222191e+00 1.221440e+00 9.572008e-01 5.786066e-04
<GCONST> 7.892433e+01
<MIXTURE> 14 6.488954e-03
<MEAN> 25
 -4.280008e+00 -3.859099e-01 -3.034786e-01 8.808380e+00 7.452348e+00 7.449109e+00 7.905281e+00 7.181530e+00 7.185103e+00 5.078105e+00 6.841535e+00 3.966358e+00 -2.785933e-01 1.916313e-01 3.620617e-01 3.112698e-01 -1.746937e-02 3.549716e-02 9.090365e-02 1.713374e-01 2.948992e-01 5.307895e-01 5.131978e-01 1.164219e-01 -9.215999e-03
<VARIANCE> 25
 9.265813e+00 1.364856e+01 1.830003e+01 1.799110e+01 2.093135e+01 1.999070e+01 2.158262e+01 2.125066e+01 1.988832e+01 2.450128e+01 2.128023e+01 1.659455e+01 9.612262e-01 1.611366e+00 1.750408e+00 1.909947e+00 2.286943e+00 2.258323e+00 2.244733e+00 2.211835e+00 2.277883e+00 2.488728e+00 2.163584e+00 1.915190e+00 1.016169e-03
<GCONST> 8.195777e+01
<MIXTURE> 15 2.475190e-03
<MEAN> 25
 -5.205657e+00 -9.256507e-01 8.170819e-02 7.418983e+00 5.645221e+00 6.340796e+00 6.646697e+00 4.814163e+00 4.720977e+00 3.391731e+00 5.308570e+00 2.324201e+00 -9.610312e-02 -2.827374e-02 1.247216e-01 3.873122e-01 5.854685e-01 8.200135e-01 1.098225e+00 1.217771e+00 1.101773e+00 6.921949e-01 3.021496e-01 1.076851e-01 3.552884e-04
<VARIANCE> 25
 6.377083e+00 5.499779e+00 8.588885e+00 1.123593e+01 1.249116e+01 1.582220e+01 1.598547e+01 1.504397e+01 1.402240e+01 1.596880e+01 1.547088e+01 1.151028e+01 1.176766e-01 1.842211e-01 2.940507e-01 5.965967e-01 6.801537e-01 6.989018e-01 7.013230e-01 7.456082e-01 9.122204e-01 9.493258e-01 1.117612e+00 9.414105e-01 2.831450e-05
<GCONST> 5.790733e+01
<MIXTURE> 16 2.475190e-03
<MEAN> 25
 -5.205657e+00 -9.256507e-01 8.170819e-02 7.418983e+00 5.645221e+00 6.340796e+00 6.646697e+00 4.814163e+00 4.720977e+00 3.391731e+00 5.308570e+00 2.324201e+00 -9.610312e-02 -2.827374e-02 1.247216e-01 3.873122e-01 5.854685e-01 8.200135e-01 1.098225e+00 1.217771e+00 1.101773e+00 6.921949e-01 3.021496e-01 1.076851e-01 3.552884e-04
<VARIANCE> 25
 6.377083e+00 5.499779e+00 8.588885e+00 1.123593e+01 1.249116e+01 1.582220e+01 1.598547e+01 1.504397e+01 1.402240e+01 1.596880e+01 1.547088e+01 1.151028e+01 1.176766e-01 1.842211e-01 2.940507e-01 5.965967e-01 6.801537e-01 6.989018e-01 7.013230e-01 7.456082e-01 9.122204e-01 9.493258e-01 1.117612e+00 9.414105e-01 2.831450e-05
<GCONST> 5.790733e+01
<MIXTURE> 17 9.518312e-03
<MEAN> 25
 3.856017e+00 -7.313015e-01 6.060678e+00 2.018288e+00 -5.860887e+00 -5.979621e+00 -2.861821e+00 -2.386242e-01 -2.268475e+00 -2.888354e+00 9.177592e-02 3.318351e-01 -6.886873e-01 -1.173385e+00 1.403579e+00 -2.152640e+00 -2.306350e+00 -1.267861e-01 5.460550e-02 7.064717e-01 -3.197691e-01 -1.791456e-01 1.033629e+00 4.473297e-01 7.833848e-02
<VARIANCE> 25
 1.622943e+01 2.942882e+01 3.083979e+01 3.866373e+01 4.452841e+01 5.680237e+01 4.615446e+01 3.431154e+01 3.620780e+01 2.694769e+01 2.838983e+01 2.956403e+01 1.926871e+00 2.539793e+00 3.860141e+00 2.871319e+00 3.987029e+00 5.236400e+00 4.892067e+00 4.456207e+00 3.863903e+00 3.832025e+00 2.980053e+00 2.582364e+00 2.145986e-03
<GCONST> 9.672399e+01
<MIXTURE> 18 1.221018e-02
<MEAN> 25
 3.668011e+00 4.462446e+00 6.510823e+00 4.645555e+00 -5.018620e+00 -7.764298e+00 -3.450927e-01 -3.951104e-01 -2.901932e+00 -2.810771e+00 -4.873383e-03 4.926057e-01 -7.244999e-01 2.115062e+00 -5.781707e-01 2.146915e+00 2.860483e+00 1.728604e+00 9.647925e-01 -3.421271e-01 9.297864e-01 4.742336e-01 9.393878e-02 -4.296249e-01 -1.225299e-01
<VARIANCE> 25
 1.431225e+01 2.268498e+01 3.048295e+01 2.701154e+01 3.652571e+01 3.423127e+01 4.726369e+01 3.398065e+01 3.523507e+01 3.195520e+01 3.296445e+01 2.978326e+01 2.206555e+00 2.631206e+00 4.654196e+00 3.688090e+00 3.931493e+00 4.547157e+00 4.537144e+00 3.892009e+00 4.438193e+00 4.052586e+00 4.787250e+00 3.911169e+00 3.652993e-03
<GCONST> 9.743531e+01
<MIXTURE> 19 9.912824e-03
<MEAN> 25
 -9.991702e+00 2.314770e+00 -2.531773e-01 1.895229e+00 3.816754e+00 1.577940e+00 3.244739e+00 7.961634e-01 2.201763e+00 9.321120e-01 1.289592e+00 2.235985e+00 2.096117e+00 1.508355e+00 2.078243e+00 6.450743e-01 -1.052812e+00 -1.073736e+00 -1.096178e+00 -1.227201e+00 -1.509681e+00 -1.165983e+00 -8.456385e-01 -8.435950e-01 3.181067e-03
<VARIANCE> 25
 5.266505e+01 3.063160e+01 4.776664e+01 5.885502e+01 3.229396e+01 3.071541e+01 3.082241e+01 2.828884e+01 2.777374e+01 2.770202e+01 2.825953e+01 1.893766e+01 2.317956e+00 2.518550e+00 2.062230e+00 2.226449e+00 2.376949e+00 2.181958e+00 2.369267e+00 2.556566e+00 2.081799e+00 2.031743e+00 2.180210e+00 1.844493e+00 2.238894e-03
<GCONST> 9.134066e+01
<MIXTURE> 20 6.308331e-03
<MEAN> 25
 -1.395947e+01 8.186694e+00 -4.063474e-01 6.827680e+00 4.371635e+00 1.407258e+00 5.814016e+00 -1.323345e-01 1.250169e+00 2.778386e-02 3.069684e+00 -7.710246e-01 -3.272983e+00 -8.519416e-01 -1.575731e+00 6.764028e-01 1.477163e+00 2.003984e+00 1.733672e+00 1.867939e+00 2.056319e+00 1.824985e+00 1.513813e+00 8.299932e-01 4.879440e-02
<VARIANCE> 25
 1.750182e+01 2.408744e+01 3.645499e+01 3.527619e+01 2.842771e+01 2.469239e+01 2.842928e+01 3.388956e+01 2.556790e+01 2.828054e+01 2.345661e+01 2.088817e+01 1.913966e+00 1.921983e+00 1.773582e+00 3.003587e+00 2.388763e+00 2.042229e+00 2.375635e+00 2.266352e+00 2.031072e+00 2.620102e+00 2.135463e+00 1.934582e+00 1.704608e-03
<GCONST> 8.831197e+01
<MIXTURE> 21 7.928653e-03
<MEAN> 25
 3.997337e+00 -4.327173e+00 5.846519e+00 -2.329720e+00 -8.186598e+00 -9.102676e+00 -4.713680e+00 5.248149e+00 -3.032018e+00 -2.529748e+00 -5.546567e-01 1.398717e+00 -6.794126e-01 1.071831e+00 2.113922e+00 6.134424e-03 -1.406937e+00 4.590466e-01 8.503255e-01 -1.604961e+00 -2.174031e+00 1.867335e-01 1.122516e+00 2.391042e-01 -9.790911e-03
<VARIANCE> 25
 7.794906e+00 1.466641e+01 2.581129e+01 2.370121e+01 3.446751e+01 3.222261e+01 5.177916e+01 3.830689e+01 5.717655e+01 2.495568e+01 3.247735e+01 2.478756e+01 2.985516e-01 9.183967e-01 2.009800e+00 1.094087e+00 1.810307e+00 1.950101e+00 3.450525e+00 2.028565e+00 2.507858e+00 2.115293e+00 1.948669e+00 1.906280e+00 3.553982e-04
<GCONST> 8.340164e+01
<MIXTURE> 22 8.827789e-03
<MEAN> 25
 -1.677159e+01 7.716289e+00 -5.016916e+00 8.683697e+00 3.324466e+00 3.401351e+00 9.255157e+00 2.564812e-01 6.171306e+00 1.594391e+00 5.368653e+00 2.020666e+00 -2.867032e-01 -4.702313e-01 5.240357e-02 -4.532351e-02 -5.081485e-02 7.467763e-02 2.366928e-01 2.313931e-01 -1.009822e-01 2.145957e-02 4.532903e-02 3.506547e-01 4.701132e-03
<VARIANCE> 25
 8.079100e+00 1.305404e+01 1.392836e+01 2.474918e+01 2.032835e+01 1.864340e+01 1.764762e+01 1.863959e+01 1.642994e+01 2.131764e+01 1.485236e+01 1.157328e+01 9.621086e-01 1.167520e+00 1.082098e+00 1.498729e+00 1.142702e+00 1.892764e+00 1.130033e+00 1.181527e+00 3.000054e+00 1.589533e+00 1.043290e+00 1.327248e+00 1.425802e-03
<GCONST> 7.618171e+01
<MIXTURE> 23 6.455497e-03
<MEAN> 25
 7.790461e+00 1.939467e+00 2.872671e+00 2.117374e+00 -4.472530e+00 -3.728507e+00 -4.782313e+00 -6.068586e+00 -2.224624e+00 -8.200951e-01 -3.361938e+00 -1.382235e+00 6.052871e-02 1.132190e-01 -1.823829e-02 6.766112e-02 2.102621e-02 1.179819e-01 -7.572748e-02 -1.366164e-01 3.031907e-02 3.223858e-02 -4.973650e-02 -2.945479e-03 -4.248152e-03
<VARIANCE> 25
 9.268228e+00 2.195104e+01 2.318473e+01 3.573819e+01 3.344922e+01 5.157156e+01 5.148209e+01 4.856846e+01 4.813454e+01 4.051312e+01 4.435087e+01 4.239334e+01 1.123135e-01 2.845300e-01 4.371078e-01 4.974021e-01 6.722826e-01 6.754671e-01 7.109310e-01 8.518719e-01 7.948709e-01 8.087106e-01 7.578329e-01 7.049001e-01 8.947266e-05
<GCONST> 7.172330e+01
<MIXTURE> 24 6.455497e-03
<MEAN> 25
 7.790461e+00 1.939467e+00 2.872671e+00 2.117374e+00 -4.472530e+00 -3.728507e+00 -4.782313e+00 -6.068586e+00 -2.224624e+00 -8.200951e-01 -3.361938e+00 -1.382235e+00 6.052871e-02 1.132190e-01 -1.823829e-02 6.766112e-02 2.102621e-02 1.179819e-01 -7.572748e-02 -1.366164e-01 3.031907e-02 3.223858e-02 -4.973650e-02 -2.945479e-03 -4.248152e-03
<VARIANCE> 25
 9.268228e+00 2.195104e+01 2.318473e+01 3.573819e+01 3.344922e+01 5.157156e+01 5.148209e+01 4.856846e+01 4.813454e+01 4.051312e+01 4.435087e+01 4.239334e+01 1.123135e-01 2.845300e-01 4.371078e-01 4.974021e-01 6.722826e-01 6.754671e-01 7.109310e-01 8.518719e-01 7.948709e-01 8.087106e-01 7.578329e-01 7.049001e-01 8.947266e-05
<GCONST> 7.172330e+01
<MIXTURE> 25 1.118642e-02
<MEAN> 25
 7.972839e-02 3.073452e+00 1.610247e+01 -7.302675e-01 -1.135318e+01 -1.882645e+00 -4.458375e+00 -2.841693e+00 -5.842912e+00 -5.418241e+00 3.977520e+00 -3.980198e-02 -1.574190e-01 3.244194e-01 1.503969e-01 2.171188e-01 2.570794e-01 2.473836e-01 1.139938e-01 -2.468347e-01 -2.606968e-01 -9.237114e-02 -5.187602e-02 -1.069908e-01 -1.340962e-02
<VARIANCE> 25
 8.746203e+00 2.126668e+01 2.237868e+01 2.760807e+01 2.931748e+01 3.973319e+01 2.727723e+01 2.734836e+01 3.578939e+01 3.306515e+01 2.049735e+01 4.546680e+01 5.550613e-01 1.454495e+00 1.334347e+00 1.425334e+00 2.158222e+00 2.243248e+00 1.739929e+00 1.606367e+00 1.459750e+00 1.819687e+00 1.388048e+00 1.317797e+00 1.162944e-03
<GCONST> 8.304525e+01
<MIXTURE> 26 7.727677e-03
<MEAN> 25
 2.146902e+00 -6.074736e+00 -1.007782e+01 -1.198835e+00 7.633000e+00 5.123641e+00 3.581657e+00 1.681575e-02 2.727506e+00 -5.577326e-01 -2.659137e+00 -1.780483e+00 -6.604975e-01 6.986378e-01 3.384270e-01 8.045208e-01 9.444325e-02 2.128552e-01 4.002525e-01 2.754769e-01 2.076631e-01 -8.380409e-02 3.881649e-01 4.263206e-01 -5.438530e-02
<VARIANCE> 25
 2.369935e+01 3.422353e+01 2.569034e+01 6.178120e+01 3.934549e+01 4.086796e+01 4.634536e+01 4.352568e+01 4.126295e+01 5.451732e+01 3.961663e+01 5.478804e+01 1.637324e+00 1.892991e+00 1.917076e+00 2.041950e+00 2.434447e+00 2.271088e+00 2.574980e+00 2.681022e+00 2.453040e+00 2.522678e+00 2.246568e+00 2.290094e+00 3.556228e-03
<GCONST> 9.436795e+01
<MIXTURE> 27 7.727677e-03
<MEAN> 25
 2.146902e+00 -6.074736e+00 -1.007782e+01 -1.198835e+00 7.633000e+00 5.123641e+00 3.581657e+00 1.681575e-02 2.727506e+00 -5.577326e-01 -2.659137e+00 -1.780483e+00 -6.604975e-01 6.986378e-01 3.384270e-01 8.045208e-01 9.444325e-02 2.128552e-01 4.002525e-01 2.754769e-01 2.076631e-01 -8.380409e-02 3.881649e-01 4.263206e-01 -5.438530e-02
<VARIANCE> 25
 2.369935e+01 3.422353e+01 2.569034e+01 6.178120e+01 3.934549e+01 4.086796e+01 4.634536e+01 4.352568e+01 4.126295e+01 5.451732e+01 3.961663e+01 5.478804e+01 1.637324e+00 1.892991e+00 1.917076e+00 2.041950e+00 2.434447e+00 2.271088e+00 2.574980e+00 2.681022e+00 2.453040e+00 2.522678e+00 2.246568e+00 2.290094e+00 3.556228e-03
<GCONST> 9.436795e+01
<MIXTURE> 28 5.036674e-03
<MEAN> 25
 -5.407482e+00 -9.728584e-02 -1.446482e+00 6.665159e+00 5.183464e+00 3.835977e+00 5.644414e+00 2.853222e+00 3.746666e+00 2.013616e+00 2.496200e+00 3.291237e+00 -1.118201e-01 2.462668e-01 5.626141e-01 8.300275e-01 9.001875e-01 6.586330e-01 5.434993e-01 4.274678e-01 4.301688e-01 4.538432e-01 2.964078e-01 2.045852e-01 -3.960028e-05
<VARIANCE> 25
 9.952121e+00 8.155974e+00 1.184108e+01 1.418395e+01 1.426839e+01 1.868972e+01 1.851414e+01 1.957867e+01 1.695692e+01 1.867774e+01 1.995048e+01 1.442965e+01 2.439925e-01 3.328860e-01 4.093748e-01 4.794415e-01 7.244616e-01 8.421979e-01 1.025181e+00 1.113517e+00 1.055404e+00 9.949769e-01 1.086417e+00 1.018848e+00 9.765777e-07
<GCONST> 6.017743e+01
<MIXTURE> 29 5.036674e-03
<MEAN> 25
 -5.407482e+00 -9.728584e-02 -1.446482e+00 6.665159e+00 5.183464e+00 3.835977e+00 5.644414e+00 2.853222e+00 3.746666e+00 2.013616e+00 2.496200e+00 3.291237e+00 -1.118201e-01 2.462668e-01 5.626141e-01 8.300275e-01 9.001875e-01 6.586330e-01 5.434993e-01 4.274678e-01 4.301688e-01 4.538432e-01 2.964078e-01 2.045852e-01 -3.960028e-05
<VARIANCE> 25
 9.952121e+00 8.155974e+00 1.184108e+01 1.418395e+01 1.426839e+01 1.868972e+01 1.851414e+01 1.957867e+01 1.695692e+01 1.867774e+01 1.995048e+01 1.442965e+01 2.439925e-01 3.328860e-01 4.093748e-01 4.794415e-01 7.244616e-01 8.421979e-01 1.025181e+00 1.113517e+00 1.055404e+00 9.949769e-01 1.086417e+00 1.018848e+00 9.765777e-07
<GCONST> 6.017743e+01
<MIXTURE> 30 8.917812e-03
<MEAN> 25
 -4.396360e+00 -5.464076e-01 6.192725e-01 8.841991e+00 7.548402e+00 8.164139e+00 8.233681e+00 6.525094e+00 6.169081e+00 4.049711e+00 6.458240e+00 3.041617e+00 1.574831e-03 4.604124e-02 6.387322e-02 6.348433e-02 9.093472e-02 7.556216e-02 2.600380e-02 -3.078116e-02 1.044336e-01 1.060627e-01 2.142736e-02 4.127961e-02 -1.145748e-04
<VARIANCE> 25
 6.154021e+00 9.314086e+00 9.472814e+00 1.343484e+01 1.430439e+01 1.687394e+01 1.919512e+01 1.700438e+01 1.552512e+01 2.082207e+01 2.133049e+01 1.486423e+01 8.895449e-02 1.785526e-01 2.973778e-01 5.477909e-01 6.700932e-01 6.928080e-01 9.021195e-01 7.518066e-01 9.126177e-01 8.832287e-01 9.737588e-01 8.858152e-01 4.879921e-05
<GCONST> 6.024989e+01
<MIXTURE> 31 4.136493e-03
<MEAN> 25
 -3.298939e+00 -5.622952e+00 7.693830e-02 4.891562e+00 3.630560e+00 1.775048e+00 5.313953e+00 6.582587e+00 2.686818e+00 1.150589e+00 6.475872e+00 3.138678e+00 2.472687e-01 4.711371e-01 -2.189813e-01 3.016330e-01 1.402023e-01 4.313694e-01 1.860331e-01 1.663642e-02 3.748793e-01 3.876796e-01 1.038694e-01 1.016229e-01 -1.845165e-02
<VARIANCE> 25
 7.081852e+00 1.533708e+01 1.729816e+01 1.782726e+01 2.551235e+01 2.434717e+01 2.362435e+01 2.531655e+01 2.569797e+01 2.808443e+01 2.038876e+01 1.877496e+01 1.922059e-01 4.917912e-01 6.167287e-01 7.777165e-01 9.849229e-01 1.088841e+00 1.240020e+00 1.378383e+00 1.333156e+00 1.312366e+00 1.236322e+00 1.137663e+00 2.643246e-04
<GCONST> 7.189503e+01
<MIXTURE> 32 4.136493e-03
<MEAN> 25
 -3.298939e+00 -5.622952e+00 7.693830e-02 4.891562e+00 3.630560e+00 1.775048e+00 5.313953e+00 6.582587e+00 2.686818e+00 1.150589e+00 6.475872e+00 3.138678e+00 2.472687e-01 4.711371e-01 -2.189813e-01 3.016330e-01 1.402023e-01 4.313694e-01 1.860331e-01 1.663642e-02 3.748793e-01 3.876796e-01 1.038694e-01 1.016229e-01 -1.845165e-02
<VARIANCE> 25
 7.081852e+00 1.533708e+01 1.729816e+01 1.782726e+01 2.551235e+01 2.434717e+01 2.362435e+01 2.531655e+01 2.569797e+01 2.808443e+01 2.038876e+01 1.877496e+01 1.922059e-01 4.917912e-01 6.167287e-01 7.777165e-01 9.849229e-01 1.088841e+00 1.240020e+00 1.378383e+00 1.333156e+00 1.312366e+00 1.236322e+00 1.137663e+00 2.643246e-04
<GCONST> 7.189503e+01
<MIXTURE> 33 1.508826e-02
<MEAN> 25
 5.765856e+00 -4.337804e+00 -5.673243e-01 -3.140823e+00 -9.763921e-01 -5.799603e+00 -9.496154e+00 2.289900e+00 1.233285e+00 -1.506312e+00 -5.768861e+00 -4.508258e+00 5.913964e-01 -1.104641e+00 -1.958133e+00 -1.650396e+00 1.134335e+00 9.648762e-01 -8.918081e-01 6.878827e-01 5.727322e-01 7.603830e-01 -4.099980e-01 -1.051521e+00 3.643242e-02
<VARIANCE> 25
 9.893620e+00 1.855789e+01 3.122084e+01 3.146321e+01 3.497072e+01 3.687096e+01 5.048055e+01 3.831571e+01 3.865687e+01 4.779998e+01 3.246984e+01 3.043943e+01 9.594532e-01 1.639897e+00 2.476874e+00 1.981052e+00 3.713596e+00 3.648206e+00 3.780491e+00 4.756094e+00 3.917456e+00 4.359664e+00 3.071076e+00 2.436826e+00 1.316508e-03
<GCONST> 9.295396e+01
<MIXTURE> 34 1.588179e-02
<MEAN> 25
 8.513711e+00 -1.167600e-01 1.207492e-01 8.922823e-01 -2.735636e+00 -9.624225e-01 -5.178782e+00 -3.929593e+00 -1.981419e+00 6.259226e-01 -3.039433e+00 -3.046177e+00 2.000665e-02 1.307220e+00 1.232693e+00 1.973233e+00 -3.623843e-01 4.044309e-01 1.148460e+00 -1.766010e+00 -1.010184e+00 1.299507e-01 -1.962816e-01 -3.833320e-02 -5.895873e-02
<VARIANCE> 25
 7.814181e+00 2.664432e+01 2.688765e+01 4.594815e+01 3.713142e+01 4.766448e+01 5.445593e+01 5.294585e+01 6.313903e+01 3.968955e+01 4.968272e+01 3.569416e+01 1.205502e+00 1.708495e+00 3.986542e+00 4.196276e+00 5.362226e+00 6.227217e+00 5.222137e+00 5.678499e+00 5.402991e+00 4.367906e+00 4.972866e+00 3.723032e+00 1.094240e-03
<GCONST> 9.885662e+01
<MIXTURE> 35 1.467755e-02
<MEAN> 25
 -2.274272e+00 -3.568738e+00 -1.064329e+01 -4.824524e-01 8.455901e+00 1.265041e+00 -2.286574e-01 2.030056e+00 5.663963e-01 4.825153e+00 -1.253893e+00 -1.100663e-01 6.202948e-01 -9.419082e-01 -1.432690e+00 -1.765309e+00 4.894019e-01 -8.405613e-01 -1.205611e+00 4.610727e-01 3.970617e-01 8.433780e-01 2.898372e-02 -1.210237e-01 1.017323e-01
<VARIANCE> 25
 1.554791e+01 2.552938e+01 4.291058e+01 5.897004e+01 3.634607e+01 4.832059e+01 5.072495e+01 3.645517e+01 4.653979e+01 3.321944e+01 3.803575e+01 3.570783e+01 2.862695e+00 3.352796e+00 7.000639e+00 6.097837e+00 3.951481e+00 4.381635e+00 6.773759e+00 4.631156e+00 4.546362e+00 4.147001e+00 3.862561e+00 3.922818e+00 3.882115e-03
<GCONST> 1.017340e+02
<MIXTURE> 36 1.093293e-02
<MEAN> 25
 3.817903e+00 -3.002081e+00 6.738584e+00 2.167685e+00 -9.192572e+00 -8.380072e+00 -5.831154e+00 1.837170e+00 -1.553829e+00 -4.972847e+00 2.874507e+00 1.443842e+00 2.756723e-01 2.392673e-01 -9.115087e-01 1.077565e-01 1.052562e+00 3.512202e-01 3.412529e-02 1.893225e-01 2.038198e-01 5.323204e-01 -6.401241e-01 -7.651364e-01 -2.286736e-02
<VARIANCE> 25
 1.044159e+01 1.156254e+01 1.546001e+01 2.204594e+01 3.450458e+01 2.188381e+01 4.417192e+01 2.389559e+01 3.197453e+01 2.265960e+01 3.656559e+01 2.983447e+01 4.360506e-01 8.264725e-01 1.273262e+00 9.897121e-01 1.585263e+00 1.306507e+00 2.151370e+00 1.221574e+00 1.601630e+00 1.388614e+00 1.232776e+00 1.247180e+00 7.204190e-04
<GCONST> 7.863963e+01
<MIXTURE> 37 1.246826e-02
<MEAN> 25
 1.051616e+00 6.971099e+00 1.029770e+01 -6.222228e+00 -6.949675e+00 -3.760732e-02 -2.051126e+00 -7.490643e+00 -3.775568e+00 2.398518e-02 -3.342486e+00 -6.641442e-01 -1.242063e-01 9.471475e-01 -1.521626e+00 3.453394e+00 2.048535e+00 -4.692793e-01 1.088355e+00 4.673341e-01 8.666682e-01 -4.513660e-01 5.050940e-01 -6.756294e-02 -8.999059e-02
<VARIANCE> 25
 1.373352e+01 2.409708e+01 3.436822e+01 4.239684e+01 3.309455e+01 3.003629e+01 6.257156e+01 3.149771e+01 3.262066e+01 3.111694e+01 3.283906e+01 5.757465e+01 2.623124e+00 3.154376e+00 2.467730e+00 3.622938e+00 4.131045e+00 3.607813e+00 3.548921e+00 3.049012e+00 3.201801e+00 3.195108e+00 3.322408e+00 2.720019e+00 3.293439e-03
<GCONST> 9.618614e+01
<MIXTURE> 38 1.154525e-02
<MEAN> 25
 -4.404211e+00 9.373428e+00 3.766663e+00 3.119298e+00 3.591450e-01 -4.320781e+00 1.032366e+00 -2.955771e+00 -1.894329e+00 -3.198838e+00 -6.864361e-01 -2.592296e-02 -4.406890e+00 1.277195e+00 -7.708545e-01 1.934699e+00 2.195580e+00 1.172213e+00 1.766444e+00 6.151680e-01 7.447383e-01 2.248600e-01 1.031670e+00 -2.344880e-01 4.906598e-02
<VARIANCE> 25
 2.798678e+01 2.659619e+01 3.751998e+01 3.041432e+01 4.374913e+01 3.504404e+01 4.552932e+01 3.784483e+01 3.690338e+01 2.934629e+01 2.429387e+01 2.774503e+01 2.094767e+00 3.421276e+00 4.466921e+00 5.827176e+00 4.342563e+00 4.582046e+00 4.529915e+00 4.602123e+00 3.861835e+00 5.116419e+00 4.093242e+00 5.018321e+00 1.843663e-03
<GCONST> 9.885345e+01
<MIXTURE> 39 9.501865e-03
<MEAN> 25
 1.592886e+00 2.001511e+00 9.995728e+00 -8.892780e+00 -1.065682e+01 6.421811e-01 -1.909344e+00 -5.828670e+00 -3.900425e+00 6.305906e-01 -2.382965e+00 -5.657713e-01 -7.513168e-01 1.268915e+00 1.655326e+00 -1.458364e+00 5.947891e-02 1.013652e+00 -9.114358e-01 -1.042993e+00 2.847173e-01 2.948797e-01 -4.239614e-01 4.287924e-01 3.266288e-03
<VARIANCE> 25
 7.925132e+00 2.624819e+01 2.610659e+01 3.326521e+01 3.327716e+01 5.630328e+01 4.372142e+01 2.991784e+01 4.547660e+01 2.870367e+01 4.667099e+01 4.829765e+01 7.322592e-01 1.575388e+00 1.432694e+00 2.500788e+00 2.143727e+00 3.477597e+00 3.175487e+00 2.905581e+00 2.309955e+00 2.288976e+00 1.858031e+00 2.612815e+00 1.072391e-03
<GCONST> 8.971532e+01
<MIXTURE> 40 1.030800e-02
<MEAN> 25
 -9.479605e+00 2.411658e+00 -1.299324e+00 8.381270e+00 3.587975e+00 5.481641e+00 5.529374e+00 3.784703e+00 4.667552e+00 3.843340e+00 5.758064e+00 1.861378e+00 -1.109562e-01 -2.537342e-01 -2.251919e-02 -2.206594e-01 -1.264284e-01 -1.070083e-01 6.812925e-02 6.038512e-02 -3.580127e-02 -2.510939e-03 3.709709e-02 4.486276e-02 3.103044e-03
<VARIANCE> 25
 4.124748e+01 2.159594e+01 2.912193e+01 2.719837e+01 2.627422e+01 1.904848e+01 1.992766e+01 2.119065e+01 1.689748e+01 2.037286e+01 1.833365e+01 1.457247e+01 7.527421e-01 7.340750e-01 8.549143e-01 1.070120e+00 1.134445e+00 1.273055e+00 1.308845e+00 1.244160e+00 1.456250e+00 1.244005e+00 1.147358e+00 1.083357e+00 8.452870e-04
<GCONST> 7.701305e+01
<MIXTURE> 41 6.713375e-03
<MEAN> 25
 1.190342e+00 1.782504e+00 1.018459e+01 -6.721871e+00 -1.026619e+01 -4.076367e+00 -2.736462e+00 -4.805552e+00 -4.602550e+00 2.387277e+00 -1.870535e+00 -8.533505e-01 1.360518e-01 -7.500778e-01 1.748808e+00 -3.520695e+00 -2.279755e+00 -1.506002e-01 -6.198924e-01 -2.748268e-01 -8.293042e-01 1.130018e+00 -1.043859e+00 1.042161e-01 8.231172e-02
<VARIANCE> 25
 1.152569e+01 2.811037e+01 3.236061e+01 3.942234e+01 3.815085e+01 4.356942e+01 4.013714e+01 2.929319e+01 3.223805e+01 2.904101e+01 3.480238e+01 2.766453e+01 3.146784e+00 3.132245e+00 3.652258e+00 3.615823e+00 5.295983e+00 5.673349e+00 4.762554e+00 4.451743e+00 3.812416e+00 4.159521e+00 3.635199e+00 3.115740e+00 3.007962e-03
<GCONST> 9.778606e+01
<MIXTURE> 42 1.106211e-02
<MEAN> 25
 -2.184817e+00 4.269181e+00 4.034955e+00 3.855966e+00 -2.767284e-01 -7.144839e+00 5.213744e-02 -1.448737e+00 -7.729892e-01 -1.421575e+00 -1.677405e+00 2.372096e+00 3.918544e+00 -4.616722e-01 1.895214e+00 -4.903771e-01 -3.037243e+00 -1.470817e+00 -2.591535e+00 -4.666425e-01 -5.148399e-01 -1.883856e-01 3.587264e-01 -5.224463e-01 1.039135e-02
<VARIANCE> 25
 3.323515e+01 1.861282e+01 4.073518e+01 2.727020e+01 3.472414e+01 3.727048e+01 4.959516e+01 2.311019e+01 2.793408e+01 2.750336e+01 2.246117e+01 2.208636e+01 3.039144e+00 3.943806e+00 5.241180e+00 5.150609e+00 4.555964e+00 5.152125e+00 4.402544e+00 4.573506e+00 4.693477e+00 5.074930e+00 3.889009e+00 4.281883e+00 3.537898e-03
<GCONST> 9.872448e+01
<MIXTURE> 43 7.108249e-03
<MEAN> 25
 3.167008e+00 -6.304823e+00 -2.244742e+00 -5.192935e+00 -7.396936e+00 -3.396720e+00 4.139023e+00 1.308068e+00 -5.069819e+00 -7.085117e+00 -4.325404e+00 -1.252897e+00 2.376400e-01 2.164151e+00 1.912591e+00 -1.334688e-01 -1.428680e+00 -7.943069e-01 -9.668844e-01 -7.793460e-01 8.211544e-01 1.467834e+00 3.418877e-01 2.139413e-02 -4.509468e-02
<VARIANCE> 25
 9.595282e+00 1.969468e+01 2.739530e+01 3.519155e+01 3.839363e+01 3.668642e+01 3.330799e+01 3.979924e+01 3.972004e+01 3.871845e+01 2.657104e+01 2.965988e+01 6.904434e-01 1.249559e+00 1.573585e+00 2.489205e+00 2.378391e+00 2.386596e+00 2.660800e+00 3.026666e+00 2.609664e+00 2.576410e+00 2.333984e+00 1.921061e+00 9.426283e-04
<GCONST> 8.798677e+01
<MIXTURE> 44 7.328289e-03
<MEAN> 25
 -1.524590e+01 1.578785e+00 3.497638e+00 -3.201816e+00 3.360551e+00 2.020164e+00 5.601146e-02 2.338922e+00 1.598966e+00 -6.986812e-01 1.864727e+00 2.114265e+00 -1.757898e-01 -2.649407e-02 1.628454e-01 3.066733e-01 -9.819747e-02 2.058061e-01 4.434689e-01 1.118925e-01 2.779664e-01 1.373889e-01 3.686690e-02 8.770778e-02 4.297216e-03
<VARIANCE> 25
 4.196092e+01 2.754532e+01 3.579512e+01 3.028732e+01 3.030258e+01 2.997999e+01 2.494868e+01 3.170176e+01 2.795633e+01 2.809309e+01 2.686785e+01 2.010098e+01 1.233736e+00 1.560682e+00 1.392411e+00 1.337764e+00 2.131619e+00 1.653944e+00 1.528925e+00 1.641030e+00 1.691358e+00 1.529767e+00 1.379961e+00 1.217795e+00 1.274564e-03
<GCONST> 8.469261e+01
<MIXTURE> 45 1.364932e-02
<MEAN> 25
 -1.096572e+01 4.547359e+00 -1.919049e+00 3.569933e+00 3.958997e+00 -6.709946e-01 4.677200e+00 1.676704e+00 4.021935e+00 1.785113e+00 3.155009e+00 2.816197e+00 -3.067684e+00 5.929572e-01 -8.959662e-01 -3.741226e-02 2.713071e-01 -1.600206e-02 4.724285e-01 -1.291532e-01 -5.230207e-02 -4.673739e-01 -3.829491e-01 5.295188e-01 1.009534e-01
<VARIANCE> 25
 3.318283e+01 2.534665e+01 2.761524e+01 3.087026e+01 3.606164e+01 2.366888e+01 2.225427e+01 2.261230e+01 2.476544e+01 2.300734e+01 2.704888e+01 1.502500e+01 1.989468e+00 2.316944e+00 2.996712e+00 2.556186e+00 1.933198e+00 2.277273e+00 2.039423e+00 2.203332e+00 2.041417e+00 2.032879e+00 2.589155e+00 1.685387e+00 4.064776e-03
<GCONST> 8.869276e+01
<MIXTURE> 46 9.336259e-03
<MEAN> 25
 -9.383146e+00 2.326780e+00 1.056945e+00 7.394868e+00 5.926233e+00 3.231832e+00 7.009294e+00 4.333797e+00 5.702788e+00 4.690836e+00 5.049812e+00 2.966687e+00 1.062435e+00 -2.595237e-01 6.008020e-02 9.731988e-01 5.841469e-01 9.133491e-01 3.402114e-01 6.594746e-01 5.025866e-01 5.161802e-01 6.102038e-01 5.113898e-01 -1.028607e-01
<VARIANCE> 25
 3.427592e+01 4.281687e+01 3.865210e+01 5.033560e+01 5.005720e+01 4.036442e+01 3.677552e+01 3.534171e+01 3.345711e+01 3.153595e+01 2.780739e+01 1.992064e+01 4.004543e+00 4.077634e+00 3.826516e+00 4.071466e+00 4.095845e+00 3.717069e+00 3.420381e+00 3.064443e+00 3.051814e+00 2.830118e+00 2.301529e+00 1.787336e+00 7.997301e-03
<GCONST> 9.822422e+01
<MIXTURE> 47 7.116147e-03
<MEAN> 25
 7.006726e+00 -7.497836e+00 -7.066297e+00 -6.926282e+00 1.988817e+00 7.617403e-01 -2.977849e+00 1.868195e+00 3.088413e+00 8.132388e-01 -4.549026e+00 -6.743741e+00 -1.445695e-01 -1.223958e+00 -6.517483e-01 -4.298236e-01 6.543685e-01 7.153718e-01 9.535611e-01 3.568346e-01 1.439284e-01 -8.100960e-01 -5.231322e-01 -3.077284e-01 2.993462e-02
<VARIANCE> 25
 1.103675e+01 2.165052e+01 2.411919e+01 3.644232e+01 3.649365e+01 4.877256e+01 4.700864e+01 4.340298e+01 4.030379e+01 5.323079e+01 4.634482e+01 3.200416e+01 5.208719e-01 7.986816e-01 1.194496e+00 1.821562e+00 1.878153e+00 2.139578e+00 2.415845e+00 2.491027e+00 2.170749e+00 2.122309e+00 2.168188e+00 2.137859e+00 5.852048e-04
<GCONST> 8.698390e+01
<MIXTURE> 48 7.116147e-03
<MEAN> 25
 7.006726e+00 -7.497836e+00 -7.066297e+00 -6.926282e+00 1.988817e+00 7.617403e-01 -2.977849e+00 1.868195e+00 3.088413e+00 8.132388e-01 -4.549026e+00 -6.743741e+00 -1.445695e-01 -1.223958e+00 -6.517483e-01 -4.298236e-01 6.543685e-01 7.153718e-01 9.535611e-01 3.568346e-01 1.439284e-01 -8.100960e-01 -5.231322e-01 -3.077284e-01 2.993462e-02
<VARIANCE> 25
 1.103675e+01 2.165052e+01 2.411919e+01 3.644232e+01 3.649365e+01 4.877256e+01 4.700864e+01 4.340298e+01 4.030379e+01 5.323079e+01 4.634482e+01 3.200416e+01 5.208719e-01 7.986816e-01 1.194496e+00 1.821562e+00 1.878153e+00 2.139578e+00 2.415845e+00 2.491027e+00 2.170749e+00 2.122309e+00 2.168188e+00 2.137859e+00 5.852048e-04
<GCONST> 8.698390e+01
<MIXTURE> 49 5.548473e-03
<MEAN> 25
 -5.074296e+00 3.148634e-01 1.489099e-01 8.409513e+00 6.112786e+00 5.695101e+00 6.148757e+00 4.424748e+00 4.974794e+00 3.619287e+00 4.916243e+00 2.803729e+00 3.601277e-01 6.486931e-01 7.016829e-01 3.574584e-01 -2.201404e-01 -6.796537e-01 -9.961817e-01 -1.100077e+00 -9.522547e-01 -6.847934e-01 -4.834499e-01 -2.439799e-01 2.205891e-05
<VARIANCE> 25
 9.499740e+00 1.005353e+01 1.412919e+01 1.587131e+01 1.593151e+01 1.738043e+01 1.970302e+01 1.954141e+01 1.833302e+01 1.862037e+01 2.042889e+01 1.446417e+01 2.800649e-01 2.643228e-01 3.562251e-01 6.103438e-01 9.195642e-01 9.762412e-01 9.987058e-01 1.079236e+00 1.124192e+00 1.216749e+00 1.285722e+00 1.271851e+00 1.448614e-05
<GCONST> 6.451794e+01
<MIXTURE> 50 6.234641e-03
<MEAN> 25
 -4.666270e+00 -4.100389e-02 -1.455782e+00 6.187100e+00 4.328454e+00 2.656498e+00 4.021165e+00 1.937487e+00 2.696254e+00 1.226746e+00 2.158146e+00 2.567231e+00 5.834590e-02 1.646809e-01 8.983908e-02 -1.808699e-01 -5.342986e-01 -6.279479e-01 -4.105580e-01 -6.050422e-02 4.165766e-01 7.620400e-01 7.634402e-01 4.655620e-01 5.251933e-05
<VARIANCE> 25
 1.016626e+01 1.124636e+01 1.387301e+01 1.493722e+01 1.563356e+01 2.186941e+01 2.059798e+01 1.891117e+01 1.819205e+01 1.785031e+01 2.091468e+01 1.747671e+01 1.411654e-01 2.355164e-01 3.718401e-01 5.253680e-01 6.252285e-01 7.355353e-01 9.312627e-01 1.097394e+00 1.050333e+00 9.267019e-01 9.400069e-01 9.688220e-01 1.085084e-06
<GCONST> 5.985740e+01
<MIXTURE> 51 6.234641e-03
<MEAN> 25
 -4.666270e+00 -4.100389e-02 -1.455782e+00 6.187100e+00 4.328454e+00 2.656498e+00 4.021165e+00 1.937487e+00 2.696254e+00 1.226746e+00 2.158146e+00 2.567231e+00 5.834590e-02 1.646809e-01 8.983908e-02 -1.808699e-01 -5.342986e-01 -6.279479e-01 -4.105580e-01 -6.050422e-02 4.165766e-01 7.620400e-01 7.634402e-01 4.655620e-01 5.251933e-05
<VARIANCE> 25
 1.016626e+01 1.124636e+01 1.387301e+01 1.493722e+01 1.563356e+01 2.186941e+01 2.059798e+01 1.891117e+01 1.819205e+01 1.785031e+01 2.091468e+01 1.747671e+01 1.411654e-01 2.355164e-01 3.718401e-01 5.253680e-01 6.252285e-01 7.355353e-01 9.312627e-01 1.097394e+00 1.050333e+00 9.267019e-01 9.400069e-01 9.688220e-01 1.085084e-06
<GCONST> 5.985740e+01
<MIXTURE> 52 6.367945e-03
<MEAN> 25
 1.007543e+01 2.012188e+00 -6.283814e+00 -1.417609e+01 -3.931572e+00 8.440697e+00 -2.630980e+00 -3.182284e+00 -4.356874e+00 -1.774385e+00 3.515383e+00 8.398973e-01 -3.510788e-01 -5.024699e-01 -2.146936e-02 1.065509e+00 1.417027e+00 -5.325620e-01 -6.660508e-01 -6.975167e-01 7.862747e-02 1.280874e+00 3.706458e-01 -5.373787e-01 -1.209047e-02
<VARIANCE> 25
 9.152937e+00 1.995826e+01 2.536447e+01 3.804713e+01 4.745448e+01 3.032658e+01 4.591035e+01 4.803180e+01 4.193265e+01 4.898893e+01 3.975068e+01 2.956331e+01 4.944257e-01 1.474418e+00 1.372501e+00 2.863023e+00 2.492888e+00 2.268923e+00 3.078458e+00 2.785567e+00 2.992828e+00 2.635386e+00 2.479539e+00 2.223955e+00 1.612342e-03
<GCONST> 8.997057e+01
<MIXTURE> 53 6.367945e-03
<MEAN> 25
 1.007543e+01 2.012188e+00 -6.283814e+00 -1.417609e+01 -3.931572e+00 8.440697e+00 -2.630980e+00 -3.182284e+00 -4.356874e+00 -1.774385e+00 3.515383e+00 8.398973e-01 -3.510788e-01 -5.024699e-01 -2.146936e-02 1.065509e+00 1.417027e+00 -5.325620e-01 -6.660508e-01 -6.975167e-01 7.862747e-02 1.280874e+00 3.706458e-01 -5.373787e-01 -1.209047e-02
<VARIANCE> 25
 9.152937e+00 1.995826e+01 2.536447e+01 3.804713e+01 4.745448e+01 3.032658e+01 4.591035e+01 4.803180e+01 4.193265e+01 4.898893e+01 3.975068e+01 2.956331e+01 4.944257e-01 1.474418e+00 1.372501e+00 2.863023e+00 2.492888e+00 2.268923e+00 3.078458e+00 2.785567e+00 2.992828e+00 2.635386e+00 2.479539e+00 2.223955e+00 1.612342e-03
<GCONST> 8.997057e+01
<MIXTURE> 54 7.368620e-03
<MEAN> 25
 -3.633949e+00 4.866254e-02 -6.833187e-01 8.036309e+00 6.484497e+00 4.627038e+00 4.676808e+00 4.600398e+00 4.052679e+00 3.592771e+00 4.456983e+00 2.324584e+00 -2.093601e-03 2.649078e-02 3.413533e-02 4.745609e-02 5.115325e-02 4.687051e-02 3.887600e-02 2.880931e-02 3.072829e-02 2.514565e-02 1.482646e-02 1.919692e-03 -1.185808e-05
<VARIANCE> 25
 9.136060e+00 1.036446e+01 9.294520e+00 1.818252e+01 1.332155e+01 1.354721e+01 1.198260e+01 1.128268e+01 1.134228e+01 1.355438e+01 1.780118e+01 1.255121e+01 4.087876e-02 8.734569e-02 1.540648e-01 2.265774e-01 3.081841e-01 3.971641e-01 4.607753e-01 5.216095e-01 5.420427e-01 5.211213e-01 5.149642e-01 5.164786e-01 1.000541e-06
<GCONST> 4.725429e+01
<MIXTURE> 55 7.368620e-03
<MEAN> 25
 -3.633949e+00 4.866254e-02 -6.833187e-01 8.036309e+00 6.484497e+00 4.627038e+00 4.676808e+00 4.600398e+00 4.052679e+00 3.592771e+00 4.456983e+00 2.324584e+00 -2.093601e-03 2.649078e-02 3.413533e-02 4.745609e-02 5.115325e-02 4.687051e-02 3.887600e-02 2.880931e-02 3.072829e-02 2.514565e-02 1.482646e-02 1.919692e-03 -1.185808e-05
<VARIANCE> 25
 9.136060e+00 1.036446e+01 9.294520e+00 1.818252e+01 1.332155e+01 1.354721e+01 1.198260e+01 1.128268e+01 1.134228e+01 1.355438e+01 1.780118e+01 1.255121e+01 4.087876e-02 8.734569e-02 1.540648e-01 2.265774e-01 3.081841e-01 3.971641e-01 4.607753e-01 5.216095e-01 5.420427e-01 5.211213e-01 5.149642e-01 5.164786e-01 1.000541e-06
<GCONST> 4.725429e+01
<MIXTURE> 56 6.132464e-03
<MEAN> 25
 7.535962e+00 -6.584210e+00 -8.941020e+00 -8.440263e+00 3.942204e+00 3.774346e+00 -2.390359e+00 -1.446387e+00 2.031487e+00 7.935562e-01 -2.479973e+00 -7.060267e+00 -3.487898e-03 6.368631e-03 -1.187545e-01 1.675945e-02 3.013009e-01 5.242486e-02 1.279570e-01 -1.445856e-01 -5.683758e-02 -1.754108e-02 -5.994358e-02 5.137766e-02 -6.353222e-03
<VARIANCE> 25
 9.181380e+00 2.470797e+01 2.071674e+01 4.315338e+01 3.264965e+01 4.992669e+01 6.107335e+01 3.739844e+01 3.780878e+01 3.729212e+01 3.954131e+01 3.038899e+01 2.015215e-01 4.307871e-01 4.703833e-01 7.530338e-01 8.251595e-01 1.087113e+00 9.543714e-01 8.793241e-01 9.377821e-01 9.084619e-01 1.029272e+00 7.994931e-01 2.509789e-04
<GCONST> 7.522865e+01
<MIXTURE> 57 6.132464e-03
<MEAN> 25
 7.535962e+00 -6.584210e+00 -8.941020e+00 -8.440263e+00 3.942204e+00 3.774346e+00 -2.390359e+00 -1.446387e+00 2.031487e+00 7.935562e-01 -2.479973e+00 -7.060267e+00 -3.487898e-03 6.368631e-03 -1.187545e-01 1.675945e-02 3.013009e-01 5.242486e-02 1.279570e-01 -1.445856e-01 -5.683758e-02 -1.754108e-02 -5.994358e-02 5.137766e-02 -6.353222e-03
<VARIANCE> 25
 9.181380e+00 2.470797e+01 2.071674e+01 4.315338e+01 3.264965e+01 4.992669e+01 6.107335e+01 3.739844e+01 3.780878e+01 3.729212e+01 3.954131e+01 3.038899e+01 2.015215e-01 4.307871e-01 4.703833e-01 7.530338e-01 8.251595e-01 1.087113e+00 9.543714e-01 8.793241e-01 9.377821e-01 9.084619e-01 1.029272e+00 7.994931e-01 2.509789e-04
<GCONST> 7.522865e+01
<MIXTURE> 58 6.172147e-03
<MEAN> 25
 2.551023e+00 -3.070348e+00 7.362225e+00 -5.105616e+00 -1.336783e+01 -5.637395e+00 1.517072e+00 7.876996e-01 -2.342428e+00 1.661874e+00 6.988716e-01 -5.827027e-01 -3.250575e-02 -1.413671e-01 -7.659402e-02 -1.486792e-01 -5.410413e-03 2.433428e-01 3.688829e-01 2.057102e-01 6.090650e-03 -5.737237e-04 -9.406675e-02 -1.606680e-01 -3.340852e-03
<VARIANCE> 25
 7.428897e+00 1.480033e+01 1.985539e+01 2.765944e+01 2.395267e+01 4.589191e+01 3.289093e+01 3.386010e+01 3.205255e+01 3.166829e+01 2.365681e+01 2.222972e+01 3.067264e-01 7.940992e-01 7.633927e-01 1.020113e+00 8.996553e-01 1.215242e+00 1.140814e+00 1.305328e+00 1.065216e+00 1.063004e+00 9.249419e-01 9.055721e-01 7.176453e-04
<GCONST> 7.569349e+01
<MIXTURE> 59 6.172147e-03
<MEAN> 25
 2.551023e+00 -3.070348e+00 7.362225e+00 -5.105616e+00 -1.336783e+01 -5.637395e+00 1.517072e+00 7.876996e-01 -2.342428e+00 1.661874e+00 6.988716e-01 -5.827027e-01 -3.250575e-02 -1.413671e-01 -7.659402e-02 -1.486792e-01 -5.410413e-03 2.433428e-01 3.688829e-01 2.057102e-01 6.090650e-03 -5.737237e-04 -9.406675e-02 -1.606680e-01 -3.340852e-03
<VARIANCE> 25
 7.428897e+00 1.480033e+01 1.985539e+01 2.765944e+01 2.395267e+01 4.589191e+01 3.289093e+01 3.386010e+01 3.205255e+01 3.166829e+01 2.365681e+01 2.222972e+01 3.067264e-01 7.940992e-01 7.633927e-01 1.020113e+00 8.996553e-01 1.215242e+00 1.140814e+00 1.305328e+00 1.065216e+00 1.063004e+00 9.249419e-01 9.055721e-01 7.176453e-04
<GCONST> 7.569349e+01
<MIXTURE> 60 4.479129e-03
<MEAN> 25
 -4.245816e+00 -7.915483e-01 -9.783887e-01 3.735852e+00 1.644832e+00 2.784682e+00 2.355234e+00 1.459362e+00 1.978244e+00 6.803587e-01 2.363684e+00 1.610999e+00 -2.128376e-02 4.213307e-02 1.228741e-01 1.215912e-01 1.882130e-01 1.552390e-01 1.333205e-01 3.152328e-01 5.258565e-01 6.494862e-01 5.323595e-01 2.967743e-01 -1.547730e-04
<VARIANCE> 25
 6.299963e+00 4.352123e+00 9.433948e+00 1.091922e+01 1.272699e+01 1.907435e+01 1.776674e+01 1.154426e+01 1.256889e+01 1.498761e+01 1.501913e+01 1.341748e+01 8.585536e-02 1.627610e-01 2.805717e-01 4.949182e-01 6.767155e-01 7.241058e-01 8.085693e-01 9.019911e-01 9.021279e-01 7.891204e-01 7.932187e-01 8.102017e-01 2.400394e-05
<GCONST> 5.655982e+01
<MIXTURE> 61 4.479129e-03
<MEAN> 25
 -4.245816e+00 -7.915483e-01 -9.783887e-01 3.735852e+00 1.644832e+00 2.784682e+00 2.355234e+00 1.459362e+00 1.978244e+00 6.803587e-01 2.363684e+00 1.610999e+00 -2.128376e-02 4.213307e-02 1.228741e-01 1.215912e-01 1.882130e-01 1.552390e-01 1.333205e-01 3.152328e-01 5.258565e-01 6.494862e-01 5.323595e-01 2.967743e-01 -1.547730e-04
<VARIANCE> 25
 6.299963e+00 4.352123e+00 9.433948e+00 1.091922e+01 1.272699e+01 1.907435e+01 1.776674e+01 1.154426e+01 1.256889e+01 1.498761e+01 1.501913e+01 1.341748e+01 8.585536e-02 1.627610e-01 2.805717e-01 4.949182e-01 6.767155e-01 7.241058e-01 8.085693e-01 9.019911e-01 9.021279e-01 7.891204e-01 7.932187e-01 8.102017e-01 2.400394e-05
<GCONST> 5.655982e+01
<MIXTURE> 62 3.278034e-03
<MEAN> 25
 -5.098697e+00 1.243293e+00 1.015137e+00 8.800582e+00 6.135217e+00 5.041439e+00 5.500732e+00 4.021437e+00 4.986454e+00 3.919665e+00 4.963678e+00 2.954603e+00 -1.002315e+00 -1.167035e+00 -9.507501e-01 -2.757984e-01 4.276341e-01 1.005231e+00 1.380726e+00 1.550283e+00 1.480991e+00 1.242775e+00 1.062621e+00 7.226666e-01 -1.266747e-03
<VARIANCE> 25
 9.896339e+00 9.958480e+00 1.315976e+01 1.686385e+01 1.739652e+01 1.763970e+01 1.967989e+01 1.914729e+01 1.886849e+01 1.877672e+01 2.153626e+01 1.479845e+01 4.037764e-01 4.322625e-01 5.582216e-01 7.790475e-01 1.032906e+00 1.190557e+00 1.260032e+00 1.278766e+00 1.335807e+00 1.363394e+00 1.407832e+00 1.375958e+00 1.631157e-05
<GCONST> 6.757502e+01
<MIXTURE> 63 4.351215e-03
<MEAN> 25
 -4.165784e+00 -2.455468e+00 -4.499130e+00 2.891068e+00 3.144003e+00 3.357247e-01 2.951025e+00 1.100276e+00 2.316501e+00 -1.110980e+00 -9.199417e-01 2.166687e+00 -1.158264e-01 2.886208e-01 4.313220e-01 5.147285e-01 4.891969e-01 5.013474e-01 4.131893e-01 1.440696e-01 2.076280e-01 2.390254e-01 1.649671e-01 1.135502e-01 -4.132665e-03
<VARIANCE> 25
 8.184711e+00 1.369162e+01 1.612907e+01 1.530052e+01 1.806963e+01 2.977956e+01 2.278363e+01 2.489424e+01 2.378306e+01 2.106554e+01 1.915182e+01 1.808122e+01 2.622923e-01 4.523291e-01 6.188659e-01 6.810701e-01 1.033557e+00 1.208040e+00 1.210067e+00 1.308204e+00 1.368788e+00 1.334873e+00 1.312617e+00 1.178655e+00 1.718869e-04
<GCONST> 7.092334e+01
<MIXTURE> 64 4.351215e-03
<MEAN> 25
 -4.165784e+00 -2.455468e+00 -4.499130e+00 2.891068e+00 3.144003e+00 3.357247e-01 2.951025e+00 1.100276e+00 2.316501e+00 -1.110980e+00 -9.199417e-01 2.166687e+00 -1.158264e-01 2.886208e-01 4.313220e-01 5.147285e-01 4.891969e-01 5.013474e-01 4.131893e-01 1.440696e-01 2.076280e-01 2.390254e-01 1.649671e-01 1.135502e-01 -4.132665e-03
<VARIANCE> 25
 8.184711e+00 1.369162e+01 1.612907e+01 1.530052e+01 1.806963e+01 2.977956e+01 2.278363e+01 2.489424e+01 2.378306e+01 2.106554e+01 1.915182e+01 1.808122e+01 2.622923e-01 4.523291e-01 6.188659e-01 6.810701e-01 1.033557e+00 1.208040e+00 1.210067e+00 1.308204e+00 1.368788e+00 1.334873e+00 1.312617e+00 1.178655e+00 1.718869e-04
<GCONST> 7.092334e+01
<MIXTURE> 65 1.721197e-02
<MEAN> 25
 6.243817e+00 4.153714e-01 3.504628e+00 -1.666208e+00 -4.528859e+00 -4.086308e+00 -7.385005e+00 -3.701307e+00 -6.278449e+00 -1.608816e+00 -7.260839e+00 -4.256791e+00 3.117737e-01 1.313104e-02 5.457203e-02 -8.418859e-02 -1.397707e-01 7.959363e-01 3.719561e-01 -5.119957e-01 4.075256e-01 -9.919059e-02 2.305797e-01 -5.646886e-01 -9.949923e-03
<VARIANCE> 25
 1.199347e+01 1.718832e+01 2.321977e+01 3.505565e+01 3.204871e+01 6.101426e+01 5.703743e+01 5.809028e+01 8.627707e+01 4.653223e+01 5.022276e+01 5.385319e+01 5.338200e-01 8.228186e-01 1.290116e+00 1.379699e+00 1.813474e+00 2.612743e+00 2.765736e+00 3.308714e+00 3.254338e+00 2.712184e+00 2.708133e+00 2.110891e+00 5.202907e-04
<GCONST> 8.974536e+01
<MIXTURE> 66 1.191532e-02
<MEAN> 25
 6.210259e+00 -4.395152e+00 -5.396963e+00 -5.458942e+00 1.988252e+00 -4.290214e+00 -6.472941e+00 1.968701e+00 1.877944e+00 -7.135569e-01 -5.963958e+00 -3.871636e+00 -8.484320e-02 1.699069e+00 1.757170e+00 2.271926e+00 -1.295829e+00 -9.399944e-01 4.172342e-01 -6.751286e-01 -1.964358e-01 -5.587319e-01 4.555141e-02 7.174191e-01 -6.784177e-02
<VARIANCE> 25
 9.076633e+00 2.400199e+01 2.464586e+01 3.520287e+01 3.860539e+01 4.870986e+01 5.008995e+01 4.556231e+01 5.763911e+01 7.197740e+01 3.633092e+01 4.317015e+01 1.171198e+00 2.190464e+00 3.453359e+00 2.253788e+00 3.789726e+00 4.279279e+00 4.450995e+00 4.448518e+00 4.466247e+00 4.968667e+00 4.024352e+00 3.701519e+00 1.763173e-03
<GCONST> 9.728309e+01
<MIXTURE> 67 1.559142e-02
<MEAN> 25
 7.870779e+00 1.021221e+00 -5.716434e+00 -8.349224e+00 1.773580e+00 2.753338e+00 -2.820235e+00 -1.949174e+00 -1.989559e+00 2.592403e+00 -1.066486e-01 -2.801065e+00 -1.133348e+00 1.839965e+00 5.761708e-01 2.984282e+00 7.007726e-01 -3.185125e-01 1.344939e+00 -6.587705e-02 3.518089e-01 -4.353526e-01 8.146396e-02 3.672870e-01 -1.265534e-01
<VARIANCE> 25
 1.201880e+01 4.065715e+01 2.773732e+01 4.582285e+01 4.891400e+01 4.207901e+01 5.353651e+01 4.874789e+01 6.817978e+01 5.933951e+01 4.782824e+01 5.270885e+01 1.897544e+00 3.035956e+00 3.551685e+00 3.725245e+00 5.814580e+00 3.730415e+00 3.678416e+00 4.718965e+00 4.677628e+00 4.860741e+00 5.218565e+00 4.178711e+00 2.801588e-03
<GCONST> 1.015138e+02
<MIXTURE> 68 1.485092e-02
<MEAN> 25
 -1.836599e+00 -2.088324e+00 -4.088233e+00 1.273104e+00 5.154487e+00 -7.495025e-01 2.024397e+00 1.746442e+00 2.256189e+00 1.778797e+00 5.334971e-01 2.041232e+00 2.794549e+00 4.660946e-01 1.330584e-01 -2.512478e+00 -2.382869e+00 -1.587754e+00 -2.326971e+00 -1.632828e+00 -1.506585e+00 -1.330237e+00 -1.842163e+00 -9.125658e-01 9.849872e-02
<VARIANCE> 25
 2.662383e+01 3.083656e+01 5.735849e+01 5.225484e+01 4.513703e+01 5.454769e+01 4.710458e+01 4.019756e+01 4.095613e+01 4.276290e+01 3.629977e+01 2.561629e+01 1.804536e+00 3.615126e+00 5.833916e+00 5.619764e+00 4.588068e+00 5.378576e+00 5.572248e+00 5.073750e+00 4.995552e+00 5.410909e+00 5.246300e+00 3.606556e+00 6.051932e-03
<GCONST> 1.033641e+02
<MIXTURE> 69 1.204884e-02
<MEAN> 25
 4.756789e+00 -4.001608e+00 -3.329649e+00 -3.586580e+00 -2.992828e+00 -7.695061e+00 -1.775421e+00 2.306690e+00 4.378237e-01 -3.926244e+00 -5.414298e+00 1.217589e+00 1.692511e+00 -2.120981e+00 -1.090148e+00 -2.168391e+00 -6.461587e-01 -4.247304e-01 -5.411121e-01 6.431609e-01 -6.741319e-01 -1.403186e+00 -2.047495e+00 -7.492235e-02 6.039351e-02
<VARIANCE> 25
 8.740815e+00 2.058225e+01 2.549685e+01 2.396158e+01 4.107365e+01 3.585210e+01 4.954435e+01 2.903522e+01 4.503188e+01 4.290557e+01 3.009805e+01 2.572532e+01 3.242209e+00 2.762858e+00 3.610385e+00 3.482191e+00 5.495120e+00 4.586266e+00 6.590744e+00 5.562434e+00 5.449820e+00 5.641922e+00 4.689755e+00 3.467772e+00 2.255322e-03
<GCONST> 9.801168e+01
<MIXTURE> 70 1.329190e-02
<MEAN> 25
 6.629981e+00 -2.561146e+00 -3.344071e+00 -4.300442e+00 7.596536e-01 -4.776382e-01 -8.084139e+00 -2.512748e+00 1.197078e+00 4.267774e+00 -8.158410e-01 -4.839392e+00 1.950563e+00 -1.295256e+00 -4.802039e-02 -2.517978e+00 -1.395623e+00 9.112339e-01 -1.181514e+00 3.789703e-01 3.840963e-01 1.731190e-01 4.990846e-01 -1.006558e+00 6.162963e-02
<VARIANCE> 25
 1.057005e+01 2.285998e+01 2.863270e+01 4.804245e+01 3.514307e+01 3.836130e+01 4.557390e+01 4.206419e+01 5.597825e+01 3.243525e+01 4.411597e+01 3.377350e+01 2.909477e+00 2.890832e+00 5.529990e+00 5.273260e+00 4.480199e+00 5.723333e+00 6.171703e+00 8.185031e+00 4.925292e+00 4.710505e+00 5.281367e+00 4.055282e+00 2.559366e-03
<GCONST> 1.011459e+02
<MIXTURE> 71 1.406903e-02
<MEAN> 25
 5.872306e+00 4.656696e+00 3.881224e+00 3.006527e+00 -2.845942e+00 -1.949972e+00 -2.380800e+00 -6.434479e+00 -5.043277e+00 -2.862019e+00 -5.432099e+00 -3.935044e+00 -1.554528e+00 -7.401615e-01 -5.098965e-01 -1.338287e+00 1.422976e+00 -2.816997e-01 -4.270308e-01 1.377838e+00 3.999021e-01 -1.215939e-02 4.733745e-01 1.801466e-01 3.823016e-02
<VARIANCE> 25
 1.900776e+01 2.449140e+01 2.259692e+01 4.060627e+01 4.028696e+01 5.562977e+01 5.179876e+01 3.775984e+01 3.744418e+01 4.378608e+01 3.432069e+01 3.628168e+01 1.676901e+00 2.720468e+00 5.930399e+00 6.317883e+00 5.234639e+00 4.426891e+00 6.099644e+00 4.934312e+00 4.052044e+00 3.901744e+00 3.666626e+00 2.961721e+00 1.403937e-03
<GCONST> 9.900031e+01
<MIXTURE> 72 8.134747e-03
<MEAN> 25
 3.699906e+00 -3.571164e+00 5.502336e+00 -2.521690e+00 -1.013685e+01 -9.724558e+00 -2.821804e+00 1.981691e+00 -5.012389e+00 -2.206759e+00 -2.176076e+00 4.936093e-01 9.435371e-01 -7.854574e-01 -2.471122e+00 4.352403e-01 2.115191e+00 -6.028419e-01 -1.284897e+00 1.519701e+00 1.803774e+00 -5.850086e-01 -1.260204e+00 3.303508e-01 -6.956827e-03
<VARIANCE> 25
 1.080084e+01 1.939079e+01 3.215051e+01 3.751773e+01 3.402048e+01 3.301189e+01 4.483778e+01 3.544654e+01 4.292956e+01 4.041276e+01 4.085495e+01 2.857106e+01 4.311390e-01 1.001347e+00 2.351757e+00 1.468559e+00 2.141346e+00 2.395640e+00 3.028188e+00 2.663146e+00 2.573168e+00 2.927694e+00 2.023181e+00 2.254274e+00 5.566631e-04
<GCONST> 8.746795e+01
<MIXTURE> 73 1.213625e-02
<MEAN> 25
 -5.568301e+00 -7.306142e-01 -1.353078e+00 4.935677e+00 4.245018e+00 2.268857e+00 5.499112e+00 3.321795e+00 4.319429e+00 3.347276e+00 4.171523e+00 3.049850e+00 8.116691e-01 -1.014103e+00 -9.445823e-01 -2.617764e+00 -1.247544e+00 -1.733966e+00 -9.324033e-01 -4.618348e-01 -8.891243e-01 -6.465148e-01 -1.085005e+00 -2.340065e-01 1.524144e-01
<VARIANCE> 25
 1.288903e+01 1.330639e+01 1.502278e+01 2.237521e+01 2.353163e+01 2.597525e+01 2.071151e+01 2.032842e+01 1.873357e+01 1.932770e+01 2.289530e+01 1.547259e+01 4.087282e+00 3.024005e+00 6.099103e+00 4.655451e+00 6.080351e+00 4.565331e+00 4.273263e+00 4.274687e+00 3.891423e+00 4.264596e+00 3.480973e+00 2.821683e+00 4.452533e-03
<GCONST> 9.289789e+01
<MIXTURE> 74 1.756491e-02
<MEAN> 25
 3.804881e+00 -1.682058e+00 6.181953e+00 -2.268827e+00 -7.437550e+00 -7.757015e+00 -3.506653e+00 1.716910e+00 -6.600842e+00 -1.326342e+00 -3.298000e+00 6.171134e-01 1.844763e-01 1.792223e+00 -2.645231e-01 1.501439e+00 6.733976e-01 9.960711e-01 1.060223e+00 -1.390782e+00 3.066577e-01 7.225980e-02 -1.198636e-01 -7.811807e-01 -6.801850e-02
<VARIANCE> 25
 1.015616e+01 1.799576e+01 3.323841e+01 3.340235e+01 3.253202e+01 3.758971e+01 5.832022e+01 3.846657e+01 8.005934e+01 3.656935e+01 5.261606e+01 4.505202e+01 1.690793e+00 1.913453e+00 3.300007e+00 2.788656e+00 3.858958e+00 4.649872e+00 5.998877e+00 3.513074e+00 3.790351e+00 3.623037e+00 3.687672e+00 3.471264e+00 1.566109e-03
<GCONST> 9.678400e+01
<MIXTURE> 75 9.711651e-03
<MEAN> 25
 2.012358e+00 -9.562383e-01 1.071659e+01 2.130341e+00 -1.240765e+01 -7.590611e+00 -3.947539e+00 -8.869132e-01 -3.338942e+00 -4.409613e+00 4.569549e+00 2.700987e+00 1.561708e+00 -1.611518e+00 1.728205e-01 -3.271721e-01 -2.298212e+00 -4.413922e-01 -1.513052e+00 7.985666e-01 -4.594516e-01 -4.577499e-01 1.229695e+00 -6.864416e-01 2.949675e-02
<VARIANCE> 25
 1.067111e+01 1.569785e+01 2.481652e+01 2.427662e+01 2.374622e+01 2.865043e+01 2.715256e+01 2.751349e+01 3.186143e+01 3.031134e+01 2.398528e+01 3.629633e+01 2.002212e+00 1.572139e+00 4.094288e+00 2.382906e+00 3.250204e+00 3.893021e+00 3.565386e+00 2.874035e+00 4.144234e+00 2.735708e+00 3.325728e+00 2.532632e+00 1.456857e-03
<GCONST> 9.056690e+01
<MIXTURE> 76 1.052359e-02
<MEAN> 25
 -7.026869e+00 -5.050783e-01 -3.162807e+00 4.480077e+00 3.888176e+00 1.812986e+00 4.122625e+00 1.257027e+00 2.745211e+00 1.448707e-01 1.827812e+00 2.854059e+00 -9.683548e-03 -5.656289e-01 -2.123640e-01 -6.713616e-01 -5.613213e-01 -8.525620e-01 -6.066130e-01 -2.264000e-01 -5.755958e-01 -5.238618e-01 -3.541924e-01 -1.062699e-01 2.182449e-02
<VARIANCE> 25
 3.770021e+01 3.238229e+01 2.806729e+01 2.806285e+01 2.984182e+01 3.026293e+01 2.833322e+01 2.841973e+01 2.374341e+01 2.503009e+01 2.423920e+01 1.838231e+01 1.365252e+00 1.023765e+00 1.406874e+00 1.281892e+00 1.412784e+00 1.712843e+00 1.602935e+00 1.562781e+00 1.811523e+00 1.574712e+00 1.440437e+00 1.535833e+00 1.221014e-03
<GCONST> 8.356769e+01
<MIXTURE> 77 1.244626e-02
<MEAN> 25
 -4.814448e-01 8.506950e+00 1.244361e+01 -1.150178e+01 -7.002191e+00 9.289840e-01 -9.218067e+00 -7.164981e+00 -3.318166e+00 -2.517291e-01 -4.635133e+00 -1.402502e+00 6.692269e-02 1.266279e-01 6.953552e-02 2.596238e-01 -1.434522e-02 8.639061e-02 -7.249779e-02 -6.980433e-02 7.669952e-02 -6.154023e-02 3.236192e-02 1.131453e-01 -9.942872e-03
<VARIANCE> 25
 1.043535e+01 2.059881e+01 2.735626e+01 4.289193e+01 3.314819e+01 3.373675e+01 3.728179e+01 3.213017e+01 3.546937e+01 3.330023e+01 3.741429e+01 3.628739e+01 2.978039e-01 7.856200e-01 6.436989e-01 1.097171e+00 1.234448e+00 9.881105e-01 1.223274e+00 1.077382e+00 1.045809e+00 1.093349e+00 9.710114e-01 9.217528e-01 5.382760e-04
<GCONST> 7.795097e+01
<MIXTURE> 78 9.702551e-03
<MEAN> 25
 -1.041391e+01 1.052810e+00 -2.494418e+00 2.318343e+00 5.194562e+00 -1.837145e+00 3.694948e+00 2.062791e+00 3.916763e+00 1.344174e+00 2.396331e-02 3.420702e+00 2.499608e+00 -4.798945e-01 4.283943e-01 4.692053e-01 -1.044444e-01 6.953385e-02 -7.390673e-01 8.872960e-04 4.502327e-01 2.117845e-01 -4.481415e-01 -4.052659e-01 -4.813987e-02
<VARIANCE> 25
 3.860509e+01 2.677761e+01 2.843290e+01 2.995786e+01 3.448829e+01 3.121270e+01 3.364898e+01 2.693786e+01 3.419285e+01 3.423270e+01 2.433439e+01 1.683128e+01 4.574285e+00 2.189812e+00 2.505256e+00 2.513093e+00 2.342999e+00 4.154282e+00 3.244879e+00 2.215714e+00 2.544994e+00 1.986373e+00 1.847465e+00 2.651512e+00 4.247141e-03
<GCONST> 9.264677e+01
<MIXTURE> 79 1.156824e-02
<MEAN> 25
 2.849339e+00 1.029275e+00 8.961459e+00 -7.238952e+00 -1.142853e+01 -5.282162e-01 -8.959199e-01 -6.566021e+00 -7.480233e+00 6.162583e-01 -4.281178e+00 -4.405435e+00 9.704067e-01 -2.019393e-01 -1.454038e+00 2.126080e+00 4.914577e-01 -1.407511e+00 7.766509e-01 7.503221e-01 9.014551e-02 -4.339930e-01 5.378726e-01 4.228469e-01 -3.958233e-02
<VARIANCE> 25
 1.338002e+01 2.246821e+01 3.256578e+01 4.493198e+01 3.077971e+01 4.516220e+01 4.247860e+01 3.221824e+01 4.157570e+01 3.420042e+01 4.382719e+01 4.850239e+01 1.101134e+00 2.438349e+00 1.659980e+00 2.108858e+00 2.289989e+00 2.590916e+00 3.032790e+00 3.216942e+00 3.828996e+00 2.451892e+00 2.480041e+00 1.939975e+00 1.181058e-03
<GCONST> 9.168962e+01
<MIXTURE> 80 7.550998e-03
<MEAN> 25
 -1.431395e+01 4.008403e+00 3.109513e-01 3.667511e+00 2.275285e+00 1.157275e+00 6.942159e+00 2.038153e+00 2.188865e+00 1.286361e+00 4.865614e+00 1.407793e+00 4.144600e+00 -1.670808e-01 1.735212e+00 -1.071482e+00 -2.654379e+00 -2.896997e+00 -2.219232e+00 -1.746157e+00 -1.883242e+00 -1.489448e+00 -1.526770e+00 -4.341416e-01 -4.204269e-02
<VARIANCE> 25
 1.990166e+01 1.871128e+01 3.231678e+01 3.666668e+01 2.788911e+01 2.727756e+01 2.916616e+01 2.769953e+01 2.720514e+01 3.596060e+01 2.477875e+01 1.697449e+01 2.339433e+00 2.614762e+00 2.531241e+00 3.792683e+00 3.613459e+00 2.640041e+00 3.004242e+00 3.532247e+00 2.703237e+00 2.964432e+00 2.736051e+00 2.404279e+00 1.436949e-03
<GCONST> 9.131052e+01
<MIXTURE> 81 8.025434e-03
<MEAN> 25
 -9.886685e-01 3.848993e+00 1.006504e+01 -1.455882e+01 -8.923749e+00 -1.457600e+00 -6.850223e+00 -8.151569e+00 -4.440105e+00 -4.101960e-01 -7.698102e+00 -2.464185e+00 1.615628e-01 -5.719824e-01 1.853940e-02 -5.703071e-01 -4.452946e-01 3.523536e-01 3.355555e-01 1.054630e-01 -1.089151e-01 1.081727e-01 -4.444552e-01 -1.604819e-01 1.065488e-02
<VARIANCE> 25
 1.051392e+01 3.322374e+01 2.601385e+01 3.036533e+01 3.398585e+01 3.279959e+01 4.657481e+01 3.009257e+01 4.082003e+01 3.161684e+01 2.537297e+01 3.276171e+01 7.846746e-01 2.226566e+00 1.536686e+00 2.801109e+00 2.637162e+00 2.165645e+00 3.329251e+00 2.421115e+00 2.400470e+00 2.536973e+00 2.329676e+00 2.103701e+00 1.188314e-03
<GCONST> 8.913019e+01
<MIXTURE> 82 8.213053e-03
<MEAN> 25
 -9.961617e+00 -3.899577e+00 1.637783e+00 -2.969726e+00 3.112542e+00 6.720812e-01 1.995681e+00 9.365348e-01 2.975953e+00 1.728720e+00 1.743005e+00 3.085120e+00 -1.313887e+00 -1.248646e-01 2.889009e-01 -2.603659e+00 -1.104825e+00 -1.264897e+00 -1.013577e+00 -8.693027e-01 -3.165798e-01 -4.777511e-01 -3.167100e-01 -9.425517e-02 1.783831e-01
<VARIANCE> 25
 1.804617e+01 2.495334e+01 3.239051e+01 3.090796e+01 3.303303e+01 3.230981e+01 3.177320e+01 3.297462e+01 3.086887e+01 2.512008e+01 3.078687e+01 1.749572e+01 3.755732e+00 3.047784e+00 3.321760e+00 3.269500e+00 3.561437e+00 3.286340e+00 2.942887e+00 3.017426e+00 2.794592e+00 2.490844e+00 2.449352e+00 1.868540e+00 3.435582e-03
<GCONST> 9.308973e+01
<MIXTURE> 83 1.167529e-02
<MEAN> 25
 -1.997834e+01 5.500501e+00 -1.815164e+00 -3.949646e-01 7.820440e+00 -1.241123e+00 5.459216e+00 2.998210e+00 1.235614e+00 2.214732e+00 7.478806e-01 2.899881e+00 -2.633832e-02 -4.582241e-01 9.773086e-03 -3.608229e-01 -4.917593e-01 -1.220933e-01 -1.405650e-01 -9.465870e-02 -2.435496e-02 -3.251154e-02 -3.852484e-02 -3.777701e-02 4.397620e-03
<VARIANCE> 25
 9.302401e+00 1.637604e+01 2.842478e+01 2.248755e+01 2.126047e+01 2.395191e+01 2.193105e+01 2.350957e+01 2.066027e+01 2.241566e+01 2.312470e+01 1.444046e+01 1.057198e+00 9.426288e-01 1.237279e+00 1.063329e+00 1.354347e+00 1.293018e+00 1.284368e+00 1.382297e+00 1.428802e+00 1.321147e+00 1.222052e+00 1.068341e+00 8.901514e-04
<GCONST> 7.714339e+01
<MIXTURE> 84 1.066614e-02
<MEAN> 25
 1.218021e+00 8.778932e+00 7.027290e+00 7.821729e+00 2.611897e+00 -6.480867e-01 -1.239955e+00 -4.369453e+00 -4.072098e+00 -2.936014e+00 -2.247935e+00 -1.747887e+00 -1.779114e+00 -1.127602e+00 -1.219490e+00 1.316575e+00 2.239186e+00 1.486948e+00 1.359912e+00 1.228239e+00 1.217816e+00 4.087373e-01 3.979308e-01 4.152260e-01 -7.240115e-02
<VARIANCE> 25
 2.256438e+01 1.881189e+01 2.196436e+01 2.429307e+01 2.914926e+01 2.922762e+01 2.901451e+01 2.619498e+01 2.511969e+01 2.478831e+01 2.407456e+01 2.483350e+01 2.036606e+00 2.573351e+00 3.824709e+00 3.227329e+00 3.304981e+00 3.342624e+00 3.532513e+00 3.377310e+00 3.456627e+00 3.442967e+00 3.561833e+00 2.735354e+00 3.490552e-03
<GCONST> 9.263207e+01
<MIXTURE> 85 7.591393e-03
<MEAN> 25
 -3.811097e+00 7.295137e+00 4.467688e+00 2.322585e+00 -3.918384e+00 -5.865487e+00 -3.056311e+00 -5.185551e+00 -3.343166e+00 -4.482613e+00 -1.544140e+00 -1.815034e+00 3.694789e+00 -9.972524e-02 1.923866e+00 -2.299390e+00 -2.958517e+00 -2.679235e+00 -3.092191e+00 -1.737517e+00 -2.231699e+00 -1.023795e+00 -2.396134e+00 -8.369308e-01 1.204191e-02
<VARIANCE> 25
 3.837014e+01 2.232312e+01 3.825657e+01 3.751572e+01 3.348018e+01 3.731891e+01 3.154290e+01 2.666302e+01 2.230621e+01 2.909208e+01 2.841232e+01 1.820601e+01 2.466701e+00 4.263535e+00 3.451226e+00 4.611927e+00 4.609470e+00 3.264295e+00 3.424017e+00 4.710911e+00 3.207280e+00 3.930978e+00 3.332387e+00 3.216102e+00 4.511513e-03
<GCONST> 9.667513e+01
<MIXTURE> 86 1.273941e-02
<MEAN> 25
 -4.904613e+00 -1.465336e+00 -8.207201e-01 6.038731e+00 4.990898e+00 5.556702e+00 6.108539e+00 4.344881e+00 4.480769e+00 3.154084e+00 5.079422e+00 2.435728e+00 1.681869e-02 -1.152743e-02 -1.143143e-02 -6.930163e-02 -1.593403e-01 -1.873679e-01 -2.537510e-01 -3.638183e-01 -3.603942e-01 -2.136629e-01 -1.316315e-01 2.617134e-02 2.157308e-04
<VARIANCE> 25
 6.888950e+00 5.356043e+00 8.854617e+00 1.191956e+01 1.438159e+01 1.687544e+01 1.606204e+01 1.271370e+01 1.223053e+01 1.668258e+01 1.470387e+01 1.298033e+01 9.178956e-02 1.727323e-01 2.989198e-01 5.109830e-01 6.990279e-01 6.809202e-01 7.346178e-01 7.168342e-01 8.132654e-01 8.666992e-01 8.807486e-01 1.035413e+00 5.322890e-05
<GCONST> 5.790518e+01
<MIXTURE> 87 1.100681e-02
<MEAN> 25
 -3.116972e+00 4.149457e+00 3.019787e+00 6.732497e+00 5.180837e+00 1.526766e+00 1.864396e+00 -1.257443e+00 -9.895647e-01 -8.681598e-01 -8.230088e-01 3.146148e-02 -2.075740e+00 -2.583272e+00 -2.336676e+00 -2.230896e+00 5.945089e-02 -1.194321e-01 4.316122e-01 1.404845e+00 1.220387e+00 1.090494e+00 7.941971e-01 8.658744e-01 1.036340e-01
<VARIANCE> 25
 3.520352e+01 2.853603e+01 2.797012e+01 3.169670e+01 2.937482e+01 3.396255e+01 2.650702e+01 2.601060e+01 2.597054e+01 2.307773e+01 2.501919e+01 2.342216e+01 3.606261e+00 2.902212e+00 4.216533e+00 3.613088e+00 4.577538e+00 4.085601e+00 4.552978e+00 3.782618e+00 3.868619e+00 3.149516e+00 3.332415e+00 2.758546e+00 4.556078e-03
<GCONST> 9.603086e+01
<MIXTURE> 88 1.256585e-02
<MEAN> 25
 -3.809204e+00 -5.786477e-01 -1.255624e+00 5.132799e+00 3.594658e+00 3.172769e+00 5.101407e+00 2.413970e+00 2.830597e+00 1.139418e+00 3.231318e+00 2.705104e+00 -2.010574e-01 8.137225e-02 -5.573078e-02 3.417340e-01 3.658070e-01 3.500168e-01 -6.847811e-02 -2.287310e-01 -8.473835e-02 -1.040106e-01 -2.017550e-01 6.588440e-02 -8.119046e-03
<VARIANCE> 25
 8.970180e+00 8.285743e+00 1.381811e+01 1.264713e+01 2.432656e+01 2.328923e+01 1.926045e+01 1.638913e+01 1.879214e+01 1.980468e+01 2.186934e+01 1.463762e+01 1.450282e+00 1.483581e+00 2.088477e+00 1.808670e+00 2.486962e+00 3.061832e+00 2.522336e+00 2.151868e+00 2.304066e+00 2.243039e+00 1.920642e+00 2.749106e+00 1.470931e-03
<GCONST> 8.180247e+01
<MIXTURE> 89 9.333527e-03
<MEAN> 25
 5.392490e+00 -6.214562e+00 -1.759578e+00 -3.955349e+00 -7.544740e-01 -6.597106e+00 -8.427956e+00 5.568010e+00 1.967298e+00 -1.383486e+00 -6.358743e+00 -3.277314e+00 -4.853012e-01 1.395107e-01 1.469915e+00 5.735331e-01 -1.545224e+00 -1.335449e+00 9.559004e-01 1.289307e+00 -1.315814e+00 -1.001638e+00 2.491310e-01 1.710171e+00 2.993334e-03
<VARIANCE> 25
 8.262255e+00 1.935881e+01 3.065002e+01 2.526931e+01 2.865152e+01 3.967247e+01 8.055026e+01 3.882137e+01 5.749831e+01 3.434280e+01 3.395233e+01 3.698987e+01 3.438127e-01 6.198792e-01 1.487929e+00 1.328529e+00 1.867694e+00 1.800194e+00 2.265572e+00 2.028799e+00 2.413459e+00 2.448036e+00 2.174392e+00 1.298844e+00 4.199938e-04
<GCONST> 8.439419e+01
<MIXTURE> 90 7.114505e-03
<MEAN> 25
 2.446576e+00 -9.717080e+00 -4.745536e+00 -3.979746e+00 -3.379989e+00 -1.820376e+00 3.345497e+00 1.189922e+00 -7.548536e+00 -1.020044e+01 -3.435552e+00 -7.418931e-01 -1.634794e-01 9.081754e-01 1.167916e+00 -8.525090e-01 -1.612506e+00 -2.090758e-01 6.470885e-01 -2.118220e-01 -1.721213e-01 7.381510e-01 1.804561e-01 -5.506956e-01 -1.115731e-02
<VARIANCE> 25
 8.489696e+00 1.779837e+01 1.986967e+01 2.798861e+01 3.680521e+01 3.220756e+01 3.886574e+01 3.642700e+01 3.553796e+01 2.787474e+01 2.703281e+01 2.613114e+01 2.236330e-01 6.126025e-01 7.876020e-01 1.043604e+00 1.469052e+00 1.597844e+00 1.782842e+00 1.656324e+00 1.817931e+00 1.678188e+00 1.501320e+00 1.309418e+00 2.149753e-04
<GCONST> 7.817622e+01
<MIXTURE> 91 7.852945e-03
<MEAN> 25
 6.205626e+00 -7.453539e+00 -8.346298e+00 -5.120718e+00 3.840484e+00 -6.603279e-02 -2.220367e+00 9.189458e-01 8.308635e-01 -2.488590e+00 -4.774078e+00 -5.277805e+00 2.635502e-01 9.713984e-01 2.731118e-01 4.481526e-01 -9.059975e-02 -5.142082e-01 -2.293089e-01 -7.675844e-02 -2.150602e-01 4.434791e-01 -1.671386e-01 2.507960e-01 -3.513250e-02
<VARIANCE> 25
 1.020107e+01 2.222109e+01 1.986444e+01 3.893107e+01 3.391815e+01 5.242367e+01 5.176253e+01 3.835949e+01 5.079186e+01 6.435158e+01 3.765395e+01 4.210897e+01 4.227288e-01 8.617190e-01 1.244231e+00 1.314358e+00 2.114288e+00 2.342598e+00 2.659616e+00 2.301343e+00 2.388935e+00 2.216205e+00 1.991937e+00 1.776379e+00 5.734182e-04
<GCONST> 8.691905e+01
<MIXTURE> 92 7.852945e-03
<MEAN> 25
 6.205626e+00 -7.453539e+00 -8.346298e+00 -5.120718e+00 3.840484e+00 -6.603279e-02 -2.220367e+00 9.189458e-01 8.308635e-01 -2.488590e+00 -4.774078e+00 -5.277805e+00 2.635502e-01 9.713984e-01 2.731118e-01 4.481526e-01 -9.059975e-02 -5.142082e-01 -2.293089e-01 -7.675844e-02 -2.150602e-01 4.434791e-01 -1.671386e-01 2.507960e-01 -3.513250e-02
<VARIANCE> 25
 1.020107e+01 2.222109e+01 1.986444e+01 3.893107e+01 3.391815e+01 5.242367e+01 5.176253e+01 3.835949e+01 5.079186e+01 6.435158e+01 3.765395e+01 4.210897e+01 4.227288e-01 8.617190e-01 1.244231e+00 1.314358e+00 2.114288e+00 2.342598e+00 2.659616e+00 2.301343e+00 2.388935e+00 2.216205e+00 1.991937e+00 1.776379e+00 5.734182e-04
<GCONST> 8.691905e+01
<MIXTURE> 93 6.122769e-03
<MEAN> 25
 -6.789234e+00 -1.006901e+00 -2.390106e+00 5.802435e+00 5.953211e+00 4.082499e+00 6.234037e+00 3.561839e+00 4.070292e+00 2.421753e+00 1.819223e+00 3.538155e+00 -5.759944e-02 -1.553131e-01 -2.550130e-01 -3.307537e-01 -3.466795e-01 -2.968711e-01 -2.138477e-01 -1.803034e-01 -1.691954e-01 -1.387345e-01 -7.447895e-02 -1.996051e-02 2.822818e-05
<VARIANCE> 25
 9.026810e+00 6.059214e+00 8.071325e+00 1.120594e+01 1.156458e+01 1.729331e+01 1.577881e+01 1.632088e+01 1.470238e+01 1.480658e+01 1.652536e+01 1.516611e+01 8.269301e-02 1.512323e-01 2.610593e-01 3.814984e-01 5.083559e-01 6.480758e-01 7.681161e-01 8.788764e-01 9.059294e-01 8.796991e-01 9.389745e-01 9.183316e-01 1.047190e-06
<GCONST> 5.387388e+01
<MIXTURE> 94 6.122769e-03
<MEAN> 25
 -6.789234e+00 -1.006901e+00 -2.390106e+00 5.802435e+00 5.953211e+00 4.082499e+00 6.234037e+00 3.561839e+00 4.070292e+00 2.421753e+00 1.819223e+00 3.538155e+00 -5.759944e-02 -1.553131e-01 -2.550130e-01 -3.307537e-01 -3.466795e-01 -2.968711e-01 -2.138477e-01 -1.803034e-01 -1.691954e-01 -1.387345e-01 -7.447895e-02 -1.996051e-02 2.822818e-05
<VARIANCE> 25
 9.026810e+00 6.059214e+00 8.071325e+00 1.120594e+01 1.156458e+01 1.729331e+01 1.577881e+01 1.632088e+01 1.470238e+01 1.480658e+01 1.652536e+01 1.516611e+01 8.269301e-02 1.512323e-01 2.610593e-01 3.814984e-01 5.083559e-01 6.480758e-01 7.681161e-01 8.788764e-01 9.059294e-01 8.796991e-01 9.389745e-01 9.183316e-01 1.047190e-06
<GCONST> 5.387388e+01
<MIXTURE> 95 5.258835e-03
<MEAN> 25
 -5.765200e+00 -9.019439e-01 -1.948072e+00 4.914641e+00 4.116005e+00 3.229328e+00 4.477822e+00 1.506297e+00 2.151069e+00 5.435156e-01 1.203815e+00 2.466902e+00 1.366099e-01 1.355850e-01 1.133203e-01 -3.393439e-02 -4.378152e-01 -7.371510e-01 -1.008043e+00 -1.206085e+00 -1.253940e+00 -9.758427e-01 -6.074905e-01 -2.105116e-01 1.619584e-04
<VARIANCE> 25
 9.734398e+00 6.582023e+00 1.166877e+01 1.214447e+01 1.363251e+01 2.014740e+01 1.874366e+01 1.641398e+01 1.499466e+01 1.641226e+01 1.914555e+01 1.403678e+01 2.025550e-01 2.827161e-01 4.442173e-01 6.432207e-01 9.063186e-01 8.850313e-01 9.048885e-01 1.012337e+00 9.342937e-01 1.084480e+00 1.165742e+00 1.230693e+00 4.237691e-05
<GCONST> 6.338894e+01
<MIXTURE> 96 7.034694e-03
<MEAN> 25
 -5.082697e+00 -5.000350e-01 -2.081592e+00 5.323268e+00 3.602503e+00 2.129830e+00 4.161890e+00 1.821184e+00 2.232676e+00 4.745249e-01 1.083043e+00 2.852153e+00 -3.274654e-02 8.448507e-02 2.300196e-01 4.445098e-01 5.302923e-01 4.637248e-01 2.090544e-01 -4.568276e-02 -4.630570e-01 -6.472631e-01 -6.368441e-01 -3.485530e-01 -2.523541e-05
<VARIANCE> 25
 1.055629e+01 9.364904e+00 1.293043e+01 1.425855e+01 1.600658e+01 2.121623e+01 2.594347e+01 1.855208e+01 1.834573e+01 2.093216e+01 1.903376e+01 1.394799e+01 1.156289e-01 2.102021e-01 3.102103e-01 4.143074e-01 4.849480e-01 6.623458e-01 8.668426e-01 1.099486e+00 9.178712e-01 8.290255e-01 8.674291e-01 9.096054e-01 9.634559e-07
<GCONST> 5.797871e+01
<MIXTURE> 97 7.034694e-03
<MEAN> 25
 -5.082697e+00 -5.000350e-01 -2.081592e+00 5.323268e+00 3.602503e+00 2.129830e+00 4.161890e+00 1.821184e+00 2.232676e+00 4.745249e-01 1.083043e+00 2.852153e+00 -3.274654e-02 8.448507e-02 2.300196e-01 4.445098e-01 5.302923e-01 4.637248e-01 2.090544e-01 -4.568276e-02 -4.630570e-01 -6.472631e-01 -6.368441e-01 -3.485530e-01 -2.523541e-05
<VARIANCE> 25
 1.055629e+01 9.364904e+00 1.293043e+01 1.425855e+01 1.600658e+01 2.121623e+01 2.594347e+01 1.855208e+01 1.834573e+01 2.093216e+01 1.903376e+01 1.394799e+01 1.156289e-01 2.102021e-01 3.102103e-01 4.143074e-01 4.849480e-01 6.623458e-01 8.668426e-01 1.099486e+00 9.178712e-01 8.290255e-01 8.674291e-01 9.096054e-01 9.634559e-07
<GCONST> 5.797871e+01
<MIXTURE> 98 9.917808e-03
<MEAN> 25
 -1.349811e+00 1.148265e+00 -2.875839e-01 4.273927e+00 3.039562e+00 2.477614e+00 2.973150e+00 1.060155e+00 1.307599e+00 7.731706e-01 1.484496e+00 1.296532e+00 -1.895153e+00 -1.323909e+00 -9.264346e-01 2.444902e-01 5.987517e-01 8.857099e-01 1.148640e+00 1.283380e+00 1.582774e+00 8.334656e-01 9.995741e-01 9.278433e-01 -3.706181e-02
<VARIANCE> 25
 1.347858e+01 1.764184e+01 2.899446e+01 2.941876e+01 4.074646e+01 3.184181e+01 2.911949e+01 2.744906e+01 2.560574e+01 2.738835e+01 2.750076e+01 2.313866e+01 1.279321e+00 1.566243e+00 2.360267e+00 2.265194e+00 2.556704e+00 2.807731e+00 2.879090e+00 2.791610e+00 2.507522e+00 3.683656e+00 2.967318e+00 2.024440e+00 2.394824e-03
<GCONST> 8.943591e+01
<MIXTURE> 99 6.696178e-03
<MEAN> 25
 -6.565029e+00 9.860054e+00 6.676100e+00 3.625827e+00 8.384292e-01 -5.161633e+00 -1.440364e+00 -4.135759e+00 -3.423660e+00 -3.867498e+00 -1.453240e+00 5.586189e-01 5.906441e-01 -7.550673e-01 3.342215e-01 -3.750874e-01 -1.096218e+00 -5.404537e-01 -3.257159e-01 -2.474420e-01 -1.564816e-01 -9.349430e-02 2.437913e-01 1.804328e-01 9.724279e-03
<VARIANCE> 25
 3.609082e+01 2.571447e+01 4.801418e+01 3.174841e+01 3.691134e+01 3.533665e+01 3.099332e+01 2.889630e+01 2.740557e+01 2.781729e+01 2.152347e+01 3.026116e+01 2.195457e+00 1.862813e+00 1.448890e+00 1.762166e+00 2.686232e+00 2.179068e+00 1.589087e+00 1.632409e+00 1.624905e+00 1.613019e+00 1.296166e+00 1.284619e+00 1.566275e-03
<GCONST> 8.727615e+01
<MIXTURE> 100 4.498084e-03
<MEAN> 25
 -1.621584e+00 6.229155e+00 1.010320e+01 -7.280995e+00 -1.063733e+01 -5.287768e+00 -5.142347e+00 -9.725937e+00 -4.738264e+00 -9.617761e-01 -2.923708e+00 -2.701985e+00 2.891899e+00 -1.248051e+00 1.330792e+00 -2.215508e+00 -3.280998e+00 -8.065246e-01 -1.273482e+00 -7.601658e-01 -1.477934e+00 4.176038e-01 -1.650399e+00 -2.852675e-01 2.467524e-03
<VARIANCE> 25
 1.328456e+01 2.095565e+01 2.290809e+01 2.691852e+01 2.312583e+01 2.465681e+01 2.977199e+01 2.318595e+01 2.676273e+01 2.248650e+01 2.307263e+01 2.076628e+01 1.775466e+00 3.855797e+00 2.874579e+00 4.202450e+00 4.745733e+00 4.435242e+00 4.022911e+00 4.347473e+00 4.056584e+00 3.969803e+00 3.807663e+00 3.139372e+00 1.636789e-03
<GCONST> 9.262400e+01
<MIXTURE> 101 6.007792e-03
<MEAN> 25
 8.138524e+00 -3.036279e+00 -6.128767e+00 -6.122344e+00 9.295596e-01 -1.274650e+00 -1.033875e+01 -2.445034e+00 1.698165e+00 2.762357e+00 -1.883361e+00 -4.772476e+00 6.222955e-01 6.120763e-01 -1.383425e+00 -1.533742e+00 1.009724e+00 2.138825e+00 2.162556e-01 -1.415915e+00 -1.146698e+00 1.064640e+00 1.378277e+00 -3.513060e-01 -2.692747e-03
<VARIANCE> 25
 8.549244e+00 1.733617e+01 2.795904e+01 4.466757e+01 3.377983e+01 3.291674e+01 3.467915e+01 3.493765e+01 3.530751e+01 4.045077e+01 5.035724e+01 2.384124e+01 2.964814e-01 6.544607e-01 1.139446e+00 1.483140e+00 1.584812e+00 2.310831e+00 1.965722e+00 1.861902e+00 2.333060e+00 2.076169e+00 1.660191e+00 1.899400e+00 4.224109e-04
<GCONST> 8.298101e+01
<MIXTURE> 102 6.007792e-03
<MEAN> 25
 8.138524e+00 -3.036279e+00 -6.128767e+00 -6.122344e+00 9.295596e-01 -1.274650e+00 -1.033875e+01 -2.445034e+00 1.698165e+00 2.762357e+00 -1.883361e+00 -4.772476e+00 6.222955e-01 6.120763e-01 -1.383425e+00 -1.533742e+00 1.009724e+00 2.138825e+00 2.162556e-01 -1.415915e+00 -1.146698e+00 1.064640e+00 1.378277e+00 -3.513060e-01 -2.692747e-03
<VARIANCE> 25
 8.549244e+00 1.733617e+01 2.795904e+01 4.466757e+01 3.377983e+01 3.291674e+01 3.467915e+01 3.493765e+01 3.530751e+01 4.045077e+01 5.035724e+01 2.384124e+01 2.964814e-01 6.544607e-01 1.139446e+00 1.483140e+00 1.584812e+00 2.310831e+00 1.965722e+00 1.861902e+00 2.333060e+00 2.076169e+00 1.660191e+00 1.899400e+00 4.224109e-04
<GCONST> 8.298101e+01
<MIXTURE> 103 5.694618e-03
<MEAN> 25
 3.328348e+00 -9.351757e+00 -5.889473e+00 -3.103381e+00 -1.243618e+00 -2.031958e+00 2.102482e+00 2.558362e+00 -4.535149e+00 -9.243847e+00 -5.074248e+00 1.674085e-01 -1.539497e-01 -1.484629e+00 -9.728937e-01 3.583113e-01 1.203437e+00 1.009216e+00 1.276423e-01 -2.669857e-01 -7.951710e-01 -9.284679e-01 -4.067410e-02 1.211219e-01 2.686416e-02
<VARIANCE> 25
 1.021978e+01 2.071047e+01 2.525859e+01 3.110179e+01 4.744761e+01 3.459792e+01 5.127065e+01 3.608812e+01 4.224352e+01 2.892125e+01 2.953391e+01 2.781542e+01 6.353918e-01 1.234735e+00 1.510525e+00 1.922611e+00 2.880035e+00 2.389782e+00 2.918684e+00 2.529556e+00 2.547163e+00 2.516728e+00 2.084810e+00 1.992030e+00 7.968216e-04
<GCONST> 8.761255e+01
<MIXTURE> 104 5.694618e-03
<MEAN> 25
 3.328348e+00 -9.351757e+00 -5.889473e+00 -3.103381e+00 -1.243618e+00 -2.031958e+00 2.102482e+00 2.558362e+00 -4.535149e+00 -9.243847e+00 -5.074248e+00 1.674085e-01 -1.539497e-01 -1.484629e+00 -9.728937e-01 3.583113e-01 1.203437e+00 1.009216e+00 1.276423e-01 -2.669857e-01 -7.951710e-01 -9.284679e-01 -4.067410e-02 1.211219e-01 2.686416e-02
<VARIANCE> 25
 1.021978e+01 2.071047e+01 2.525859e+01 3.110179e+01 4.744761e+01 3.459792e+01 5.127065e+01 3.608812e+01 4.224352e+01 2.892125e+01 2.953391e+01 2.781542e+01 6.353918e-01 1.234735e+00 1.510525e+00 1.922611e+00 2.880035e+00 2.389782e+00 2.918684e+00 2.529556e+00 2.547163e+00 2.516728e+00 2.084810e+00 1.992030e+00 7.968216e-04
<GCONST> 8.761255e+01
<MIXTURE> 105 4.710235e-03
<MEAN> 25
 2.436938e+00 -1.615590e+00 8.979011e+00 -2.611736e+00 -1.101834e+01 -5.428041e+00 -4.411189e+00 -8.246493e-01 -3.350402e+00 -3.031242e+00 1.552456e+00 -6.006969e-01 2.785838e-02 9.632700e-03 7.601915e-02 1.537478e-04 -4.066180e-02 7.114541e-02 -3.949315e-02 -1.783056e-02 -1.841377e-02 -4.553462e-03 -1.759749e-02 -3.764516e-02 -2.185816e-03
<VARIANCE> 25
 1.310780e+01 2.697674e+01 3.930724e+01 4.235641e+01 4.039103e+01 5.252516e+01 3.929287e+01 4.081094e+01 4.028633e+01 3.977718e+01 3.942984e+01 3.301940e+01 8.514070e-02 1.832288e-01 3.454241e-01 3.142150e-01 3.823883e-01 4.157015e-01 4.526109e-01 5.694659e-01 4.899067e-01 4.383033e-01 4.279782e-01 3.983509e-01 8.399078e-05
<GCONST> 6.655515e+01
<MIXTURE> 106 4.710235e-03
<MEAN> 25
 2.436938e+00 -1.615590e+00 8.979011e+00 -2.611736e+00 -1.101834e+01 -5.428041e+00 -4.411189e+00 -8.246493e-01 -3.350402e+00 -3.031242e+00 1.552456e+00 -6.006969e-01 2.785838e-02 9.632700e-03 7.601915e-02 1.537478e-04 -4.066180e-02 7.114541e-02 -3.949315e-02 -1.783056e-02 -1.841377e-02 -4.553462e-03 -1.759749e-02 -3.764516e-02 -2.185816e-03
<VARIANCE> 25
 1.310780e+01 2.697674e+01 3.930724e+01 4.235641e+01 4.039103e+01 5.252516e+01 3.929287e+01 4.081094e+01 4.028633e+01 3.977718e+01 3.942984e+01 3.301940e+01 8.514070e-02 1.832288e-01 3.454241e-01 3.142150e-01 3.823883e-01 4.157015e-01 4.526109e-01 5.694659e-01 4.899067e-01 4.383033e-01 4.279782e-01 3.983509e-01 8.399078e-05
<GCONST> 6.655515e+01
<MIXTURE> 107 5.452374e-03
<MEAN> 25
 8.476103e+00 -2.184386e+00 -8.148578e+00 -9.919169e+00 3.070686e+00 2.739326e+00 -8.323687e+00 -4.688961e+00 -9.047857e-01 4.151253e+00 1.706161e+00 -4.639085e+00 -6.476490e-01 -7.359529e-01 8.139212e-01 1.628981e+00 3.923083e-01 -1.986653e+00 -1.020858e+00 7.318377e-01 1.835723e+00 1.502159e-01 -1.615788e+00 -7.743394e-01 -2.395543e-03
<VARIANCE> 25
 8.762089e+00 1.886973e+01 2.623405e+01 4.039743e+01 4.561032e+01 3.564031e+01 4.869064e+01 3.342403e+01 4.213521e+01 4.382269e+01 5.407918e+01 2.978839e+01 3.638632e-01 9.435353e-01 1.341289e+00 2.594232e+00 2.533592e+00 2.590695e+00 2.516594e+00 2.469750e+00 2.151766e+00 2.995998e+00 1.796494e+00 2.041601e+00 7.379174e-04
<GCONST> 8.755260e+01
<MIXTURE> 108 5.452374e-03
<MEAN> 25
 8.476103e+00 -2.184386e+00 -8.148578e+00 -9.919169e+00 3.070686e+00 2.739326e+00 -8.323687e+00 -4.688961e+00 -9.047857e-01 4.151253e+00 1.706161e+00 -4.639085e+00 -6.476490e-01 -7.359529e-01 8.139212e-01 1.628981e+00 3.923083e-01 -1.986653e+00 -1.020858e+00 7.318377e-01 1.835723e+00 1.502159e-01 -1.615788e+00 -7.743394e-01 -2.395543e-03
<VARIANCE> 25
 8.762089e+00 1.886973e+01 2.623405e+01 4.039743e+01 4.561032e+01 3.564031e+01 4.869064e+01 3.342403e+01 4.213521e+01 4.382269e+01 5.407918e+01 2.978839e+01 3.638632e-01 9.435353e-01 1.341289e+00 2.594232e+00 2.533592e+00 2.590695e+00 2.516594e+00 2.469750e+00 2.151766e+00 2.995998e+00 1.796494e+00 2.041601e+00 7.379174e-04
<GCONST> 8.755260e+01
<MIXTURE> 109 6.661064e-03
<MEAN> 25
 4.078422e+00 -1.052857e+01 -8.270576e+00 -1.363863e+00 2.756543e+00 -5.892241e-02 -1.069527e-01 1.463938e+00 -2.555132e+00 -8.365945e+00 -5.380936e+00 4.323063e-02 -3.296646e-02 -1.356320e-01 -3.477069e-02 2.482996e-01 1.992152e-01 1.192810e-01 -1.279646e-01 -1.056107e-01 -4.313605e-02 -1.322169e-01 2.202174e-01 1.384082e-02 -3.450720e-03
<VARIANCE> 25
 9.086566e+00 1.836169e+01 2.039741e+01 3.139417e+01 4.071872e+01 3.676537e+01 4.695496e+01 3.433494e+01 4.602243e+01 3.531470e+01 2.952816e+01 2.831663e+01 1.925100e-01 4.261007e-01 5.391166e-01 6.349367e-01 1.230778e+00 9.927186e-01 1.262252e+00 1.090091e+00 1.118921e+00 9.512405e-01 8.765486e-01 8.846728e-01 1.831456e-04
<GCONST> 7.449445e+01
<MIXTURE> 110 6.661064e-03
<MEAN> 25
 4.078422e+00 -1.052857e+01 -8.270576e+00 -1.363863e+00 2.756543e+00 -5.892241e-02 -1.069527e-01 1.463938e+00 -2.555132e+00 -8.365945e+00 -5.380936e+00 4.323063e-02 -3.296646e-02 -1.356320e-01 -3.477069e-02 2.482996e-01 1.992152e-01 1.192810e-01 -1.279646e-01 -1.056107e-01 -4.313605e-02 -1.322169e-01 2.202174e-01 1.384082e-02 -3.450720e-03
<VARIANCE> 25
 9.086566e+00 1.836169e+01 2.039741e+01 3.139417e+01 4.071872e+01 3.676537e+01 4.695496e+01 3.433494e+01 4.602243e+01 3.531470e+01 2.952816e+01 2.831663e+01 1.925100e-01 4.261007e-01 5.391166e-01 6.349367e-01 1.230778e+00 9.927186e-01 1.262252e+00 1.090091e+00 1.118921e+00 9.512405e-01 8.765486e-01 8.846728e-01 1.831456e-04
<GCONST> 7.449445e+01
<MIXTURE> 111 4.337247e-03
<MEAN> 25
 -4.451311e+00 -9.708248e-01 -1.649527e+00 1.754490e+00 9.202546e-01 1.339969e+00 6.609069e-01 1.725448e-01 1.047842e-01 -7.053560e-01 -5.219275e-01 1.902611e+00 -2.192625e-02 -4.707611e-02 -5.757619e-02 -5.786593e-02 -1.331957e-02 3.808224e-02 -1.144061e-02 -7.533889e-02 -1.209250e-01 -1.826040e-01 -1.731195e-01 -8.537467e-02 4.129571e-05
<VARIANCE> 25
 6.718216e+00 4.933142e+00 9.875415e+00 9.188726e+00 1.295776e+01 2.567552e+01 1.677161e+01 1.275269e+01 1.142705e+01 1.196015e+01 1.352495e+01 1.177433e+01 8.008070e-02 1.659101e-01 2.770492e-01 4.402022e-01 6.100850e-01 7.714892e-01 7.732579e-01 8.578119e-01 9.388428e-01 8.362554e-01 8.471253e-01 8.415018e-01 2.322234e-05
<GCONST> 5.627642e+01
<MIXTURE> 112 4.337247e-03
<MEAN> 25
 -4.451311e+00 -9.708248e-01 -1.649527e+00 1.754490e+00 9.202546e-01 1.339969e+00 6.609069e-01 1.725448e-01 1.047842e-01 -7.053560e-01 -5.219275e-01 1.902611e+00 -2.192625e-02 -4.707611e-02 -5.757619e-02 -5.786593e-02 -1.331957e-02 3.808224e-02 -1.144061e-02 -7.533889e-02 -1.209250e-01 -1.826040e-01 -1.731195e-01 -8.537467e-02 4.129571e-05
<VARIANCE> 25
 6.718216e+00 4.933142e+00 9.875415e+00 9.188726e+00 1.295776e+01 2.567552e+01 1.677161e+01 1.275269e+01 1.142705e+01 1.196015e+01 1.352495e+01 1.177433e+01 8.008070e-02 1.659101e-01 2.770492e-01 4.402022e-01 6.100850e-01 7.714892e-01 7.732579e-01 8.578119e-01 9.388428e-01 8.362554e-01 8.471253e-01 8.415018e-01 2.322234e-05
<GCONST> 5.627642e+01
<MIXTURE> 113 5.938666e-03
<MEAN> 25
 9.976395e+00 1.755794e+00 -8.776226e+00 -1.702597e+01 -1.029563e+00 5.651370e+00 -5.284453e+00 -1.471527e+00 -5.687194e+00 -4.874166e-01 3.014260e-01 -2.006493e-01 4.526047e-03 1.383207e-02 -6.015113e-02 -1.142611e-01 1.049355e-01 1.506544e-01 5.994134e-02 3.581652e-02 -5.911615e-02 -5.001235e-02 1.802909e-01 3.585052e-02 -1.404849e-03
<VARIANCE> 25
 8.864069e+00 1.637210e+01 2.966282e+01 3.454885e+01 5.270111e+01 3.387966e+01 3.967146e+01 3.912262e+01 3.740737e+01 4.638761e+01 3.626937e+01 2.841855e+01 1.219027e-01 3.207398e-01 3.163674e-01 6.315598e-01 6.139846e-01 6.534114e-01 7.775100e-01 8.444507e-01 9.637440e-01 9.055405e-01 7.241235e-01 7.135711e-01 1.250611e-04
<GCONST> 7.111925e+01
<MIXTURE> 114 5.938666e-03
<MEAN> 25
 9.976395e+00 1.755794e+00 -8.776226e+00 -1.702597e+01 -1.029563e+00 5.651370e+00 -5.284453e+00 -1.471527e+00 -5.687194e+00 -4.874166e-01 3.014260e-01 -2.006493e-01 4.526047e-03 1.383207e-02 -6.015113e-02 -1.142611e-01 1.049355e-01 1.506544e-01 5.994134e-02 3.581652e-02 -5.911615e-02 -5.001235e-02 1.802909e-01 3.585052e-02 -1.404849e-03
<VARIANCE> 25
 8.864069e+00 1.637210e+01 2.966282e+01 3.454885e+01 5.270111e+01 3.387966e+01 3.967146e+01 3.912262e+01 3.740737e+01 4.638761e+01 3.626937e+01 2.841855e+01 1.219027e-01 3.207398e-01 3.163674e-01 6.315598e-01 6.139846e-01 6.534114e-01 7.775100e-01 8.444507e-01 9.637440e-01 9.055405e-01 7.241235e-01 7.135711e-01 1.250611e-04
<GCONST> 7.111925e+01
<MIXTURE> 115 2.935202e-03
<MEAN> 25
 -4.042410e+00 -8.014805e-01 -3.100243e+00 3.690924e+00 2.382378e+00 -2.748307e-01 2.372727e+00 3.815490e-01 1.343007e+00 -1.173610e-01 8.823579e-02 2.641156e+00 2.693296e-02 -6.772515e-02 -2.163006e-01 -4.190429e-01 -6.645661e-01 -6.869047e-01 -5.866169e-01 -4.868531e-01 -4.906076e-01 -4.771124e-01 -3.508225e-01 -1.374025e-01 1.126583e-05
<VARIANCE> 25
 9.158255e+00 9.893545e+00 1.334289e+01 1.260635e+01 1.335312e+01 1.890898e+01 1.813576e+01 2.056282e+01 1.779988e+01 1.758336e+01 1.905740e+01 1.460435e+01 2.021558e-01 3.417703e-01 4.921850e-01 5.786932e-01 6.887290e-01 8.045263e-01 9.950038e-01 1.148763e+00 1.060178e+00 1.007370e+00 1.014275e+00 1.098511e+00 9.987441e-07
<GCONST> 6.037851e+01
<MIXTURE> 116 2.935202e-03
<MEAN> 25
 -4.042410e+00 -8.014805e-01 -3.100243e+00 3.690924e+00 2.382378e+00 -2.748307e-01 2.372727e+00 3.815490e-01 1.343007e+00 -1.173610e-01 8.823579e-02 2.641156e+00 2.693296e-02 -6.772515e-02 -2.163006e-01 -4.190429e-01 -6.645661e-01 -6.869047e-01 -5.866169e-01 -4.868531e-01 -4.906076e-01 -4.771124e-01 -3.508225e-01 -1.374025e-01 1.126583e-05
<VARIANCE> 25
 9.158255e+00 9.893545e+00 1.334289e+01 1.260635e+01 1.335312e+01 1.890898e+01 1.813576e+01 2.056282e+01 1.779988e+01 1.758336e+01 1.905740e+01 1.460435e+01 2.021558e-01 3.417703e-01 4.921850e-01 5.786932e-01 6.887290e-01 8.045263e-01 9.950038e-01 1.148763e+00 1.060178e+00 1.007370e+00 1.014275e+00 1.098511e+00 9.987441e-07
<GCONST> 6.037851e+01
<MIXTURE> 117 6.506003e-03
<MEAN> 25
 -4.644498e+00 1.105550e+00 1.047134e+00 9.750234e+00 6.262816e+00 6.273769e+00 6.479005e+00 5.032516e+00 6.372177e+00 4.908789e+00 6.356394e+00 2.688238e+00 -7.457019e-02 -2.339220e-01 -3.572301e-01 -4.186414e-01 -3.704483e-01 -3.052230e-01 -2.867783e-01 -3.312640e-01 -3.921060e-01 -3.681498e-01 -2.595262e-01 -1.131900e-01 -4.789699e-06
<VARIANCE> 25
 7.169882e+00 8.793644e+00 9.809047e+00 1.430210e+01 1.562933e+01 1.544456e+01 1.779050e+01 1.797908e+01 1.644418e+01 1.651379e+01 1.674981e+01 1.494736e+01 2.162959e-01 3.068886e-01 4.259664e-01 6.170515e-01 8.564833e-01 1.055874e+00 1.174895e+00 1.231539e+00 1.221189e+00 1.194881e+00 1.173336e+00 1.114666e+00 1.006037e-06
<GCONST> 6.047305e+01
<MIXTURE> 118 6.506003e-03
<MEAN> 25
 -4.644498e+00 1.105550e+00 1.047134e+00 9.750234e+00 6.262816e+00 6.273769e+00 6.479005e+00 5.032516e+00 6.372177e+00 4.908789e+00 6.356394e+00 2.688238e+00 -7.457019e-02 -2.339220e-01 -3.572301e-01 -4.186414e-01 -3.704483e-01 -3.052230e-01 -2.867783e-01 -3.312640e-01 -3.921060e-01 -3.681498e-01 -2.595262e-01 -1.131900e-01 -4.789699e-06
<VARIANCE> 25
 7.169882e+00 8.793644e+00 9.809047e+00 1.430210e+01 1.562933e+01 1.544456e+01 1.779050e+01 1.797908e+01 1.644418e+01 1.651379e+01 1.674981e+01 1.494736e+01 2.162959e-01 3.068886e-01 4.259664e-01 6.170515e-01 8.564833e-01 1.055874e+00 1.174895e+00 1.231539e+00 1.221189e+00 1.194881e+00 1.173336e+00 1.114666e+00 1.006037e-06
<GCONST> 6.047305e+01
<MIXTURE> 119 4.297961e-03
<MEAN> 25
 -4.968050e+00 -7.585201e+00 2.207016e+00 2.047501e+00 2.226303e+00 2.982197e-01 5.331389e+00 5.884601e+00 1.154103e+00 9.069400e-01 6.571521e+00 1.556602e+00 -4.999798e-02 -7.927561e-02 4.102778e-02 -5.166788e-02 -1.289778e-01 -1.807184e-01 -7.131945e-02 -9.851082e-03 -9.374909e-02 -1.153256e-01 -5.417201e-02 -5.065165e-02 1.109382e-03
<VARIANCE> 25
 8.435050e+00 9.984393e+00 1.652237e+01 2.014458e+01 2.281772e+01 2.391302e+01 2.520478e+01 2.659224e+01 2.489442e+01 2.823521e+01 2.044180e+01 2.038700e+01 1.597870e-01 2.810968e-01 4.585214e-01 6.369206e-01 8.267429e-01 1.013249e+00 1.093395e+00 1.275966e+00 1.280760e+00 1.245951e+00 1.190168e+00 1.121305e+00 2.297837e-04
<GCONST> 6.978493e+01
<MIXTURE> 120 4.297961e-03
<MEAN> 25
 -4.968050e+00 -7.585201e+00 2.207016e+00 2.047501e+00 2.226303e+00 2.982197e-01 5.331389e+00 5.884601e+00 1.154103e+00 9.069400e-01 6.571521e+00 1.556602e+00 -4.999798e-02 -7.927561e-02 4.102778e-02 -5.166788e-02 -1.289778e-01 -1.807184e-01 -7.131945e-02 -9.851082e-03 -9.374909e-02 -1.153256e-01 -5.417201e-02 -5.065165e-02 1.109382e-03
<VARIANCE> 25
 8.435050e+00 9.984393e+00 1.652237e+01 2.014458e+01 2.281772e+01 2.391302e+01 2.520478e+01 2.659224e+01 2.489442e+01 2.823521e+01 2.044180e+01 2.038700e+01 1.597870e-01 2.810968e-01 4.585214e-01 6.369206e-01 8.267429e-01 1.013249e+00 1.093395e+00 1.275966e+00 1.280760e+00 1.245951e+00 1.190168e+00 1.121305e+00 2.297837e-04
<GCONST> 6.978493e+01
<MIXTURE> 121 4.567511e-03
<MEAN> 25
 2.409025e-01 -2.527997e+00 5.171684e+00 -1.289714e+01 -1.262856e+01 -1.608442e+00 9.850980e-01 -5.111586e+00 -4.280231e+00 -4.669002e-01 -5.541305e+00 -4.373177e+00 2.751281e-02 1.326613e-01 -4.128484e-02 7.583889e-02 1.543597e-01 8.201039e-02 -6.498718e-02 -1.973970e-01 -2.538819e-01 -2.636961e-01 -1.021402e-01 -4.605632e-03 -7.540668e-03
<VARIANCE> 25
 7.873935e+00 1.551618e+01 1.722850e+01 2.025929e+01 2.433807e+01 2.964000e+01 2.943607e+01 2.444901e+01 3.622173e+01 2.828118e+01 1.982651e+01 2.169836e+01 1.564737e-01 6.405383e-01 6.207728e-01 7.038984e-01 7.698618e-01 1.146609e+00 1.147661e+00 1.150374e+00 1.248234e+00 1.193432e+00 9.621910e-01 8.745641e-01 2.118124e-04
<GCONST> 7.155466e+01
<MIXTURE> 122 4.567511e-03
<MEAN> 25
 2.409025e-01 -2.527997e+00 5.171684e+00 -1.289714e+01 -1.262856e+01 -1.608442e+00 9.850980e-01 -5.111586e+00 -4.280231e+00 -4.669002e-01 -5.541305e+00 -4.373177e+00 2.751281e-02 1.326613e-01 -4.128484e-02 7.583889e-02 1.543597e-01 8.201039e-02 -6.498718e-02 -1.973970e-01 -2.538819e-01 -2.636961e-01 -1.021402e-01 -4.605632e-03 -7.540668e-03
<VARIANCE> 25
 7.873935e+00 1.551618e+01 1.722850e+01 2.025929e+01 2.433807e+01 2.964000e+01 2.943607e+01 2.444901e+01 3.622173e+01 2.828118e+01 1.982651e+01 2.169836e+01 1.564737e-01 6.405383e-01 6.207728e-01 7.038984e-01 7.698618e-01 1.146609e+00 1.147661e+00 1.150374e+00 1.248234e+00 1.193432e+00 9.621910e-01 8.745641e-01 2.118124e-04
<GCONST> 7.155466e+01
<MIXTURE> 123 4.393044e-03
<MEAN> 25
 -4.212748e+00 5.358920e-01 -1.077289e-01 6.017966e+00 4.911289e+00 4.802481e+00 4.599251e+00 4.625739e-01 9.295780e-02 -1.559749e+00 -2.013206e-01 7.665861e-02 -4.339729e-01 -7.149976e-01 -8.370084e-01 -6.651901e-01 -1.284175e-01 2.832588e-01 3.814873e-01 4.504947e-01 7.445334e-01 7.180097e-01 6.894497e-01 2.361050e-01 -3.253679e-03
<VARIANCE> 25
 8.761191e+00 9.174379e+00 1.325031e+01 1.473194e+01 2.107542e+01 3.530826e+01 2.710038e+01 1.633325e+01 1.700483e+01 1.920866e+01 2.105757e+01 2.275159e+01 3.909353e-01 3.497896e-01 4.614790e-01 6.618955e-01 9.824180e-01 1.404533e+00 1.247767e+00 1.198302e+00 1.047519e+00 1.133585e+00 1.281642e+00 1.587556e+00 9.191869e-05
<GCONST> 6.940961e+01
<MIXTURE> 124 4.069876e-03
<MEAN> 25
 -6.320044e+00 -1.311047e+00 -2.517870e+00 5.240524e+00 5.071987e+00 4.393775e+00 5.930360e+00 2.355180e+00 2.986039e+00 4.147472e-01 8.538659e-01 2.584934e+00 -1.869431e-01 -3.126747e-01 -4.397388e-01 -2.810251e-01 1.836835e-01 6.473430e-01 8.291036e-01 7.705963e-01 5.998382e-01 2.987376e-01 8.423074e-02 -2.216083e-01 -3.975694e-04
<VARIANCE> 25
 1.002922e+01 6.280430e+00 1.121057e+01 1.154954e+01 1.164728e+01 2.465003e+01 1.615923e+01 1.549152e+01 1.428773e+01 1.876421e+01 1.810502e+01 1.533098e+01 9.618328e-02 1.614572e-01 3.365340e-01 4.438262e-01 5.771589e-01 7.917897e-01 7.174980e-01 8.133335e-01 8.493885e-01 9.916592e-01 1.027449e+00 1.448457e+00 1.936210e-05
<GCONST> 5.933909e+01
<MIXTURE> 125 4.069876e-03
<MEAN> 25
 -6.320044e+00 -1.311047e+00 -2.517870e+00 5.240524e+00 5.071987e+00 4.393775e+00 5.930360e+00 2.355180e+00 2.986039e+00 4.147472e-01 8.538659e-01 2.584934e+00 -1.869431e-01 -3.126747e-01 -4.397388e-01 -2.810251e-01 1.836835e-01 6.473430e-01 8.291036e-01 7.705963e-01 5.998382e-01 2.987376e-01 8.423074e-02 -2.216083e-01 -3.975694e-04
<VARIANCE> 25
 1.002922e+01 6.280430e+00 1.121057e+01 1.154954e+01 1.164728e+01 2.465003e+01 1.615923e+01 1.549152e+01 1.428773e+01 1.876421e+01 1.810502e+01 1.533098e+01 9.618328e-02 1.614572e-01 3.365340e-01 4.438262e-01 5.771589e-01 7.917897e-01 7.174980e-01 8.133335e-01 8.493885e-01 9.916592e-01 1.027449e+00 1.448457e+00 1.936210e-05
<GCONST> 5.933909e+01
<MIXTURE> 126 2.402244e-03
<MEAN> 25
 -3.787711e+00 -6.936764e+00 -5.279406e+00 2.320132e+00 4.274502e+00 -3.239241e+00 7.142967e-02 3.552481e+00 3.339668e+00 -2.698056e+00 -1.426579e+00 3.054878e+00 -2.292472e-03 -6.697868e-03 -3.535995e-02 -1.580345e-01 -3.189925e-01 -3.894512e-01 -2.737449e-01 -1.577316e-01 -1.139068e-01 -1.159089e-01 -9.763760e-02 -3.010708e-02 -1.469563e-03
<VARIANCE> 25
 7.447135e+00 1.261141e+01 1.384839e+01 1.512185e+01 2.466514e+01 2.375440e+01 2.276443e+01 2.840108e+01 3.127069e+01 2.622692e+01 2.176237e+01 1.918153e+01 1.706088e-01 3.517718e-01 4.833364e-01 5.669513e-01 7.544554e-01 9.960546e-01 1.121534e+00 1.262148e+00 1.329443e+00 1.310786e+00 1.214022e+00 1.147373e+00 2.107640e-04
<GCONST> 6.979822e+01
<MIXTURE> 127 2.402244e-03
<MEAN> 25
 -3.787711e+00 -6.936764e+00 -5.279406e+00 2.320132e+00 4.274502e+00 -3.239241e+00 7.142967e-02 3.552481e+00 3.339668e+00 -2.698056e+00 -1.426579e+00 3.054878e+00 -2.292472e-03 -6.697868e-03 -3.535995e-02 -1.580345e-01 -3.189925e-01 -3.894512e-01 -2.737449e-01 -1.577316e-01 -1.139068e-01 -1.159089e-01 -9.763760e-02 -3.010708e-02 -1.469563e-03
<VARIANCE> 25
 7.447135e+00 1.261141e+01 1.384839e+01 1.512185e+01 2.466514e+01 2.375440e+01 2.276443e+01 2.840108e+01 3.127069e+01 2.622692e+01 2.176237e+01 1.918153e+01 1.706088e-01 3.517718e-01 4.833364e-01 5.669513e-01 7.544554e-01 9.960546e-01 1.121534e+00 1.262148e+00 1.329443e+00 1.310786e+00 1.214022e+00 1.147373e+00 2.107640e-04
<GCONST> 6.979822e+01
<MIXTURE> 128 3.790457e-03
<MEAN> 25
 -4.078512e+00 1.655888e+00 -6.037570e-01 6.378042e+00 3.814467e+00 1.691492e+00 3.691563e+00 2.236475e+00 3.765931e+00 3.809048e+00 3.904181e+00 3.713614e+00 -4.650702e-01 -2.142973e-01 1.158822e-01 7.379296e-01 1.160387e+00 1.095459e+00 7.196016e-01 1.804790e-01 -3.489437e-01 -7.739705e-01 -7.392677e-01 -3.698407e-01 -1.171760e-04
<VARIANCE> 25
 1.047313e+01 1.175485e+01 1.653753e+01 1.979479e+01 2.048797e+01 2.155466e+01 2.392785e+01 2.431527e+01 2.684255e+01 2.378686e+01 2.650527e+01 1.862037e+01 1.017536e+00 1.120971e+00 1.327217e+00 1.455776e+00 1.549110e+00 1.844433e+00 2.185472e+00 2.312065e+00 2.308872e+00 1.809985e+00 1.721281e+00 1.706552e+00 1.150505e-06
<GCONST> 7.396070e+01
<TRANSP> 3
 0.000000e+00 1.000000e+00 0.000000e+00
 0.000000e+00 9.999990e-01 9.999998e-07
 0.000000e+00 0.000000e+00 0.000000e+00
<ENDHMM>
