~o
<STREAMINFO> 1 25
<VECSIZE> 25<NULLD><MFCC_E_D_N><DIAGC>
~h "jmodel"
<BEGINHMM>
<NUMSTATES> 3
<STATE> 2
<NUMMIXES> 128
<MIXTURE> 1 5.748963e-03
<MEAN> 25
 -2.584330e+00 3.181697e+00 2.312886e+00 8.755142e+00 4.370132e+00 3.449042e+00 4.063248e+00 3.933970e+00 5.831479e+00 5.253106e+00 5.884482e+00 3.079389e+00 -2.004669e+00 -1.634534e+00 -8.641895e-01 1.076447e+00 1.560523e+00 2.231629e+00 2.154320e+00 2.084338e+00 1.693328e+00 1.269422e+00 1.567537e+00 6.136100e-01 -4.691427e-02
<VARIANCE> 25
 1.006250e+01 1.175808e+01 1.494495e+01 1.867754e+01 2.321118e+01 2.215044e+01 2.189205e+01 2.198867e+01 2.099848e+01 2.253436e+01 2.094670e+01 1.708405e+01 1.788547e+00 2.112066e+00 3.025854e+00 3.209558e+00 3.739649e+00 3.361287e+00 3.318886e+00 3.382934e+00 3.521385e+00 3.726884e+00 3.513147e+00 2.834105e+00 3.122456e-03
<GCONST> 8.846637e+01
<MIXTURE> 2 4.549242e-03
<MEAN> 25
 -4.874956e+00 1.311472e+00 9.954540e-01 9.899021e+00 6.690686e+00 7.423606e+00 7.846034e+00 6.956761e+00 8.371136e+00 6.371317e+00 7.622900e+00 3.072206e+00 -6.197540e-02 4.158941e-02 1.424572e-01 2.257041e-01 2.652115e-01 2.812909e-01 2.955886e-01 3.195637e-01 3.495698e-01 3.087309e-01 1.973949e-01 8.030777e-02 1.562422e-06
<VARIANCE> 25
 6.952401e+00 8.900275e+00 1.065601e+01 1.590985e+01 1.724314e+01 1.556925e+01 1.689865e+01 1.848926e+01 1.659908e+01 1.739238e+01 1.811473e+01 1.435731e+01 1.252260e-01 2.266320e-01 3.365318e-01 4.674259e-01 6.491572e-01 8.148249e-01 9.298466e-01 1.003000e+00 1.051478e+00 1.077604e+00 1.075533e+00 1.013852e+00 1.000222e-06
<GCONST> 5.804663e+01
<MIXTURE> 3 4.549242e-03
<MEAN> 25
 -4.874956e+00 1.311472e+00 9.954540e-01 9.899021e+00 6.690686e+00 7.423606e+00 7.846034e+00 6.956761e+00 8.371136e+00 6.371317e+00 7.622900e+00 3.072206e+00 -6.197540e-02 4.158941e-02 1.424572e-01 2.257041e-01 2.652115e-01 2.812909e-01 2.955886e-01 3.195637e-01 3.495698e-01 3.087309e-01 1.973949e-01 8.030777e-02 1.562422e-06
<VARIANCE> 25
 6.952401e+00 8.900275e+00 1.065601e+01 1.590985e+01 1.724314e+01 1.556925e+01 1.689865e+01 1.848926e+01 1.659908e+01 1.739238e+01 1.811473e+01 1.435731e+01 1.252260e-01 2.266320e-01 3.365318e-01 4.674259e-01 6.491572e-01 8.148249e-01 9.298466e-01 1.003000e+00 1.051478e+00 1.077604e+00 1.075533e+00 1.013852e+00 1.000222e-06
<GCONST> 5.804663e+01
<MIXTURE> 4 1.671429e-02
<MEAN> 25
 2.800109e+00 2.462086e+00 -4.007750e+00 1.631017e+00 4.159647e+00 -3.358092e+00 -6.153698e-01 1.259292e+00 2.277073e+00 1.532493e+00 -2.778893e+00 -6.796700e-02 -2.672330e+00 1.098730e+00 1.477493e+00 2.854320e+00 4.462178e-01 6.029212e-01 1.438845e+00 8.288332e-01 8.492422e-01 4.449436e-02 8.653582e-01 6.610044e-01 -8.946647e-02
<VARIANCE> 25
 2.373612e+01 2.469447e+01 2.463319e+01 3.384900e+01 4.003725e+01 9.868694e+01 5.531507e+01 5.007997e+01 4.694229e+01 5.203475e+01 4.451495e+01 3.389729e+01 1.931991e+00 4.235915e+00 3.338733e+00 4.236207e+00 4.897657e+00 7.546109e+00 4.953858e+00 4.643281e+00 5.059169e+00 5.939454e+00 5.754117e+00 3.870907e+00 6.874310e-03
<GCONST> 1.033980e+02
<MIXTURE> 5 3.206198e-03
<MEAN> 25
 -3.414217e+00 2.178835e+00 6.149969e-01 9.424756e+00 6.687409e+00 6.312958e+00 7.110058e+00 4.722550e+00 5.491086e+00 3.840891e+00 4.649804e+00 2.595935e+00 -3.247977e-01 7.512988e-01 1.225493e+00 1.033318e+00 3.052522e-01 -1.023331e-01 -8.450001e-02 3.440564e-02 4.577607e-01 6.810485e-01 4.029379e-01 8.917651e-02 -2.417307e-05
<VARIANCE> 25
 1.023912e+01 1.392591e+01 2.346586e+01 2.559108e+01 2.025514e+01 1.940748e+01 2.008435e+01 2.036255e+01 2.142739e+01 2.130718e+01 2.411535e+01 1.640228e+01 1.208117e+00 1.243893e+00 1.355544e+00 1.671558e+00 2.284727e+00 2.375424e+00 2.298187e+00 2.273288e+00 2.312294e+00 2.238949e+00 2.083079e+00 1.871686e+00 1.010720e-06
<GCONST> 7.516650e+01
<MIXTURE> 6 5.475854e-03
<MEAN> 25
 9.491473e+00 -5.722698e-01 -6.360929e+00 -1.084258e+01 -1.723996e+00 6.886201e+00 -5.366646e+00 -4.934805e+00 -3.641762e+00 1.833370e+00 4.476270e+00 -1.161288e+00 4.661077e-01 8.358350e-01 -3.049243e-01 -1.303261e+00 -6.914458e-01 1.292692e+00 1.429457e+00 2.798517e-01 -1.206630e+00 -1.194960e+00 3.201543e-01 1.185909e+00 -8.782595e-03
<VARIANCE> 25
 9.370462e+00 1.742523e+01 2.347075e+01 3.760636e+01 3.721040e+01 2.899744e+01 4.948811e+01 3.687934e+01 3.801448e+01 3.691481e+01 3.978738e+01 2.735118e+01 2.976651e-01 8.486985e-01 9.033737e-01 2.195907e+00 1.569448e+00 2.021599e+00 1.950506e+00 1.958439e+00 2.282086e+00 1.966583e+00 2.132693e+00 1.356020e+00 5.562499e-04
<GCONST> 8.343044e+01
<MIXTURE> 7 5.475854e-03
<MEAN> 25
 9.491473e+00 -5.722698e-01 -6.360929e+00 -1.084258e+01 -1.723996e+00 6.886201e+00 -5.366646e+00 -4.934805e+00 -3.641762e+00 1.833370e+00 4.476270e+00 -1.161288e+00 4.661077e-01 8.358350e-01 -3.049243e-01 -1.303261e+00 -6.914458e-01 1.292692e+00 1.429457e+00 2.798517e-01 -1.206630e+00 -1.194960e+00 3.201543e-01 1.185909e+00 -8.782595e-03
<VARIANCE> 25
 9.370462e+00 1.742523e+01 2.347075e+01 3.760636e+01 3.721040e+01 2.899744e+01 4.948811e+01 3.687934e+01 3.801448e+01 3.691481e+01 3.978738e+01 2.735118e+01 2.976651e-01 8.486985e-01 9.033737e-01 2.195907e+00 1.569448e+00 2.021599e+00 1.950506e+00 1.958439e+00 2.282086e+00 1.966583e+00 2.132693e+00 1.356020e+00 5.562499e-04
<GCONST> 8.343044e+01
<MIXTURE> 8 1.165917e-02
<MEAN> 25
 -4.727064e+00 1.364838e+00 1.306326e+00 9.560484e+00 6.555742e+00 6.244062e+00 6.466661e+00 5.664555e+00 6.638655e+00 5.607821e+00 6.564727e+00 3.135704e+00 -6.316465e-01 -1.418341e+00 -1.070905e+00 -1.724716e+00 -2.316148e-01 -9.503506e-01 -1.757839e-01 -2.927240e-01 -2.525136e-01 -1.728723e-01 -2.122916e-01 8.763997e-02 9.876355e-02
<VARIANCE> 25
 9.320595e+00 9.819564e+00 1.163686e+01 1.602346e+01 1.672728e+01 1.571333e+01 1.814255e+01 1.765119e+01 1.714106e+01 1.757573e+01 1.885129e+01 1.405327e+01 2.756567e+00 2.825168e+00 3.898830e+00 3.785639e+00 3.446506e+00 3.313704e+00 3.122449e+00 3.078914e+00 2.864543e+00 2.653986e+00 2.431894e+00 1.913919e+00 6.669378e-03
<GCONST> 8.631894e+01
<MIXTURE> 9 1.199672e-02
<MEAN> 25
 8.695219e+00 3.512541e+00 -5.705180e+00 -1.061305e+01 -2.254946e+00 4.213875e+00 -2.123737e+00 -2.489509e+00 -5.451220e+00 -5.184029e-01 1.168871e+00 7.967402e-01 1.412212e+00 -1.198639e-01 -5.803471e-01 -2.731182e+00 -1.384548e+00 8.386583e-01 -9.425958e-01 -2.154147e-01 -3.022561e-01 -4.756547e-01 6.520391e-01 3.867172e-02 7.288603e-02
<VARIANCE> 25
 1.543958e+01 2.013076e+01 3.336143e+01 4.937004e+01 4.640862e+01 3.613658e+01 4.002635e+01 4.837196e+01 3.876134e+01 4.388049e+01 3.713840e+01 3.157279e+01 1.946673e+00 2.270184e+00 4.302194e+00 4.712764e+00 5.306495e+00 3.880821e+00 3.902727e+00 5.555311e+00 4.787032e+00 3.851089e+00 3.740436e+00 3.055442e+00 2.049217e-03
<GCONST> 9.834883e+01
<MIXTURE> 10 6.596976e-03
<MEAN> 25
 8.308574e-01 7.626225e+00 5.355122e+00 7.141096e+00 1.598421e+00 -2.131757e+00 -5.135142e-01 -1.668359e+00 8.906527e-01 8.680426e-01 8.133903e-01 6.413445e-01 -1.925417e+00 -6.698750e-01 -4.555772e-01 3.024988e+00 2.448080e+00 2.713770e+00 2.369015e+00 2.271827e+00 1.852888e+00 1.539845e+00 2.326417e+00 5.212869e-01 -1.381318e-01
<VARIANCE> 25
 1.952192e+01 2.064973e+01 2.239038e+01 2.900014e+01 3.824749e+01 3.494036e+01 3.505473e+01 3.384492e+01 2.762755e+01 2.898917e+01 2.710881e+01 2.503235e+01 2.228503e+00 3.420675e+00 5.522902e+00 5.158383e+00 5.616331e+00 4.462204e+00 4.694709e+00 4.842354e+00 4.402553e+00 5.016367e+00 4.460651e+00 3.186760e+00 2.689784e-03
<GCONST> 9.746102e+01
<MIXTURE> 11 1.633820e-02
<MEAN> 25
 7.634486e+00 4.218803e+00 3.386496e+00 5.015768e+00 -3.248557e+00 -1.912484e+00 -2.046795e+00 -6.165804e+00 -3.595321e+00 -9.236430e-03 -2.567762e+00 -2.182589e+00 -3.006346e-01 4.884400e-01 1.927931e-01 3.396229e-01 4.556826e-01 -6.019967e-02 2.290872e-01 -1.079699e-01 -1.816883e-01 -9.253094e-02 -1.384600e-01 1.646582e-01 -1.735388e-02
<VARIANCE> 25
 1.182188e+01 2.359340e+01 2.076212e+01 3.270121e+01 3.825717e+01 4.268733e+01 5.218369e+01 4.606116e+01 4.266970e+01 3.583947e+01 3.530131e+01 2.893624e+01 9.600503e-01 1.248257e+00 1.662018e+00 2.196856e+00 2.164219e+00 2.161613e+00 2.093718e+00 2.760531e+00 2.209651e+00 2.061990e+00 1.841110e+00 1.584450e+00 9.762027e-04
<GCONST> 8.797149e+01
<MIXTURE> 12 5.904134e-03
<MEAN> 25
 1.057046e+01 2.858652e+00 -4.045395e+00 -1.511136e+01 -7.648381e+00 8.485276e+00 -8.931975e-01 -1.859591e+00 -2.005905e+00 -3.441642e+00 1.926363e+00 1.305292e+00 6.328503e-02 2.461486e-01 1.179565e-01 -3.382252e-01 -4.384672e-01 5.566821e-02 1.807119e-01 4.372396e-01 6.016030e-02 -3.185050e-01 -3.487429e-01 9.381653e-02 -5.449228e-03
<VARIANCE> 25
 9.441874e+00 2.195087e+01 2.075831e+01 3.461413e+01 4.406757e+01 2.682245e+01 4.217213e+01 4.214777e+01 3.783027e+01 4.342355e+01 3.251048e+01 2.839857e+01 2.304379e-01 6.881373e-01 6.120935e-01 1.255629e+00 1.277425e+00 9.798965e-01 1.172270e+00 1.291555e+00 1.151032e+00 1.340062e+00 1.079911e+00 8.656549e-01 5.703610e-04
<GCONST> 7.807931e+01
<MIXTURE> 13 5.904134e-03
<MEAN> 25
 1.057046e+01 2.858652e+00 -4.045395e+00 -1.511136e+01 -7.648381e+00 8.485276e+00 -8.931975e-01 -1.859591e+00 -2.005905e+00 -3.441642e+00 1.926363e+00 1.305292e+00 6.328503e-02 2.461486e-01 1.179565e-01 -3.382252e-01 -4.384672e-01 5.566821e-02 1.807119e-01 4.372396e-01 6.016030e-02 -3.185050e-01 -3.487429e-01 9.381653e-02 -5.449228e-03
<VARIANCE> 25
 9.441874e+00 2.195087e+01 2.075831e+01 3.461413e+01 4.406757e+01 2.682245e+01 4.217213e+01 4.214777e+01 3.783027e+01 4.342355e+01 3.251048e+01 2.839857e+01 2.304379e-01 6.881373e-01 6.120935e-01 1.255629e+00 1.277425e+00 9.798965e-01 1.172270e+00 1.291555e+00 1.151032e+00 1.340062e+00 1.079911e+00 8.656549e-01 5.703610e-04
<GCONST> 7.807931e+01
<MIXTURE> 14 6.488954e-03
<MEAN> 25
 -4.301463e+00 -3.712927e-01 -2.886744e-01 8.889038e+00 7.479998e+00 7.386096e+00 7.820184e+00 7.289710e+00 7.212166e+00 5.218579e+00 6.843650e+00 4.052927e+00 -2.747440e-01 1.941950e-01 3.728347e-01 3.191009e-01 -2.599009e-03 5.162981e-02 9.410532e-02 1.826512e-01 2.977112e-01 5.372519e-01 4.983364e-01 7.209342e-02 -9.302354e-03
<VARIANCE> 25
 9.287585e+00 1.379211e+01 1.860826e+01 1.784361e+01 2.101743e+01 1.948599e+01 2.141836e+01 2.079011e+01 2.025767e+01 2.392140e+01 2.140453e+01 1.630107e+01 9.567510e-01 1.632417e+00 1.775034e+00 1.938079e+00 2.252084e+00 2.258151e+00 2.244443e+00 2.236400e+00 2.276869e+00 2.499190e+00 2.197053e+00 1.808469e+00 1.024588e-03
<GCONST> 8.191286e+01
<MIXTURE> 15 2.475190e-03
<MEAN> 25
 -5.353734e+00 -6.452327e-01 -1.256393e-01 7.379888e+00 5.690114e+00 5.759069e+00 5.990949e+00 4.843095e+00 4.998153e+00 4.052688e+00 5.462965e+00 2.442792e+00 -1.152203e-01 -2.713126e-02 7.244488e-02 2.365067e-01 4.936992e-01 7.843105e-01 1.084989e+00 1.181521e+00 1.055310e+00 7.458252e-01 4.110895e-01 1.412168e-01 -9.266565e-05
<VARIANCE> 25
 7.096802e+00 5.522478e+00 9.205106e+00 1.265274e+01 1.397883e+01 1.425503e+01 1.495202e+01 1.563601e+01 1.532035e+01 1.445177e+01 1.498851e+01 1.280375e+01 1.246235e-01 2.048115e-01 3.156212e-01 5.004222e-01 6.881680e-01 7.808436e-01 7.737095e-01 7.876097e-01 8.972175e-01 1.013952e+00 1.061095e+00 1.036667e+00 2.812380e-05
<GCONST> 5.867086e+01
<MIXTURE> 16 2.475190e-03
<MEAN> 25
 -5.353734e+00 -6.452327e-01 -1.256393e-01 7.379888e+00 5.690114e+00 5.759069e+00 5.990949e+00 4.843095e+00 4.998153e+00 4.052688e+00 5.462965e+00 2.442792e+00 -1.152203e-01 -2.713126e-02 7.244488e-02 2.365067e-01 4.936992e-01 7.843105e-01 1.084989e+00 1.181521e+00 1.055310e+00 7.458252e-01 4.110895e-01 1.412168e-01 -9.266565e-05
<VARIANCE> 25
 7.096802e+00 5.522478e+00 9.205106e+00 1.265274e+01 1.397883e+01 1.425503e+01 1.495202e+01 1.563601e+01 1.532035e+01 1.445177e+01 1.498851e+01 1.280375e+01 1.246235e-01 2.048115e-01 3.156212e-01 5.004222e-01 6.881680e-01 7.808436e-01 7.737095e-01 7.876097e-01 8.972175e-01 1.013952e+00 1.061095e+00 1.036667e+00 2.812380e-05
<GCONST> 5.867086e+01
<MIXTURE> 17 9.518312e-03
<MEAN> 25
 4.268957e+00 -1.420600e+00 7.220581e+00 3.271878e+00 -8.151309e+00 -6.660066e+00 -4.771635e+00 -4.811263e-01 -2.203612e+00 -3.527801e+00 -1.286712e+00 1.279301e+00 -7.748673e-01 -1.433883e+00 1.395349e+00 -1.845581e+00 -2.642479e+00 -2.025173e-01 -4.488077e-01 5.077363e-01 -4.025438e-01 -4.876739e-01 7.849363e-01 5.601650e-01 7.981115e-02
<VARIANCE> 25
 1.664993e+01 2.988214e+01 3.301206e+01 3.630832e+01 6.603957e+01 4.287901e+01 5.149687e+01 3.020376e+01 2.889019e+01 2.449527e+01 2.871601e+01 2.764594e+01 1.592079e+00 2.513501e+00 3.639908e+00 3.020931e+00 3.814701e+00 4.730163e+00 5.853410e+00 4.437109e+00 3.320072e+00 3.893641e+00 2.641686e+00 2.346141e+00 1.741541e-03
<GCONST> 9.574720e+01
<MIXTURE> 18 1.221018e-02
<MEAN> 25
 3.954299e+00 4.616042e+00 6.684465e+00 4.728041e+00 -4.543895e+00 -8.383480e+00 -1.739097e+00 -1.131282e+00 -3.311601e+00 -2.413239e+00 -9.223830e-01 5.495322e-01 -7.683435e-01 2.149726e+00 -1.959614e-01 2.032538e+00 3.083946e+00 1.496224e+00 8.021908e-01 -2.083574e-01 6.115314e-01 5.139120e-01 -2.942449e-01 -6.706533e-02 -1.236518e-01
<VARIANCE> 25
 1.608487e+01 2.517111e+01 3.322037e+01 2.609574e+01 4.063231e+01 3.378944e+01 3.846998e+01 3.517574e+01 3.950451e+01 3.459383e+01 3.263139e+01 3.101017e+01 2.556599e+00 3.033520e+00 4.707097e+00 4.024611e+00 4.237810e+00 4.670987e+00 4.629744e+00 4.428846e+00 4.473489e+00 4.297843e+00 4.550451e+00 3.614215e+00 4.113758e-03
<GCONST> 9.854899e+01
<MIXTURE> 19 9.912824e-03
<MEAN> 25
 -1.013051e+01 1.863830e+00 2.938884e-01 1.196310e+00 3.928350e+00 1.445146e+00 3.398583e+00 1.153707e+00 2.140712e+00 1.131380e+00 1.047665e+00 2.057850e+00 2.095848e+00 1.737898e+00 2.153853e+00 7.356942e-01 -1.043999e+00 -1.010033e+00 -1.056199e+00 -1.412617e+00 -1.484861e+00 -1.114144e+00 -8.359266e-01 -8.031311e-01 1.336732e-03
<VARIANCE> 25
 5.316961e+01 3.008041e+01 4.780914e+01 5.399535e+01 3.375715e+01 3.479490e+01 3.090506e+01 2.948132e+01 2.872380e+01 2.701079e+01 3.032010e+01 1.988024e+01 2.480416e+00 2.196076e+00 2.172366e+00 2.350830e+00 2.559010e+00 2.266565e+00 2.486231e+00 2.379388e+00 2.096689e+00 2.100848e+00 2.249193e+00 1.765166e+00 2.389395e-03
<GCONST> 9.180523e+01
<MIXTURE> 20 6.308331e-03
<MEAN> 25
 -1.417865e+01 7.415995e+00 8.381807e-01 6.159499e+00 4.834573e+00 1.622140e+00 5.209165e+00 8.481258e-01 9.307885e-01 7.900740e-01 2.560238e+00 -2.945493e-01 -3.283379e+00 -8.634679e-01 -1.564610e+00 3.322390e-01 1.538685e+00 2.060893e+00 1.977730e+00 2.053388e+00 2.142375e+00 2.038487e+00 1.682381e+00 9.433592e-01 4.731617e-02
<VARIANCE> 25
 1.964185e+01 2.343392e+01 3.097098e+01 3.715920e+01 3.087097e+01 2.802907e+01 2.989758e+01 3.146855e+01 2.797939e+01 2.825199e+01 2.518043e+01 2.094127e+01 2.094164e+00 2.188561e+00 1.910465e+00 2.538260e+00 2.703125e+00 2.318736e+00 2.308626e+00 2.325660e+00 2.235620e+00 2.652929e+00 2.242078e+00 1.867998e+00 1.887197e-03
<GCONST> 8.923438e+01
<MIXTURE> 21 7.928653e-03
<MEAN> 25
 4.012121e+00 -4.511167e+00 5.774600e+00 -1.521717e+00 -1.057687e+01 -8.733866e+00 -2.627453e+00 4.182070e+00 -2.058200e+00 -3.395261e+00 2.318955e-01 3.571193e-01 -7.161070e-01 1.333975e+00 2.584833e+00 -3.621786e-02 -1.556016e+00 3.392557e-01 5.935648e-01 -1.499851e+00 -1.953350e+00 3.039986e-01 1.320438e+00 2.469986e-01 -1.274866e-02
<VARIANCE> 25
 8.969108e+00 1.877925e+01 2.956458e+01 2.849795e+01 2.852435e+01 3.319611e+01 4.295553e+01 3.931396e+01 4.285452e+01 3.160480e+01 3.376962e+01 2.329989e+01 3.785228e-01 9.660889e-01 1.854587e+00 1.309817e+00 2.215689e+00 2.184260e+00 3.641225e+00 2.496653e+00 2.162702e+00 2.618780e+00 2.022095e+00 2.277508e+00 4.276809e-04
<GCONST> 8.514375e+01
<MIXTURE> 22 8.827789e-03
<MEAN> 25
 -1.707950e+01 8.160704e+00 -4.677725e+00 8.644151e+00 3.492785e+00 3.315249e-01 7.754423e+00 1.190982e+00 5.810112e+00 2.180796e+00 4.023955e+00 8.537279e-01 -2.953735e-01 -4.405119e-01 -1.293300e-01 -1.658715e-01 4.225646e-02 1.822727e-01 -1.462487e-01 4.261241e-01 2.220384e-01 5.561282e-02 2.679994e-01 1.683748e-01 6.856979e-03
<VARIANCE> 25
 7.454836e+00 1.499426e+01 1.393195e+01 2.200828e+01 2.010850e+01 2.756252e+01 1.596219e+01 1.710338e+01 1.388932e+01 1.786969e+01 1.962877e+01 1.337284e+01 8.879895e-01 2.019943e+00 1.616625e+00 1.336506e+00 1.268423e+00 1.891330e+00 1.380055e+00 1.518193e+00 1.267689e+00 1.259639e+00 1.060214e+00 1.550275e+00 1.606941e-03
<GCONST> 7.690148e+01
<MIXTURE> 23 6.455497e-03
<MEAN> 25
 7.553238e+00 2.390241e+00 3.058867e+00 2.497872e+00 -4.737377e+00 -2.795952e+00 -3.862480e+00 -6.209712e+00 -3.389785e+00 -1.136601e+00 -3.900229e+00 -2.249899e+00 3.525773e-02 1.717234e-01 1.375431e-02 5.961352e-02 -5.260163e-03 3.940516e-02 -1.241491e-02 -7.585228e-02 -3.245500e-03 8.369336e-02 1.897177e-02 7.064784e-02 -4.603736e-03
<VARIANCE> 25
 1.333923e+01 2.136609e+01 2.380813e+01 4.070403e+01 3.669477e+01 5.356855e+01 5.945407e+01 5.416388e+01 4.615997e+01 4.589448e+01 4.788546e+01 3.931956e+01 1.138473e-01 3.071050e-01 3.672084e-01 4.795009e-01 6.045959e-01 7.039246e-01 7.787841e-01 9.243979e-01 8.694331e-01 9.045298e-01 8.189497e-01 7.799590e-01 8.609326e-05
<GCONST> 7.301382e+01
<MIXTURE> 24 6.455497e-03
<MEAN> 25
 7.553238e+00 2.390241e+00 3.058867e+00 2.497872e+00 -4.737377e+00 -2.795952e+00 -3.862480e+00 -6.209712e+00 -3.389785e+00 -1.136601e+00 -3.900229e+00 -2.249899e+00 3.525773e-02 1.717234e-01 1.375431e-02 5.961352e-02 -5.260163e-03 3.940516e-02 -1.241491e-02 -7.585228e-02 -3.245500e-03 8.369336e-02 1.897177e-02 7.064784e-02 -4.603736e-03
<VARIANCE> 25
 1.333923e+01 2.136609e+01 2.380813e+01 4.070403e+01 3.669477e+01 5.356855e+01 5.945407e+01 5.416388e+01 4.615997e+01 4.589448e+01 4.788546e+01 3.931956e+01 1.138473e-01 3.071050e-01 3.672084e-01 4.795009e-01 6.045959e-01 7.039246e-01 7.787841e-01 9.243979e-01 8.694331e-01 9.045298e-01 8.189497e-01 7.799590e-01 8.609326e-05
<GCONST> 7.301382e+01
<MIXTURE> 25 1.118642e-02
<MEAN> 25
 2.657990e-01 3.468695e+00 1.669408e+01 -9.483451e-01 -1.123812e+01 -1.748460e+00 -4.936320e+00 -2.953768e+00 -6.924157e+00 -5.465941e+00 4.073184e+00 -1.677366e+00 -1.333006e-01 4.416879e-01 1.692787e-01 1.481397e-01 2.152717e-01 1.155863e-01 1.838323e-01 -1.839537e-01 -2.553894e-01 7.610171e-02 -7.669543e-02 -1.005898e-01 -1.282580e-02
<VARIANCE> 25
 8.854211e+00 2.205023e+01 2.159899e+01 2.923954e+01 3.224363e+01 4.075426e+01 2.744903e+01 2.973276e+01 2.821962e+01 3.644786e+01 2.093398e+01 2.756663e+01 5.914767e-01 1.432127e+00 1.393791e+00 1.376215e+00 2.257129e+00 2.028188e+00 1.742543e+00 1.643063e+00 1.527964e+00 1.638011e+00 1.344210e+00 1.293800e+00 1.272918e-03
<GCONST> 8.271156e+01
<MIXTURE> 26 7.727677e-03
<MEAN> 25
 2.355360e+00 -5.809464e+00 -9.834603e+00 -1.476365e+00 7.441399e+00 5.907383e+00 4.100949e+00 -6.629998e-01 1.683203e+00 -1.044761e+00 -2.731624e+00 -1.276654e+00 -6.523716e-01 6.490324e-01 3.681628e-01 7.757680e-01 1.270776e-01 1.198921e-01 4.076299e-01 3.071706e-01 2.662516e-01 5.425296e-02 3.751139e-01 3.841102e-01 -5.340800e-02
<VARIANCE> 25
 2.333676e+01 3.481429e+01 2.632630e+01 6.451152e+01 3.895539e+01 4.486642e+01 4.463355e+01 4.374693e+01 3.968699e+01 5.080078e+01 3.712204e+01 4.329221e+01 1.515404e+00 1.851866e+00 1.798774e+00 1.875842e+00 2.300079e+00 2.624533e+00 2.631520e+00 2.725770e+00 2.373583e+00 2.231738e+00 2.013131e+00 1.868295e+00 3.114715e-03
<GCONST> 9.335502e+01
<MIXTURE> 27 7.727677e-03
<MEAN> 25
 2.355360e+00 -5.809464e+00 -9.834603e+00 -1.476365e+00 7.441399e+00 5.907383e+00 4.100949e+00 -6.629998e-01 1.683203e+00 -1.044761e+00 -2.731624e+00 -1.276654e+00 -6.523716e-01 6.490324e-01 3.681628e-01 7.757680e-01 1.270776e-01 1.198921e-01 4.076299e-01 3.071706e-01 2.662516e-01 5.425296e-02 3.751139e-01 3.841102e-01 -5.340800e-02
<VARIANCE> 25
 2.333676e+01 3.481429e+01 2.632630e+01 6.451152e+01 3.895539e+01 4.486642e+01 4.463355e+01 4.374693e+01 3.968699e+01 5.080078e+01 3.712204e+01 4.329221e+01 1.515404e+00 1.851866e+00 1.798774e+00 1.875842e+00 2.300079e+00 2.624533e+00 2.631520e+00 2.725770e+00 2.373583e+00 2.231738e+00 2.013131e+00 1.868295e+00 3.114715e-03
<GCONST> 9.335502e+01
<MIXTURE> 28 5.036674e-03
<MEAN> 25
 -5.440928e+00 1.443550e-02 -1.547931e+00 6.618984e+00 5.217325e+00 3.515025e+00 5.409081e+00 3.134784e+00 3.914418e+00 2.378076e+00 2.628249e+00 3.191488e+00 -1.152691e-01 2.215485e-01 5.285978e-01 7.838206e-01 8.186154e-01 6.989402e-01 5.227268e-01 3.918609e-01 4.428746e-01 4.795332e-01 3.715407e-01 1.911951e-01 -1.154465e-05
<VARIANCE> 25
 1.042971e+01 8.332369e+00 1.227630e+01 1.480759e+01 1.475606e+01 1.771151e+01 1.800434e+01 1.901409e+01 1.721043e+01 1.677204e+01 2.058762e+01 1.518504e+01 2.558334e-01 3.363540e-01 4.070382e-01 4.639630e-01 6.244029e-01 8.519757e-01 1.056403e+00 1.143316e+00 1.100846e+00 1.030008e+00 1.034070e+00 1.065505e+00 1.003648e-06
<GCONST> 6.027517e+01
<MIXTURE> 29 5.036674e-03
<MEAN> 25
 -5.440928e+00 1.443550e-02 -1.547931e+00 6.618984e+00 5.217325e+00 3.515025e+00 5.409081e+00 3.134784e+00 3.914418e+00 2.378076e+00 2.628249e+00 3.191488e+00 -1.152691e-01 2.215485e-01 5.285978e-01 7.838206e-01 8.186154e-01 6.989402e-01 5.227268e-01 3.918609e-01 4.428746e-01 4.795332e-01 3.715407e-01 1.911951e-01 -1.154465e-05
<VARIANCE> 25
 1.042971e+01 8.332369e+00 1.227630e+01 1.480759e+01 1.475606e+01 1.771151e+01 1.800434e+01 1.901409e+01 1.721043e+01 1.677204e+01 2.058762e+01 1.518504e+01 2.558334e-01 3.363540e-01 4.070382e-01 4.639630e-01 6.244029e-01 8.519757e-01 1.056403e+00 1.143316e+00 1.100846e+00 1.030008e+00 1.034070e+00 1.065505e+00 1.003648e-06
<GCONST> 6.027517e+01
<MIXTURE> 30 8.917812e-03
<MEAN> 25
 -4.439046e+00 -1.751716e-01 7.452590e-01 9.022557e+00 7.612909e+00 7.493016e+00 7.520323e+00 6.761398e+00 6.416915e+00 4.777317e+00 6.899673e+00 3.366287e+00 -2.545657e-02 2.576373e-02 5.311734e-02 8.359700e-02 8.966763e-02 4.291119e-02 1.611193e-02 -8.558179e-03 2.627696e-02 4.373517e-02 6.821692e-02 4.192156e-02 -4.063315e-04
<VARIANCE> 25
 6.914326e+00 9.713368e+00 1.061716e+01 1.371967e+01 1.659692e+01 1.618339e+01 1.896075e+01 1.862506e+01 1.667462e+01 1.859728e+01 2.168690e+01 1.493636e+01 9.797709e-02 2.028514e-01 3.226867e-01 4.857162e-01 6.151779e-01 7.184308e-01 7.719604e-01 8.097618e-01 8.666366e-01 9.245853e-01 9.150262e-01 8.496033e-01 5.266246e-05
<GCONST> 6.072999e+01
<MIXTURE> 31 4.136493e-03
<MEAN> 25
 -3.175932e+00 -5.229403e+00 3.250945e-01 4.892165e+00 3.376843e+00 1.895529e+00 5.003773e+00 6.005491e+00 2.474697e+00 1.032564e+00 6.261510e+00 2.630662e+00 2.353380e-01 4.911211e-01 -1.914219e-01 3.306242e-01 1.085682e-01 4.120898e-01 1.979467e-01 2.941536e-02 3.287844e-01 3.517896e-01 7.247476e-02 8.735820e-02 -1.795864e-02
<VARIANCE> 25
 6.823827e+00 1.664194e+01 1.732574e+01 1.708311e+01 2.477529e+01 2.342066e+01 2.434147e+01 2.962371e+01 2.532892e+01 2.793836e+01 2.155719e+01 2.075268e+01 1.837193e-01 4.755667e-01 5.919720e-01 7.291089e-01 9.400883e-01 1.052025e+00 1.209537e+00 1.384134e+00 1.301962e+00 1.318903e+00 1.210067e+00 1.155273e+00 2.399728e-04
<GCONST> 7.174623e+01
<MIXTURE> 32 4.136493e-03
<MEAN> 25
 -3.175932e+00 -5.229403e+00 3.250945e-01 4.892165e+00 3.376843e+00 1.895529e+00 5.003773e+00 6.005491e+00 2.474697e+00 1.032564e+00 6.261510e+00 2.630662e+00 2.353380e-01 4.911211e-01 -1.914219e-01 3.306242e-01 1.085682e-01 4.120898e-01 1.979467e-01 2.941536e-02 3.287844e-01 3.517896e-01 7.247476e-02 8.735820e-02 -1.795864e-02
<VARIANCE> 25
 6.823827e+00 1.664194e+01 1.732574e+01 1.708311e+01 2.477529e+01 2.342066e+01 2.434147e+01 2.962371e+01 2.532892e+01 2.793836e+01 2.155719e+01 2.075268e+01 1.837193e-01 4.755667e-01 5.919720e-01 7.291089e-01 9.400883e-01 1.052025e+00 1.209537e+00 1.384134e+00 1.301962e+00 1.318903e+00 1.210067e+00 1.155273e+00 2.399728e-04
<GCONST> 7.174623e+01
<MIXTURE> 33 1.508826e-02
<MEAN> 25
 6.692051e+00 -3.470654e+00 -2.145339e+00 -2.902688e+00 -5.285822e-01 -7.672678e+00 -6.636068e+00 2.052323e+00 2.290617e+00 -1.802078e-01 -4.498537e+00 -2.401988e+00 8.306325e-01 -9.639875e-01 -2.227341e+00 -1.658186e+00 1.617560e+00 1.427355e+00 -9.202714e-01 6.064515e-01 9.736169e-01 7.659814e-01 -5.463368e-01 -1.558680e+00 3.545969e-02
<VARIANCE> 25
 8.805815e+00 2.017827e+01 2.497191e+01 3.295430e+01 4.658051e+01 6.315310e+01 4.036105e+01 4.131901e+01 3.507766e+01 3.833544e+01 3.060969e+01 2.710293e+01 1.478315e+00 2.085870e+00 2.186775e+00 2.368909e+00 3.881714e+00 3.268127e+00 3.925595e+00 4.875708e+00 3.492569e+00 4.019257e+00 3.285894e+00 2.807660e+00 1.538168e-03
<GCONST> 9.382043e+01
<MIXTURE> 34 1.588179e-02
<MEAN> 25
 8.825041e+00 1.243307e-01 7.154770e-02 1.069615e+00 -2.748775e+00 -1.805041e+00 -6.022419e+00 -4.256963e+00 -1.573438e+00 3.365656e-01 -2.748428e+00 -3.589649e+00 -5.420620e-02 1.289111e+00 1.420802e+00 2.395746e+00 -1.235292e-01 -6.783857e-02 8.418235e-01 -1.589424e+00 -8.514661e-01 1.994178e-01 -5.715426e-01 2.057617e-01 -6.232090e-02
<VARIANCE> 25
 7.572241e+00 2.989335e+01 2.905559e+01 5.029810e+01 4.501534e+01 5.559747e+01 5.368875e+01 5.865955e+01 5.160740e+01 4.175350e+01 4.637672e+01 3.227102e+01 1.262093e+00 2.026986e+00 4.123519e+00 3.866826e+00 5.637256e+00 5.911549e+00 5.325845e+00 6.022587e+00 4.998619e+00 4.939639e+00 4.808492e+00 3.743273e+00 1.204955e-03
<GCONST> 9.958107e+01
<MIXTURE> 35 1.467755e-02
<MEAN> 25
 -2.310640e+00 -4.416035e+00 -9.076701e+00 2.128079e+00 8.178019e+00 -3.370045e+00 -7.842845e-01 2.073341e+00 1.202916e+00 4.262175e+00 -1.358304e-01 2.376530e+00 -3.446599e-01 -1.072658e+00 -1.368692e+00 -4.570952e-01 7.119342e-02 -2.216982e+00 -3.713381e-01 1.589572e-01 3.392635e-01 -3.822837e-01 -9.963667e-01 1.425753e-01 9.954364e-02
<VARIANCE> 25
 1.690721e+01 2.447179e+01 3.322308e+01 5.466220e+01 3.521811e+01 9.859124e+01 4.905257e+01 3.601400e+01 3.854010e+01 3.231354e+01 3.455857e+01 2.751607e+01 4.690606e+00 3.262505e+00 5.469867e+00 7.338721e+00 4.256205e+00 8.916774e+00 4.506145e+00 3.507306e+00 4.388237e+00 4.303485e+00 4.248857e+00 3.619717e+00 3.873103e-03
<GCONST> 1.020253e+02
<MIXTURE> 36 1.093293e-02
<MEAN> 25
 5.039596e+00 -3.521546e+00 7.075197e+00 2.710737e+00 -1.015026e+01 -8.960646e+00 -6.319990e+00 3.126238e+00 -1.911048e+00 -4.568924e+00 2.793442e+00 -1.579534e-01 3.663072e-01 1.525888e-01 -9.032046e-01 2.691093e-02 8.622227e-01 5.029404e-02 -4.673149e-01 3.068813e-02 4.166726e-01 5.567842e-01 -4.263204e-01 -3.223537e-01 -1.588602e-02
<VARIANCE> 25
 9.946321e+00 1.680456e+01 2.203283e+01 2.798787e+01 3.162977e+01 3.218369e+01 4.710651e+01 3.514669e+01 3.928786e+01 3.288001e+01 2.780519e+01 2.674928e+01 4.676149e-01 7.429537e-01 1.542723e+00 1.254204e+00 1.672878e+00 1.637262e+00 2.162423e+00 1.749718e+00 2.024469e+00 1.721962e+00 1.409741e+00 1.447445e+00 7.237076e-04
<GCONST> 8.227502e+01
<MIXTURE> 37 1.246826e-02
<MEAN> 25
 5.404127e-01 7.767320e+00 1.203947e+01 -5.545929e+00 -8.022187e+00 -1.053754e+00 -5.063470e+00 -8.320168e+00 -3.708841e+00 -8.964058e-01 -3.651987e+00 -1.281908e+00 1.818755e-01 6.462682e-01 -1.352946e+00 3.579101e+00 1.986175e+00 -3.006619e-01 1.088600e+00 4.332437e-01 5.259231e-01 -3.222146e-01 5.401880e-01 -9.445629e-02 -9.465775e-02
<VARIANCE> 25
 1.592187e+01 2.595494e+01 3.096116e+01 5.105342e+01 3.394400e+01 3.197829e+01 4.405869e+01 3.499213e+01 3.860096e+01 3.595864e+01 3.783865e+01 3.092510e+01 2.953287e+00 3.409868e+00 3.013122e+00 4.098264e+00 4.612445e+00 3.763488e+00 4.204334e+00 3.810346e+00 3.447910e+00 3.615050e+00 3.866184e+00 2.792172e+00 3.960548e-03
<GCONST> 9.778920e+01
<MIXTURE> 38 1.154525e-02
<MEAN> 25
 -4.966237e+00 8.318394e+00 3.717301e+00 3.931500e+00 7.339813e-01 -6.852059e+00 -6.567060e-01 -1.797840e+00 -1.876093e+00 -3.252412e+00 -1.572211e+00 4.383431e-03 -4.290709e+00 1.280621e+00 -2.324647e-01 1.478690e+00 2.291077e+00 1.396685e+00 2.056807e+00 6.201522e-01 7.438112e-01 2.790706e-01 1.010704e+00 3.378712e-01 4.711783e-02
<VARIANCE> 25
 3.049321e+01 3.020273e+01 4.198770e+01 3.574947e+01 4.457926e+01 5.783438e+01 3.366967e+01 4.576288e+01 3.954491e+01 2.962877e+01 2.281570e+01 2.851745e+01 2.510484e+00 3.543273e+00 3.611072e+00 4.700524e+00 4.433136e+00 4.797330e+00 4.307086e+00 5.136260e+00 4.017912e+00 5.505484e+00 3.966519e+00 2.976037e+00 1.882828e-03
<GCONST> 9.928631e+01
<MIXTURE> 39 9.501865e-03
<MEAN> 25
 1.338260e+00 2.606581e+00 1.020128e+01 -9.214781e+00 -1.127723e+01 -9.874074e-01 -2.956866e+00 -6.573155e+00 -4.529141e+00 8.692239e-01 -3.669006e+00 -2.288193e+00 -7.275230e-01 1.520676e+00 1.623543e+00 -1.387864e+00 8.102375e-02 1.222881e+00 -1.200150e+00 -1.250441e+00 4.282534e-01 4.452159e-01 -5.034291e-01 1.240051e-01 1.365165e-03
<VARIANCE> 25
 8.900679e+00 3.005728e+01 3.175998e+01 3.825638e+01 3.730434e+01 4.271539e+01 4.446527e+01 3.345296e+01 3.940145e+01 3.325060e+01 3.627219e+01 2.950732e+01 6.934278e-01 1.548353e+00 1.517409e+00 2.928314e+00 2.418708e+00 2.824719e+00 3.048379e+00 2.751465e+00 2.438794e+00 2.615130e+00 2.125330e+00 2.069729e+00 1.185826e-03
<GCONST> 8.967850e+01
<MIXTURE> 40 1.030800e-02
<MEAN> 25
 -8.681120e+00 2.274561e+00 -5.262758e-01 8.209517e+00 3.290987e+00 5.453126e+00 5.127052e+00 3.839245e+00 4.299842e+00 3.772241e+00 5.064408e+00 1.153744e+00 -8.306846e-02 -2.189641e-01 7.347813e-02 -1.136963e-01 -1.728154e-01 -2.139157e-01 1.758494e-03 6.704967e-02 4.063676e-02 -3.072448e-02 4.861401e-02 4.520315e-02 3.099406e-03
<VARIANCE> 25
 4.195362e+01 1.990920e+01 2.897994e+01 2.507379e+01 2.542118e+01 1.815133e+01 1.805889e+01 1.818505e+01 1.754231e+01 1.909453e+01 2.052527e+01 1.534602e+01 7.483038e-01 6.807852e-01 9.520878e-01 1.230335e+00 1.146227e+00 1.241406e+00 1.227944e+00 1.340204e+00 1.131014e+00 1.168023e+00 1.095084e+00 1.021934e+00 8.087374e-04
<GCONST> 7.636374e+01
<MIXTURE> 41 6.713375e-03
<MEAN> 25
 1.118366e+00 2.127232e+00 9.827524e+00 -6.930917e+00 -9.688241e+00 -3.751867e+00 -2.266175e+00 -4.992356e+00 -4.767929e+00 2.710592e+00 -1.019895e+00 -6.088110e-01 1.694367e-01 -6.159964e-01 1.336776e+00 -3.638027e+00 -2.210420e+00 -3.386431e-01 -4.747405e-01 -3.563673e-01 -9.054968e-01 1.200003e+00 -7.899982e-01 4.411362e-01 8.423897e-02
<VARIANCE> 25
 1.107201e+01 2.763363e+01 3.320205e+01 3.661283e+01 3.979827e+01 3.642195e+01 3.422218e+01 2.688555e+01 2.989831e+01 2.674785e+01 3.326875e+01 2.750912e+01 2.925242e+00 3.152046e+00 4.467034e+00 3.521841e+00 4.973418e+00 5.905072e+00 4.267559e+00 4.100736e+00 3.614483e+00 3.975979e+00 3.957589e+00 3.942337e+00 2.663378e-03
<GCONST> 9.708397e+01
<MIXTURE> 42 1.106211e-02
<MEAN> 25
 -1.478727e+00 4.298771e+00 3.841962e+00 3.117894e+00 -2.487256e-01 -7.693639e+00 -1.457883e+00 -1.693760e+00 1.484945e-01 -7.989108e-01 -2.844687e+00 1.933152e+00 4.198737e+00 -3.279284e-01 1.462509e+00 -2.700048e-01 -2.293658e+00 -9.672384e-01 -2.592421e+00 -6.290310e-01 -1.122709e+00 -2.624622e-01 2.129709e-01 -1.112971e+00 1.850875e-02
<VARIANCE> 25
 3.550278e+01 1.723963e+01 3.877855e+01 2.316541e+01 3.106268e+01 3.858853e+01 3.898878e+01 2.603528e+01 3.284368e+01 2.437131e+01 1.803379e+01 1.696035e+01 2.982089e+00 4.015780e+00 5.376344e+00 5.009533e+00 5.514081e+00 5.067573e+00 4.914560e+00 4.587574e+00 4.438004e+00 4.464881e+00 3.829035e+00 2.767984e+00 3.753535e-03
<GCONST> 9.756831e+01
<MIXTURE> 43 7.108249e-03
<MEAN> 25
 3.116504e+00 -6.146564e+00 -2.199579e+00 -5.084169e+00 -7.204646e+00 -3.113931e+00 4.244475e+00 1.348666e+00 -4.983202e+00 -7.093726e+00 -4.262347e+00 -1.333348e+00 2.154481e-01 2.126527e+00 1.894597e+00 -8.213981e-02 -1.398888e+00 -7.995868e-01 -9.517338e-01 -7.397971e-01 8.636752e-01 1.464914e+00 3.014697e-01 -6.016247e-03 -4.433252e-02
<VARIANCE> 25
 9.498991e+00 2.023801e+01 2.691672e+01 3.505276e+01 3.900320e+01 3.912359e+01 3.319810e+01 3.927171e+01 3.923429e+01 3.784904e+01 2.615310e+01 2.916065e+01 6.966114e-01 1.279189e+00 1.546811e+00 2.535476e+00 2.383131e+00 2.336356e+00 2.617918e+00 3.020136e+00 2.623089e+00 2.550329e+00 2.349733e+00 1.909794e+00 9.490977e-04
<GCONST> 8.797643e+01
<MIXTURE> 44 7.328289e-03
<MEAN> 25
 -1.497551e+01 1.647664e+00 3.294459e+00 -2.887892e+00 3.072216e+00 1.382309e+00 1.066292e-01 2.155672e+00 1.404127e+00 -8.483403e-01 1.841019e+00 2.068158e+00 -1.487433e-01 2.112517e-02 1.855466e-01 2.755009e-01 -1.230891e-01 2.521341e-01 4.702738e-01 1.421168e-01 2.926719e-01 1.523952e-01 1.032784e-01 7.526259e-02 4.351393e-03
<VARIANCE> 25
 4.335052e+01 2.674393e+01 3.506343e+01 3.336568e+01 2.953358e+01 4.080433e+01 2.428716e+01 3.183471e+01 2.816266e+01 2.731626e+01 2.658493e+01 1.947260e+01 1.229374e+00 1.503795e+00 1.398562e+00 1.340214e+00 2.128349e+00 1.739580e+00 1.475402e+00 1.690745e+00 1.683013e+00 1.464001e+00 1.366639e+00 1.239949e+00 1.266435e-03
<GCONST> 8.493038e+01
<MIXTURE> 45 1.364932e-02
<MEAN> 25
 -1.169965e+01 4.332953e+00 -9.356499e-01 5.434699e+00 3.656285e+00 -2.022209e+00 4.793340e+00 7.885667e-01 3.545812e+00 6.660695e-01 1.432073e+00 2.809132e+00 -2.681375e+00 1.054509e+00 -8.398733e-01 -2.437191e-01 1.907644e-01 -3.651592e-01 6.751227e-01 -1.646463e-01 1.035214e-01 -1.305859e-01 1.528281e-01 2.070320e-01 1.059413e-01
<VARIANCE> 25
 2.695294e+01 2.731123e+01 2.617179e+01 3.494217e+01 3.000180e+01 4.316034e+01 2.308829e+01 2.993890e+01 1.995352e+01 2.239294e+01 2.382257e+01 1.381691e+01 1.822951e+00 2.535144e+00 2.891052e+00 2.321428e+00 2.133391e+00 2.803544e+00 1.851748e+00 2.230776e+00 1.583872e+00 1.852843e+00 1.570810e+00 1.746503e+00 3.260338e-03
<GCONST> 8.797152e+01
<MIXTURE> 46 9.336259e-03
<MEAN> 25
 -9.557078e+00 2.418876e+00 1.078923e+00 7.689817e+00 5.749050e+00 3.006043e+00 6.944964e+00 4.363006e+00 5.713087e+00 4.517001e+00 4.929580e+00 2.927585e+00 1.045248e+00 -2.522843e-01 5.488523e-02 9.515122e-01 5.799696e-01 9.237769e-01 3.697637e-01 6.640373e-01 4.808658e-01 4.926911e-01 6.301944e-01 5.221635e-01 -1.029584e-01
<VARIANCE> 25
 3.400941e+01 4.315636e+01 3.818629e+01 4.961909e+01 5.072293e+01 4.414943e+01 3.668896e+01 3.560918e+01 3.250819e+01 3.143543e+01 2.797272e+01 1.979061e+01 3.882256e+00 4.128636e+00 3.800814e+00 4.219195e+00 4.102296e+00 3.750432e+00 3.357034e+00 3.151484e+00 2.938965e+00 2.847377e+00 2.264015e+00 1.840193e+00 7.983610e-03
<GCONST> 9.828281e+01
<MIXTURE> 47 7.116147e-03
<MEAN> 25
 7.380090e+00 -7.353541e+00 -7.047956e+00 -7.809382e+00 1.555841e+00 1.456090e+00 -3.036326e+00 1.112398e+00 2.441629e+00 1.001140e+00 -3.981655e+00 -5.682087e+00 -2.108978e-01 -1.320769e+00 -6.118049e-01 -4.551722e-01 6.674194e-01 9.476549e-01 8.035281e-01 2.879959e-01 6.645004e-02 -8.292257e-01 -4.118165e-01 -4.317775e-01 3.051943e-02
<VARIANCE> 25
 9.952460e+00 1.876776e+01 2.134356e+01 4.246223e+01 3.422981e+01 5.036580e+01 4.337217e+01 3.576027e+01 4.061448e+01 4.694435e+01 4.450377e+01 3.649449e+01 5.035216e-01 7.248503e-01 1.149317e+00 1.581581e+00 2.060956e+00 2.636098e+00 2.113618e+00 2.211268e+00 1.966386e+00 1.929651e+00 2.055140e+00 2.011979e+00 5.241479e-04
<GCONST> 8.575451e+01
<MIXTURE> 48 7.116147e-03
<MEAN> 25
 7.380090e+00 -7.353541e+00 -7.047956e+00 -7.809382e+00 1.555841e+00 1.456090e+00 -3.036326e+00 1.112398e+00 2.441629e+00 1.001140e+00 -3.981655e+00 -5.682087e+00 -2.108978e-01 -1.320769e+00 -6.118049e-01 -4.551722e-01 6.674194e-01 9.476549e-01 8.035281e-01 2.879959e-01 6.645004e-02 -8.292257e-01 -4.118165e-01 -4.317775e-01 3.051943e-02
<VARIANCE> 25
 9.952460e+00 1.876776e+01 2.134356e+01 4.246223e+01 3.422981e+01 5.036580e+01 4.337217e+01 3.576027e+01 4.061448e+01 4.694435e+01 4.450377e+01 3.649449e+01 5.035216e-01 7.248503e-01 1.149317e+00 1.581581e+00 2.060956e+00 2.636098e+00 2.113618e+00 2.211268e+00 1.966386e+00 1.929651e+00 2.055140e+00 2.011979e+00 5.241479e-04
<GCONST> 8.575451e+01
<MIXTURE> 49 5.548473e-03
<MEAN> 25
 -4.900908e+00 4.025522e-01 4.872003e-01 8.325041e+00 5.735995e+00 5.469114e+00 5.968898e+00 4.392179e+00 4.826718e+00 3.505167e+00 4.838314e+00 2.529453e+00 3.308383e-01 6.426974e-01 7.108747e-01 3.685382e-01 -2.333256e-01 -6.788346e-01 -1.012967e+00 -1.084245e+00 -9.256857e-01 -6.554940e-01 -4.903073e-01 -2.857664e-01 -1.152508e-04
<VARIANCE> 25
 9.535487e+00 9.579255e+00 1.502377e+01 1.526811e+01 1.781800e+01 1.702305e+01 1.865091e+01 1.945295e+01 1.789588e+01 1.834431e+01 2.044799e+01 1.519715e+01 2.828199e-01 2.533809e-01 3.665386e-01 6.275594e-01 8.781873e-01 9.533372e-01 9.551335e-01 1.093915e+00 1.097113e+00 1.164787e+00 1.229225e+00 1.162705e+00 1.548742e-05
<GCONST> 6.432616e+01
<MIXTURE> 50 6.234641e-03
<MEAN> 25
 -4.558538e+00 1.156847e-01 -1.222173e+00 6.222656e+00 4.083187e+00 2.306056e+00 3.727469e+00 2.139819e+00 2.788359e+00 1.181375e+00 2.008931e+00 2.478102e+00 4.142877e-02 1.579697e-01 1.212032e-01 -1.386286e-01 -5.082276e-01 -6.266628e-01 -4.156879e-01 -6.102406e-02 3.978448e-01 7.059093e-01 7.288525e-01 4.585522e-01 1.915110e-05
<VARIANCE> 25
 1.026877e+01 1.072501e+01 1.499334e+01 1.489827e+01 1.530508e+01 1.808395e+01 1.786611e+01 1.999021e+01 1.855704e+01 1.793494e+01 2.137348e+01 1.708021e+01 1.441273e-01 2.377067e-01 4.017363e-01 5.473559e-01 5.863215e-01 7.391955e-01 9.429129e-01 1.092732e+00 1.058491e+00 9.658633e-01 8.828775e-01 9.559085e-01 9.879984e-07
<GCONST> 5.959679e+01
<MIXTURE> 51 6.234641e-03
<MEAN> 25
 -4.558538e+00 1.156847e-01 -1.222173e+00 6.222656e+00 4.083187e+00 2.306056e+00 3.727469e+00 2.139819e+00 2.788359e+00 1.181375e+00 2.008931e+00 2.478102e+00 4.142877e-02 1.579697e-01 1.212032e-01 -1.386286e-01 -5.082276e-01 -6.266628e-01 -4.156879e-01 -6.102406e-02 3.978448e-01 7.059093e-01 7.288525e-01 4.585522e-01 1.915110e-05
<VARIANCE> 25
 1.026877e+01 1.072501e+01 1.499334e+01 1.489827e+01 1.530508e+01 1.808395e+01 1.786611e+01 1.999021e+01 1.855704e+01 1.793494e+01 2.137348e+01 1.708021e+01 1.441273e-01 2.377067e-01 4.017363e-01 5.473559e-01 5.863215e-01 7.391955e-01 9.429129e-01 1.092732e+00 1.058491e+00 9.658633e-01 8.828775e-01 9.559085e-01 9.879984e-07
<GCONST> 5.959679e+01
<MIXTURE> 52 6.367945e-03
<MEAN> 25
 9.677980e+00 1.561468e+00 -5.259637e+00 -1.417251e+01 -3.551528e+00 8.398635e+00 -2.909037e+00 -2.978105e+00 -4.786925e+00 -8.351846e-01 3.566615e+00 1.425026e+00 -4.153611e-01 -5.938162e-01 -1.313635e-01 9.653938e-01 1.390352e+00 -2.619093e-01 -5.411547e-01 -4.474946e-01 6.650539e-02 1.057995e+00 2.653315e-01 -6.765800e-01 -1.004129e-02
<VARIANCE> 25
 1.109221e+01 2.077315e+01 2.555478e+01 3.619205e+01 4.405692e+01 2.706519e+01 4.149067e+01 4.231052e+01 3.866698e+01 4.955407e+01 3.836008e+01 2.921075e+01 4.204249e-01 1.495291e+00 1.225419e+00 3.470304e+00 2.122928e+00 2.558415e+00 2.863302e+00 2.673927e+00 2.724957e+00 2.447311e+00 2.281627e+00 2.067726e+00 1.607303e-03
<GCONST> 8.907698e+01
<MIXTURE> 53 6.367945e-03
<MEAN> 25
 9.677980e+00 1.561468e+00 -5.259637e+00 -1.417251e+01 -3.551528e+00 8.398635e+00 -2.909037e+00 -2.978105e+00 -4.786925e+00 -8.351846e-01 3.566615e+00 1.425026e+00 -4.153611e-01 -5.938162e-01 -1.313635e-01 9.653938e-01 1.390352e+00 -2.619093e-01 -5.411547e-01 -4.474946e-01 6.650539e-02 1.057995e+00 2.653315e-01 -6.765800e-01 -1.004129e-02
<VARIANCE> 25
 1.109221e+01 2.077315e+01 2.555478e+01 3.619205e+01 4.405692e+01 2.706519e+01 4.149067e+01 4.231052e+01 3.866698e+01 4.955407e+01 3.836008e+01 2.921075e+01 4.204249e-01 1.495291e+00 1.225419e+00 3.470304e+00 2.122928e+00 2.558415e+00 2.863302e+00 2.673927e+00 2.724957e+00 2.447311e+00 2.281627e+00 2.067726e+00 1.607303e-03
<GCONST> 8.907698e+01
<MIXTURE> 54 7.368620e-03
<MEAN> 25
 -3.597427e+00 1.270535e-01 -5.023369e-01 8.022920e+00 6.211559e+00 4.511677e+00 4.556649e+00 4.577773e+00 3.898593e+00 3.370434e+00 4.345306e+00 2.029740e+00 -6.372219e-03 1.888523e-02 3.027098e-02 4.930142e-02 5.715638e-02 5.373405e-02 5.875320e-02 3.246725e-02 2.264253e-02 3.673704e-02 3.750809e-02 1.255942e-02 1.328922e-05
<VARIANCE> 25
 8.869270e+00 1.017395e+01 1.022566e+01 1.761548e+01 1.484454e+01 1.349298e+01 1.202026e+01 1.095250e+01 1.157965e+01 1.475459e+01 1.753188e+01 1.444688e+01 4.087325e-02 8.823230e-02 1.503750e-01 2.216763e-01 2.982777e-01 3.900127e-01 4.581544e-01 5.185456e-01 5.255740e-01 5.193104e-01 5.160185e-01 5.173053e-01 9.913392e-07
<GCONST> 4.744003e+01
<MIXTURE> 55 7.368620e-03
<MEAN> 25
 -3.597427e+00 1.270535e-01 -5.023369e-01 8.022920e+00 6.211559e+00 4.511677e+00 4.556649e+00 4.577773e+00 3.898593e+00 3.370434e+00 4.345306e+00 2.029740e+00 -6.372219e-03 1.888523e-02 3.027098e-02 4.930142e-02 5.715638e-02 5.373405e-02 5.875320e-02 3.246725e-02 2.264253e-02 3.673704e-02 3.750809e-02 1.255942e-02 1.328922e-05
<VARIANCE> 25
 8.869270e+00 1.017395e+01 1.022566e+01 1.761548e+01 1.484454e+01 1.349298e+01 1.202026e+01 1.095250e+01 1.157965e+01 1.475459e+01 1.753188e+01 1.444688e+01 4.087325e-02 8.823230e-02 1.503750e-01 2.216763e-01 2.982777e-01 3.900127e-01 4.581544e-01 5.185456e-01 5.255740e-01 5.193104e-01 5.160185e-01 5.173053e-01 9.913392e-07
<GCONST> 4.744003e+01
<MIXTURE> 56 6.132464e-03
<MEAN> 25
 7.524779e+00 -7.413135e+00 -6.620815e+00 -1.081936e+01 4.192780e+00 5.428168e+00 -2.835910e+00 -1.043630e+00 3.440308e-01 1.706184e+00 -1.627910e+00 -4.492100e+00 2.808980e-02 8.417128e-02 -6.629921e-02 7.731383e-02 1.502988e-01 1.824753e-01 3.673300e-01 -8.187626e-02 -1.605234e-02 -1.314284e-01 5.461129e-02 -2.599256e-02 -8.454822e-03
<VARIANCE> 25
 6.767532e+00 1.998669e+01 1.982321e+01 4.012174e+01 2.586684e+01 3.495318e+01 5.258168e+01 2.495407e+01 2.800300e+01 2.591289e+01 2.869165e+01 2.769263e+01 2.285060e-01 4.203866e-01 3.557325e-01 6.100748e-01 8.069130e-01 9.496374e-01 8.877652e-01 7.265648e-01 7.649504e-01 7.815821e-01 9.878546e-01 6.730565e-01 2.078326e-04
<GCONST> 7.080758e+01
<MIXTURE> 57 6.132464e-03
<MEAN> 25
 7.524779e+00 -7.413135e+00 -6.620815e+00 -1.081936e+01 4.192780e+00 5.428168e+00 -2.835910e+00 -1.043630e+00 3.440308e-01 1.706184e+00 -1.627910e+00 -4.492100e+00 2.808980e-02 8.417128e-02 -6.629921e-02 7.731383e-02 1.502988e-01 1.824753e-01 3.673300e-01 -8.187626e-02 -1.605234e-02 -1.314284e-01 5.461129e-02 -2.599256e-02 -8.454822e-03
<VARIANCE> 25
 6.767532e+00 1.998669e+01 1.982321e+01 4.012174e+01 2.586684e+01 3.495318e+01 5.258168e+01 2.495407e+01 2.800300e+01 2.591289e+01 2.869165e+01 2.769263e+01 2.285060e-01 4.203866e-01 3.557325e-01 6.100748e-01 8.069130e-01 9.496374e-01 8.877652e-01 7.265648e-01 7.649504e-01 7.815821e-01 9.878546e-01 6.730565e-01 2.078326e-04
<GCONST> 7.080758e+01
<MIXTURE> 58 6.172147e-03
<MEAN> 25
 2.575423e+00 -3.063152e+00 7.287459e+00 -5.258891e+00 -1.337423e+01 -5.503973e+00 1.739966e+00 8.209900e-01 -2.417634e+00 1.798626e+00 5.315745e-01 -8.481838e-01 -3.319630e-02 -1.358888e-01 -6.632652e-02 -1.516041e-01 -2.321556e-02 2.308497e-01 3.703555e-01 2.305380e-01 1.505801e-02 5.913698e-03 -7.671676e-02 -1.389015e-01 -3.051559e-03
<VARIANCE> 25
 7.363168e+00 1.513292e+01 2.089020e+01 2.721078e+01 2.402905e+01 4.730584e+01 3.303341e+01 3.451937e+01 3.213708e+01 3.145827e+01 2.263862e+01 2.007627e+01 3.076062e-01 7.985171e-01 7.489876e-01 1.023834e+00 8.880172e-01 1.208825e+00 1.157937e+00 1.301615e+00 1.072378e+00 1.080078e+00 9.089540e-01 8.720865e-01 7.212580e-04
<GCONST> 7.560777e+01
<MIXTURE> 59 6.172147e-03
<MEAN> 25
 2.575423e+00 -3.063152e+00 7.287459e+00 -5.258891e+00 -1.337423e+01 -5.503973e+00 1.739966e+00 8.209900e-01 -2.417634e+00 1.798626e+00 5.315745e-01 -8.481838e-01 -3.319630e-02 -1.358888e-01 -6.632652e-02 -1.516041e-01 -2.321556e-02 2.308497e-01 3.703555e-01 2.305380e-01 1.505801e-02 5.913698e-03 -7.671676e-02 -1.389015e-01 -3.051559e-03
<VARIANCE> 25
 7.363168e+00 1.513292e+01 2.089020e+01 2.721078e+01 2.402905e+01 4.730584e+01 3.303341e+01 3.451937e+01 3.213708e+01 3.145827e+01 2.263862e+01 2.007627e+01 3.076062e-01 7.985171e-01 7.489876e-01 1.023834e+00 8.880172e-01 1.208825e+00 1.157937e+00 1.301615e+00 1.072378e+00 1.080078e+00 9.089540e-01 8.720865e-01 7.212580e-04
<GCONST> 7.560777e+01
<MIXTURE> 60 4.479129e-03
<MEAN> 25
 -3.509432e+00 -4.347157e-02 5.336201e-01 4.454661e+00 9.405836e-01 2.943792e+00 2.289865e+00 1.021103e+00 1.269600e+00 4.037823e-01 2.038057e+00 5.972269e-02 -4.873296e-02 4.416884e-02 1.067060e-01 3.892916e-02 1.390381e-01 1.665190e-01 2.239412e-01 2.453003e-01 5.252872e-01 5.448325e-01 3.907660e-01 2.476438e-01 -3.840350e-04
<VARIANCE> 25
 5.915411e+00 4.655808e+00 1.247201e+01 9.825560e+00 1.319718e+01 1.590367e+01 1.218001e+01 1.372884e+01 1.120386e+01 1.187615e+01 1.665122e+01 1.509120e+01 8.454552e-02 1.821821e-01 2.761696e-01 4.325547e-01 5.043722e-01 7.035171e-01 8.977650e-01 9.856338e-01 7.743317e-01 7.275761e-01 8.368283e-01 7.607723e-01 3.385170e-05
<GCONST> 5.617901e+01
<MIXTURE> 61 4.479129e-03
<MEAN> 25
 -3.509432e+00 -4.347157e-02 5.336201e-01 4.454661e+00 9.405836e-01 2.943792e+00 2.289865e+00 1.021103e+00 1.269600e+00 4.037823e-01 2.038057e+00 5.972269e-02 -4.873296e-02 4.416884e-02 1.067060e-01 3.892916e-02 1.390381e-01 1.665190e-01 2.239412e-01 2.453003e-01 5.252872e-01 5.448325e-01 3.907660e-01 2.476438e-01 -3.840350e-04
<VARIANCE> 25
 5.915411e+00 4.655808e+00 1.247201e+01 9.825560e+00 1.319718e+01 1.590367e+01 1.218001e+01 1.372884e+01 1.120386e+01 1.187615e+01 1.665122e+01 1.509120e+01 8.454552e-02 1.821821e-01 2.761696e-01 4.325547e-01 5.043722e-01 7.035171e-01 8.977650e-01 9.856338e-01 7.743317e-01 7.275761e-01 8.368283e-01 7.607723e-01 3.385170e-05
<GCONST> 5.617901e+01
<MIXTURE> 62 3.278034e-03
<MEAN> 25
 -5.090263e+00 1.240815e+00 1.026852e+00 8.818328e+00 6.130235e+00 5.051233e+00 5.499203e+00 4.033137e+00 4.984895e+00 3.916987e+00 4.965920e+00 2.949914e+00 -1.003117e+00 -1.166503e+00 -9.530691e-01 -2.767686e-01 4.276651e-01 1.005013e+00 1.384626e+00 1.552050e+00 1.478558e+00 1.243226e+00 1.066899e+00 7.259287e-01 -1.263980e-03
<VARIANCE> 25
 9.873505e+00 9.957862e+00 1.311545e+01 1.673185e+01 1.741425e+01 1.752372e+01 1.969877e+01 1.911321e+01 1.886802e+01 1.872749e+01 2.155895e+01 1.480024e+01 4.018683e-01 4.321986e-01 5.541884e-01 7.792591e-01 1.034874e+00 1.192172e+00 1.252482e+00 1.279174e+00 1.329620e+00 1.363903e+00 1.400058e+00 1.371319e+00 1.633018e-05
<GCONST> 6.752719e+01
<MIXTURE> 63 4.351215e-03
<MEAN> 25
 -3.697999e+00 -1.679817e+00 -3.229073e+00 3.157177e+00 2.450468e+00 5.351686e-01 3.196489e+00 1.062934e+00 1.738000e+00 -1.681089e+00 -9.657694e-01 1.277559e+00 -9.957026e-02 4.059963e-01 4.757180e-01 6.037930e-01 2.628525e-01 3.795187e-01 3.161286e-01 1.240777e-01 1.204996e-01 2.905811e-01 7.879147e-02 6.977525e-02 -6.020858e-03
<VARIANCE> 25
 9.368894e+00 1.368776e+01 2.144502e+01 1.520767e+01 1.742431e+01 3.087846e+01 2.260528e+01 2.249817e+01 2.419619e+01 2.091272e+01 1.905301e+01 1.966693e+01 2.654736e-01 4.014867e-01 5.633860e-01 6.452566e-01 9.555475e-01 1.141025e+00 1.082579e+00 1.361151e+00 1.466357e+00 1.356723e+00 1.234900e+00 1.218361e+00 1.556592e-04
<GCONST> 7.081229e+01
<MIXTURE> 64 4.351215e-03
<MEAN> 25
 -3.697999e+00 -1.679817e+00 -3.229073e+00 3.157177e+00 2.450468e+00 5.351686e-01 3.196489e+00 1.062934e+00 1.738000e+00 -1.681089e+00 -9.657694e-01 1.277559e+00 -9.957026e-02 4.059963e-01 4.757180e-01 6.037930e-01 2.628525e-01 3.795187e-01 3.161286e-01 1.240777e-01 1.204996e-01 2.905811e-01 7.879147e-02 6.977525e-02 -6.020858e-03
<VARIANCE> 25
 9.368894e+00 1.368776e+01 2.144502e+01 1.520767e+01 1.742431e+01 3.087846e+01 2.260528e+01 2.249817e+01 2.419619e+01 2.091272e+01 1.905301e+01 1.966693e+01 2.654736e-01 4.014867e-01 5.633860e-01 6.452566e-01 9.555475e-01 1.141025e+00 1.082579e+00 1.361151e+00 1.466357e+00 1.356723e+00 1.234900e+00 1.218361e+00 1.556592e-04
<GCONST> 7.081229e+01
<MIXTURE> 65 1.721197e-02
<MEAN> 25
 7.903214e+00 1.809918e+00 2.268726e+00 7.313147e-01 -5.659097e+00 -4.954092e+00 -6.320505e+00 -4.803338e+00 -3.579726e+00 -1.730311e+00 -4.910672e+00 -9.882758e-01 2.210168e-01 -1.702256e-02 1.864424e-01 4.360684e-01 -4.632415e-01 4.281281e-01 1.115798e-01 -1.159174e-01 7.685506e-02 -3.275980e-01 -9.398334e-02 -1.260745e-01 -4.751320e-03
<VARIANCE> 25
 9.710054e+00 1.687111e+01 2.547072e+01 3.302916e+01 3.846838e+01 6.579285e+01 7.434982e+01 6.990610e+01 5.005564e+01 5.317594e+01 5.027028e+01 4.939529e+01 5.741862e-01 9.461393e-01 1.575145e+00 2.023590e+00 2.587055e+00 2.120242e+00 2.514510e+00 2.938720e+00 2.372772e+00 2.979378e+00 2.130288e+00 1.958963e+00 3.822834e-04
<GCONST> 8.964316e+01
<MIXTURE> 66 1.191532e-02
<MEAN> 25
 6.638656e+00 -3.765588e+00 -5.528969e+00 -4.720668e+00 1.537560e+00 -5.082846e+00 -6.628917e+00 1.166449e+00 7.320991e-01 -1.767450e+00 -6.075895e+00 -3.594281e+00 -1.071630e-01 1.618912e+00 2.142800e+00 2.312575e+00 -1.247828e+00 -1.144527e+00 1.253399e-01 -4.950751e-01 -1.193957e-01 -1.643708e-01 -2.334408e-01 9.502134e-01 -6.482551e-02
<VARIANCE> 25
 8.658003e+00 2.335223e+01 2.610339e+01 3.322385e+01 3.890110e+01 5.922006e+01 5.580832e+01 4.495308e+01 5.277277e+01 6.520502e+01 3.584912e+01 3.516790e+01 1.307320e+00 2.377886e+00 2.406392e+00 2.372537e+00 4.039014e+00 4.798968e+00 4.306452e+00 4.689872e+00 4.077884e+00 4.789099e+00 3.804646e+00 3.306675e+00 1.448528e-03
<GCONST> 9.668733e+01
<MIXTURE> 67 1.559142e-02
<MEAN> 25
 8.517570e+00 1.546758e+00 -6.069966e+00 -9.032178e+00 1.551540e+00 4.818790e+00 -2.791001e+00 -2.826010e+00 -3.419770e+00 7.211467e-01 -3.187102e-01 -2.181675e+00 -9.959700e-01 1.856978e+00 8.051321e-01 2.889759e+00 1.278605e+00 -4.930613e-01 1.479786e+00 -1.692383e-01 -4.778914e-02 1.097978e-01 -1.927037e-01 4.900806e-01 -1.244523e-01
<VARIANCE> 25
 1.097542e+01 3.490049e+01 2.643854e+01 5.270049e+01 4.484551e+01 6.518374e+01 5.539970e+01 4.871796e+01 5.789519e+01 4.934539e+01 4.820182e+01 4.155079e+01 1.895594e+00 3.082106e+00 3.262077e+00 4.021119e+00 4.228956e+00 4.425932e+00 4.207931e+00 5.015039e+00 5.048944e+00 4.268588e+00 4.431722e+00 3.306754e+00 2.760405e-03
<GCONST> 1.007561e+02
<MIXTURE> 68 1.485092e-02
<MEAN> 25
 -2.278451e+00 -1.835856e+00 -3.983145e+00 1.464375e+00 4.680251e+00 -1.297356e+00 2.048204e+00 1.948943e+00 2.545935e+00 1.442538e+00 1.508604e-01 1.776188e+00 2.903397e+00 3.760640e-01 -5.700341e-03 -2.759841e+00 -2.104288e+00 -1.531744e+00 -2.394483e+00 -1.614923e+00 -1.650006e+00 -1.285746e+00 -1.970282e+00 -1.101408e+00 9.968568e-02
<VARIANCE> 25
 2.572096e+01 3.254795e+01 5.511353e+01 5.011461e+01 4.733737e+01 5.658857e+01 4.233415e+01 3.990286e+01 4.158610e+01 4.123965e+01 3.637205e+01 2.606460e+01 1.981754e+00 4.080884e+00 5.644578e+00 6.293439e+00 5.627683e+00 5.270810e+00 5.436442e+00 5.131595e+00 4.622832e+00 5.352558e+00 4.723444e+00 3.237215e+00 5.894941e-03
<GCONST> 1.034084e+02
<MIXTURE> 69 1.204884e-02
<MEAN> 25
 4.636705e+00 -3.583686e+00 -3.488276e+00 -3.786095e+00 -2.306939e+00 -8.552878e+00 -1.578059e+00 2.221834e+00 -3.904662e-01 -4.096004e+00 -5.334915e+00 7.010012e-01 1.970004e+00 -2.216086e+00 -1.193265e+00 -2.404265e+00 -7.558941e-02 -2.782775e-01 -7.844656e-01 4.805906e-01 -7.886179e-01 -1.047059e+00 -2.072659e+00 -2.543969e-01 6.539651e-02
<VARIANCE> 25
 8.652354e+00 2.221575e+01 2.505517e+01 2.664954e+01 4.819246e+01 3.778044e+01 5.003930e+01 2.752117e+01 3.528959e+01 3.640940e+01 2.828820e+01 2.582001e+01 3.759388e+00 3.075625e+00 3.084767e+00 3.864706e+00 6.366267e+00 4.822313e+00 6.749917e+00 5.448932e+00 5.370599e+00 6.098117e+00 3.945431e+00 3.577635e+00 2.324418e-03
<GCONST> 9.822342e+01
<MIXTURE> 70 1.329190e-02
<MEAN> 25
 7.268779e+00 -2.054988e+00 -3.759639e+00 -4.317028e+00 4.881635e-01 -1.632676e+00 -8.138726e+00 -3.402173e+00 4.894845e-01 3.001803e+00 -7.408563e-01 -4.638581e+00 2.042552e+00 -1.350100e+00 -6.453164e-01 -2.301051e+00 -1.170787e+00 1.263983e+00 -1.531042e+00 -1.257258e-01 6.017014e-02 1.240804e-01 5.747229e-01 -1.219748e+00 6.333174e-02
<VARIANCE> 25
 9.334313e+00 2.167111e+01 2.715417e+01 4.665434e+01 3.945690e+01 4.669310e+01 4.658980e+01 4.180540e+01 4.215899e+01 3.009612e+01 4.282683e+01 2.690926e+01 3.287029e+00 3.372269e+00 4.458970e+00 4.883500e+00 5.987134e+00 5.996756e+00 6.309880e+00 6.920226e+00 6.013879e+00 4.964028e+00 5.356646e+00 4.239957e+00 2.467518e-03
<GCONST> 1.010480e+02
<MIXTURE> 71 1.406903e-02
<MEAN> 25
 6.014722e+00 5.106271e+00 4.075814e+00 2.943443e+00 -3.308369e+00 -3.508442e+00 -3.265999e+00 -6.248209e+00 -4.588389e+00 -2.218164e+00 -4.990560e+00 -3.055074e+00 -1.502166e+00 -6.928486e-01 -3.174323e-01 -1.680990e+00 1.064526e+00 -2.052801e-01 -2.284594e-02 1.436637e+00 2.329325e-01 -1.481215e-01 7.172239e-01 3.031487e-01 4.154604e-02
<VARIANCE> 25
 2.017032e+01 2.437407e+01 2.379604e+01 4.546311e+01 3.911510e+01 3.908486e+01 4.061284e+01 4.347381e+01 3.754922e+01 4.329044e+01 3.809184e+01 3.571698e+01 1.825152e+00 2.914292e+00 5.091925e+00 4.982448e+00 4.629454e+00 4.914270e+00 4.693002e+00 5.239546e+00 4.167533e+00 3.951555e+00 3.470490e+00 3.366940e+00 1.351124e-03
<GCONST> 9.843343e+01
<MIXTURE> 72 8.134747e-03
<MEAN> 25
 3.792324e+00 -3.682713e+00 5.456203e+00 -2.468387e+00 -1.040196e+01 -9.627577e+00 -2.450720e+00 1.923772e+00 -4.943849e+00 -2.199136e+00 -1.886002e+00 6.187852e-01 9.326355e-01 -7.859939e-01 -2.577131e+00 4.632406e-01 2.137685e+00 -6.540624e-01 -1.317499e+00 1.525530e+00 1.814519e+00 -5.963648e-01 -1.289296e+00 4.023753e-01 -6.123478e-03
<VARIANCE> 25
 1.078973e+01 1.949312e+01 3.287367e+01 3.843257e+01 3.238226e+01 3.340742e+01 4.107584e+01 3.622142e+01 4.370541e+01 4.137410e+01 3.880684e+01 2.852420e+01 4.322390e-01 1.026356e+00 2.021786e+00 1.469550e+00 2.183017e+00 2.359061e+00 3.060890e+00 2.732058e+00 2.605155e+00 2.962002e+00 2.025731e+00 2.130305e+00 5.412939e-04
<GCONST> 8.726103e+01
<MIXTURE> 73 1.213625e-02
<MEAN> 25
 -5.713942e+00 -4.590924e-01 -1.480809e+00 4.785340e+00 3.753615e+00 1.807167e+00 5.271187e+00 3.516301e+00 4.724675e+00 3.080561e+00 3.828548e+00 2.620634e+00 1.020192e+00 -1.158885e+00 -9.531659e-01 -2.901748e+00 -1.018690e+00 -1.701460e+00 -1.006948e+00 -3.811338e-01 -9.659548e-01 -6.104876e-01 -1.144154e+00 -3.641160e-01 1.500258e-01
<VARIANCE> 25
 1.229534e+01 1.425972e+01 1.512938e+01 2.205893e+01 2.537860e+01 2.767717e+01 2.015587e+01 1.933170e+01 1.900309e+01 1.975902e+01 2.444161e+01 1.717238e+01 4.558218e+00 3.202387e+00 5.608114e+00 5.456558e+00 6.692733e+00 4.342800e+00 4.235095e+00 4.244035e+00 3.703952e+00 4.104709e+00 3.395376e+00 2.684959e+00 4.409067e-03
<GCONST> 9.327933e+01
<MIXTURE> 74 1.756491e-02
<MEAN> 25
 4.567014e+00 -1.544116e+00 5.227288e+00 -1.090295e+00 -8.718407e+00 -8.384846e+00 -2.766754e+00 8.719066e-01 -4.010578e+00 -2.749431e+00 -1.744336e+00 3.233158e-01 3.021855e-01 1.977453e+00 5.861784e-02 1.733458e+00 1.174955e+00 3.795104e-01 2.769317e-02 -1.331238e+00 1.725249e-01 1.396720e-01 -2.467353e-01 -1.075307e-01 -7.765757e-02
<VARIANCE> 25
 1.179928e+01 2.185574e+01 3.742691e+01 3.872625e+01 3.778438e+01 4.027677e+01 5.158624e+01 4.674329e+01 4.817661e+01 4.465786e+01 4.068962e+01 3.461483e+01 2.086591e+00 2.163678e+00 3.885629e+00 2.570684e+00 4.142654e+00 3.894415e+00 5.068128e+00 4.258468e+00 4.124800e+00 4.111611e+00 3.607970e+00 3.168096e+00 1.817406e-03
<GCONST> 9.743640e+01
<MIXTURE> 75 9.711651e-03
<MEAN> 25
 2.982403e+00 -1.397724e+00 1.098675e+01 1.719152e+00 -1.202497e+01 -7.853827e+00 -5.467522e+00 -3.739327e-01 -4.185252e+00 -4.350484e+00 2.575094e+00 6.396160e-01 1.655294e+00 -1.758776e+00 3.299787e-01 -2.940401e-01 -2.488917e+00 -4.969380e-01 -1.587283e+00 9.895615e-01 -2.512650e-01 -3.814501e-01 1.034158e+00 -5.376915e-01 4.059318e-02
<VARIANCE> 25
 1.156615e+01 1.872649e+01 2.968179e+01 2.742626e+01 3.335173e+01 3.116095e+01 4.004351e+01 2.981096e+01 3.287799e+01 3.304396e+01 2.433284e+01 2.281837e+01 2.561872e+00 1.842459e+00 4.166387e+00 2.432603e+00 3.707881e+00 4.081330e+00 4.306303e+00 3.471258e+00 3.789502e+00 3.263291e+00 2.930371e+00 2.426634e+00 1.515853e-03
<GCONST> 9.264230e+01
<MIXTURE> 76 1.052359e-02
<MEAN> 25
 -6.770806e+00 -7.752117e-01 -2.663699e+00 4.546682e+00 3.633616e+00 1.020601e+00 3.849694e+00 1.943794e+00 2.521119e+00 1.249072e-01 1.249146e+00 2.266265e+00 -1.351715e-01 -5.184010e-01 -3.077362e-01 -6.951095e-01 -6.485298e-01 -8.493776e-01 -5.493741e-01 -3.151611e-01 -3.848633e-01 -3.998325e-01 -2.265543e-01 -6.782550e-02 1.945234e-02
<VARIANCE> 25
 3.599004e+01 2.976950e+01 2.899860e+01 2.926860e+01 3.055879e+01 4.178926e+01 2.621041e+01 2.630884e+01 2.371936e+01 2.543356e+01 2.735741e+01 2.056619e+01 1.166323e+00 1.118948e+00 1.376616e+00 1.361995e+00 1.345132e+00 1.844191e+00 1.639612e+00 1.686803e+00 1.512702e+00 1.539392e+00 1.383015e+00 1.447934e+00 1.269057e-03
<GCONST> 8.378163e+01
<MIXTURE> 77 1.244626e-02
<MEAN> 25
 -4.697349e-01 8.576062e+00 1.245026e+01 -1.158985e+01 -6.996417e+00 9.579064e-01 -9.261482e+00 -7.231726e+00 -3.378402e+00 -2.054140e-01 -4.646033e+00 -1.490563e+00 6.823169e-02 1.379507e-01 7.360683e-02 2.503245e-01 -2.189606e-02 7.948575e-02 -6.590427e-02 -6.406853e-02 8.074279e-02 -4.419988e-02 2.600847e-02 1.190624e-01 -9.895463e-03
<VARIANCE> 25
 1.043000e+01 2.010518e+01 2.758412e+01 4.209108e+01 3.319577e+01 3.376942e+01 3.686629e+01 3.175916e+01 3.520712e+01 3.324503e+01 3.760127e+01 3.494378e+01 2.985848e-01 7.770919e-01 6.450108e-01 1.085452e+00 1.236960e+00 9.863518e-01 1.222626e+00 1.077334e+00 1.044409e+00 1.065075e+00 9.719980e-01 9.223282e-01 5.401165e-04
<GCONST> 7.781357e+01
<MIXTURE> 78 9.702551e-03
<MEAN> 25
 -1.148154e+01 1.850479e+00 -2.296198e+00 4.392433e+00 1.461445e+00 -7.180341e+00 3.319700e+00 2.600617e+00 4.514529e+00 -1.175095e+00 -7.402439e-02 4.149434e+00 2.225480e+00 -3.206871e-01 5.516949e-01 -1.040761e-01 -6.714842e-03 -5.454526e-02 -3.678727e-01 2.221130e-01 3.684869e-01 2.351061e-01 -4.789958e-01 -1.929198e-01 -4.058742e-02
<VARIANCE> 25
 2.868063e+01 2.375332e+01 2.272590e+01 3.006660e+01 2.880223e+01 4.577607e+01 2.335519e+01 2.501188e+01 2.457130e+01 2.087106e+01 1.958469e+01 1.780009e+01 5.586600e+00 2.459399e+00 1.930251e+00 2.845116e+00 2.071089e+00 3.448182e+00 2.801970e+00 2.525028e+00 1.853793e+00 1.929780e+00 1.976589e+00 2.442127e+00 3.069791e-03
<GCONST> 8.995483e+01
<MIXTURE> 79 1.156824e-02
<MEAN> 25
 2.415467e+00 1.584163e+00 9.170247e+00 -6.601974e+00 -1.205111e+01 -1.811619e+00 -1.897376e+00 -6.473878e+00 -6.574221e+00 3.326476e-01 -3.496247e+00 -3.279407e+00 1.218260e+00 -5.242760e-01 -1.430152e+00 2.351242e+00 3.806399e-01 -1.468715e+00 5.332805e-01 8.850242e-01 -4.371559e-01 -5.423621e-01 3.615351e-01 2.822987e-01 -3.615019e-02
<VARIANCE> 25
 1.424670e+01 2.409575e+01 3.805484e+01 4.979089e+01 3.361083e+01 4.355432e+01 4.298601e+01 3.672581e+01 3.893608e+01 3.977013e+01 4.400948e+01 3.080895e+01 9.486600e-01 2.257994e+00 1.895325e+00 2.088664e+00 2.475063e+00 2.839361e+00 3.194748e+00 3.534233e+00 2.514370e+00 2.732904e+00 2.317079e+00 2.029147e+00 1.244751e-03
<GCONST> 9.184082e+01
<MIXTURE> 80 7.550998e-03
<MEAN> 25
 -1.460331e+01 3.967842e+00 6.666414e-01 2.886464e+00 2.421788e+00 1.352030e+00 6.370793e+00 2.492341e+00 2.754450e+00 2.338496e+00 4.834623e+00 1.216212e+00 4.278388e+00 -3.076940e-02 1.635162e+00 -1.144425e+00 -2.874631e+00 -2.773241e+00 -2.319053e+00 -2.000415e+00 -1.958233e+00 -1.673563e+00 -1.647159e+00 -5.896434e-01 -4.410106e-02
<VARIANCE> 25
 2.087920e+01 1.981284e+01 3.435604e+01 3.459147e+01 3.012175e+01 2.961544e+01 2.826375e+01 2.840414e+01 2.678796e+01 2.883970e+01 2.677769e+01 1.820589e+01 2.359234e+00 2.691502e+00 2.664528e+00 4.117277e+00 3.410969e+00 2.692447e+00 3.011160e+00 3.259082e+00 2.782186e+00 2.709654e+00 2.773839e+00 2.180318e+00 1.508216e-03
<GCONST> 9.144088e+01
<MIXTURE> 81 8.025434e-03
<MEAN> 25
 -1.114213e+00 4.070960e+00 1.013965e+01 -1.477931e+01 -9.043981e+00 -1.438143e+00 -6.740823e+00 -8.421148e+00 -4.167387e+00 -3.939961e-01 -7.520727e+00 -2.203984e+00 1.375137e-01 -5.850499e-01 -7.532364e-03 -5.555118e-01 -4.540246e-01 3.445867e-01 3.155135e-01 1.375811e-01 -1.469633e-01 1.081540e-01 -4.589209e-01 -1.204470e-01 1.168610e-02
<VARIANCE> 25
 1.011752e+01 3.268055e+01 2.676137e+01 2.930997e+01 3.391616e+01 3.046503e+01 4.545040e+01 2.815125e+01 3.790683e+01 3.188861e+01 2.594474e+01 3.139807e+01 7.724081e-01 2.269719e+00 1.545871e+00 2.864203e+00 2.678643e+00 2.142659e+00 3.272776e+00 2.279119e+00 2.357031e+00 2.530072e+00 2.317784e+00 2.077076e+00 1.186371e-03
<GCONST> 8.873410e+01
<MIXTURE> 82 8.213053e-03
<MEAN> 25
 -9.958247e+00 -3.894055e+00 1.617741e+00 -2.940172e+00 3.108470e+00 6.189170e-01 1.987811e+00 9.355965e-01 2.964098e+00 1.716330e+00 1.735748e+00 3.098472e+00 -1.315923e+00 -1.210913e-01 2.903279e-01 -2.598088e+00 -1.106803e+00 -1.270177e+00 -1.004919e+00 -8.672305e-01 -3.160044e-01 -4.810423e-01 -3.159349e-01 -9.103508e-02 1.780920e-01
<VARIANCE> 25
 1.803664e+01 2.495690e+01 3.252369e+01 3.119323e+01 3.295378e+01 3.325904e+01 3.172099e+01 3.290548e+01 3.085488e+01 2.515085e+01 3.074916e+01 1.757886e+01 3.757503e+00 3.049415e+00 3.315034e+00 3.285786e+00 3.559336e+00 3.298440e+00 2.967358e+00 3.011905e+00 2.788870e+00 2.491952e+00 2.447629e+00 1.871873e+00 3.459290e-03
<GCONST> 9.314957e+01
<MIXTURE> 83 1.167529e-02
<MEAN> 25
 -1.999642e+01 5.536586e+00 -1.818495e+00 -3.241062e-01 7.773029e+00 -1.276637e+00 5.456794e+00 3.016093e+00 1.226890e+00 2.161898e+00 7.145705e-01 2.861198e+00 -2.617238e-02 -4.559318e-01 4.344762e-03 -3.663230e-01 -4.967569e-01 -1.257761e-01 -1.380871e-01 -9.194339e-02 -3.749937e-02 -4.078687e-02 -2.743878e-02 -3.217183e-02 4.373165e-03
<VARIANCE> 25
 9.042006e+00 1.655651e+01 2.847016e+01 2.328574e+01 2.161211e+01 2.431101e+01 2.193783e+01 2.333571e+01 2.049209e+01 2.222482e+01 2.308157e+01 1.456066e+01 1.060801e+00 9.516608e-01 1.242108e+00 1.062036e+00 1.353281e+00 1.290457e+00 1.281101e+00 1.397086e+00 1.345378e+00 1.306698e+00 1.215407e+00 1.078185e+00 8.910815e-04
<GCONST> 7.713085e+01
<MIXTURE> 84 1.066614e-02
<MEAN> 25
 1.173042e+00 9.011005e+00 7.234012e+00 7.987457e+00 2.829921e+00 -9.269085e-01 -1.519945e+00 -4.466406e+00 -4.107281e+00 -2.905603e+00 -2.417487e+00 -1.599049e+00 -1.787956e+00 -1.182662e+00 -1.204848e+00 1.289824e+00 2.246812e+00 1.499348e+00 1.450029e+00 1.286183e+00 1.165431e+00 4.011089e-01 4.163453e-01 4.270889e-01 -7.159087e-02
<VARIANCE> 25
 2.349349e+01 1.828813e+01 2.165293e+01 2.411399e+01 2.914945e+01 2.836248e+01 2.792199e+01 2.664752e+01 2.533566e+01 2.525932e+01 2.363981e+01 2.457646e+01 2.099158e+00 2.541945e+00 3.843493e+00 3.296721e+00 3.296168e+00 3.394330e+00 3.290789e+00 3.411256e+00 3.484624e+00 3.246349e+00 3.582918e+00 2.804360e+00 3.540418e-03
<GCONST> 9.256018e+01
<MIXTURE> 85 7.591393e-03
<MEAN> 25
 -3.118733e+00 7.872587e+00 5.679745e+00 1.321190e+00 -3.484119e+00 -5.358358e+00 -2.970008e+00 -6.086629e+00 -3.463843e+00 -3.172672e+00 -5.009585e-01 -1.874620e+00 3.944688e+00 3.132224e-01 1.741818e+00 -2.104059e+00 -3.383844e+00 -2.571352e+00 -2.885157e+00 -2.319248e+00 -2.246529e+00 -1.248283e+00 -2.290958e+00 -6.238281e-01 9.459557e-03
<VARIANCE> 25
 4.244769e+01 2.333735e+01 3.650030e+01 3.817156e+01 3.946623e+01 4.118719e+01 3.205222e+01 2.794130e+01 2.738967e+01 2.600587e+01 2.613927e+01 2.056045e+01 2.688053e+00 4.322172e+00 4.081123e+00 5.203316e+00 4.514388e+00 3.881218e+00 3.848414e+00 4.030766e+00 3.829475e+00 4.047857e+00 3.934642e+00 3.475329e+00 5.416253e-03
<GCONST> 9.838236e+01
<MIXTURE> 86 1.273941e-02
<MEAN> 25
 -4.189614e+00 -9.045233e-01 3.664419e-01 6.239078e+00 3.828331e+00 4.739757e+00 5.094510e+00 4.070549e+00 4.020712e+00 2.836427e+00 4.689906e+00 1.188641e+00 -4.717653e-02 -2.775578e-02 -3.034349e-02 -7.005231e-02 -7.903601e-02 -2.707558e-01 -2.315664e-01 -3.654506e-01 -3.267081e-01 -3.922834e-01 -1.995212e-01 -4.276256e-02 -2.098315e-04
<VARIANCE> 25
 7.365665e+00 4.898654e+00 1.218500e+01 1.041517e+01 1.636852e+01 1.241179e+01 1.244626e+01 1.222356e+01 1.323125e+01 1.423700e+01 1.523297e+01 1.768043e+01 1.100720e-01 2.395543e-01 2.899092e-01 4.692546e-01 6.832233e-01 6.625429e-01 7.796510e-01 7.120093e-01 8.089126e-01 8.625198e-01 7.948481e-01 7.901031e-01 6.762528e-05
<GCONST> 5.811107e+01
<MIXTURE> 87 1.100681e-02
<MEAN> 25
 -3.295238e+00 4.343367e+00 3.559270e+00 7.193549e+00 4.950171e+00 7.928318e-01 1.430206e+00 -1.005871e+00 -6.953073e-01 -8.134098e-01 -3.128585e-01 -2.282876e-01 -1.864875e+00 -2.461158e+00 -2.060477e+00 -2.303793e+00 -7.324127e-02 -4.082895e-01 4.878723e-01 1.139681e+00 1.186653e+00 1.111335e+00 9.837669e-01 1.219329e+00 9.803063e-02
<VARIANCE> 25
 3.535991e+01 2.721061e+01 2.709895e+01 3.146284e+01 2.885246e+01 3.264437e+01 2.593457e+01 2.577649e+01 2.440613e+01 2.261877e+01 2.648988e+01 2.193304e+01 4.252964e+00 3.375558e+00 3.564480e+00 3.845368e+00 4.313834e+00 4.305418e+00 3.899641e+00 3.775647e+00 3.651827e+00 3.250682e+00 3.131949e+00 3.012927e+00 4.847055e-03
<GCONST> 9.587821e+01
<MIXTURE> 88 1.256585e-02
<MEAN> 25
 -3.924234e+00 -4.175932e-01 -4.486172e-01 5.544854e+00 3.667464e+00 3.898076e+00 4.819989e+00 2.607873e+00 2.969116e+00 2.335070e+00 2.851684e+00 1.601539e+00 -8.656167e-02 2.054341e-01 3.641405e-01 6.423057e-01 3.508656e-02 -1.390183e-01 -6.548920e-02 -1.332829e-01 -1.379864e-01 -2.070010e-01 -1.216562e-01 2.217037e-02 -3.676122e-03
<VARIANCE> 25
 8.711665e+00 9.442433e+00 1.691551e+01 1.425700e+01 2.308592e+01 2.030416e+01 1.731327e+01 1.960171e+01 1.632624e+01 1.921617e+01 1.938732e+01 1.742337e+01 1.203196e+00 1.421736e+00 2.045313e+00 2.194224e+00 2.522603e+00 2.749522e+00 2.233727e+00 2.535307e+00 2.227349e+00 2.274996e+00 2.101610e+00 1.962477e+00 1.366488e-03
<GCONST> 8.154351e+01
<MIXTURE> 89 9.333527e-03
<MEAN> 25
 6.050092e+00 -6.679408e+00 -3.498735e+00 -3.084875e+00 -1.676664e+00 -5.599914e+00 -6.050804e+00 4.103647e+00 3.374508e+00 -2.737208e+00 -5.962100e+00 -3.179821e+00 -5.682660e-01 1.472756e-01 1.967979e+00 9.152343e-01 -1.865974e+00 -1.606891e+00 8.890288e-01 1.245944e+00 -7.820866e-01 -1.339725e+00 3.999972e-01 1.515651e+00 -4.853992e-03
<VARIANCE> 25
 9.171815e+00 2.728826e+01 3.138958e+01 3.037260e+01 3.607783e+01 4.355360e+01 6.192129e+01 4.196882e+01 3.922472e+01 4.204171e+01 3.551923e+01 3.266185e+01 3.810514e-01 8.440585e-01 1.471261e+00 1.311462e+00 1.906790e+00 2.196212e+00 2.559207e+00 2.048565e+00 2.236603e+00 2.131119e+00 2.295187e+00 1.462796e+00 3.747144e-04
<GCONST> 8.551159e+01
<MIXTURE> 90 7.114505e-03
<MEAN> 25
 2.437344e+00 -9.549739e+00 -4.708278e+00 -3.950278e+00 -3.355390e+00 -1.654383e+00 3.469872e+00 1.150382e+00 -7.504554e+00 -1.015453e+01 -3.362018e+00 -7.606944e-01 -1.719500e-01 8.954819e-01 1.164983e+00 -8.217220e-01 -1.588702e+00 -2.206390e-01 6.245281e-01 -1.895498e-01 -1.505852e-01 7.169430e-01 1.664036e-01 -5.476737e-01 -1.128489e-02
<VARIANCE> 25
 8.410021e+00 1.926699e+01 1.969270e+01 2.776428e+01 3.642478e+01 3.322860e+01 3.861365e+01 3.604538e+01 3.489725e+01 2.762874e+01 2.694780e+01 2.583294e+01 2.272380e-01 6.191110e-01 7.766732e-01 1.092182e+00 1.499604e+00 1.574940e+00 1.787022e+00 1.657538e+00 1.832704e+00 1.726475e+00 1.494662e+00 1.296755e+00 2.135268e-04
<GCONST> 7.827399e+01
<MIXTURE> 91 7.852945e-03
<MEAN> 25
 6.265430e+00 -7.361074e+00 -7.786928e+00 -6.504861e+00 3.487115e+00 1.386018e+00 -2.096811e+00 4.936733e-01 5.006988e-01 -2.358434e+00 -4.397063e+00 -4.947755e+00 2.136358e-01 1.056324e+00 1.498386e-01 5.340523e-01 -4.586241e-02 -3.887555e-01 -3.060582e-01 -9.677228e-02 -6.261600e-03 3.703460e-01 -4.791458e-02 1.436407e-01 -3.911917e-02
<VARIANCE> 25
 8.930891e+00 2.274606e+01 2.047143e+01 4.672956e+01 3.222280e+01 6.403969e+01 5.167555e+01 3.594294e+01 4.561996e+01 5.704858e+01 3.433979e+01 3.617946e+01 4.071027e-01 8.803815e-01 1.051910e+00 1.229376e+00 2.167413e+00 2.581676e+00 2.375445e+00 2.360056e+00 2.123929e+00 2.021240e+00 1.826509e+00 1.661164e+00 6.778160e-04
<GCONST> 8.621953e+01
<MIXTURE> 92 7.852945e-03
<MEAN> 25
 6.265430e+00 -7.361074e+00 -7.786928e+00 -6.504861e+00 3.487115e+00 1.386018e+00 -2.096811e+00 4.936733e-01 5.006988e-01 -2.358434e+00 -4.397063e+00 -4.947755e+00 2.136358e-01 1.056324e+00 1.498386e-01 5.340523e-01 -4.586241e-02 -3.887555e-01 -3.060582e-01 -9.677228e-02 -6.261600e-03 3.703460e-01 -4.791458e-02 1.436407e-01 -3.911917e-02
<VARIANCE> 25
 8.930891e+00 2.274606e+01 2.047143e+01 4.672956e+01 3.222280e+01 6.403969e+01 5.167555e+01 3.594294e+01 4.561996e+01 5.704858e+01 3.433979e+01 3.617946e+01 4.071027e-01 8.803815e-01 1.051910e+00 1.229376e+00 2.167413e+00 2.581676e+00 2.375445e+00 2.360056e+00 2.123929e+00 2.021240e+00 1.826509e+00 1.661164e+00 6.778160e-04
<GCONST> 8.621953e+01
<MIXTURE> 93 6.122769e-03
<MEAN> 25
 -6.806653e+00 -9.603662e-01 -2.388140e+00 5.796314e+00 5.901540e+00 3.933602e+00 6.120965e+00 3.605973e+00 4.112597e+00 2.495837e+00 1.818225e+00 3.675351e+00 -6.163513e-02 -1.529534e-01 -2.565403e-01 -3.327101e-01 -3.334938e-01 -2.840040e-01 -2.143007e-01 -1.747702e-01 -1.670455e-01 -1.519081e-01 -1.016102e-01 -3.288987e-02 1.071338e-06
<VARIANCE> 25
 9.162807e+00 6.010017e+00 8.211908e+00 1.133180e+01 1.147427e+01 1.600899e+01 1.522965e+01 1.646646e+01 1.476119e+01 1.457074e+01 1.677900e+01 1.365891e+01 8.269231e-02 1.538513e-01 2.665192e-01 3.856286e-01 4.969748e-01 6.442457e-01 7.840484e-01 8.844035e-01 9.136404e-01 8.741688e-01 8.916382e-01 9.167486e-01 1.005229e-06
<GCONST> 5.365076e+01
<MIXTURE> 94 6.122769e-03
<MEAN> 25
 -6.806653e+00 -9.603662e-01 -2.388140e+00 5.796314e+00 5.901540e+00 3.933602e+00 6.120965e+00 3.605973e+00 4.112597e+00 2.495837e+00 1.818225e+00 3.675351e+00 -6.163513e-02 -1.529534e-01 -2.565403e-01 -3.327101e-01 -3.334938e-01 -2.840040e-01 -2.143007e-01 -1.747702e-01 -1.670455e-01 -1.519081e-01 -1.016102e-01 -3.288987e-02 1.071338e-06
<VARIANCE> 25
 9.162807e+00 6.010017e+00 8.211908e+00 1.133180e+01 1.147427e+01 1.600899e+01 1.522965e+01 1.646646e+01 1.476119e+01 1.457074e+01 1.677900e+01 1.365891e+01 8.269231e-02 1.538513e-01 2.665192e-01 3.856286e-01 4.969748e-01 6.442457e-01 7.840484e-01 8.844035e-01 9.136404e-01 8.741688e-01 8.916382e-01 9.167486e-01 1.005229e-06
<GCONST> 5.365076e+01
<MIXTURE> 95 5.258835e-03
<MEAN> 25
 -5.236895e+00 -5.371709e-01 -9.671405e-01 5.161876e+00 3.398175e+00 2.827077e+00 3.927187e+00 1.592612e+00 1.995493e+00 3.862327e-01 1.383995e+00 1.495576e+00 1.075735e-01 1.627422e-01 1.302274e-01 -8.298330e-03 -4.049433e-01 -7.019152e-01 -9.687933e-01 -1.242395e+00 -1.218921e+00 -9.466237e-01 -5.570796e-01 -2.746049e-01 -8.357891e-04
<VARIANCE> 25
 1.016404e+01 6.018961e+00 1.597238e+01 1.158758e+01 1.547504e+01 1.681455e+01 1.639573e+01 1.648229e+01 1.422304e+01 1.452497e+01 1.985835e+01 1.927402e+01 1.930108e-01 2.715677e-01 4.192837e-01 6.051401e-01 7.195275e-01 8.485436e-01 9.414024e-01 8.705364e-01 9.016214e-01 1.038700e+00 1.078596e+00 1.032898e+00 4.982223e-05
<GCONST> 6.284328e+01
<MIXTURE> 96 7.034694e-03
<MEAN> 25
 -5.022614e+00 -3.823315e-01 -2.024575e+00 5.269006e+00 3.708541e+00 1.869576e+00 3.505064e+00 1.773451e+00 2.326075e+00 7.790365e-01 1.116944e+00 2.538602e+00 -3.511973e-02 7.828639e-02 2.102772e-01 4.086382e-01 5.247552e-01 4.702867e-01 2.233854e-01 -1.476795e-01 -4.755275e-01 -6.404827e-01 -5.735400e-01 -3.556151e-01 1.476475e-05
<VARIANCE> 25
 1.081765e+01 9.597928e+00 1.401392e+01 1.422089e+01 1.532656e+01 1.927153e+01 1.762838e+01 1.914891e+01 1.820411e+01 1.705750e+01 1.921607e+01 1.671866e+01 1.187206e-01 2.175428e-01 3.122593e-01 3.955822e-01 4.885767e-01 6.781670e-01 8.754557e-01 1.001398e+00 9.555908e-01 8.497346e-01 8.990765e-01 9.291260e-01 1.026313e-06
<GCONST> 5.774332e+01
<MIXTURE> 97 7.034694e-03
<MEAN> 25
 -5.022614e+00 -3.823315e-01 -2.024575e+00 5.269006e+00 3.708541e+00 1.869576e+00 3.505064e+00 1.773451e+00 2.326075e+00 7.790365e-01 1.116944e+00 2.538602e+00 -3.511973e-02 7.828639e-02 2.102772e-01 4.086382e-01 5.247552e-01 4.702867e-01 2.233854e-01 -1.476795e-01 -4.755275e-01 -6.404827e-01 -5.735400e-01 -3.556151e-01 1.476475e-05
<VARIANCE> 25
 1.081765e+01 9.597928e+00 1.401392e+01 1.422089e+01 1.532656e+01 1.927153e+01 1.762838e+01 1.914891e+01 1.820411e+01 1.705750e+01 1.921607e+01 1.671866e+01 1.187206e-01 2.175428e-01 3.122593e-01 3.955822e-01 4.885767e-01 6.781670e-01 8.754557e-01 1.001398e+00 9.555908e-01 8.497346e-01 8.990765e-01 9.291260e-01 1.026313e-06
<GCONST> 5.774332e+01
<MIXTURE> 98 9.917808e-03
<MEAN> 25
 -1.363609e+00 1.077247e+00 -1.436847e-01 4.626443e+00 3.434419e+00 1.902881e+00 3.030362e+00 1.942605e+00 1.511593e+00 8.832365e-01 1.535663e-01 6.921269e-01 -1.805314e+00 -1.418157e+00 -9.623326e-01 2.652009e-01 5.030900e-01 6.653309e-01 1.107317e+00 1.357834e+00 1.522157e+00 1.002943e+00 1.262430e+00 9.789843e-01 -3.407060e-02
<VARIANCE> 25
 1.361524e+01 1.854672e+01 2.969068e+01 3.113471e+01 4.088885e+01 4.423496e+01 3.136610e+01 2.909683e+01 2.634606e+01 2.919015e+01 3.051379e+01 2.326182e+01 1.268927e+00 1.478713e+00 2.261823e+00 2.387235e+00 2.903631e+00 3.056818e+00 2.925817e+00 2.720117e+00 2.825008e+00 3.000139e+00 2.627315e+00 2.056197e+00 2.395949e-03
<GCONST> 9.019768e+01
<MIXTURE> 99 6.696178e-03
<MEAN> 25
 -7.834807e+00 8.712261e+00 3.939744e+00 5.423701e+00 3.879502e-01 -6.815064e+00 -1.030828e+00 -3.695795e+00 -1.852538e+00 -4.011238e+00 -1.192666e+00 1.208909e+00 4.179755e-01 -3.906851e-01 3.354650e-01 -4.518284e-01 -1.001799e+00 -8.902329e-02 -1.765629e-01 -2.841387e-01 2.749867e-02 9.054629e-02 3.314707e-01 9.164672e-02 4.526308e-03
<VARIANCE> 25
 3.335076e+01 2.264441e+01 4.937440e+01 3.605545e+01 2.761861e+01 4.000338e+01 2.137469e+01 2.403068e+01 2.732623e+01 2.860884e+01 1.838993e+01 2.688685e+01 2.090137e+00 1.805209e+00 1.449036e+00 1.642178e+00 2.399732e+00 2.421984e+00 1.882375e+00 1.820343e+00 1.604934e+00 1.387838e+00 1.164464e+00 1.292122e+00 1.553584e-03
<GCONST> 8.610092e+01
<MIXTURE> 100 4.498084e-03
<MEAN> 25
 -1.598253e+00 6.343775e+00 1.027330e+01 -7.461339e+00 -1.077588e+01 -5.073705e+00 -4.938686e+00 -9.964738e+00 -4.718506e+00 -8.531001e-01 -2.728609e+00 -2.706112e+00 2.916506e+00 -1.258948e+00 1.297536e+00 -2.187481e+00 -3.417354e+00 -7.856706e-01 -1.218121e+00 -8.193552e-01 -1.475601e+00 3.483601e-01 -1.653239e+00 -2.833729e-01 2.062191e-03
<VARIANCE> 25
 1.362044e+01 2.104520e+01 2.246360e+01 2.641219e+01 2.305192e+01 2.371325e+01 2.911433e+01 2.171476e+01 2.746802e+01 2.264200e+01 2.243046e+01 2.133310e+01 1.800713e+00 3.953897e+00 2.924721e+00 4.287351e+00 4.187646e+00 4.537891e+00 4.014176e+00 4.337714e+00 4.164901e+00 3.897051e+00 3.915042e+00 3.234648e+00 1.676478e-03
<GCONST> 9.257552e+01
<MIXTURE> 101 6.007792e-03
<MEAN> 25
 8.034678e+00 -3.602371e+00 -6.208796e+00 -6.950082e+00 9.981012e-01 -1.097876e+00 -1.061598e+01 -2.013002e+00 1.571715e+00 2.685345e+00 -2.395018e+00 -5.046999e+00 6.704429e-01 6.267067e-01 -1.406808e+00 -1.551193e+00 9.936475e-01 2.354864e+00 1.963601e-01 -1.411515e+00 -1.057336e+00 9.978663e-01 1.391664e+00 -3.863681e-01 -4.710632e-03
<VARIANCE> 25
 9.217980e+00 1.689632e+01 2.955060e+01 4.204374e+01 3.628129e+01 3.615633e+01 3.623709e+01 3.547800e+01 3.710292e+01 4.297167e+01 5.063883e+01 2.405347e+01 2.871981e-01 6.791771e-01 1.245860e+00 1.656281e+00 1.716039e+00 2.139942e+00 2.039608e+00 2.041511e+00 2.296508e+00 2.228161e+00 1.761948e+00 1.925564e+00 3.391599e-04
<GCONST> 8.361976e+01
<MIXTURE> 102 6.007792e-03
<MEAN> 25
 8.034678e+00 -3.602371e+00 -6.208796e+00 -6.950082e+00 9.981012e-01 -1.097876e+00 -1.061598e+01 -2.013002e+00 1.571715e+00 2.685345e+00 -2.395018e+00 -5.046999e+00 6.704429e-01 6.267067e-01 -1.406808e+00 -1.551193e+00 9.936475e-01 2.354864e+00 1.963601e-01 -1.411515e+00 -1.057336e+00 9.978663e-01 1.391664e+00 -3.863681e-01 -4.710632e-03
<VARIANCE> 25
 9.217980e+00 1.689632e+01 2.955060e+01 4.204374e+01 3.628129e+01 3.615633e+01 3.623709e+01 3.547800e+01 3.710292e+01 4.297167e+01 5.063883e+01 2.405347e+01 2.871981e-01 6.791771e-01 1.245860e+00 1.656281e+00 1.716039e+00 2.139942e+00 2.039608e+00 2.041511e+00 2.296508e+00 2.228161e+00 1.761948e+00 1.925564e+00 3.391599e-04
<GCONST> 8.361976e+01
<MIXTURE> 103 5.694618e-03
<MEAN> 25
 3.369814e+00 -9.382495e+00 -6.099746e+00 -3.114836e+00 -1.337104e+00 -1.877270e+00 2.475614e+00 2.473933e+00 -4.628900e+00 -9.204462e+00 -5.014371e+00 3.521855e-01 -1.618599e-01 -1.479099e+00 -9.624738e-01 3.786708e-01 1.198292e+00 1.014570e+00 1.467304e-01 -2.553144e-01 -7.742165e-01 -9.563417e-01 -3.619728e-02 1.223847e-01 2.654695e-02
<VARIANCE> 25
 1.024529e+01 2.107679e+01 2.275068e+01 3.151512e+01 4.776415e+01 3.553793e+01 4.688213e+01 3.645752e+01 4.182116e+01 2.948177e+01 3.004539e+01 2.621107e+01 6.420277e-01 1.250310e+00 1.552723e+00 1.921390e+00 2.923031e+00 2.444128e+00 2.874644e+00 2.563575e+00 2.555645e+00 2.524502e+00 2.085354e+00 2.001435e+00 8.218312e-04
<GCONST> 8.758984e+01
<MIXTURE> 104 5.694618e-03
<MEAN> 25
 3.369814e+00 -9.382495e+00 -6.099746e+00 -3.114836e+00 -1.337104e+00 -1.877270e+00 2.475614e+00 2.473933e+00 -4.628900e+00 -9.204462e+00 -5.014371e+00 3.521855e-01 -1.618599e-01 -1.479099e+00 -9.624738e-01 3.786708e-01 1.198292e+00 1.014570e+00 1.467304e-01 -2.553144e-01 -7.742165e-01 -9.563417e-01 -3.619728e-02 1.223847e-01 2.654695e-02
<VARIANCE> 25
 1.024529e+01 2.107679e+01 2.275068e+01 3.151512e+01 4.776415e+01 3.553793e+01 4.688213e+01 3.645752e+01 4.182116e+01 2.948177e+01 3.004539e+01 2.621107e+01 6.420277e-01 1.250310e+00 1.552723e+00 1.921390e+00 2.923031e+00 2.444128e+00 2.874644e+00 2.563575e+00 2.555645e+00 2.524502e+00 2.085354e+00 2.001435e+00 8.218312e-04
<GCONST> 8.758984e+01
<MIXTURE> 105 4.710235e-03
<MEAN> 25
 1.636089e+00 -1.111852e+00 8.945344e+00 -1.575269e+00 -1.060125e+01 -4.357718e+00 -3.392637e+00 -7.211798e-01 -3.638808e+00 -3.406542e+00 1.422131e+00 -1.745970e+00 9.987856e-03 6.020178e-02 5.433193e-02 -6.481211e-02 1.890367e-02 9.467611e-02 -5.861246e-02 -3.033063e-02 -7.063520e-02 3.441767e-02 5.889858e-03 -4.335254e-02 -2.276331e-03
<VARIANCE> 25
 1.425037e+01 2.665203e+01 3.742832e+01 4.858496e+01 4.048728e+01 5.122219e+01 4.094938e+01 3.946963e+01 3.677599e+01 3.850020e+01 3.756362e+01 3.025708e+01 7.585904e-02 1.903957e-01 3.336725e-01 2.797502e-01 3.448695e-01 4.594423e-01 4.796602e-01 5.929707e-01 4.825860e-01 4.416038e-01 4.132718e-01 3.960864e-01 8.227134e-05
<GCONST> 6.623880e+01
<MIXTURE> 106 4.710235e-03
<MEAN> 25
 1.636089e+00 -1.111852e+00 8.945344e+00 -1.575269e+00 -1.060125e+01 -4.357718e+00 -3.392637e+00 -7.211798e-01 -3.638808e+00 -3.406542e+00 1.422131e+00 -1.745970e+00 9.987856e-03 6.020178e-02 5.433193e-02 -6.481211e-02 1.890367e-02 9.467611e-02 -5.861246e-02 -3.033063e-02 -7.063520e-02 3.441767e-02 5.889858e-03 -4.335254e-02 -2.276331e-03
<VARIANCE> 25
 1.425037e+01 2.665203e+01 3.742832e+01 4.858496e+01 4.048728e+01 5.122219e+01 4.094938e+01 3.946963e+01 3.677599e+01 3.850020e+01 3.756362e+01 3.025708e+01 7.585904e-02 1.903957e-01 3.336725e-01 2.797502e-01 3.448695e-01 4.594423e-01 4.796602e-01 5.929707e-01 4.825860e-01 4.416038e-01 4.132718e-01 3.960864e-01 8.227134e-05
<GCONST> 6.623880e+01
<MIXTURE> 107 5.452374e-03
<MEAN> 25
 8.332435e+00 -2.037724e+00 -7.696185e+00 -9.355078e+00 1.946062e+00 3.143279e+00 -8.163764e+00 -4.426888e+00 -1.293336e+00 3.255397e+00 1.222755e+00 -4.699585e+00 -6.269341e-01 -7.851623e-01 7.620184e-01 1.831528e+00 2.781889e-01 -1.979899e+00 -9.478295e-01 8.603336e-01 1.808846e+00 9.096881e-02 -1.634567e+00 -8.624970e-01 -1.867055e-03
<VARIANCE> 25
 1.049932e+01 2.144884e+01 2.888117e+01 4.209192e+01 3.430169e+01 3.720612e+01 5.311874e+01 3.500896e+01 4.695945e+01 4.296317e+01 5.385006e+01 3.260194e+01 3.445486e-01 1.026362e+00 1.589985e+00 2.468611e+00 2.264664e+00 2.733378e+00 2.636773e+00 2.414543e+00 2.244145e+00 2.925782e+00 1.870283e+00 2.146387e+00 6.879263e-04
<GCONST> 8.821881e+01
<MIXTURE> 108 5.452374e-03
<MEAN> 25
 8.332435e+00 -2.037724e+00 -7.696185e+00 -9.355078e+00 1.946062e+00 3.143279e+00 -8.163764e+00 -4.426888e+00 -1.293336e+00 3.255397e+00 1.222755e+00 -4.699585e+00 -6.269341e-01 -7.851623e-01 7.620184e-01 1.831528e+00 2.781889e-01 -1.979899e+00 -9.478295e-01 8.603336e-01 1.808846e+00 9.096881e-02 -1.634567e+00 -8.624970e-01 -1.867055e-03
<VARIANCE> 25
 1.049932e+01 2.144884e+01 2.888117e+01 4.209192e+01 3.430169e+01 3.720612e+01 5.311874e+01 3.500896e+01 4.695945e+01 4.296317e+01 5.385006e+01 3.260194e+01 3.445486e-01 1.026362e+00 1.589985e+00 2.468611e+00 2.264664e+00 2.733378e+00 2.636773e+00 2.414543e+00 2.244145e+00 2.925782e+00 1.870283e+00 2.146387e+00 6.879263e-04
<GCONST> 8.821881e+01
<MIXTURE> 109 6.661064e-03
<MEAN> 25
 4.087844e+00 -1.031736e+01 -8.147632e+00 -1.489350e+00 2.642951e+00 1.687414e-01 6.008061e-02 1.402679e+00 -2.653174e+00 -8.240361e+00 -5.253055e+00 4.987545e-02 -4.269226e-02 -1.367113e-01 -1.956643e-02 2.600511e-01 1.883547e-01 1.128382e-01 -1.361159e-01 -8.192521e-02 -4.058974e-02 -1.674309e-01 2.147257e-01 1.520008e-02 -3.943214e-03
<VARIANCE> 25
 8.964401e+00 2.013168e+01 2.038224e+01 3.190371e+01 4.071743e+01 3.738064e+01 4.812680e+01 3.365124e+01 4.528658e+01 3.555333e+01 2.950750e+01 2.755899e+01 2.010796e-01 4.176931e-01 5.334886e-01 6.253623e-01 1.218711e+00 1.012382e+00 1.255025e+00 1.090538e+00 1.114403e+00 1.027502e+00 8.918465e-01 8.676544e-01 1.855374e-04
<GCONST> 7.465849e+01
<MIXTURE> 110 6.661064e-03
<MEAN> 25
 4.087844e+00 -1.031736e+01 -8.147632e+00 -1.489350e+00 2.642951e+00 1.687414e-01 6.008061e-02 1.402679e+00 -2.653174e+00 -8.240361e+00 -5.253055e+00 4.987545e-02 -4.269226e-02 -1.367113e-01 -1.956643e-02 2.600511e-01 1.883547e-01 1.128382e-01 -1.361159e-01 -8.192521e-02 -4.058974e-02 -1.674309e-01 2.147257e-01 1.520008e-02 -3.943214e-03
<VARIANCE> 25
 8.964401e+00 2.013168e+01 2.038224e+01 3.190371e+01 4.071743e+01 3.738064e+01 4.812680e+01 3.365124e+01 4.528658e+01 3.555333e+01 2.950750e+01 2.755899e+01 2.010796e-01 4.176931e-01 5.334886e-01 6.253623e-01 1.218711e+00 1.012382e+00 1.255025e+00 1.090538e+00 1.114403e+00 1.027502e+00 8.918465e-01 8.676544e-01 1.855374e-04
<GCONST> 7.465849e+01
<MIXTURE> 111 4.337247e-03
<MEAN> 25
 -3.878553e+00 -6.295643e-01 -4.694051e-01 2.614117e+00 4.537880e-01 1.618561e+00 8.319842e-01 4.527870e-02 -1.991578e-01 -9.826477e-01 -3.859099e-01 5.772716e-01 -4.398305e-02 -2.377659e-02 -2.257231e-02 -4.218232e-02 -2.557764e-02 -6.277570e-02 5.134701e-02 -2.364882e-02 -1.098887e-01 -2.683949e-01 -1.964100e-01 -1.135513e-01 -5.344272e-04
<VARIANCE> 25
 6.362051e+00 4.888104e+00 1.310807e+01 1.018828e+01 1.210677e+01 2.107070e+01 1.467948e+01 1.328565e+01 1.046494e+01 1.087838e+01 1.408541e+01 1.506926e+01 7.972581e-02 1.667264e-01 2.688963e-01 4.161277e-01 5.740843e-01 8.503242e-01 8.298942e-01 8.966116e-01 8.674175e-01 9.376676e-01 7.920241e-01 8.473790e-01 3.178076e-05
<GCONST> 5.670046e+01
<MIXTURE> 112 4.337247e-03
<MEAN> 25
 -3.878553e+00 -6.295643e-01 -4.694051e-01 2.614117e+00 4.537880e-01 1.618561e+00 8.319842e-01 4.527870e-02 -1.991578e-01 -9.826477e-01 -3.859099e-01 5.772716e-01 -4.398305e-02 -2.377659e-02 -2.257231e-02 -4.218232e-02 -2.557764e-02 -6.277570e-02 5.134701e-02 -2.364882e-02 -1.098887e-01 -2.683949e-01 -1.964100e-01 -1.135513e-01 -5.344272e-04
<VARIANCE> 25
 6.362051e+00 4.888104e+00 1.310807e+01 1.018828e+01 1.210677e+01 2.107070e+01 1.467948e+01 1.328565e+01 1.046494e+01 1.087838e+01 1.408541e+01 1.506926e+01 7.972581e-02 1.667264e-01 2.688963e-01 4.161277e-01 5.740843e-01 8.503242e-01 8.298942e-01 8.966116e-01 8.674175e-01 9.376676e-01 7.920241e-01 8.473790e-01 3.178076e-05
<GCONST> 5.670046e+01
<MIXTURE> 113 5.938666e-03
<MEAN> 25
 1.002728e+01 -2.350750e-01 -6.575665e+00 -1.599061e+01 -3.945586e-01 6.116368e+00 -4.645660e+00 -1.108273e+00 -5.057138e+00 1.274378e+00 7.480964e-01 1.246067e+00 5.746568e-02 8.153478e-02 -4.191056e-02 -8.384948e-02 -2.668438e-01 4.053725e-02 5.664671e-02 -1.089961e-01 -5.249011e-02 1.399077e-02 1.308049e-01 1.266029e-01 -1.863178e-03
<VARIANCE> 25
 6.979339e+00 2.180271e+01 2.884519e+01 3.001226e+01 4.583976e+01 2.500177e+01 2.965591e+01 2.887009e+01 2.769276e+01 3.923495e+01 2.738190e+01 2.568034e+01 1.185801e-01 3.601731e-01 2.390774e-01 5.313841e-01 9.059705e-01 6.880087e-01 8.147963e-01 8.276662e-01 7.695723e-01 8.955689e-01 6.273997e-01 6.054747e-01 1.286246e-04
<GCONST> 6.869641e+01
<MIXTURE> 114 5.938666e-03
<MEAN> 25
 1.002728e+01 -2.350750e-01 -6.575665e+00 -1.599061e+01 -3.945586e-01 6.116368e+00 -4.645660e+00 -1.108273e+00 -5.057138e+00 1.274378e+00 7.480964e-01 1.246067e+00 5.746568e-02 8.153478e-02 -4.191056e-02 -8.384948e-02 -2.668438e-01 4.053725e-02 5.664671e-02 -1.089961e-01 -5.249011e-02 1.399077e-02 1.308049e-01 1.266029e-01 -1.863178e-03
<VARIANCE> 25
 6.979339e+00 2.180271e+01 2.884519e+01 3.001226e+01 4.583976e+01 2.500177e+01 2.965591e+01 2.887009e+01 2.769276e+01 3.923495e+01 2.738190e+01 2.568034e+01 1.185801e-01 3.601731e-01 2.390774e-01 5.313841e-01 9.059705e-01 6.880087e-01 8.147963e-01 8.276662e-01 7.695723e-01 8.955689e-01 6.273997e-01 6.054747e-01 1.286246e-04
<GCONST> 6.869641e+01
<MIXTURE> 115 2.935202e-03
<MEAN> 25
 -3.995477e+00 -7.007933e-01 -2.947626e+00 3.762502e+00 2.366285e+00 -3.031556e-01 2.261393e+00 4.631653e-01 1.363509e+00 -1.421152e-01 4.435147e-03 2.488592e+00 2.181082e-02 -7.733290e-02 -2.117172e-01 -4.040554e-01 -6.262475e-01 -6.768451e-01 -5.989046e-01 -5.227653e-01 -5.008547e-01 -4.612713e-01 -3.228490e-01 -1.491789e-01 1.112104e-05
<VARIANCE> 25
 9.078039e+00 9.776201e+00 1.417488e+01 1.291387e+01 1.335881e+01 1.781570e+01 1.677805e+01 2.120671e+01 1.825651e+01 1.734243e+01 1.881406e+01 1.575547e+01 2.022766e-01 3.395011e-01 4.989364e-01 5.953735e-01 6.267195e-01 7.904153e-01 9.877797e-01 1.119252e+00 1.070671e+00 9.736230e-01 1.018167e+00 1.051727e+00 9.939824e-07
<GCONST> 6.023272e+01
<MIXTURE> 116 2.935202e-03
<MEAN> 25
 -3.995477e+00 -7.007933e-01 -2.947626e+00 3.762502e+00 2.366285e+00 -3.031556e-01 2.261393e+00 4.631653e-01 1.363509e+00 -1.421152e-01 4.435147e-03 2.488592e+00 2.181082e-02 -7.733290e-02 -2.117172e-01 -4.040554e-01 -6.262475e-01 -6.768451e-01 -5.989046e-01 -5.227653e-01 -5.008547e-01 -4.612713e-01 -3.228490e-01 -1.491789e-01 1.112104e-05
<VARIANCE> 25
 9.078039e+00 9.776201e+00 1.417488e+01 1.291387e+01 1.335881e+01 1.781570e+01 1.677805e+01 2.120671e+01 1.825651e+01 1.734243e+01 1.881406e+01 1.575547e+01 2.022766e-01 3.395011e-01 4.989364e-01 5.953735e-01 6.267195e-01 7.904153e-01 9.877797e-01 1.119252e+00 1.070671e+00 9.736230e-01 1.018167e+00 1.051727e+00 9.939824e-07
<GCONST> 6.023272e+01
<MIXTURE> 117 6.506003e-03
<MEAN> 25
 -4.625257e+00 1.106173e+00 1.059231e+00 9.733685e+00 6.247349e+00 6.270788e+00 6.456728e+00 5.014795e+00 6.349071e+00 4.901648e+00 6.351458e+00 2.662130e+00 -7.410120e-02 -2.305288e-01 -3.594327e-01 -4.246052e-01 -3.651693e-01 -2.987132e-01 -2.783487e-01 -3.311725e-01 -3.913767e-01 -3.688045e-01 -2.563758e-01 -1.114229e-01 1.463343e-06
<VARIANCE> 25
 7.208591e+00 8.730705e+00 9.770912e+00 1.433562e+01 1.558170e+01 1.534658e+01 1.763623e+01 1.804437e+01 1.655187e+01 1.642410e+01 1.671737e+01 1.504208e+01 2.156669e-01 3.085685e-01 4.259304e-01 6.231082e-01 8.499654e-01 1.054361e+00 1.188376e+00 1.226679e+00 1.217575e+00 1.187979e+00 1.167947e+00 1.110729e+00 1.014065e-06
<GCONST> 6.046230e+01
<MIXTURE> 118 6.506003e-03
<MEAN> 25
 -4.625257e+00 1.106173e+00 1.059231e+00 9.733685e+00 6.247349e+00 6.270788e+00 6.456728e+00 5.014795e+00 6.349071e+00 4.901648e+00 6.351458e+00 2.662130e+00 -7.410120e-02 -2.305288e-01 -3.594327e-01 -4.246052e-01 -3.651693e-01 -2.987132e-01 -2.783487e-01 -3.311725e-01 -3.913767e-01 -3.688045e-01 -2.563758e-01 -1.114229e-01 1.463343e-06
<VARIANCE> 25
 7.208591e+00 8.730705e+00 9.770912e+00 1.433562e+01 1.558170e+01 1.534658e+01 1.763623e+01 1.804437e+01 1.655187e+01 1.642410e+01 1.671737e+01 1.504208e+01 2.156669e-01 3.085685e-01 4.259304e-01 6.231082e-01 8.499654e-01 1.054361e+00 1.188376e+00 1.226679e+00 1.217575e+00 1.187979e+00 1.167947e+00 1.110729e+00 1.014065e-06
<GCONST> 6.046230e+01
<MIXTURE> 119 4.297961e-03
<MEAN> 25
 -4.792154e+00 -7.197300e+00 2.306145e+00 2.187657e+00 1.985564e+00 3.874364e-01 4.990617e+00 5.464121e+00 1.040308e+00 8.611030e-01 6.573591e+00 1.077838e+00 -4.906380e-02 -6.671327e-02 5.079141e-02 -3.335250e-02 -1.444299e-01 -1.898640e-01 -4.320150e-02 -5.761320e-02 -1.299168e-01 -1.478373e-01 -4.247256e-02 -2.074466e-02 5.547531e-04
<VARIANCE> 25
 8.457015e+00 1.199017e+01 1.588969e+01 1.964685e+01 2.255967e+01 2.292937e+01 2.560559e+01 2.884382e+01 2.425507e+01 2.722000e+01 2.018230e+01 2.320632e+01 1.526153e-01 2.750059e-01 4.465831e-01 6.106873e-01 7.910593e-01 9.612030e-01 1.082831e+00 1.341873e+00 1.251116e+00 1.315710e+00 1.179908e+00 1.166936e+00 2.274004e-04
<GCONST> 6.986373e+01
<MIXTURE> 120 4.297961e-03
<MEAN> 25
 -4.792154e+00 -7.197300e+00 2.306145e+00 2.187657e+00 1.985564e+00 3.874364e-01 4.990617e+00 5.464121e+00 1.040308e+00 8.611030e-01 6.573591e+00 1.077838e+00 -4.906380e-02 -6.671327e-02 5.079141e-02 -3.335250e-02 -1.444299e-01 -1.898640e-01 -4.320150e-02 -5.761320e-02 -1.299168e-01 -1.478373e-01 -4.247256e-02 -2.074466e-02 5.547531e-04
<VARIANCE> 25
 8.457015e+00 1.199017e+01 1.588969e+01 1.964685e+01 2.255967e+01 2.292937e+01 2.560559e+01 2.884382e+01 2.425507e+01 2.722000e+01 2.018230e+01 2.320632e+01 1.526153e-01 2.750059e-01 4.465831e-01 6.106873e-01 7.910593e-01 9.612030e-01 1.082831e+00 1.341873e+00 1.251116e+00 1.315710e+00 1.179908e+00 1.166936e+00 2.274004e-04
<GCONST> 6.986373e+01
<MIXTURE> 121 4.567511e-03
<MEAN> 25
 2.208299e-01 -2.506483e+00 5.110492e+00 -1.287258e+01 -1.259788e+01 -1.626835e+00 1.046655e+00 -5.098224e+00 -4.191753e+00 -4.872902e-01 -5.484249e+00 -4.296714e+00 2.302544e-02 1.316208e-01 -3.987706e-02 8.581547e-02 1.527992e-01 7.971338e-02 -7.701795e-02 -1.751852e-01 -2.704841e-01 -2.635027e-01 -1.131378e-01 1.462679e-03 -7.518226e-03
<VARIANCE> 25
 7.734183e+00 1.559274e+01 1.756828e+01 2.048665e+01 2.478991e+01 2.941875e+01 2.986237e+01 2.448799e+01 3.518321e+01 2.830036e+01 1.976877e+01 2.114466e+01 1.552511e-01 6.406626e-01 6.207101e-01 7.106413e-01 7.749190e-01 1.148725e+00 1.119649e+00 1.130197e+00 1.213798e+00 1.197389e+00 9.390569e-01 8.679065e-01 2.112634e-04
<GCONST> 7.145059e+01
<MIXTURE> 122 4.567511e-03
<MEAN> 25
 2.208299e-01 -2.506483e+00 5.110492e+00 -1.287258e+01 -1.259788e+01 -1.626835e+00 1.046655e+00 -5.098224e+00 -4.191753e+00 -4.872902e-01 -5.484249e+00 -4.296714e+00 2.302544e-02 1.316208e-01 -3.987706e-02 8.581547e-02 1.527992e-01 7.971338e-02 -7.701795e-02 -1.751852e-01 -2.704841e-01 -2.635027e-01 -1.131378e-01 1.462679e-03 -7.518226e-03
<VARIANCE> 25
 7.734183e+00 1.559274e+01 1.756828e+01 2.048665e+01 2.478991e+01 2.941875e+01 2.986237e+01 2.448799e+01 3.518321e+01 2.830036e+01 1.976877e+01 2.114466e+01 1.552511e-01 6.406626e-01 6.207101e-01 7.106413e-01 7.749190e-01 1.148725e+00 1.119649e+00 1.130197e+00 1.213798e+00 1.197389e+00 9.390569e-01 8.679065e-01 2.112634e-04
<GCONST> 7.145059e+01
<MIXTURE> 123 4.393044e-03
<MEAN> 25
 -3.539439e+00 1.285847e+00 1.234143e+00 6.129015e+00 3.468690e+00 3.731131e+00 3.148915e+00 3.344838e-01 1.546196e-02 -1.300020e+00 -3.774217e-01 -7.592964e-01 -3.424894e-01 -5.615103e-01 -7.339272e-01 -6.787574e-01 -1.348360e-01 4.769835e-02 2.253769e-01 5.207370e-01 6.289639e-01 8.334322e-01 6.790689e-01 4.888490e-01 -2.188410e-03
<VARIANCE> 25
 9.450527e+00 8.521203e+00 1.457909e+01 1.365926e+01 2.424762e+01 2.219799e+01 1.780991e+01 1.812260e+01 1.520708e+01 1.510172e+01 2.008122e+01 2.035795e+01 3.327288e-01 4.501927e-01 4.819407e-01 8.855851e-01 8.495404e-01 9.187821e-01 1.063370e+00 1.101705e+00 9.771683e-01 1.125972e+00 1.021389e+00 1.170425e+00 9.471153e-05
<GCONST> 6.731462e+01
<MIXTURE> 124 4.069876e-03
<MEAN> 25
 -6.361281e+00 -1.169466e+00 -2.641467e+00 5.193272e+00 4.831603e+00 3.527024e+00 5.334170e+00 2.441745e+00 2.976874e+00 1.184786e+00 1.180999e+00 2.779266e+00 -1.945528e-01 -3.116753e-01 -3.555041e-01 -2.281765e-01 1.428194e-01 5.112935e-01 8.327545e-01 8.591453e-01 6.550103e-01 3.087698e-01 5.951747e-02 -2.728493e-02 9.960961e-05
<VARIANCE> 25
 1.146389e+01 6.802162e+00 1.267709e+01 1.229657e+01 1.262204e+01 1.979483e+01 1.514501e+01 1.708941e+01 1.610903e+01 1.571947e+01 1.875041e+01 1.552761e+01 1.060466e-01 1.712396e-01 2.672308e-01 4.206469e-01 5.777377e-01 6.979103e-01 7.623298e-01 8.080614e-01 8.819091e-01 9.625347e-01 9.919595e-01 9.696909e-01 1.815738e-05
<GCONST> 5.893149e+01
<MIXTURE> 125 4.069876e-03
<MEAN> 25
 -6.361281e+00 -1.169466e+00 -2.641467e+00 5.193272e+00 4.831603e+00 3.527024e+00 5.334170e+00 2.441745e+00 2.976874e+00 1.184786e+00 1.180999e+00 2.779266e+00 -1.945528e-01 -3.116753e-01 -3.555041e-01 -2.281765e-01 1.428194e-01 5.112935e-01 8.327545e-01 8.591453e-01 6.550103e-01 3.087698e-01 5.951747e-02 -2.728493e-02 9.960961e-05
<VARIANCE> 25
 1.146389e+01 6.802162e+00 1.267709e+01 1.229657e+01 1.262204e+01 1.979483e+01 1.514501e+01 1.708941e+01 1.610903e+01 1.571947e+01 1.875041e+01 1.552761e+01 1.060466e-01 1.712396e-01 2.672308e-01 4.206469e-01 5.777377e-01 6.979103e-01 7.623298e-01 8.080614e-01 8.819091e-01 9.625347e-01 9.919595e-01 9.696909e-01 1.815738e-05
<GCONST> 5.893149e+01
<MIXTURE> 126 2.402244e-03
<MEAN> 25
 -3.782902e+00 -6.915593e+00 -5.249481e+00 2.327315e+00 4.251930e+00 -3.231798e+00 8.170459e-02 3.544608e+00 3.333266e+00 -2.702199e+00 -1.421207e+00 3.022552e+00 -2.418533e-03 -4.733463e-03 -3.282369e-02 -1.555115e-01 -3.193194e-01 -3.886546e-01 -2.720556e-01 -1.604747e-01 -1.159555e-01 -1.178805e-01 -9.650320e-02 -2.966161e-02 -1.515168e-03
<VARIANCE> 25
 7.413111e+00 1.270174e+01 1.406791e+01 1.508689e+01 2.475302e+01 2.374312e+01 2.273336e+01 2.836465e+01 3.119945e+01 2.616594e+01 2.174856e+01 1.941146e+01 1.701392e-01 3.518839e-01 4.845010e-01 5.668115e-01 7.518954e-01 9.936435e-01 1.119768e+00 1.262274e+00 1.326711e+00 1.309697e+00 1.210632e+00 1.145781e+00 2.105496e-04
<GCONST> 6.980560e+01
<MIXTURE> 127 2.402244e-03
<MEAN> 25
 -3.782902e+00 -6.915593e+00 -5.249481e+00 2.327315e+00 4.251930e+00 -3.231798e+00 8.170459e-02 3.544608e+00 3.333266e+00 -2.702199e+00 -1.421207e+00 3.022552e+00 -2.418533e-03 -4.733463e-03 -3.282369e-02 -1.555115e-01 -3.193194e-01 -3.886546e-01 -2.720556e-01 -1.604747e-01 -1.159555e-01 -1.178805e-01 -9.650320e-02 -2.966161e-02 -1.515168e-03
<VARIANCE> 25
 7.413111e+00 1.270174e+01 1.406791e+01 1.508689e+01 2.475302e+01 2.374312e+01 2.273336e+01 2.836465e+01 3.119945e+01 2.616594e+01 2.174856e+01 1.941146e+01 1.701392e-01 3.518839e-01 4.845010e-01 5.668115e-01 7.518954e-01 9.936435e-01 1.119768e+00 1.262274e+00 1.326711e+00 1.309697e+00 1.210632e+00 1.145781e+00 2.105496e-04
<GCONST> 6.980560e+01
<MIXTURE> 128 3.790457e-03
<MEAN> 25
 -3.930770e+00 1.541843e+00 -3.361094e-01 6.575866e+00 3.617740e+00 1.861277e+00 3.577817e+00 2.370182e+00 3.958900e+00 3.695028e+00 3.767884e+00 3.518108e+00 -3.958382e-01 -1.972318e-01 9.879277e-02 7.266828e-01 1.183455e+00 1.134164e+00 7.169313e-01 1.305865e-01 -4.394270e-01 -7.878464e-01 -7.014133e-01 -3.930245e-01 -3.535246e-05
<VARIANCE> 25
 1.020571e+01 1.168965e+01 1.499567e+01 1.930704e+01 2.004350e+01 2.117660e+01 2.428896e+01 2.466926e+01 2.642640e+01 2.389448e+01 2.679210e+01 1.825304e+01 8.918065e-01 1.145605e+00 1.365430e+00 1.502126e+00 1.581266e+00 1.864346e+00 2.248943e+00 2.324780e+00 2.146795e+00 1.855990e+00 1.744183e+00 1.747799e+00 1.001788e-06
<GCONST> 7.364197e+01
<TRANSP> 3
 0.000000e+00 1.000000e+00 0.000000e+00
 0.000000e+00 9.999990e-01 9.999998e-07
 0.000000e+00 0.000000e+00 0.000000e+00
<ENDHMM>
